1732526484975 0.0 0
1732526495030 14.1 1
1732526505102 10.1 2
1732526515175 10.5 3
1732526525230 12.4 4
1732526535293 14.2 5
1732526545358 6.5 6
1732526555411 6.8 7
1732526565479 13.6 8
1732526575551 9.8 9
1732526585618 10.2 10
1732526595677 10.0 11
1732526605747 11.6 12
1732526615806 10.8 13
1732526625866 8.4 14
1732526635936 9.9 15
1732526645993 8.1 16
1732526656090 11.7 17
1732526666171 14.8 18
1732526676233 12.9 19
1732526686297 10.4 20
1732526696376 10.0 21
1732526706450 11.6 22
1732526716509 14.6 23
1732526726585 18.5 24
1732526736666 20.3 25
1732526746733 18.8 26
1732526756817 17.3 27
1732526766892 18.0 28
1732526776980 17.9 29
1732526787049 18.1 30
1732526797134 15.2 31
1732526807206 15.8 32
1732526817274 18.1 33
1732526827340 14.4 34
1732526837425 15.7 35
1732526847505 13.1 36
1732526857608 9.7 37
1732526867672 15.8 38
1732526877746 16.3 39
1732526887836 14.4 40
1732526897920 14.9 41
1732526907994 16.2 42
1732526918076 20.3 43
1732526928149 12.4 44
1732526938225 14.4 45
1732526948317 14.9 46
1732526958410 10.0 47
1732526968503 12.8 48
1732526978578 17.8 49
1732526988661 15.4 50
1732526998738 19.8 51
1732527008808 14.8 52
1732527018882 10.6 53
1732527028956 8.1 54
1732527039038 13.3 55
1732527049112 16.4 56
1732527059198 16.3 57
1732527069273 15.3 58
1732527079357 18.0 59
1732527089431 15.2 60
1732527099499 16.5 61
1732527109585 12.3 62
1732527119671 11.3 63
1732527129752 14.6 64
1732527139812 12.0 65
1732527149877 14.9 66
1732527159939 14.5 67
1732527170000 12.5 68
1732527180096 11.3 69
1732527190182 12.2 70
1732527200249 16.5 71
1732527210339 16.3 72
1732527220429 13.1 73
1732527230512 12.8 74
1732527240604 12.7 75
1732527250695 12.5 76
1732527260787 14.0 77
1732527270854 18.8 78
1732527280933 20.1 79
1732527291038 16.1 80
1732527301110 19.2 81
1732527311189 17.9 82
1732527321270 16.4 83
1732527331354 15.5 84
1732527341448 14.8 85
1732527351524 14.4 86
1732527361615 18.1 87
1732527371687 16.2 88
1732527381784 15.8 89
1732527391867 15.3 90
1732527401957 15.1 91
1732527412058 13.4 92
1732527422155 14.6 93
1732527432236 12.6 94
1732527442300 10.0 95
1732527452366 8.9 96
1732527462446 11.8 97
1732527472518 10.4 98
1732527482602 10.3 99
1732527492687 7.7 100
1732527502774 7.7 101
1732527512883 9.8 102
1732527522983 8.0 103
1732527533087 11.1 104
1732527543184 9.2 105
1732527553280 10.0 106
1732527563369 10.5 107
1732527573448 9.6 108
1732527583555 7.4 109
1732527593633 8.2 110
1732527603734 7.9 111
1732527613819 8.0 112
1732527623919 11.0 113
1732527634014 8.8 114
1732527644102 7.4 115
1732527654178 8.8 116
1732527664280 7.3 117
1732527674360 8.0 118
1732527684449 8.0 119
1732527694514 8.7 120
1732527704599 9.2 121
1732527714716 7.6 122
1732527724794 9.2 123
1732527734867 6.9 124
1732527744971 6.8 125
1732527755064 9.8 126
1732527765145 9.9 127
1732527775251 6.3 128
1732527785349 8.8 129
1732527795434 7.2 130
1732527805551 9.1 131
1732527815643 8.4 132
1732527825717 8.0 133
1732527835783 8.0 134
1732527845857 9.2 135
1732527855954 7.1 136
1732527866029 6.4 137
1732527876128 7.0 138
1732527886218 8.1 139
1732527896301 9.8 140
1732527906388 10.0 141
1732527916481 9.3 142
1732527926555 7.2 143
1732527936633 7.7 144
1732527946716 6.4 145
1732527956799 9.4 146
1732527966880 7.3 147
1732527976980 7.2 148
1732527987083 9.2 149
1732527997176 8.6 150
1732528007265 7.9 151
1732528017339 8.0 152
1732528027432 6.6 153
1732528037518 10.0 154
1732528047598 8.9 155
1732528057681 7.9 156
1732528067786 6.0 157
1732528078476 9.7 158
1732528088569 8.3 159
1732528098668 6.9 160
1732528108773 8.0 161
1732528118870 8.0 162
1732528128969 9.9 163
1732528139068 8.0 164
1732528149148 9.7 165
1732528159253 7.3 166
1732528169322 7.3 167
1732528179418 8.3 168
1732528189498 9.5 169
1732528199597 8.7 170
1732528209690 8.2 171
1732528219794 7.3 172
1732528229896 8.0 173
1732528239996 8.5 174
1732528250099 8.0 175
1732528260182 8.0 176
1732528270283 7.5 177
1732528280387 10.0 178
1732528290484 9.0 179
1732528300573 7.8 180
1732528310671 7.4 181
1732528320769 8.8 182
1732528330852 9.2 183
1732528340911 8.7 184
1732528351005 8.6 185
1732528361111 7.4 186
1732528371202 8.5 187
1732528381299 6.4 188
1732528391404 9.2 189
1732528401507 7.9 190
1732528411597 9.0 191
1732528421715 7.7 192
1732528431812 9.7 193
1732528441921 7.5 194
1732528452013 7.5 195
1732528462124 10.4 196
1732528472227 7.5 197
1732528482304 7.5 198
1732528492382 7.6 199
1732528502469 9.7 200
1732528512555 5.8 201
1732528522644 7.3 202
1732528532757 8.7 203
1732528542868 7.3 204
1732528552968 7.7 205
1732528563054 9.4 206
1732528573142 5.8 207
1732528583238 7.5 208
1732528593325 6.4 209
1732528603422 7.2 210
1732528613525 7.1 211
1732528623626 9.1 212
1732528633737 9.3 213
1732528643831 7.6 214
1732528653949 7.1 215
1732528664037 6.4 216
1732528674145 7.6 217
1732528684249 9.3 218
1732528694344 8.3 219
1732528704464 6.8 220
1732528714569 8.3 221
1732528724672 8.4 222
1732528734788 6.6 223
1732528744879 8.0 224
1732528754983 7.3 225
1732528765061 9.0 226
1732528775158 8.0 227
1732528785256 7.1 228
1732528795350 7.0 229
1732528805456 5.9 230
1732528815558 9.3 231
1732528825659 7.1 232
1732528835758 7.5 233
1732528845867 7.0 234
1732528855984 9.7 235
1732528866095 7.0 236
1732528876187 6.2 237
1732528886301 9.0 238
1732528896395 7.6 239
1732528906494 7.9 240
1732528916607 7.8 241
1732528926735 7.3 242
1732528937246 8.2 243
1732528947352 7.1 244
1732528957451 7.1 245
1732528967550 9.4 246
1732528977651 7.4 247
1732528987756 6.8 248
1732528997851 8.0 249
1732529007946 9.3 250
1732529018027 6.0 251
1732529028130 8.0 252
1732529038226 7.8 253
1732529048336 8.2 254
1732529058454 7.3 255
1732529068555 8.9 256
1732529078655 8.1 257
1732529088759 5.6 258
1732529098872 7.0 259
1732529108980 8.1 260
1732529119084 9.6 261
1732529129180 7.6 262
1732529139298 9.0 263
1732529149393 7.6 264
1732529159489 6.0 265
1732529169608 8.9 266
1732529179716 6.8 267
1732529189811 7.7 268
1732529199904 7.3 269
1732529210002 9.6 270
1732529220172 7.8 271
1732529230283 5.6 272
1732529240388 9.5 273
1732529250498 9.3 274
1732529260587 7.3 275
1732529270703 8.0 276
1732529280816 9.5 277
1732529290915 5.9 278
1732529301033 9.5 279
1732529311139 8.2 280
1732529321238 7.0 281
1732529331363 7.6 282
1732529341470 9.3 283
1732529351577 7.2 284
1732529361683 6.0 285
1732529371801 7.9 286
1732529381934 7.6 287
1732529392034 9.8 288
1732529402163 8.3 289
1732529412284 7.7 290
1732529422381 6.8 291
1732529432511 5.9 292
1732529442619 9.5 293
1732529452728 8.1 294
1732529462864 7.8 295
1732529472979 7.3 296
1732529483103 9.6 297
1732529493201 6.5 298
1732529503320 7.0 299
1732529513429 5.8 300
1732529523547 8.6 301
1732529533643 9.6 302
1732529543763 8.7 303
1732529553847 6.5 304
1732529563953 7.1 305
1732529574035 6.0 306
1732529584136 8.8 307
1732529594242 9.2 308
1732529604350 8.4 309
1732529614481 7.4 310
1732529624594 7.9 311
1732529634704 7.3 312
1732529644822 7.6 313
1732529654925 7.8 314
1732529665047 7.0 315
1732529675152 8.9 316
1732529685275 9.6 317
1732529695385 7.5 318
1732529705507 6.4 319
1732529715615 7.3 320
1732529725728 9.4 321
1732529735829 8.0 322
1732529745955 9.1 323
1732529756062 6.9 324
1732529766174 6.3 325
1732529776263 6.6 326
1732529786384 9.0 327
1732529796502 9.8 328
1732529806610 7.3 329
1732529817028 8.2 330
1732529827155 8.4 331
1732529837284 6.2 332
1732529847353 8.3 333
1732529857463 10.7 334
1732529867556 7.8 335
1732529877675 7.7 336
1732529887795 8.0 337
1732529897922 7.0 338
1732529908049 7.9 339
1732529918166 7.8 340
1732529928284 9.4 341
1732529938401 7.5 342
1732529948520 7.2 343
1732529958662 8.8 344
1732529968747 6.8 345
1732529978859 8.4 346
1732529988976 8.1 347
1732529999092 8.8 348
1732530009207 8.8 349
1732530019311 8.6 350
1732530029445 5.7 351
1732530039552 9.6 352
1732530049681 8.4 353
1732530059796 8.3 354
1732530069911 6.9 355
1732530080020 7.4 356
1732530090149 8.0 357
1732530100252 8.0 358
1732530110380 7.8 359
1732530120478 8.6 360
1732530130596 7.2 361
1732530140718 8.2 362
1732530150887 10.1 363
1732530160976 5.9 364
1732530171080 7.3 365
1732530181170 7.7 366
1732530191281 9.2 367
1732530201411 8.6 368
1732530211535 8.9 369
1732530221649 6.9 370
1732530231765 6.6 371
1732530241905 7.1 372
1732530252024 8.4 373
1732530262143 9.5 374
1732530272260 9.6 375
1732530282382 7.2 376
1732530292505 5.5 377
1732530302616 6.3 378
1732530312757 9.3 379
1732530322877 9.4 380
1732530333011 9.5 381
1732530343126 7.1 382
1732530353266 7.0 383
1732530363406 6.8 384
1732530373533 9.6 385
1732530383668 8.6 386
1732530393793 8.2 387
1732530403916 7.6 388
1732530414041 8.1 389
1732530424164 6.4 390
1732530434296 8.9 391
1732530444435 8.6 392
1732530454565 7.6 393
1732530464695 9.5 394
1732530474813 7.1 395
1732530484942 6.7 396
1732530495045 7.6 397
1732530505179 7.6 398
1732530515315 8.1 399
1732530525445 9.8 400
1732530535587 9.4 401
1732530545707 6.7 402
1732530555821 5.5 403
1732530565925 6.7 404
1732530576043 8.5 405
1732530586157 9.4 406
1732530596301 8.1 407
1732530606426 8.0 408
1732530616554 7.9 409
1732530626677 7.5 410
1732530636798 9.2 411
1732530646930 6.2 412
1732530657060 6.4 413
1732530667190 9.3 414
1732530677334 9.7 415
1732530687454 6.1 416
1732530697579 7.1 417
1732530707696 9.1 418
1732530717812 8.4 419
1732530727948 8.1 420
1732530738079 8.9 421
1732530748208 7.8 422
1732530758343 7.7 423
1732530768488 7.7 424
1732530778626 9.5 425
1732530788757 6.9 426
1732530798903 8.2 427
1732530809024 8.1 428
1732530819143 7.4 429
1732530829267 8.0 430
1732530839401 7.8 431
1732530849525 8.3 432
1732530859639 9.3 433
1732530869782 8.8 434
1732530879888 10.9 435
1732530889998 13.8 436
1732530900122 9.8 437
1732530910254 9.1 438
1732530920412 9.2 439
1732530930533 10.9 440
1732530940681 7.5 441
1732530950790 9.6 442
1732530960921 10.1 443
1732530971057 10.7 444
1732530981184 9.4 445
1732530991317 12.0 446
1732531001442 11.5 447
