1732526484975 122419.8 0
1732526495030 122419.9 1
1732526505102 122419.9 2
1732526515175 122419.9 3
1732526525230 122420.0 4
1732526535293 122417.1 5
1732526545358 122417.1 6
1732526555411 122417.2 7
1732526565479 122417.6 8
1732526575551 122417.8 9
1732526585618 122417.8 10
1732526595677 122421.2 11
1732526605747 122421.2 12
1732526615806 122421.6 13
1732526625866 122421.8 14
1732526635936 122422.2 15
1732526645993 122422.2 16
1732526656090 122422.3 17
1732526666171 122421.9 18
1732526676233 122421.8 19
1732526686297 122421.6 20
1732526696376 122422.5 21
1732526706450 122423.1 22
1732526716509 122424.2 23
1732526726585 122429.5 24
1732526736666 122429.9 25
1732526746733 122430.1 26
1732526756817 122432.3 27
1732526766892 122434.5 28
1732526776980 122430.0 29
1732526787049 122430.3 30
1732526797134 122427.1 31
1732526807206 122431.9 32
1732526817274 122428.4 33
1732526827340 122433.0 34
1732526837425 122424.0 35
1732526847505 122424.4 36
1732526857608 122424.9 37
1732526867672 122425.4 38
1732526877746 122428.6 39
1732526887836 122428.8 40
1732526897920 122425.4 41
1732526907994 122430.4 42
1732526918076 122426.9 43
1732526928149 122431.9 44
1732526938225 122428.4 45
1732526948317 122433.3 46
1732526958410 122429.8 47
1732526968503 122430.3 48
1732526978578 122431.2 49
1732526988661 122430.8 50
1732526998738 122434.3 51
1732527008808 122429.9 52
1732527018882 122430.0 53
1732527028956 122430.0 54
1732527039038 122431.0 55
1732527049112 122432.8 56
1732527059198 122430.9 57
1732527069273 122435.6 58
1732527079357 122432.0 59
1732527089431 122436.7 60
1732527099499 122433.2 61
1732527109585 122434.7 62
1732527119671 122435.6 63
1732527129752 122435.8 64
1732527139812 122432.3 65
1732527149877 122437.1 66
1732527159939 122433.6 67
1732527170000 122438.3 68
1732527180096 122434.8 69
1732527190182 122435.0 70
1732527200249 122435.9 71
1732527210339 122436.1 72
1732527220429 122432.6 73
1732527230512 122437.3 74
1732527240604 122435.0 75
1732527250695 122431.5 76
1732527260787 122436.1 77
1732527270854 122432.8 78
1732527280933 122437.6 79
1732527291038 122434.1 80
1732527301110 122431.9 81
1732527311189 122435.5 82
1732527321270 122439.8 83
1732527331354 122437.6 84
1732527341448 122434.1 85
1732527351524 122438.9 86
1732527361615 122435.4 87
1732527371687 122435.6 88
1732527381784 122436.5 89
1732527391867 122434.3 90
1732527401957 122430.7 91
1732527412058 122435.4 92
1732527422155 122431.9 93
1732527432236 122436.6 94
1732527442300 122430.9 95
1732527452366 122431.0 96
1732527462446 122431.1 97
1732527472518 122431.2 98
1732527482602 122431.4 99
1732527492687 122431.6 100
1732527502774 122431.6 101
1732527512883 122431.6 102
1732527522983 122431.8 103
1732527533087 122431.9 104
1732527543184 122431.9 105
1732527553280 122432.5 106
1732527563369 122432.9 107
1732527573448 122432.9 108
1732527583555 122432.9 109
1732527593633 122433.1 110
1732527603734 122433.1 111
1732527613819 122433.1 112
1732527623919 122433.1 113
1732527634014 122431.7 114
1732527644102 122431.7 115
1732527654178 122431.7 116
1732527664280 122431.7 117
1732527674360 122431.8 118
1732527684449 122431.8 119
1732527694514 122431.8 120
1732527704599 122431.8 121
1732527714716 122431.8 122
1732527724794 122431.8 123
1732527734867 122431.8 124
1732527744971 122431.8 125
1732527755064 122431.8 126
1732527765145 122431.8 127
1732527775251 122431.9 128
1732527785349 122431.9 129
1732527795434 122431.9 130
1732527805551 122431.9 131
1732527815643 122431.9 132
1732527825717 122431.9 133
1732527835783 122431.9 134
1732527845857 122431.9 135
1732527855954 122432.0 136
1732527866029 122432.0 137
1732527876128 122432.0 138
1732527886218 122432.0 139
1732527896301 122432.0 140
1732527906388 122432.0 141
1732527916481 122432.1 142
1732527926555 122432.1 143
1732527936633 122432.1 144
1732527946716 122432.1 145
1732527956799 122432.1 146
1732527966880 122432.1 147
1732527976980 122432.1 148
1732527987083 122432.1 149
1732527997176 122432.1 150
1732528007265 122432.2 151
1732528017339 122432.2 152
1732528027432 122432.2 153
1732528037518 122432.2 154
1732528047598 122432.2 155
1732528057681 122432.2 156
1732528067786 122432.2 157
1732528078476 122432.3 158
1732528088569 122432.3 159
1732528098668 122432.3 160
1732528108773 122432.3 161
1732528118870 122432.3 162
1732528128969 122432.3 163
1732528139068 122432.3 164
1732528149148 122432.3 165
1732528159253 122432.3 166
1732528169322 122432.4 167
1732528179418 122432.4 168
1732528189498 122432.4 169
1732528199597 122432.5 170
1732528209690 122432.5 171
1732528219794 122432.5 172
1732528229896 122432.5 173
1732528239996 122432.5 174
1732528250099 122432.5 175
1732528260182 122432.5 176
1732528270283 122432.5 177
1732528280387 122432.5 178
1732528290484 122432.6 179
1732528300573 122432.6 180
1732528310671 122432.6 181
1732528320769 122432.6 182
1732528330852 122432.6 183
1732528340911 122432.6 184
1732528351005 122432.6 185
1732528361111 122432.6 186
1732528371202 122432.6 187
1732528381299 122432.7 188
1732528391404 122432.7 189
1732528401507 122432.7 190
1732528411597 122432.7 191
1732528421715 122432.7 192
1732528431812 122432.7 193
1732528441921 122432.7 194
1732528452013 122432.7 195
1732528462124 122432.8 196
1732528472227 122432.8 197
1732528482304 122432.8 198
1732528492382 122432.8 199
1732528502469 122432.8 200
1732528512555 122432.8 201
1732528522644 122432.8 202
1732528532757 122432.8 203
1732528542868 122432.9 204
1732528552968 122432.9 205
1732528563054 122432.9 206
1732528573142 122432.9 207
1732528583238 122432.9 208
1732528593325 122432.9 209
1732528603422 122433.0 210
1732528613525 122433.0 211
1732528623626 122433.0 212
1732528633737 122433.0 213
1732528643831 122433.0 214
1732528653949 122433.0 215
1732528664037 122433.0 216
1732528674145 122433.1 217
1732528684249 122433.1 218
1732528694344 122433.1 219
1732528704464 122433.1 220
1732528714569 122433.1 221
1732528724672 122433.1 222
1732528734788 122433.1 223
1732528744879 122433.1 224
1732528754983 122433.1 225
1732528765061 122433.1 226
1732528775158 122433.2 227
1732528785256 122433.2 228
1732528795350 122433.2 229
1732528805456 122433.2 230
1732528815558 122433.2 231
1732528825659 122433.2 232
1732528835758 122433.2 233
1732528845867 122433.2 234
1732528855984 122433.2 235
1732528866095 122433.3 236
1732528876187 122433.3 237
1732528886301 122433.3 238
1732528896395 122433.3 239
1732528906494 122433.3 240
1732528916607 122433.3 241
1732528926735 122433.3 242
1732528937246 122433.4 243
1732528947352 122433.4 244
1732528957451 122433.4 245
1732528967550 122433.4 246
1732528977651 122433.4 247
1732528987756 122433.4 248
1732528997851 122433.5 249
1732529007946 122433.5 250
1732529018027 122433.5 251
1732529028130 122433.5 252
1732529038226 122433.5 253
1732529048336 122433.5 254
1732529058454 122433.5 255
1732529068555 122433.5 256
1732529078655 122433.6 257
1732529088759 122433.6 258
1732529098872 122433.6 259
1732529108980 122433.6 260
1732529119084 122433.6 261
1732529129180 122433.6 262
1732529139298 122433.6 263
1732529149393 122433.6 264
1732529159489 122433.7 265
1732529169608 122433.7 266
1732529179716 122433.7 267
1732529189811 122433.7 268
1732529199904 122433.7 269
1732529210002 122433.7 270
1732529220172 122433.7 271
1732529230283 122433.7 272
1732529240388 122433.8 273
1732529250498 122433.8 274
1732529260587 122433.8 275
1732529270703 122433.8 276
1732529280816 122433.8 277
1732529290915 122433.8 278
1732529301033 122433.8 279
1732529311139 122433.8 280
1732529321238 122433.8 281
1732529331363 122433.9 282
1732529341470 122433.9 283
1732529351577 122433.9 284
1732529361683 122433.9 285
1732529371801 122433.9 286
1732529381934 122433.9 287
1732529392034 122433.9 288
1732529402163 122433.9 289
1732529412284 122433.9 290
1732529422381 122434.0 291
1732529432511 122434.0 292
1732529442619 122434.0 293
1732529452728 122434.0 294
1732529462864 122434.0 295
1732529472979 122434.0 296
1732529483103 122434.1 297
1732529493201 122434.1 298
1732529503320 122434.1 299
1732529513429 122434.1 300
1732529523547 122434.1 301
1732529533643 122434.2 302
1732529543763 122434.2 303
1732529553847 122434.2 304
1732529563953 122434.2 305
1732529574035 122434.2 306
1732529584136 122434.2 307
1732529594242 122434.2 308
1732529604350 122434.2 309
1732529614481 122434.2 310
1732529624594 122434.2 311
1732529634704 122434.3 312
1732529644822 122434.3 313
1732529654925 122434.3 314
1732529665047 122434.3 315
1732529675152 122434.3 316
1732529685275 122434.3 317
1732529695385 122434.3 318
1732529705507 122434.3 319
1732529715615 122434.4 320
1732529725728 122434.4 321
1732529735829 122434.4 322
1732529745955 122434.4 323
1732529756062 122434.4 324
1732529766174 122434.4 325
1732529776263 122434.4 326
1732529786384 122434.5 327
1732529796502 122434.4 328
1732529806610 122434.5 329
1732529817028 122434.5 330
1732529827155 122426.4 331
1732529837284 122426.4 332
1732529847353 122434.8 333
1732529857463 122434.9 334
1732529867556 122434.9 335
1732529877675 122434.9 336
1732529887795 122449.4 337
1732529897922 122449.4 338
1732529908049 122449.4 339
1732529918166 122449.4 340
1732529928284 122449.4 341
1732529938401 122449.4 342
1732529948520 122449.4 343
1732529958662 122449.5 344
1732529968747 122449.5 345
1732529978859 122449.5 346
1732529988976 122449.5 347
1732529999092 122449.6 348
1732530009207 122449.6 349
1732530019311 122449.6 350
1732530029445 122449.6 351
1732530039552 122449.6 352
1732530049681 122449.6 353
1732530059796 122449.6 354
1732530069911 122449.6 355
1732530080020 122449.7 356
1732530090149 122449.7 357
1732530100252 122449.7 358
1732530110380 122449.7 359
1732530120478 122449.7 360
1732530130596 122449.7 361
1732530140718 122449.7 362
1732530150887 122449.7 363
1732530160976 122449.7 364
1732530171080 122449.7 365
1732530181170 122449.8 366
1732530191281 122449.8 367
1732530201411 122449.8 368
1732530211535 122449.8 369
1732530221649 122449.8 370
1732530231765 122449.8 371
1732530241905 122449.8 372
1732530252024 122449.8 373
1732530262143 122449.9 374
1732530272260 122449.9 375
1732530282382 122449.9 376
1732530292505 122449.9 377
1732530302616 122449.9 378
1732530312757 122449.9 379
1732530322877 122449.9 380
1732530333011 122449.9 381
1732530343126 122450.0 382
1732530353266 122449.9 383
1732530363406 122450.0 384
1732530373533 122450.0 385
1732530383668 122450.0 386
1732530393793 122450.0 387
1732530403916 122450.0 388
1732530414041 122450.0 389
1732530424164 122450.0 390
1732530434296 122450.1 391
1732530444435 122450.1 392
1732530454565 122450.1 393
1732530464695 122450.1 394
1732530474813 122450.1 395
1732530484942 122450.2 396
1732530495045 122450.2 397
1732530505179 122450.2 398
1732530515315 122450.2 399
1732530525445 122450.2 400
1732530535587 122450.2 401
1732530545707 122450.2 402
1732530555821 122450.3 403
1732530565925 122450.3 404
1732530576043 122450.3 405
1732530586157 122450.3 406
1732530596301 122450.3 407
1732530606426 122450.3 408
1732530616554 122450.3 409
1732530626677 122450.3 410
1732530636798 122450.3 411
1732530646930 122450.3 412
1732530657060 122450.4 413
1732530667190 122450.4 414
1732530677334 122450.4 415
1732530687454 122450.4 416
1732530697579 122450.4 417
1732530707696 122450.4 418
1732530717812 122450.4 419
1732530727948 122450.4 420
1732530738079 122450.5 421
1732530748208 122450.5 422
1732530758343 122450.5 423
1732530768488 122450.5 424
1732530778626 122450.5 425
1732530788757 122450.5 426
1732530798903 122450.5 427
1732530809024 122450.5 428
1732530819143 122450.5 429
1732530829267 122450.5 430
1732530839401 122450.6 431
1732530849525 122450.6 432
1732530859639 122450.6 433
1732530869782 122450.6 434
1732530879888 122440.0 435
1732530889998 122445.4 436
1732530900122 122445.6 437
1732530910254 122447.2 438
1732530920412 122448.1 439
1732530930533 122448.2 440
1732530940681 122449.1 441
1732530950790 122451.2 442
1732530960921 122452.2 443
1732530971057 122452.3 444
1732530981184 122452.7 445
1732530991317 122453.4 446
1732531001442 122453.4 447
