1732526484975 139957.8 0
1732526495030 139957.8 1
1732526505102 139957.8 2
1732526515175 139957.8 3
1732526525230 139957.6 4
1732526535293 139960.6 5
1732526545358 139960.6 6
1732526555411 139960.4 7
1732526565479 139960.1 8
1732526575551 139959.9 9
1732526585618 139959.9 10
1732526595677 139956.5 11
1732526605747 139956.4 12
1732526615806 139956.1 13
1732526625866 139955.9 14
1732526635936 139955.5 15
1732526645993 139955.5 16
1732526656090 139955.4 17
1732526666171 139955.8 18
1732526676233 139955.8 19
1732526686297 139956.0 20
1732526696376 139955.1 21
1732526706450 139954.5 22
1732526716509 139953.5 23
1732526726585 139948.1 24
1732526736666 139947.8 25
1732526746733 139947.6 26
1732526756817 139945.4 27
1732526766892 139943.2 28
1732526776980 139947.6 29
1732526787049 139947.3 30
1732526797134 139950.5 31
1732526807206 139945.8 32
1732526817274 139949.3 33
1732526827340 139944.6 34
1732526837425 139953.6 35
1732526847505 139953.3 36
1732526857608 139952.8 37
1732526867672 139952.3 38
1732526877746 139949.1 39
1732526887836 139948.9 40
1732526897920 139952.3 41
1732526907994 139947.2 42
1732526918076 139950.7 43
1732526928149 139945.7 44
1732526938225 139949.2 45
1732526948317 139944.4 46
1732526958410 139947.9 47
1732526968503 139947.4 48
1732526978578 139946.5 49
1732526988661 139946.9 50
1732526998738 139943.4 51
1732527008808 139947.8 52
1732527018882 139947.7 53
1732527028956 139947.7 54
1732527039038 139946.6 55
1732527049112 139944.8 56
1732527059198 139946.8 57
1732527069273 139942.1 58
1732527079357 139945.6 59
1732527089431 139940.9 60
1732527099499 139944.4 61
1732527109585 139943.0 62
1732527119671 139942.1 63
1732527129752 139941.9 64
1732527139812 139945.4 65
1732527149877 139940.5 66
1732527159939 139944.0 67
1732527170000 139939.4 68
1732527180096 139942.9 69
1732527190182 139942.7 70
1732527200249 139941.8 71
1732527210339 139941.5 72
1732527220429 139945.0 73
1732527230512 139940.4 74
1732527240604 139942.7 75
1732527250695 139946.2 76
1732527260787 139941.6 77
1732527270854 139944.9 78
1732527280933 139940.1 79
1732527291038 139943.5 80
1732527301110 139945.7 81
1732527311189 139942.2 82
1732527321270 139937.9 83
1732527331354 139940.1 84
1732527341448 139943.6 85
1732527351524 139938.8 86
1732527361615 139942.3 87
1732527371687 139942.1 88
1732527381784 139941.2 89
1732527391867 139943.4 90
1732527401957 139946.9 91
1732527412058 139942.3 92
1732527422155 139945.8 93
1732527432236 139941.0 94
1732527442300 139946.7 95
1732527452366 139946.6 96
1732527462446 139946.6 97
1732527472518 139946.5 98
1732527482602 139946.3 99
1732527492687 139946.1 100
1732527502774 139946.0 101
1732527512883 139946.0 102
1732527522983 139945.9 103
1732527533087 139945.8 104
1732527543184 139945.7 105
1732527553280 139945.1 106
1732527563369 139944.7 107
1732527573448 139944.7 108
1732527583555 139944.7 109
1732527593633 139944.5 110
1732527603734 139944.5 111
1732527613819 139944.5 112
1732527623919 139944.5 113
1732527634014 139946.0 114
1732527644102 139945.9 115
1732527654178 139945.9 116
1732527664280 139945.9 117
1732527674360 139945.9 118
1732527684449 139945.9 119
1732527694514 139945.9 120
1732527704599 139945.9 121
1732527714716 139945.9 122
1732527724794 139945.9 123
1732527734867 139945.8 124
1732527744971 139945.8 125
1732527755064 139945.8 126
1732527765145 139945.8 127
1732527775251 139945.8 128
1732527785349 139945.8 129
1732527795434 139945.8 130
1732527805551 139945.8 131
1732527815643 139945.7 132
1732527825717 139945.8 133
1732527835783 139945.7 134
1732527845857 139945.7 135
1732527855954 139945.7 136
1732527866029 139945.7 137
1732527876128 139945.7 138
1732527886218 139945.7 139
1732527896301 139945.6 140
1732527906388 139945.6 141
1732527916481 139945.6 142
1732527926555 139945.6 143
1732527936633 139945.6 144
1732527946716 139945.6 145
1732527956799 139945.6 146
1732527966880 139945.5 147
1732527976980 139945.5 148
1732527987083 139945.5 149
1732527997176 139945.5 150
1732528007265 139945.5 151
1732528017339 139945.5 152
1732528027432 139945.5 153
1732528037518 139945.4 154
1732528047598 139945.4 155
1732528057681 139945.4 156
1732528067786 139945.4 157
1732528078476 139945.4 158
1732528088569 139945.4 159
1732528098668 139945.4 160
1732528108773 139945.4 161
1732528118870 139945.4 162
1732528128969 139945.3 163
1732528139068 139945.3 164
1732528149148 139945.3 165
1732528159253 139945.3 166
1732528169322 139945.3 167
1732528179418 139945.3 168
1732528189498 139945.2 169
1732528199597 139945.2 170
1732528209690 139945.2 171
1732528219794 139945.2 172
1732528229896 139945.2 173
1732528239996 139945.2 174
1732528250099 139945.2 175
1732528260182 139945.2 176
1732528270283 139945.1 177
1732528280387 139945.1 178
1732528290484 139945.1 179
1732528300573 139945.1 180
1732528310671 139945.1 181
1732528320769 139945.1 182
1732528330852 139945.1 183
1732528340911 139945.1 184
1732528351005 139945.1 185
1732528361111 139945.0 186
1732528371202 139945.0 187
1732528381299 139945.0 188
1732528391404 139945.0 189
1732528401507 139945.0 190
1732528411597 139945.0 191
1732528421715 139945.0 192
1732528431812 139945.0 193
1732528441921 139944.9 194
1732528452013 139944.9 195
1732528462124 139944.9 196
1732528472227 139944.9 197
1732528482304 139944.9 198
1732528492382 139944.9 199
1732528502469 139944.9 200
1732528512555 139944.9 201
1732528522644 139944.8 202
1732528532757 139944.8 203
1732528542868 139944.8 204
1732528552968 139944.8 205
1732528563054 139944.7 206
1732528573142 139944.7 207
1732528583238 139944.7 208
1732528593325 139944.7 209
1732528603422 139944.7 210
1732528613525 139944.7 211
1732528623626 139944.7 212
1732528633737 139944.7 213
1732528643831 139944.6 214
1732528653949 139944.6 215
1732528664037 139944.6 216
1732528674145 139944.6 217
1732528684249 139944.6 218
1732528694344 139944.6 219
1732528704464 139944.6 220
1732528714569 139944.6 221
1732528724672 139944.6 222
1732528734788 139944.5 223
1732528744879 139944.5 224
1732528754983 139944.5 225
1732528765061 139944.5 226
1732528775158 139944.5 227
1732528785256 139944.5 228
1732528795350 139944.5 229
1732528805456 139944.5 230
1732528815558 139944.5 231
1732528825659 139944.5 232
1732528835758 139944.4 233
1732528845867 139944.4 234
1732528855984 139944.4 235
1732528866095 139944.4 236
1732528876187 139944.4 237
1732528886301 139944.4 238
1732528896395 139944.3 239
1732528906494 139944.4 240
1732528916607 139944.3 241
1732528926735 139944.3 242
1732528937246 139944.3 243
1732528947352 139944.3 244
1732528957451 139944.3 245
1732528967550 139944.3 246
1732528977651 139944.3 247
1732528987756 139944.3 248
1732528997851 139944.2 249
1732529007946 139944.2 250
1732529018027 139944.2 251
1732529028130 139944.2 252
1732529038226 139944.1 253
1732529048336 139944.1 254
1732529058454 139944.1 255
1732529068555 139944.1 256
1732529078655 139944.1 257
1732529088759 139944.1 258
1732529098872 139944.1 259
1732529108980 139944.1 260
1732529119084 139944.0 261
1732529129180 139944.0 262
1732529139298 139944.0 263
1732529149393 139944.0 264
1732529159489 139944.0 265
1732529169608 139944.0 266
1732529179716 139944.0 267
1732529189811 139944.0 268
1732529199904 139944.0 269
1732529210002 139944.0 270
1732529220172 139943.9 271
1732529230283 139943.9 272
1732529240388 139943.9 273
1732529250498 139943.9 274
1732529260587 139943.9 275
1732529270703 139943.9 276
1732529280816 139943.9 277
1732529290915 139943.8 278
1732529301033 139943.8 279
1732529311139 139943.8 280
1732529321238 139943.8 281
1732529331363 139943.8 282
1732529341470 139943.8 283
1732529351577 139943.8 284
1732529361683 139943.8 285
1732529371801 139943.8 286
1732529381934 139943.7 287
1732529392034 139943.7 288
1732529402163 139943.7 289
1732529412284 139943.7 290
1732529422381 139943.7 291
1732529432511 139943.7 292
1732529442619 139943.7 293
1732529452728 139943.7 294
1732529462864 139943.7 295
1732529472979 139943.6 296
1732529483103 139943.6 297
1732529493201 139943.6 298
1732529503320 139943.5 299
1732529513429 139943.5 300
1732529523547 139943.5 301
1732529533643 139943.5 302
1732529543763 139943.5 303
1732529553847 139943.5 304
1732529563953 139943.5 305
1732529574035 139943.5 306
1732529584136 139943.5 307
1732529594242 139943.5 308
1732529604350 139943.4 309
1732529614481 139943.4 310
1732529624594 139943.4 311
1732529634704 139943.4 312
1732529644822 139943.4 313
1732529654925 139943.4 314
1732529665047 139943.4 315
1732529675152 139943.4 316
1732529685275 139943.3 317
1732529695385 139943.3 318
1732529705507 139943.3 319
1732529715615 139943.3 320
1732529725728 139943.3 321
1732529735829 139943.3 322
1732529745955 139943.3 323
1732529756062 139943.3 324
1732529766174 139943.2 325
1732529776263 139943.2 326
1732529786384 139943.2 327
1732529796502 139943.2 328
1732529806610 139943.2 329
1732529817028 139943.2 330
1732529827155 139951.2 331
1732529837284 139951.2 332
1732529847353 139942.8 333
1732529857463 139942.8 334
1732529867556 139942.8 335
1732529877675 139942.8 336
1732529887795 139928.3 337
1732529897922 139928.3 338
1732529908049 139928.3 339
1732529918166 139928.3 340
1732529928284 139928.3 341
1732529938401 139928.3 342
1732529948520 139928.2 343
1732529958662 139928.2 344
1732529968747 139928.1 345
1732529978859 139928.1 346
1732529988976 139928.1 347
1732529999092 139928.1 348
1732530009207 139928.1 349
1732530019311 139928.1 350
1732530029445 139928.1 351
1732530039552 139928.1 352
1732530049681 139928.1 353
1732530059796 139928.0 354
1732530069911 139928.0 355
1732530080020 139928.0 356
1732530090149 139928.0 357
1732530100252 139928.0 358
1732530110380 139928.0 359
1732530120478 139928.0 360
1732530130596 139927.9 361
1732530140718 139927.9 362
1732530150887 139927.9 363
1732530160976 139927.9 364
1732530171080 139927.9 365
1732530181170 139927.9 366
1732530191281 139927.9 367
1732530201411 139927.9 368
1732530211535 139927.9 369
1732530221649 139927.8 370
1732530231765 139927.8 371
1732530241905 139927.8 372
1732530252024 139927.8 373
1732530262143 139927.8 374
1732530272260 139927.8 375
1732530282382 139927.8 376
1732530292505 139927.8 377
1732530302616 139927.8 378
1732530312757 139927.8 379
1732530322877 139927.7 380
1732530333011 139927.7 381
1732530343126 139927.7 382
1732530353266 139927.7 383
1732530363406 139927.7 384
1732530373533 139927.7 385
1732530383668 139927.7 386
1732530393793 139927.7 387
1732530403916 139927.7 388
1732530414041 139927.6 389
1732530424164 139927.6 390
1732530434296 139927.6 391
1732530444435 139927.6 392
1732530454565 139927.5 393
1732530464695 139927.5 394
1732530474813 139927.5 395
1732530484942 139927.5 396
1732530495045 139927.5 397
1732530505179 139927.5 398
1732530515315 139927.5 399
1732530525445 139927.5 400
1732530535587 139927.4 401
1732530545707 139927.4 402
1732530555821 139927.4 403
1732530565925 139927.4 404
1732530576043 139927.4 405
1732530586157 139927.4 406
1732530596301 139927.4 407
1732530606426 139927.4 408
1732530616554 139927.3 409
1732530626677 139927.3 410
1732530636798 139927.3 411
1732530646930 139927.3 412
1732530657060 139927.3 413
1732530667190 139927.3 414
1732530677334 139927.3 415
1732530687454 139927.3 416
1732530697579 139927.3 417
1732530707696 139927.3 418
1732530717812 139927.2 419
1732530727948 139927.2 420
1732530738079 139927.2 421
1732530748208 139927.2 422
1732530758343 139927.2 423
1732530768488 139927.2 424
1732530778626 139927.2 425
1732530788757 139927.1 426
1732530798903 139927.1 427
1732530809024 139927.1 428
1732530819143 139927.1 429
1732530829267 139927.1 430
1732530839401 139927.1 431
1732530849525 139927.1 432
1732530859639 139927.1 433
1732530869782 139927.1 434
1732530879888 139937.7 435
1732530889998 139932.2 436
1732530900122 139932.1 437
1732530910254 139930.5 438
1732530920412 139929.5 439
1732530930533 139929.5 440
1732530940681 139928.6 441
1732530950790 139926.5 442
1732530960921 139925.4 443
1732530971057 139925.3 444
1732530981184 139924.9 445
1732530991317 139924.3 446
1732531001442 139924.2 447
