1732526484975 46.7 0
1732526495030 46.7 1
1732526505102 46.7 2
1732526515175 46.7 3
1732526525230 46.7 4
1732526535293 46.7 5
1732526545358 46.7 6
1732526555411 46.7 7
1732526565479 46.7 8
1732526575551 46.7 9
1732526585618 46.7 10
1732526595677 46.7 11
1732526605747 46.7 12
1732526615806 46.7 13
1732526625866 46.7 14
1732526635936 46.7 15
1732526645993 46.7 16
1732526656090 46.7 17
1732526666171 46.7 18
1732526676233 46.7 19
1732526686297 46.7 20
1732526696376 46.7 21
1732526706450 46.7 22
1732526716509 46.7 23
1732526726585 46.7 24
1732526736666 46.7 25
1732526746733 46.7 26
1732526756817 46.7 27
1732526766892 46.7 28
1732526776980 46.7 29
1732526787049 46.7 30
1732526797134 46.7 31
1732526807206 46.7 32
1732526817274 46.7 33
1732526827340 46.7 34
1732526837425 46.7 35
1732526847505 46.7 36
1732526857608 46.7 37
1732526867672 46.7 38
1732526877746 46.7 39
1732526887836 46.7 40
1732526897920 46.7 41
1732526907994 46.7 42
1732526918076 46.7 43
1732526928149 46.7 44
1732526938225 46.7 45
1732526948317 46.7 46
1732526958410 46.7 47
1732526968503 46.7 48
1732526978578 46.7 49
1732526988661 46.7 50
1732526998738 46.7 51
1732527008808 46.7 52
1732527018882 46.7 53
1732527028956 46.7 54
1732527039038 46.7 55
1732527049112 46.7 56
1732527059198 46.7 57
1732527069273 46.7 58
1732527079357 46.7 59
1732527089431 46.7 60
1732527099499 46.7 61
1732527109585 46.7 62
1732527119671 46.7 63
1732527129752 46.7 64
1732527139812 46.7 65
1732527149877 46.7 66
1732527159939 46.7 67
1732527170000 46.7 68
1732527180096 46.7 69
1732527190182 46.7 70
1732527200249 46.7 71
1732527210339 46.7 72
1732527220429 46.7 73
1732527230512 46.7 74
1732527240604 46.7 75
1732527250695 46.7 76
1732527260787 46.7 77
1732527270854 46.7 78
1732527280933 46.7 79
1732527291038 46.7 80
1732527301110 46.7 81
1732527311189 46.7 82
1732527321270 46.7 83
1732527331354 46.7 84
1732527341448 46.7 85
1732527351524 46.7 86
1732527361615 46.7 87
1732527371687 46.7 88
1732527381784 46.7 89
1732527391867 46.7 90
1732527401957 46.7 91
1732527412058 46.7 92
1732527422155 46.7 93
1732527432236 46.7 94
1732527442300 46.7 95
1732527452366 46.7 96
1732527462446 46.7 97
1732527472518 46.7 98
1732527482602 46.7 99
1732527492687 46.7 100
1732527502774 46.7 101
1732527512883 46.7 102
1732527522983 46.7 103
1732527533087 46.7 104
1732527543184 46.7 105
1732527553280 46.7 106
1732527563369 46.7 107
1732527573448 46.7 108
1732527583555 46.7 109
1732527593633 46.7 110
1732527603734 46.7 111
1732527613819 46.7 112
1732527623919 46.7 113
1732527634014 46.7 114
1732527644102 46.7 115
1732527654178 46.7 116
1732527664280 46.7 117
1732527674360 46.7 118
1732527684449 46.7 119
1732527694514 46.7 120
1732527704599 46.7 121
1732527714716 46.7 122
1732527724794 46.7 123
1732527734867 46.7 124
1732527744971 46.7 125
1732527755064 46.7 126
1732527765145 46.7 127
1732527775251 46.7 128
1732527785349 46.7 129
1732527795434 46.7 130
1732527805551 46.7 131
1732527815643 46.7 132
1732527825717 46.7 133
1732527835783 46.7 134
1732527845857 46.7 135
1732527855954 46.7 136
1732527866029 46.7 137
1732527876128 46.7 138
1732527886218 46.7 139
1732527896301 46.7 140
1732527906388 46.7 141
1732527916481 46.7 142
1732527926555 46.7 143
1732527936633 46.7 144
1732527946716 46.7 145
1732527956799 46.7 146
1732527966880 46.7 147
1732527976980 46.7 148
1732527987083 46.7 149
1732527997176 46.7 150
1732528007265 46.7 151
1732528017339 46.7 152
1732528027432 46.7 153
1732528037518 46.7 154
1732528047598 46.7 155
1732528057681 46.7 156
1732528067786 46.7 157
1732528078476 46.7 158
1732528088569 46.7 159
1732528098668 46.7 160
1732528108773 46.7 161
1732528118870 46.7 162
1732528128969 46.7 163
1732528139068 46.7 164
1732528149148 46.7 165
1732528159253 46.7 166
1732528169322 46.7 167
1732528179418 46.7 168
1732528189498 46.7 169
1732528199597 46.7 170
1732528209690 46.7 171
1732528219794 46.7 172
1732528229896 46.7 173
1732528239996 46.7 174
1732528250099 46.7 175
1732528260182 46.7 176
1732528270283 46.7 177
1732528280387 46.7 178
1732528290484 46.7 179
1732528300573 46.7 180
1732528310671 46.7 181
1732528320769 46.7 182
1732528330852 46.7 183
1732528340911 46.7 184
1732528351005 46.7 185
1732528361111 46.7 186
1732528371202 46.7 187
1732528381299 46.7 188
1732528391404 46.7 189
1732528401507 46.7 190
1732528411597 46.7 191
1732528421715 46.7 192
1732528431812 46.7 193
1732528441921 46.7 194
1732528452013 46.7 195
1732528462124 46.7 196
1732528472227 46.7 197
1732528482304 46.7 198
1732528492382 46.7 199
1732528502469 46.7 200
1732528512555 46.7 201
1732528522644 46.7 202
1732528532757 46.7 203
1732528542868 46.7 204
1732528552968 46.7 205
1732528563054 46.7 206
1732528573142 46.7 207
1732528583238 46.7 208
1732528593325 46.7 209
1732528603422 46.7 210
1732528613525 46.7 211
1732528623626 46.7 212
1732528633737 46.7 213
1732528643831 46.7 214
1732528653949 46.7 215
1732528664037 46.7 216
1732528674145 46.7 217
1732528684249 46.7 218
1732528694344 46.7 219
1732528704464 46.7 220
1732528714569 46.7 221
1732528724672 46.7 222
1732528734788 46.7 223
1732528744879 46.7 224
1732528754983 46.7 225
1732528765061 46.7 226
1732528775158 46.7 227
1732528785256 46.7 228
1732528795350 46.7 229
1732528805456 46.7 230
1732528815558 46.7 231
1732528825659 46.7 232
1732528835758 46.7 233
1732528845867 46.7 234
1732528855984 46.7 235
1732528866095 46.7 236
1732528876187 46.7 237
1732528886301 46.7 238
1732528896395 46.7 239
1732528906494 46.7 240
1732528916607 46.7 241
1732528926735 46.7 242
1732528937246 46.7 243
1732528947352 46.7 244
1732528957451 46.7 245
1732528967550 46.7 246
1732528977651 46.7 247
1732528987756 46.7 248
1732528997851 46.7 249
1732529007946 46.7 250
1732529018027 46.7 251
1732529028130 46.7 252
1732529038226 46.7 253
1732529048336 46.7 254
1732529058454 46.7 255
1732529068555 46.7 256
1732529078655 46.7 257
1732529088759 46.7 258
1732529098872 46.7 259
1732529108980 46.7 260
1732529119084 46.7 261
1732529129180 46.7 262
1732529139298 46.7 263
1732529149393 46.7 264
1732529159489 46.7 265
1732529169608 46.7 266
1732529179716 46.7 267
1732529189811 46.7 268
1732529199904 46.7 269
1732529210002 46.7 270
1732529220172 46.7 271
1732529230283 46.7 272
1732529240388 46.7 273
1732529250498 46.7 274
1732529260587 46.7 275
1732529270703 46.7 276
1732529280816 46.7 277
1732529290915 46.7 278
1732529301033 46.7 279
1732529311139 46.7 280
1732529321238 46.7 281
1732529331363 46.7 282
1732529341470 46.7 283
1732529351577 46.7 284
1732529361683 46.7 285
1732529371801 46.7 286
1732529381934 46.7 287
1732529392034 46.7 288
1732529402163 46.7 289
1732529412284 46.7 290
1732529422381 46.7 291
1732529432511 46.7 292
1732529442619 46.7 293
1732529452728 46.7 294
1732529462864 46.7 295
1732529472979 46.7 296
1732529483103 46.7 297
1732529493201 46.7 298
1732529503320 46.7 299
1732529513429 46.7 300
1732529523547 46.7 301
1732529533643 46.7 302
1732529543763 46.7 303
1732529553847 46.7 304
1732529563953 46.7 305
1732529574035 46.7 306
1732529584136 46.7 307
1732529594242 46.7 308
1732529604350 46.7 309
1732529614481 46.7 310
1732529624594 46.7 311
1732529634704 46.7 312
1732529644822 46.7 313
1732529654925 46.7 314
1732529665047 46.7 315
1732529675152 46.7 316
1732529685275 46.7 317
1732529695385 46.7 318
1732529705507 46.7 319
1732529715615 46.7 320
1732529725728 46.7 321
1732529735829 46.7 322
1732529745955 46.7 323
1732529756062 46.7 324
1732529766174 46.7 325
1732529776263 46.7 326
1732529786384 46.7 327
1732529796502 46.7 328
1732529806610 46.7 329
1732529817028 46.7 330
1732529827155 46.7 331
1732529837284 46.7 332
1732529847353 46.7 333
1732529857463 46.7 334
1732529867556 46.7 335
1732529877675 46.7 336
1732529887795 46.7 337
1732529897922 46.7 338
1732529908049 46.7 339
1732529918166 46.7 340
1732529928284 46.7 341
1732529938401 46.7 342
1732529948520 46.7 343
1732529958662 46.7 344
1732529968747 46.7 345
1732529978859 46.7 346
1732529988976 46.7 347
1732529999092 46.7 348
1732530009207 46.7 349
1732530019311 46.7 350
1732530029445 46.7 351
1732530039552 46.7 352
1732530049681 46.7 353
1732530059796 46.7 354
1732530069911 46.7 355
1732530080020 46.7 356
1732530090149 46.7 357
1732530100252 46.7 358
1732530110380 46.7 359
1732530120478 46.7 360
1732530130596 46.7 361
1732530140718 46.7 362
1732530150887 46.7 363
1732530160976 46.7 364
1732530171080 46.7 365
1732530181170 46.7 366
1732530191281 46.7 367
1732530201411 46.7 368
1732530211535 46.7 369
1732530221649 46.7 370
1732530231765 46.7 371
1732530241905 46.7 372
1732530252024 46.7 373
1732530262143 46.7 374
1732530272260 46.7 375
1732530282382 46.7 376
1732530292505 46.7 377
1732530302616 46.7 378
1732530312757 46.7 379
1732530322877 46.7 380
1732530333011 46.7 381
1732530343126 46.7 382
1732530353266 46.7 383
1732530363406 46.7 384
1732530373533 46.7 385
1732530383668 46.7 386
1732530393793 46.7 387
1732530403916 46.7 388
1732530414041 46.7 389
1732530424164 46.7 390
1732530434296 46.7 391
1732530444435 46.7 392
1732530454565 46.7 393
1732530464695 46.7 394
1732530474813 46.7 395
1732530484942 46.7 396
1732530495045 46.7 397
1732530505179 46.7 398
1732530515315 46.7 399
1732530525445 46.7 400
1732530535587 46.7 401
1732530545707 46.7 402
1732530555821 46.7 403
1732530565925 46.7 404
1732530576043 46.7 405
1732530586157 46.7 406
1732530596301 46.7 407
1732530606426 46.7 408
1732530616554 46.7 409
1732530626677 46.7 410
1732530636798 46.7 411
1732530646930 46.7 412
1732530657060 46.7 413
1732530667190 46.7 414
1732530677334 46.7 415
1732530687454 46.7 416
1732530697579 46.7 417
1732530707696 46.7 418
1732530717812 46.7 419
1732530727948 46.7 420
1732530738079 46.7 421
1732530748208 46.7 422
1732530758343 46.7 423
1732530768488 46.7 424
1732530778626 46.7 425
1732530788757 46.7 426
1732530798903 46.7 427
1732530809024 46.7 428
1732530819143 46.7 429
1732530829267 46.7 430
1732530839401 46.7 431
1732530849525 46.7 432
1732530859639 46.7 433
1732530869782 46.7 434
1732530879888 46.7 435
1732530889998 46.7 436
1732530900122 46.7 437
1732530910254 46.7 438
1732530920412 46.7 439
1732530930533 46.7 440
1732530940681 46.7 441
1732530950790 46.7 442
1732530960921 46.7 443
1732530971057 46.7 444
1732530981184 46.7 445
1732530991317 46.7 446
1732531001442 46.7 447
