1732526484975 80.6 0
1732526495030 106.9 1
1732526505102 174.8 2
1732526515175 170.0 3
1732526525230 171.0 4
1732526535293 159.7 5
1732526545358 107.0 6
1732526555411 122.2 7
1732526565479 161.8 8
1732526575551 129.5 9
1732526585618 179.6 10
1732526595677 181.2 11
1732526605747 184.5 12
1732526615806 113.9 13
1732526625866 149.5 14
1732526635936 113.6 15
1732526645993 114.0 16
1732526656090 179.1 17
1732526666171 160.7 18
1732526676233 119.7 19
1732526686297 156.8 20
1732526696376 123.5 21
1732526706450 195.6 22
1732526716509 164.9 23
1732526726585 193.6 24
1732526736666 143.3 25
1732526746733 194.6 26
1732526756817 132.6 27
1732526766892 123.5 28
1732526776980 186.9 29
1732526787049 190.4 30
1732526797134 186.9 31
1732526807206 121.3 32
1732526817274 192.7 33
1732526827340 119.1 34
1732526837425 117.6 35
1732526847505 157.8 36
1732526857608 181.3 37
1732526867672 179.8 38
1732526877746 186.2 39
1732526887836 184.4 40
1732526897920 118.0 41
1732526907994 186.7 42
1732526918076 189.6 43
1732526928149 190.8 44
1732526938225 121.8 45
1732526948317 117.9 46
1732526958410 117.8 47
1732526968503 192.5 48
1732526978578 146.3 49
1732526988661 164.7 50
1732526998738 187.3 51
1732527008808 190.0 52
1732527018882 190.5 53
1732527028956 116.9 54
1732527039038 188.9 55
1732527049112 121.0 56
1732527059198 119.2 57
1732527069273 188.5 58
1732527079357 193.2 59
1732527089431 158.9 60
1732527099499 186.3 61
1732527109585 169.6 62
1732527119671 135.5 63
1732527129752 179.2 64
1732527139812 189.3 65
1732527149877 190.1 66
1732527159939 187.9 67
1732527170000 196.5 68
1732527180096 124.2 69
1732527190182 187.0 70
1732527200249 184.0 71
1732527210339 132.2 72
1732527220429 190.7 73
1732527230512 190.6 74
1732527240604 192.4 75
1732527250695 119.9 76
1732527260787 191.6 77
1732527270854 194.0 78
1732527280933 195.2 79
1732527291038 193.8 80
1732527301110 121.8 81
1732527311189 124.0 82
1732527321270 135.9 83
1732527331354 190.3 84
1732527341448 119.2 85
1732527351524 193.5 86
1732527361615 136.1 87
1732527371687 149.7 88
1732527381784 120.7 89
1732527391867 191.4 90
1732527401957 189.3 91
1732527412058 119.5 92
1732527422155 179.7 93
1732527432236 181.7 94
1732527442300 172.3 95
1732527452366 117.5 96
1732527462446 189.7 97
1732527472518 180.8 98
1732527482602 116.7 99
1732527492687 115.7 100
1732527502774 160.1 101
1732527512883 134.1 102
1732527522983 182.2 103
1732527533087 145.8 104
1732527543184 187.0 105
1732527553280 136.6 106
1732527563369 151.0 107
1732527573448 117.0 108
1732527583555 150.8 109
1732527593633 173.2 110
1732527603734 151.7 111
1732527613819 154.6 112
1732527623919 148.2 113
1732527634014 147.8 114
1732527644102 116.4 115
1732527654178 116.1 116
1732527664280 144.4 117
1732527674360 116.1 118
1732527684449 154.2 119
1732527694514 114.7 120
1732527704599 153.6 121
1732527714716 116.2 122
1732527724794 166.8 123
1732527734867 126.9 124
1732527744971 113.8 125
1732527755064 155.2 126
1732527765145 131.4 127
1732527775251 141.9 128
1732527785349 115.0 129
1732527795434 145.2 130
1732527805551 137.3 131
1732527815643 190.6 132
1732527825717 113.9 133
1732527835783 114.1 134
1732527845857 187.9 135
1732527855954 116.2 136
1732527866029 157.5 137
1732527876128 184.5 138
1732527886218 163.0 139
1732527896301 146.3 140
1732527906388 188.1 141
1732527916481 114.2 142
1732527926555 113.9 143
1732527936633 123.0 144
1732527946716 182.2 145
1732527956799 115.4 146
1732527966880 113.7 147
1732527976980 113.8 148
1732527987083 152.5 149
1732527997176 181.3 150
1732528007265 184.1 151
1732528017339 120.0 152
1732528027432 144.4 153
1732528037518 146.9 154
1732528047598 114.5 155
1732528057681 113.6 156
1732528067786 113.1 157
1732528078476 145.4 158
1732528088569 124.4 159
1732528098668 186.1 160
1732528108773 185.9 161
1732528118870 143.9 162
1732528128969 180.0 163
1732528139068 115.7 164
1732528149148 148.6 165
1732528159253 115.3 166
1732528169322 130.2 167
1732528179418 190.6 168
1732528189498 148.5 169
1732528199597 114.3 170
1732528209690 113.5 171
1732528219794 181.0 172
1732528229896 115.3 173
1732528239996 169.2 174
1732528250099 146.6 175
1732528260182 141.8 176
1732528270283 113.4 177
1732528280387 142.7 178
1732528290484 184.3 179
1732528300573 115.5 180
1732528310671 128.0 181
1732528320769 114.2 182
1732528330852 134.7 183
1732528340911 156.2 184
1732528351005 186.6 185
1732528361111 189.4 186
1732528371202 114.1 187
1732528381299 115.0 188
1732528391404 119.6 189
1732528401507 141.6 190
1732528411597 113.5 191
1732528421715 157.2 192
1732528431812 145.1 193
1732528441921 115.5 194
1732528452013 182.9 195
1732528462124 148.1 196
1732528472227 140.0 197
1732528482304 170.3 198
1732528492382 175.6 199
1732528502469 145.8 200
1732528512555 114.2 201
1732528522644 112.4 202
1732528532757 144.7 203
1732528542868 146.9 204
1732528552968 190.8 205
1732528563054 170.6 206
1732528573142 124.1 207
1732528583238 112.6 208
1732528593325 111.1 209
1732528603422 145.4 210
1732528613525 111.1 211
1732528623626 140.0 212
1732528633737 143.4 213
1732528643831 140.9 214
1732528653949 123.1 215
1732528664037 114.5 216
1732528674145 110.6 217
1732528684249 148.1 218
1732528694344 111.2 219
1732528704464 134.5 220
1732528714569 110.8 221
1732528724672 111.0 222
1732528734788 162.9 223
1732528744879 142.0 224
1732528754983 141.7 225
1732528765061 120.3 226
1732528775158 180.8 227
1732528785256 110.4 228
1732528795350 143.5 229
1732528805456 111.9 230
1732528815558 146.7 231
1732528825659 110.2 232
1732528835758 110.1 233
1732528845867 182.6 234
1732528855984 184.1 235
1732528866095 111.4 236
1732528876187 112.3 237
1732528886301 180.4 238
1732528896395 109.9 239
1732528906494 167.9 240
1732528916607 145.8 241
1732528926735 130.9 242
1732528937246 142.6 243
1732528947352 110.2 244
1732528957451 146.6 245
1732528967550 189.5 246
1732528977651 125.1 247
1732528987756 116.6 248
1732528997851 142.1 249
1732529007946 143.3 250
1732529018027 112.0 251
1732529028130 143.5 252
1732529038226 151.5 253
1732529048336 177.6 254
1732529058454 173.8 255
1732529068555 118.1 256
1732529078655 157.7 257
1732529088759 119.6 258
1732529098872 115.7 259
1732529108980 147.0 260
1732529119084 149.5 261
1732529129180 152.4 262
1732529139298 157.8 263
1732529149393 135.8 264
1732529159489 137.4 265
1732529169608 119.0 266
1732529179716 140.5 267
1732529189811 110.7 268
1732529199904 163.2 269
1732529210002 182.3 270
1732529220172 110.8 271
1732529230283 113.9 272
1732529240388 161.8 273
1732529250498 137.8 274
1732529260587 129.6 275
1732529270703 166.4 276
1732529280816 152.3 277
1732529290915 116.9 278
1732529301033 140.7 279
1732529311139 147.8 280
1732529321238 149.2 281
1732529331363 144.6 282
1732529341470 143.9 283
1732529351577 140.4 284
1732529361683 153.8 285
1732529371801 176.0 286
1732529381934 145.9 287
1732529392034 142.6 288
1732529402163 110.5 289
1732529412284 164.0 290
1732529422381 141.3 291
1732529432511 129.4 292
1732529442619 139.4 293
1732529452728 143.4 294
1732529462864 139.0 295
1732529472979 156.3 296
1732529483103 139.8 297
1732529493201 112.4 298
1732529503320 165.7 299
1732529513429 111.0 300
1732529523547 160.7 301
1732529533643 141.7 302
1732529543763 109.9 303
1732529553847 109.7 304
1732529563953 142.9 305
1732529574035 111.6 306
1732529584136 139.8 307
1732529594242 146.3 308
1732529604350 110.1 309
1732529614481 141.7 310
1732529624594 149.6 311
1732529634704 112.2 312
1732529644822 109.9 313
1732529654925 183.6 314
1732529665047 142.0 315
1732529675152 110.3 316
1732529685275 140.0 317
1732529695385 112.2 318
1732529705507 110.1 319
1732529715615 142.1 320
1732529725728 148.9 321
1732529735829 110.2 322
1732529745955 189.1 323
1732529756062 110.6 324
1732529766174 112.0 325
1732529776263 110.3 326
1732529786384 157.0 327
1732529796502 143.8 328
1732529806610 168.9 329
1732529817028 110.3 330
1732529827155 110.3 331
1732529837284 125.9 332
1732529847353 167.8 333
1732529857463 167.6 334
1732529867556 176.5 335
1732529877675 176.1 336
1732529887795 145.6 337
1732529897922 112.6 338
1732529908049 142.5 339
1732529918166 141.9 340
1732529928284 141.4 341
1732529938401 159.7 342
1732529948520 110.2 343
1732529958662 111.0 344
1732529968747 160.4 345
1732529978859 133.1 346
1732529988976 144.2 347
1732529999092 111.8 348
1732530009207 149.5 349
1732530019311 111.0 350
1732530029445 112.6 351
1732530039552 142.2 352
1732530049681 110.8 353
1732530059796 139.2 354
1732530069911 140.4 355
1732530080020 110.7 356
1732530090149 112.6 357
1732530100252 172.5 358
1732530110380 110.4 359
1732530120478 110.2 360
1732530130596 110.1 361
1732530140718 158.3 362
1732530150887 139.6 363
1732530160976 112.1 364
1732530171080 125.8 365
1732530181170 109.5 366
1732530191281 146.7 367
1732530201411 111.0 368
1732530211535 142.9 369
1732530221649 113.1 370
1732530231765 110.7 371
1732530241905 112.8 372
1732530252024 183.5 373
1732530262143 187.6 374
1732530272260 134.0 375
1732530282382 111.1 376
1732530292505 110.9 377
1732530302616 139.6 378
1732530312757 156.8 379
1732530322877 142.2 380
1732530333011 123.6 381
1732530343126 177.5 382
1732530353266 111.5 383
1732530363406 178.1 384
1732530373533 143.0 385
1732530383668 111.1 386
1732530393793 156.1 387
1732530403916 129.6 388
1732530414041 140.1 389
1732530424164 112.7 390
1732530434296 140.2 391
1732530444435 111.2 392
1732530454565 124.1 393
1732530464695 188.0 394
1732530474813 111.3 395
1732530484942 113.1 396
1732530495045 143.6 397
1732530505179 136.8 398
1732530515315 148.5 399
1732530525445 139.3 400
1732530535587 143.7 401
1732530545707 112.9 402
1732530555821 110.8 403
1732530565925 133.6 404
1732530576043 185.0 405
1732530586157 143.5 406
1732530596301 111.0 407
1732530606426 170.8 408
1732530616554 113.0 409
1732530626677 164.0 410
1732530636798 111.1 411
1732530646930 110.9 412
1732530657060 144.5 413
1732530667190 166.3 414
1732530677334 167.1 415
1732530687454 112.9 416
1732530697579 111.1 417
1732530707696 180.0 418
1732530717812 111.5 419
1732530727948 124.4 420
1732530738079 180.2 421
1732530748208 113.4 422
1732530758343 143.3 423
1732530768488 178.7 424
1732530778626 143.2 425
1732530788757 111.2 426
1732530798903 145.5 427
1732530809024 113.4 428
1732530819143 143.4 429
1732530829267 110.7 430
1732530839401 110.3 431
1732530849525 146.4 432
1732530859639 138.6 433
1732530869782 113.4 434
1732530879888 114.8 435
1732530889998 187.2 436
1732530900122 134.2 437
1732530910254 116.0 438
1732530920412 174.4 439
1732530930533 150.3 440
1732530940681 116.7 441
1732530950790 190.3 442
1732530960921 149.3 443
1732530971057 180.6 444
1732530981184 120.8 445
1732530991317 177.3 446
1732531001442 150.7 447
