1732526484975 14.0 0
1732526495030 63.0 1
1732526505102 52.0 2
1732526515175 42.0 3
1732526525230 43.0 4
1732526535293 38.0 5
1732526545358 1.0 6
1732526555411 49.0 7
1732526565479 8.0 8
1732526575551 6.0 9
1732526585618 43.0 10
1732526595677 41.0 11
1732526605747 38.0 12
1732526615806 25.0 13
1732526625866 8.0 14
1732526635936 3.0 15
1732526645993 3.0 16
1732526656090 38.0 17
1732526666171 38.0 18
1732526676233 23.0 19
1732526686297 6.0 20
1732526696376 7.0 21
1732526706450 39.0 22
1732526716509 41.0 23
1732526726585 52.0 24
1732526736666 17.0 25
1732526746733 50.0 26
1732526756817 38.0 27
1732526766892 19.0 28
1732526776980 41.0 29
1732526787049 47.0 30
1732526797134 40.0 31
1732526807206 12.0 32
1732526817274 47.0 33
1732526827340 33.0 34
1732526837425 14.0 35
1732526847505 12.0 36
1732526857608 34.0 37
1732526867672 21.0 38
1732526877746 47.0 39
1732526887836 30.0 40
1732526897920 27.0 41
1732526907994 52.0 42
1732526918076 48.0 43
1732526928149 43.0 44
1732526938225 17.0 45
1732526948317 7.0 46
1732526958410 8.0 47
1732526968503 56.0 48
1732526978578 8.0 49
1732526988661 53.0 50
1732526998738 49.0 51
1732527008808 39.0 52
1732527018882 44.0 53
1732527028956 6.0 54
1732527039038 44.0 55
1732527049112 18.0 56
1732527059198 13.0 57
1732527069273 41.0 58
1732527079357 50.0 59
1732527089431 45.0 60
1732527099499 43.0 61
1732527109585 8.0 62
1732527119671 47.0 63
1732527129752 7.0 64
1732527139812 39.0 65
1732527149877 44.0 66
1732527159939 46.0 67
1732527170000 46.0 68
1732527180096 42.0 69
1732527190182 42.0 70
1732527200249 44.0 71
1732527210339 8.0 72
1732527220429 48.0 73
1732527230512 39.0 74
1732527240604 48.0 75
1732527250695 33.0 76
1732527260787 40.0 77
1732527270854 43.0 78
1732527280933 51.0 79
1732527291038 54.0 80
1732527301110 14.0 81
1732527311189 36.0 82
1732527321270 48.0 83
1732527331354 44.0 84
1732527341448 4.0 85
1732527351524 44.0 86
1732527361615 10.0 87
1732527371687 13.0 88
1732527381784 34.0 89
1732527391867 42.0 90
1732527401957 41.0 91
1732527412058 4.0 92
1732527422155 31.0 93
1732527432236 34.0 94
1732527442300 34.0 95
1732527452366 26.0 96
1732527462446 39.0 97
1732527472518 39.0 98
1732527482602 5.0 99
1732527492687 1.0 100
1732527502774 36.0 101
1732527512883 26.0 102
1732527522983 36.0 103
1732527533087 34.0 104
1732527543184 36.0 105
1732527553280 8.0 106
1732527563369 42.0 107
1732527573448 26.0 108
1732527583555 42.0 109
1732527593633 36.0 110
1732527603734 40.0 111
1732527613819 37.0 112
1732527623919 33.0 113
1732527634014 39.0 114
1732527644102 15.0 115
1732527654178 6.0 116
1732527664280 33.0 117
1732527674360 31.0 118
1732527684449 42.0 119
1732527694514 3.0 120
1732527704599 37.0 121
1732527714716 15.0 122
1732527724794 38.0 123
1732527734867 6.0 124
1732527744971 3.0 125
1732527755064 37.0 126
1732527765145 6.0 127
1732527775251 37.0 128
1732527785349 26.0 129
1732527795434 38.0 130
1732527805551 2.0 131
1732527815643 35.0 132
1732527825717 1.0 133
1732527835783 1.0 134
1732527845857 41.0 135
1732527855954 18.0 136
1732527866029 8.0 137
1732527876128 40.0 138
1732527886218 32.0 139
1732527896301 34.0 140
1732527906388 44.0 141
1732527916481 1.0 142
1732527926555 2.0 143
1732527936633 6.0 144
1732527946716 32.0 145
1732527956799 6.0 146
1732527966880 3.0 147
1732527976980 3.0 148
1732527987083 34.0 149
1732527997176 37.0 150
1732528007265 45.0 151
1732528017339 7.0 152
1732528027432 33.0 153
1732528037518 36.0 154
1732528047598 3.0 155
1732528057681 1.0 156
1732528067786 1.0 157
1732528078476 38.0 158
1732528088569 2.0 159
1732528098668 41.0 160
1732528108773 40.0 161
1732528118870 38.0 162
1732528128969 41.0 163
1732528139068 34.0 164
1732528149148 8.0 165
1732528159253 14.0 166
1732528169322 1.0 167
1732528179418 43.0 168
1732528189498 38.0 169
1732528199597 3.0 170
1732528209690 1.0 171
1732528219794 38.0 172
1732528229896 9.0 173
1732528239996 34.0 174
1732528250099 39.0 175
1732528260182 33.0 176
1732528270283 1.0 177
1732528280387 31.0 178
1732528290484 38.0 179
1732528300573 25.0 180
1732528310671 34.0 181
1732528320769 1.0 182
1732528330852 1.0 183
1732528340911 4.0 184
1732528351005 44.0 185
1732528361111 49.0 186
1732528371202 1.0 187
1732528381299 25.0 188
1732528391404 8.0 189
1732528401507 31.0 190
1732528411597 2.0 191
1732528421715 35.0 192
1732528431812 32.0 193
1732528441921 25.0 194
1732528452013 36.0 195
1732528462124 41.0 196
1732528472227 0.0 197
1732528482304 34.0 198
1732528492382 42.0 199
1732528502469 36.0 200
1732528512555 25.0 201
1732528522644 0.0 202
1732528532757 30.0 203
1732528542868 37.0 204
1732528552968 40.0 205
1732528563054 0.0 206
1732528573142 1.0 207
1732528583238 26.0 208
1732528593325 0.0 209
1732528603422 42.0 210
1732528613525 0.0 211
1732528623626 36.0 212
1732528633737 33.0 213
1732528643831 34.0 214
1732528653949 28.0 215
1732528664037 22.0 216
1732528674145 1.0 217
1732528684249 39.0 218
1732528694344 0.0 219
1732528704464 35.0 220
1732528714569 0.0 221
1732528724672 25.0 222
1732528734788 28.0 223
1732528744879 33.0 224
1732528754983 38.0 225
1732528765061 1.0 226
1732528775158 37.0 227
1732528785256 0.0 228
1732528795350 36.0 229
1732528805456 9.0 230
1732528815558 36.0 231
1732528825659 0.0 232
1732528835758 0.0 233
1732528845867 37.0 234
1732528855984 34.0 235
1732528866095 23.0 236
1732528876187 26.0 237
1732528886301 35.0 238
1732528896395 0.0 239
1732528906494 0.0 240
1732528916607 34.0 241
1732528926735 33.0 242
1732528937246 32.0 243
1732528947352 0.0 244
1732528957451 36.0 245
1732528967550 37.0 246
1732528977651 43.0 247
1732528987756 0.0 248
1732528997851 36.0 249
1732529007946 32.0 250
1732529018027 17.0 251
1732529028130 35.0 252
1732529038226 42.0 253
1732529048336 35.0 254
1732529058454 39.0 255
1732529068555 0.0 256
1732529078655 35.0 257
1732529088759 30.0 258
1732529098872 0.0 259
1732529108980 32.0 260
1732529119084 39.0 261
1732529129180 36.0 262
1732529139298 40.0 263
1732529149393 0.0 264
1732529159489 38.0 265
1732529169608 0.0 266
1732529179716 33.0 267
1732529189811 0.0 268
1732529199904 36.0 269
1732529210002 36.0 270
1732529220172 0.0 271
1732529230283 25.0 272
1732529240388 39.0 273
1732529250498 0.0 274
1732529260587 34.0 275
1732529270703 32.0 276
1732529280816 36.0 277
1732529290915 31.0 278
1732529301033 33.0 279
1732529311139 1.0 280
1732529321238 1.0 281
1732529331363 33.0 282
1732529341470 31.0 283
1732529351577 0.0 284
1732529361683 34.0 285
1732529371801 35.0 286
1732529381934 33.0 287
1732529392034 31.0 288
1732529402163 1.0 289
1732529412284 34.0 290
1732529422381 21.0 291
1732529432511 35.0 292
1732529442619 33.0 293
1732529452728 34.0 294
1732529462864 27.0 295
1732529472979 36.0 296
1732529483103 34.0 297
1732529493201 14.0 298
1732529503320 0.0 299
1732529513429 0.0 300
1732529523547 35.0 301
1732529533643 28.0 302
1732529543763 0.0 303
1732529553847 0.0 304
1732529563953 40.0 305
1732529574035 24.0 306
1732529584136 35.0 307
1732529594242 31.0 308
1732529604350 0.0 309
1732529614481 33.0 310
1732529624594 34.0 311
1732529634704 25.0 312
1732529644822 0.0 313
1732529654925 33.0 314
1732529665047 34.0 315
1732529675152 1.0 316
1732529685275 36.0 317
1732529695385 12.0 318
1732529705507 0.0 319
1732529715615 34.0 320
1732529725728 37.0 321
1732529735829 0.0 322
1732529745955 37.0 323
1732529756062 1.0 324
1732529766174 25.0 325
1732529776263 0.0 326
1732529786384 40.0 327
1732529796502 31.0 328
1732529806610 36.0 329
1732529817028 0.0 330
1732529827155 1.0 331
1732529837284 1.0 332
1732529847353 35.0 333
1732529857463 36.0 334
1732529867556 30.0 335
1732529877675 33.0 336
1732529887795 33.0 337
1732529897922 25.0 338
1732529908049 37.0 339
1732529918166 33.0 340
1732529928284 36.0 341
1732529938401 35.0 342
1732529948520 0.0 343
1732529958662 10.0 344
1732529968747 32.0 345
1732529978859 41.0 346
1732529988976 33.0 347
1732529999092 1.0 348
1732530009207 41.0 349
1732530019311 0.0 350
1732530029445 24.0 351
1732530039552 30.0 352
1732530049681 0.0 353
1732530059796 33.0 354
1732530069911 34.0 355
1732530080020 0.0 356
1732530090149 13.0 357
1732530100252 32.0 358
1732530110380 0.0 359
1732530120478 0.0 360
1732530130596 0.0 361
1732530140718 39.0 362
1732530150887 29.0 363
1732530160976 16.0 364
1732530171080 32.0 365
1732530181170 1.0 366
1732530191281 40.0 367
1732530201411 0.0 368
1732530211535 31.0 369
1732530221649 25.0 370
1732530231765 0.0 371
1732530241905 0.0 372
1732530252024 32.0 373
1732530262143 35.0 374
1732530272260 0.0 375
1732530282382 18.0 376
1732530292505 0.0 377
1732530302616 31.0 378
1732530312757 42.0 379
1732530322877 33.0 380
1732530333011 1.0 381
1732530343126 43.0 382
1732530353266 25.0 383
1732530363406 31.0 384
1732530373533 42.0 385
1732530383668 0.0 386
1732530393793 32.0 387
1732530403916 33.0 388
1732530414041 30.0 389
1732530424164 25.0 390
1732530434296 36.0 391
1732530444435 0.0 392
1732530454565 30.0 393
1732530464695 34.0 394
1732530474813 0.0 395
1732530484942 20.0 396
1732530495045 33.0 397
1732530505179 37.0 398
1732530515315 37.0 399
1732530525445 35.0 400
1732530535587 27.0 401
1732530545707 25.0 402
1732530555821 0.0 403
1732530565925 0.0 404
1732530576043 37.0 405
1732530586157 35.0 406
1732530596301 1.0 407
1732530606426 35.0 408
1732530616554 19.0 409
1732530626677 37.0 410
1732530636798 0.0 411
1732530646930 0.0 412
1732530657060 34.0 413
1732530667190 37.0 414
1732530677334 36.0 415
1732530687454 14.0 416
1732530697579 0.0 417
1732530707696 32.0 418
1732530717812 0.0 419
1732530727948 0.0 420
1732530738079 31.0 421
1732530748208 18.0 422
1732530758343 27.0 423
1732530768488 25.0 424
1732530778626 30.0 425
1732530788757 0.0 426
1732530798903 27.0 427
1732530809024 17.0 428
1732530819143 37.0 429
1732530829267 0.0 430
1732530839401 0.0 431
1732530849525 37.0 432
1732530859639 0.0 433
1732530869782 2.0 434
1732530879888 25.0 435
1732530889998 37.0 436
1732530900122 1.0 437
1732530910254 6.0 438
1732530920412 42.0 439
1732530930533 32.0 440
1732530940681 32.0 441
1732530950790 41.0 442
1732530960921 35.0 443
1732530971057 31.0 444
1732530981184 14.0 445
1732530991317 16.0 446
1732531001442 29.0 447
