1732526484975 9.7 0
1732526495030 22.4 1
1732526505102 25.7 2
1732526515175 25.6 3
1732526525230 25.6 4
1732526535293 25.7 5
1732526545358 25.6 6
1732526555411 35.2 7
1732526565479 35.3 8
1732526575551 35.3 9
1732526585618 35.3 10
1732526595677 35.3 11
1732526605747 35.3 12
1732526615806 35.3 13
1732526625866 35.4 14
1732526635936 35.4 15
1732526645993 35.4 16
1732526656090 35.3 17
1732526666171 35.3 18
1732526676233 35.3 19
1732526686297 35.5 20
1732526696376 35.5 21
1732526706450 35.5 22
1732526716509 35.7 23
1732526726585 35.4 24
1732526736666 35.4 25
1732526746733 35.4 26
1732526756817 35.4 27
1732526766892 35.4 28
1732526776980 35.4 29
1732526787049 35.3 30
1732526797134 35.3 31
1732526807206 35.3 32
1732526817274 35.3 33
1732526827340 35.3 34
1732526837425 35.3 35
1732526847505 35.0 36
1732526857608 35.0 37
1732526867672 35.2 38
1732526877746 35.2 39
1732526887836 35.1 40
1732526897920 35.1 41
1732526907994 35.5 42
1732526918076 35.2 43
1732526928149 35.2 44
1732526938225 35.2 45
1732526948317 35.3 46
1732526958410 35.1 47
1732526968503 35.2 48
1732526978578 35.2 49
1732526988661 35.2 50
1732526998738 35.3 51
1732527008808 35.4 52
1732527018882 35.2 53
1732527028956 35.3 54
1732527039038 35.2 55
1732527049112 35.4 56
1732527059198 35.4 57
1732527069273 35.2 58
1732527079357 35.3 59
1732527089431 35.3 60
1732527099499 35.2 61
1732527109585 35.2 62
1732527119671 35.2 63
1732527129752 35.2 64
1732527139812 35.2 65
1732527149877 35.2 66
1732527159939 35.2 67
1732527170000 35.2 68
1732527180096 35.2 69
1732527190182 35.2 70
1732527200249 35.2 71
1732527210339 35.3 72
1732527220429 35.2 73
1732527230512 35.2 74
1732527240604 35.3 75
1732527250695 35.2 76
1732527260787 35.2 77
1732527270854 35.3 78
1732527280933 35.3 79
1732527291038 35.3 80
1732527301110 35.4 81
1732527311189 35.6 82
1732527321270 35.5 83
1732527331354 35.2 84
1732527341448 35.3 85
1732527351524 35.3 86
1732527361615 35.3 87
1732527371687 35.3 88
1732527381784 35.2 89
1732527391867 35.1 90
1732527401957 35.1 91
1732527412058 35.2 92
1732527422155 35.2 93
1732527432236 35.3 94
1732527442300 35.2 95
1732527452366 35.3 96
1732527462446 35.2 97
1732527472518 35.2 98
1732527482602 35.2 99
1732527492687 35.2 100
1732527502774 35.1 101
1732527512883 35.2 102
1732527522983 35.2 103
1732527533087 35.2 104
1732527543184 35.3 105
1732527553280 35.4 106
1732527563369 35.8 107
1732527573448 35.9 108
1732527583555 35.8 109
1732527593633 35.8 110
1732527603734 35.8 111
1732527613819 35.8 112
1732527623919 35.8 113
1732527634014 35.8 114
1732527644102 35.8 115
1732527654178 35.9 116
1732527664280 35.8 117
1732527674360 35.9 118
1732527684449 35.8 119
1732527694514 35.9 120
1732527704599 35.8 121
1732527714716 35.8 122
1732527724794 35.8 123
1732527734867 35.8 124
1732527744971 35.8 125
1732527755064 35.7 126
1732527765145 35.8 127
1732527775251 35.7 128
1732527785349 35.8 129
1732527795434 35.7 130
1732527805551 35.8 131
1732527815643 35.7 132
1732527825717 35.8 133
1732527835783 35.8 134
1732527845857 35.7 135
1732527855954 35.6 136
1732527866029 35.8 137
1732527876128 35.8 138
1732527886218 35.8 139
1732527896301 35.8 140
1732527906388 35.8 141
1732527916481 35.8 142
1732527926555 35.8 143
1732527936633 35.8 144
1732527946716 35.8 145
1732527956799 35.8 146
1732527966880 35.7 147
1732527976980 35.7 148
1732527987083 35.7 149
1732527997176 35.7 150
1732528007265 35.7 151
1732528017339 35.7 152
1732528027432 35.7 153
1732528037518 35.6 154
1732528047598 35.7 155
1732528057681 35.7 156
1732528067786 35.7 157
1732528078476 35.6 158
1732528088569 35.7 159
1732528098668 35.6 160
1732528108773 35.6 161
1732528118870 35.6 162
1732528128969 35.6 163
1732528139068 35.7 164
1732528149148 35.7 165
1732528159253 35.6 166
1732528169322 35.6 167
1732528179418 35.6 168
1732528189498 35.6 169
1732528199597 35.6 170
1732528209690 35.6 171
1732528219794 35.6 172
1732528229896 35.6 173
1732528239996 35.6 174
1732528250099 35.6 175
1732528260182 35.6 176
1732528270283 35.6 177
1732528280387 35.6 178
1732528290484 35.6 179
1732528300573 35.6 180
1732528310671 35.6 181
1732528320769 35.6 182
1732528330852 35.6 183
1732528340911 35.6 184
1732528351005 35.6 185
1732528361111 35.6 186
1732528371202 35.6 187
1732528381299 35.6 188
1732528391404 35.6 189
1732528401507 35.6 190
1732528411597 35.6 191
1732528421715 35.6 192
1732528431812 35.6 193
1732528441921 35.6 194
1732528452013 35.6 195
1732528462124 35.5 196
1732528472227 35.6 197
1732528482304 35.6 198
1732528492382 35.6 199
1732528502469 35.6 200
1732528512555 35.6 201
1732528522644 35.6 202
1732528532757 35.6 203
1732528542868 35.6 204
1732528552968 35.6 205
1732528563054 35.6 206
1732528573142 35.6 207
1732528583238 35.6 208
1732528593325 35.6 209
1732528603422 35.6 210
1732528613525 35.6 211
1732528623626 35.6 212
1732528633737 35.6 213
1732528643831 35.6 214
1732528653949 35.6 215
1732528664037 35.6 216
1732528674145 35.6 217
1732528684249 35.6 218
1732528694344 35.6 219
1732528704464 35.6 220
1732528714569 35.6 221
1732528724672 35.6 222
1732528734788 35.6 223
1732528744879 35.6 224
1732528754983 35.6 225
1732528765061 35.6 226
1732528775158 35.6 227
1732528785256 35.6 228
1732528795350 35.6 229
1732528805456 35.6 230
1732528815558 35.6 231
1732528825659 35.6 232
1732528835758 35.6 233
1732528845867 35.6 234
1732528855984 35.6 235
1732528866095 35.6 236
1732528876187 35.6 237
1732528886301 35.6 238
1732528896395 35.6 239
1732528906494 35.6 240
1732528916607 35.6 241
1732528926735 35.6 242
1732528937246 35.6 243
1732528947352 35.6 244
1732528957451 35.6 245
1732528967550 35.6 246
1732528977651 35.6 247
1732528987756 35.6 248
1732528997851 35.6 249
1732529007946 35.6 250
1732529018027 35.6 251
1732529028130 35.6 252
1732529038226 35.6 253
1732529048336 35.6 254
1732529058454 35.6 255
1732529068555 35.6 256
1732529078655 35.6 257
1732529088759 35.6 258
1732529098872 35.6 259
1732529108980 35.6 260
1732529119084 35.6 261
1732529129180 35.6 262
1732529139298 35.6 263
1732529149393 35.6 264
1732529159489 35.6 265
1732529169608 35.6 266
1732529179716 35.6 267
1732529189811 35.6 268
1732529199904 35.6 269
1732529210002 35.6 270
1732529220172 35.6 271
1732529230283 35.6 272
1732529240388 35.6 273
1732529250498 35.6 274
1732529260587 35.6 275
1732529270703 35.6 276
1732529280816 35.6 277
1732529290915 35.6 278
1732529301033 35.6 279
1732529311139 35.6 280
1732529321238 35.6 281
1732529331363 35.7 282
1732529341470 35.7 283
1732529351577 35.7 284
1732529361683 35.7 285
1732529371801 35.7 286
1732529381934 35.7 287
1732529392034 35.7 288
1732529402163 35.6 289
1732529412284 35.7 290
1732529422381 35.6 291
1732529432511 35.6 292
1732529442619 35.6 293
1732529452728 35.7 294
1732529462864 35.7 295
1732529472979 35.7 296
1732529483103 35.7 297
1732529493201 35.7 298
1732529503320 35.7 299
1732529513429 35.6 300
1732529523547 35.7 301
1732529533643 35.6 302
1732529543763 35.6 303
1732529553847 35.6 304
1732529563953 35.7 305
1732529574035 35.7 306
1732529584136 35.7 307
1732529594242 35.7 308
1732529604350 35.7 309
1732529614481 35.7 310
1732529624594 35.7 311
1732529634704 35.7 312
1732529644822 35.7 313
1732529654925 35.6 314
1732529665047 35.7 315
1732529675152 35.6 316
1732529685275 35.7 317
1732529695385 35.7 318
1732529705507 35.7 319
1732529715615 35.7 320
1732529725728 35.6 321
1732529735829 35.6 322
1732529745955 35.6 323
1732529756062 35.6 324
1732529766174 35.7 325
1732529776263 35.7 326
1732529786384 35.7 327
1732529796502 35.7 328
1732529806610 35.7 329
1732529817028 35.7 330
1732529827155 35.6 331
1732529837284 35.7 332
1732529847353 35.7 333
1732529857463 35.6 334
1732529867556 35.7 335
1732529877675 35.7 336
1732529887795 35.7 337
1732529897922 35.7 338
1732529908049 35.7 339
1732529918166 35.7 340
1732529928284 35.7 341
1732529938401 35.6 342
1732529948520 35.6 343
1732529958662 35.6 344
1732529968747 35.6 345
1732529978859 35.7 346
1732529988976 35.7 347
1732529999092 35.6 348
1732530009207 35.7 349
1732530019311 35.6 350
1732530029445 35.7 351
1732530039552 35.7 352
1732530049681 35.7 353
1732530059796 35.7 354
1732530069911 35.7 355
1732530080020 35.7 356
1732530090149 35.7 357
1732530100252 35.7 358
1732530110380 35.7 359
1732530120478 35.7 360
1732530130596 35.7 361
1732530140718 35.7 362
1732530150887 35.7 363
1732530160976 35.7 364
1732530171080 35.7 365
1732530181170 35.6 366
1732530191281 35.6 367
1732530201411 35.6 368
1732530211535 35.7 369
1732530221649 35.7 370
1732530231765 35.7 371
1732530241905 35.7 372
1732530252024 35.7 373
1732530262143 35.6 374
1732530272260 35.6 375
1732530282382 35.7 376
1732530292505 35.6 377
1732530302616 35.7 378
1732530312757 35.7 379
1732530322877 35.7 380
1732530333011 35.7 381
1732530343126 35.7 382
1732530353266 35.7 383
1732530363406 35.7 384
1732530373533 35.6 385
1732530383668 35.6 386
1732530393793 35.7 387
1732530403916 35.7 388
1732530414041 35.7 389
1732530424164 35.7 390
1732530434296 35.7 391
1732530444435 35.6 392
1732530454565 35.7 393
1732530464695 35.7 394
1732530474813 35.7 395
1732530484942 35.7 396
1732530495045 35.6 397
1732530505179 35.7 398
1732530515315 35.6 399
1732530525445 35.6 400
1732530535587 35.6 401
1732530545707 35.6 402
1732530555821 35.7 403
1732530565925 35.7 404
1732530576043 35.7 405
1732530586157 35.7 406
1732530596301 35.7 407
1732530606426 35.6 408
1732530616554 35.7 409
1732530626677 35.7 410
1732530636798 35.7 411
1732530646930 35.7 412
1732530657060 35.7 413
1732530667190 35.7 414
1732530677334 35.7 415
1732530687454 35.7 416
1732530697579 35.6 417
1732530707696 35.6 418
1732530717812 35.6 419
1732530727948 35.6 420
1732530738079 35.6 421
1732530748208 35.7 422
1732530758343 35.7 423
1732530768488 35.7 424
1732530778626 35.7 425
1732530788757 35.7 426
1732530798903 35.7 427
1732530809024 35.7 428
1732530819143 35.6 429
1732530829267 35.7 430
1732530839401 35.7 431
1732530849525 35.6 432
1732530859639 35.6 433
1732530869782 35.3 434
1732530879888 35.4 435
1732530889998 35.4 436
1732530900122 35.4 437
1732530910254 35.4 438
1732530920412 35.4 439
1732530930533 35.4 440
1732530940681 35.5 441
1732530950790 35.4 442
1732530960921 35.4 443
1732530971057 35.5 444
1732530981184 35.5 445
1732530991317 35.4 446
1732531001442 35.4 447
