1732526484975 2490.5 0
1732526495030 5779.1 1
1732526505102 6610.6 2
1732526515175 6604.1 3
1732526525230 6601.2 4
1732526535293 6612.5 5
1732526545358 6609.6 6
1732526555411 9083.2 7
1732526565479 9095.9 8
1732526575551 9092.7 9
1732526585618 9086.5 10
1732526595677 9102.1 11
1732526605747 9102.1 12
1732526615806 9106.4 13
1732526625866 9120.0 14
1732526635936 9124.3 15
1732526645993 9122.7 16
1732526656090 9100.1 17
1732526666171 9090.8 18
1732526676233 9102.9 19
1732526686297 9137.5 20
1732526696376 9147.3 21
1732526706450 9150.5 22
1732526716509 9205.7 23
1732526726585 9128.4 24
1732526736666 9134.5 25
1732526746733 9128.2 26
1732526756817 9130.3 27
1732526766892 9128.6 28
1732526776980 9118.3 29
1732526787049 9098.7 30
1732526797134 9102.9 31
1732526807206 9102.6 32
1732526817274 9102.7 33
1732526827340 9085.3 34
1732526837425 9094.6 35
1732526847505 9021.1 36
1732526857608 9018.4 37
1732526867672 9075.0 38
1732526877746 9068.3 39
1732526887836 9039.6 40
1732526897920 9041.3 41
1732526907994 9136.0 42
1732526918076 9079.4 43
1732526928149 9063.9 44
1732526938225 9075.6 45
1732526948317 9106.3 46
1732526958410 9057.7 47
1732526968503 9083.2 48
1732526978578 9083.6 49
1732526988661 9080.0 50
1732526998738 9086.3 51
1732527008808 9121.8 52
1732527018882 9081.1 53
1732527028956 9091.6 54
1732527039038 9070.9 55
1732527049112 9116.5 56
1732527059198 9118.8 57
1732527069273 9067.1 58
1732527079357 9090.2 59
1732527089431 9086.4 60
1732527099499 9081.2 61
1732527109585 9077.3 62
1732527119671 9061.0 63
1732527129752 9073.0 64
1732527139812 9068.0 65
1732527149877 9076.4 66
1732527159939 9072.1 67
1732527170000 9070.1 68
1732527180096 9074.2 69
1732527190182 9065.8 70
1732527200249 9080.2 71
1732527210339 9087.9 72
1732527220429 9074.2 73
1732527230512 9074.3 74
1732527240604 9085.8 75
1732527250695 9070.0 76
1732527260787 9083.2 77
1732527270854 9107.2 78
1732527280933 9097.6 79
1732527291038 9105.6 80
1732527301110 9132.2 81
1732527311189 9167.2 82
1732527321270 9151.6 83
1732527331354 9074.5 84
1732527341448 9098.8 85
1732527351524 9086.4 86
1732527361615 9087.5 87
1732527371687 9085.9 88
1732527381784 9062.1 89
1732527391867 9057.9 90
1732527401957 9041.3 91
1732527412058 9067.4 92
1732527422155 9058.9 93
1732527432236 9101.7 94
1732527442300 9082.0 95
1732527452366 9092.1 96
1732527462446 9062.1 97
1732527472518 9065.0 98
1732527482602 9073.8 99
1732527492687 9062.5 100
1732527502774 9056.8 101
1732527512883 9062.8 102
1732527522983 9068.8 103
1732527533087 9083.3 104
1732527543184 9094.1 105
1732527553280 9134.6 106
1732527563369 9233.3 107
1732527573448 9239.1 108
1732527583555 9233.2 109
1732527593633 9233.2 110
1732527603734 9233.2 111
1732527613819 9235.3 112
1732527623919 9235.2 113
1732527634014 9235.3 114
1732527644102 9235.3 115
1732527654178 9241.6 116
1732527664280 9233.1 117
1732527674360 9239.0 118
1732527684449 9233.1 119
1732527694514 9239.0 120
1732527704599 9233.1 121
1732527714716 9233.1 122
1732527724794 9233.1 123
1732527734867 9215.8 124
1732527744971 9215.1 125
1732527755064 9209.2 126
1732527765145 9215.7 127
1732527775251 9211.3 128
1732527785349 9217.4 129
1732527795434 9211.3 130
1732527805551 9217.8 131
1732527815643 9211.3 132
1732527825717 9217.2 133
1732527835783 9217.2 134
1732527845857 9211.3 135
1732527855954 9177.5 136
1732527866029 9230.9 137
1732527876128 9224.5 138
1732527886218 9224.5 139
1732527896301 9224.5 140
1732527906388 9224.5 141
1732527916481 9230.4 142
1732527926555 9226.7 143
1732527936633 9233.1 144
1732527946716 9226.7 145
1732527956799 9232.7 146
1732527966880 9199.7 147
1732527976980 9203.9 148
1732527987083 9193.8 149
1732527997176 9198.0 150
1732528007265 9198.1 151
1732528017339 9204.4 152
1732528027432 9198.0 153
1732528037518 9183.1 154
1732528047598 9189.0 155
1732528057681 9188.9 156
1732528067786 9188.9 157
1732528078476 9183.0 158
1732528088569 9188.9 159
1732528098668 9185.1 160
1732528108773 9185.1 161
1732528118870 9185.1 162
1732528128969 9186.3 163
1732528139068 9191.0 164
1732528149148 9192.7 165
1732528159253 9174.1 166
1732528169322 9174.3 167
1732528179418 9168.4 168
1732528189498 9168.2 169
1732528199597 9174.1 170
1732528209690 9174.1 171
1732528219794 9168.2 172
1732528229896 9168.2 173
1732528239996 9168.2 174
1732528250099 9168.2 175
1732528260182 9168.2 176
1732528270283 9168.2 177
1732528280387 9168.2 178
1732528290484 9168.4 179
1732528300573 9168.2 180
1732528310671 9174.1 181
1732528320769 9174.1 182
1732528330852 9174.6 183
1732528340911 9174.6 184
1732528351005 9170.3 185
1732528361111 9170.3 186
1732528371202 9176.2 187
1732528381299 9170.3 188
1732528391404 9176.7 189
1732528401507 9170.3 190
1732528411597 9176.2 191
1732528421715 9170.3 192
1732528431812 9170.5 193
1732528441921 9178.3 194
1732528452013 9172.4 195
1732528462124 9159.8 196
1732528472227 9179.4 197
1732528482304 9181.4 198
1732528492382 9181.4 199
1732528502469 9181.4 200
1732528512555 9181.4 201
1732528522644 9181.4 202
1732528532757 9175.2 203
1732528542868 9181.4 204
1732528552968 9181.4 205
1732528563054 9170.6 206
1732528573142 9175.8 207
1732528583238 9181.4 208
1732528593325 9181.4 209
1732528603422 9181.4 210
1732528613525 9181.4 211
1732528623626 9181.4 212
1732528633737 9169.3 213
1732528643831 9181.4 214
1732528653949 9181.4 215
1732528664037 9181.5 216
1732528674145 9181.9 217
1732528684249 9181.4 218
1732528694344 9175.8 219
1732528704464 9181.4 220
1732528714569 9181.4 221
1732528724672 9181.4 222
1732528734788 9181.5 223
1732528744879 9169.3 224
1732528754983 9181.4 225
1732528765061 9169.3 226
1732528775158 9169.3 227
1732528785256 9181.5 228
1732528795350 9181.4 229
1732528805456 9181.4 230
1732528815558 9181.4 231
1732528825659 9181.4 232
1732528835758 9181.9 233
1732528845867 9181.4 234
1732528855984 9169.3 235
1732528866095 9181.5 236
1732528876187 9169.3 237
1732528886301 9169.3 238
1732528896395 9169.3 239
1732528906494 9169.3 240
1732528916607 9169.3 241
1732528926735 9181.5 242
1732528937246 9181.5 243
1732528947352 9181.4 244
1732528957451 9169.3 245
1732528967550 9169.3 246
1732528977651 9169.3 247
1732528987756 9169.3 248
1732528997851 9181.4 249
1732529007946 9182.6 250
1732529018027 9183.5 251
1732529028130 9184.7 252
1732529038226 9183.5 253
1732529048336 9185.6 254
1732529058454 9185.6 255
1732529068555 9185.6 256
1732529078655 9173.5 257
1732529088759 9173.5 258
1732529098872 9185.6 259
1732529108980 9179.4 260
1732529119084 9173.5 261
1732529129180 9185.6 262
1732529139298 9185.6 263
1732529149393 9185.6 264
1732529159489 9185.6 265
1732529169608 9185.6 266
1732529179716 9179.4 267
1732529189811 9173.5 268
1732529199904 9173.5 269
1732529210002 9173.5 270
1732529220172 9186.1 271
1732529230283 9185.7 272
1732529240388 9185.6 273
1732529250498 9185.6 274
1732529260587 9186.1 275
1732529270703 9185.6 276
1732529280816 9185.6 277
1732529290915 9185.6 278
1732529301033 9185.6 279
1732529311139 9185.6 280
1732529321238 9185.6 281
1732529331363 9187.7 282
1732529341470 9187.7 283
1732529351577 9187.7 284
1732529361683 9187.7 285
1732529371801 9187.7 286
1732529381934 9187.7 287
1732529392034 9187.7 288
1732529402163 9182.1 289
1732529412284 9187.7 290
1732529422381 9175.6 291
1732529432511 9175.6 292
1732529442619 9175.6 293
1732529452728 9187.8 294
1732529462864 9187.7 295
1732529472979 9187.7 296
1732529483103 9187.8 297
1732529493201 9187.7 298
1732529503320 9187.7 299
1732529513429 9175.6 300
1732529523547 9187.8 301
1732529533643 9175.6 302
1732529543763 9175.6 303
1732529553847 9182.1 304
1732529563953 9187.7 305
1732529574035 9187.7 306
1732529584136 9187.7 307
1732529594242 9187.7 308
1732529604350 9187.7 309
1732529614481 9187.7 310
1732529624594 9187.8 311
1732529634704 9187.8 312
1732529644822 9187.7 313
1732529654925 9175.6 314
1732529665047 9187.7 315
1732529675152 9182.1 316
1732529685275 9187.7 317
1732529695385 9187.7 318
1732529705507 9187.7 319
1732529715615 9187.7 320
1732529725728 9175.6 321
1732529735829 9175.6 322
1732529745955 9175.6 323
1732529756062 9175.6 324
1732529766174 9187.7 325
1732529776263 9187.7 326
1732529786384 9187.7 327
1732529796502 9187.7 328
1732529806610 9187.7 329
1732529817028 9188.2 330
1732529827155 9182.1 331
1732529837284 9187.8 332
1732529847353 9187.7 333
1732529857463 9175.6 334
1732529867556 9189.9 335
1732529877675 9190.0 336
1732529887795 9189.9 337
1732529897922 9191.2 338
1732529908049 9191.1 339
1732529918166 9189.9 340
1732529928284 9189.9 341
1732529938401 9177.8 342
1732529948520 9177.8 343
1732529958662 9177.8 344
1732529968747 9179.0 345
1732529978859 9190.4 346
1732529988976 9189.9 347
1732529999092 9184.2 348
1732530009207 9191.9 349
1732530019311 9186.3 350
1732530029445 9191.9 351
1732530039552 9191.9 352
1732530049681 9191.9 353
1732530059796 9191.9 354
1732530069911 9192.1 355
1732530080020 9192.5 356
1732530090149 9192.5 357
1732530100252 9191.9 358
1732530110380 9191.9 359
1732530120478 9191.9 360
1732530130596 9192.1 361
1732530140718 9194.6 362
1732530150887 9191.9 363
1732530160976 9191.9 364
1732530171080 9192.1 365
1732530181170 9179.9 366
1732530191281 9179.9 367
1732530201411 9186.4 368
1732530211535 9192.1 369
1732530221649 9192.5 370
1732530231765 9191.9 371
1732530241905 9191.9 372
1732530252024 9191.9 373
1732530262143 9179.9 374
1732530272260 9179.9 375
1732530282382 9191.9 376
1732530292505 9182.1 377
1732530302616 9191.9 378
1732530312757 9191.9 379
1732530322877 9191.9 380
1732530333011 9191.9 381
1732530343126 9191.9 382
1732530353266 9191.9 383
1732530363406 9191.9 384
1732530373533 9179.9 385
1732530383668 9179.9 386
1732530393793 9191.9 387
1732530403916 9192.5 388
1732530414041 9191.9 389
1732530424164 9191.9 390
1732530434296 9191.9 391
1732530444435 9186.3 392
1732530454565 9192.5 393
1732530464695 9191.9 394
1732530474813 9192.6 395
1732530484942 9192.1 396
1732530495045 9179.9 397
1732530505179 9192.1 398
1732530515315 9179.9 399
1732530525445 9179.9 400
1732530535587 9179.9 401
1732530545707 9179.9 402
1732530555821 9191.9 403
1732530565925 9191.9 404
1732530576043 9191.9 405
1732530586157 9191.9 406
1732530596301 9192.5 407
1732530606426 9182.0 408
1732530616554 9194.6 409
1732530626677 9194.0 410
1732530636798 9194.0 411
1732530646930 9196.1 412
1732530657060 9196.1 413
1732530667190 9196.1 414
1732530677334 9196.1 415
1732530687454 9196.1 416
1732530697579 9184.1 417
1732530707696 9184.1 418
1732530717812 9184.1 419
1732530727948 9184.1 420
1732530738079 9184.1 421
1732530748208 9196.7 422
1732530758343 9196.1 423
1732530768488 9196.1 424
1732530778626 9196.3 425
1732530788757 9196.3 426
1732530798903 9196.1 427
1732530809024 9196.7 428
1732530819143 9184.1 429
1732530829267 9196.7 430
1732530839401 9196.1 431
1732530849525 9184.1 432
1732530859639 9184.2 433
1732530869782 9102.8 434
1732530879888 9133.8 435
1732530889998 9133.4 436
1732530900122 9119.9 437
1732530910254 9120.9 438
1732530920412 9113.7 439
1732530930533 9113.7 440
1732530940681 9141.4 441
1732530950790 9124.7 442
1732530960921 9129.8 443
1732530971057 9159.1 444
1732530981184 9152.2 445
1732530991317 9121.8 446
1732531001442 9117.3 447
