1732526484975 21.8 0
1732526495030 28.9 1
1732526505102 47.2 2
1732526515175 45.9 3
1732526525230 46.2 4
1732526535293 43.2 5
1732526545358 28.9 6
1732526555411 33.0 7
1732526565479 43.7 8
1732526575551 35.0 9
1732526585618 48.5 10
1732526595677 49.0 11
1732526605747 49.9 12
1732526615806 30.8 13
1732526625866 40.4 14
1732526635936 30.7 15
1732526645993 30.8 16
1732526656090 48.4 17
1732526666171 43.4 18
1732526676233 32.4 19
1732526686297 42.4 20
1732526696376 33.4 21
1732526706450 52.9 22
1732526716509 44.6 23
1732526726585 52.3 24
1732526736666 38.7 25
1732526746733 52.6 26
1732526756817 35.8 27
1732526766892 33.4 28
1732526776980 50.5 29
1732526787049 51.4 30
1732526797134 50.5 31
1732526807206 32.8 32
1732526817274 52.1 33
1732526827340 32.2 34
1732526837425 31.8 35
1732526847505 42.7 36
1732526857608 49.0 37
1732526867672 48.6 38
1732526877746 50.3 39
1732526887836 49.8 40
1732526897920 31.9 41
1732526907994 50.5 42
1732526918076 51.3 43
1732526928149 51.6 44
1732526938225 32.9 45
1732526948317 31.9 46
1732526958410 31.8 47
1732526968503 52.0 48
1732526978578 39.6 49
1732526988661 44.5 50
1732526998738 50.6 51
1732527008808 51.4 52
1732527018882 51.5 53
1732527028956 31.6 54
1732527039038 51.1 55
1732527049112 32.7 56
1732527059198 32.2 57
1732527069273 50.9 58
1732527079357 52.2 59
1732527089431 43.0 60
1732527099499 50.3 61
1732527109585 45.8 62
1732527119671 36.6 63
1732527129752 48.4 64
1732527139812 51.2 65
1732527149877 51.4 66
1732527159939 50.8 67
1732527170000 53.1 68
1732527180096 33.6 69
1732527190182 50.5 70
1732527200249 49.7 71
1732527210339 35.7 72
1732527220429 51.5 73
1732527230512 51.5 74
1732527240604 52.0 75
1732527250695 32.4 76
1732527260787 51.8 77
1732527270854 52.4 78
1732527280933 52.8 79
1732527291038 52.4 80
1732527301110 32.9 81
1732527311189 33.5 82
1732527321270 36.7 83
1732527331354 51.4 84
1732527341448 32.2 85
1732527351524 52.3 86
1732527361615 36.8 87
1732527371687 40.5 88
1732527381784 32.6 89
1732527391867 51.7 90
1732527401957 51.2 91
1732527412058 32.3 92
1732527422155 48.6 93
1732527432236 49.1 94
1732527442300 46.6 95
1732527452366 31.8 96
1732527462446 51.3 97
1732527472518 48.9 98
1732527482602 31.5 99
1732527492687 31.3 100
1732527502774 43.3 101
1732527512883 36.2 102
1732527522983 49.2 103
1732527533087 39.4 104
1732527543184 50.5 105
1732527553280 36.9 106
1732527563369 40.8 107
1732527573448 31.6 108
1732527583555 40.8 109
1732527593633 46.8 110
1732527603734 41.0 111
1732527613819 41.8 112
1732527623919 40.1 113
1732527634014 39.9 114
1732527644102 31.5 115
1732527654178 31.4 116
1732527664280 39.0 117
1732527674360 31.4 118
1732527684449 41.7 119
1732527694514 31.0 120
1732527704599 41.5 121
1732527714716 31.4 122
1732527724794 45.1 123
1732527734867 34.3 124
1732527744971 30.8 125
1732527755064 41.9 126
1732527765145 35.5 127
1732527775251 38.4 128
1732527785349 31.1 129
1732527795434 39.3 130
1732527805551 37.1 131
1732527815643 51.5 132
1732527825717 30.8 133
1732527835783 30.8 134
1732527845857 50.8 135
1732527855954 31.4 136
1732527866029 42.6 137
1732527876128 49.9 138
1732527886218 44.1 139
1732527896301 39.6 140
1732527906388 50.8 141
1732527916481 30.9 142
1732527926555 30.8 143
1732527936633 33.2 144
1732527946716 49.2 145
1732527956799 31.2 146
1732527966880 30.7 147
1732527976980 30.8 148
1732527987083 41.2 149
1732527997176 49.0 150
1732528007265 49.8 151
1732528017339 32.4 152
1732528027432 39.0 153
1732528037518 39.7 154
1732528047598 31.0 155
1732528057681 30.7 156
1732528067786 30.6 157
1732528078476 39.3 158
1732528088569 33.6 159
1732528098668 50.3 160
1732528108773 50.2 161
1732528118870 38.9 162
1732528128969 48.6 163
1732528139068 31.3 164
1732528149148 40.2 165
1732528159253 31.2 166
1732528169322 35.2 167
1732528179418 51.5 168
1732528189498 40.1 169
1732528199597 30.9 170
1732528209690 30.7 171
1732528219794 48.9 172
1732528229896 31.2 173
1732528239996 45.7 174
1732528250099 39.6 175
1732528260182 38.3 176
1732528270283 30.6 177
1732528280387 38.6 178
1732528290484 49.8 179
1732528300573 31.2 180
1732528310671 34.6 181
1732528320769 30.9 182
1732528330852 36.4 183
1732528340911 42.2 184
1732528351005 50.4 185
1732528361111 51.2 186
1732528371202 30.9 187
1732528381299 31.1 188
1732528391404 32.3 189
1732528401507 38.3 190
1732528411597 30.7 191
1732528421715 42.5 192
1732528431812 39.2 193
1732528441921 31.2 194
1732528452013 49.4 195
1732528462124 40.0 196
1732528472227 37.8 197
1732528482304 46.0 198
1732528492382 47.5 199
1732528502469 39.4 200
1732528512555 30.9 201
1732528522644 30.4 202
1732528532757 39.1 203
1732528542868 39.7 204
1732528552968 51.6 205
1732528563054 46.1 206
1732528573142 33.6 207
1732528583238 30.4 208
1732528593325 30.0 209
1732528603422 39.3 210
1732528613525 30.0 211
1732528623626 37.8 212
1732528633737 38.8 213
1732528643831 38.1 214
1732528653949 33.3 215
1732528664037 30.9 216
1732528674145 29.9 217
1732528684249 40.0 218
1732528694344 30.1 219
1732528704464 36.4 220
1732528714569 30.0 221
1732528724672 30.0 222
1732528734788 44.0 223
1732528744879 38.4 224
1732528754983 38.3 225
1732528765061 32.5 226
1732528775158 48.9 227
1732528785256 29.8 228
1732528795350 38.8 229
1732528805456 30.2 230
1732528815558 39.6 231
1732528825659 29.8 232
1732528835758 29.7 233
1732528845867 49.3 234
1732528855984 49.7 235
1732528866095 30.1 236
1732528876187 30.4 237
1732528886301 48.8 238
1732528896395 29.7 239
1732528906494 45.4 240
1732528916607 39.4 241
1732528926735 35.4 242
1732528937246 38.5 243
1732528947352 29.8 244
1732528957451 39.6 245
1732528967550 51.2 246
1732528977651 33.8 247
1732528987756 31.5 248
1732528997851 38.4 249
1732529007946 38.7 250
1732529018027 30.3 251
1732529028130 38.8 252
1732529038226 41.0 253
1732529048336 48.0 254
1732529058454 47.0 255
1732529068555 31.9 256
1732529078655 42.6 257
1732529088759 32.3 258
1732529098872 31.3 259
1732529108980 39.7 260
1732529119084 40.4 261
1732529129180 41.2 262
1732529139298 42.7 263
1732529149393 36.7 264
1732529159489 37.1 265
1732529169608 32.2 266
1732529179716 38.0 267
1732529189811 29.9 268
1732529199904 44.1 269
1732529210002 49.3 270
1732529220172 29.9 271
1732529230283 30.8 272
1732529240388 43.7 273
1732529250498 37.2 274
1732529260587 35.0 275
1732529270703 45.0 276
1732529280816 41.2 277
1732529290915 31.6 278
1732529301033 38.0 279
1732529311139 39.9 280
1732529321238 40.3 281
1732529331363 39.1 282
1732529341470 38.9 283
1732529351577 37.9 284
1732529361683 41.6 285
1732529371801 47.6 286
1732529381934 39.4 287
1732529392034 38.5 288
1732529402163 29.9 289
1732529412284 44.3 290
1732529422381 38.2 291
1732529432511 35.0 292
1732529442619 37.7 293
1732529452728 38.8 294
1732529462864 37.6 295
1732529472979 42.2 296
1732529483103 37.8 297
1732529493201 30.4 298
1732529503320 44.8 299
1732529513429 30.0 300
1732529523547 43.4 301
1732529533643 38.3 302
1732529543763 29.7 303
1732529553847 29.6 304
1732529563953 38.6 305
1732529574035 30.2 306
1732529584136 37.8 307
1732529594242 39.5 308
1732529604350 29.8 309
1732529614481 38.3 310
1732529624594 40.4 311
1732529634704 30.3 312
1732529644822 29.7 313
1732529654925 49.6 314
1732529665047 38.4 315
1732529675152 29.8 316
1732529685275 37.8 317
1732529695385 30.3 318
1732529705507 29.8 319
1732529715615 38.4 320
1732529725728 40.2 321
1732529735829 29.8 322
1732529745955 51.1 323
1732529756062 29.9 324
1732529766174 30.3 325
1732529776263 29.8 326
1732529786384 42.4 327
1732529796502 38.9 328
1732529806610 45.6 329
1732529817028 29.8 330
1732529827155 29.8 331
1732529837284 34.0 332
1732529847353 45.3 333
1732529857463 45.3 334
1732529867556 47.7 335
1732529877675 47.6 336
1732529887795 39.3 337
1732529897922 30.4 338
1732529908049 38.5 339
1732529918166 38.3 340
1732529928284 38.2 341
1732529938401 43.2 342
1732529948520 29.8 343
1732529958662 30.0 344
1732529968747 43.4 345
1732529978859 36.0 346
1732529988976 39.0 347
1732529999092 30.2 348
1732530009207 40.4 349
1732530019311 30.0 350
1732530029445 30.4 351
1732530039552 38.4 352
1732530049681 29.9 353
1732530059796 37.6 354
1732530069911 38.0 355
1732530080020 29.9 356
1732530090149 30.4 357
1732530100252 46.6 358
1732530110380 29.8 359
1732530120478 29.8 360
1732530130596 29.8 361
1732530140718 42.8 362
1732530150887 37.7 363
1732530160976 30.3 364
1732530171080 34.0 365
1732530181170 29.6 366
1732530191281 39.6 367
1732530201411 30.0 368
1732530211535 38.6 369
1732530221649 30.6 370
1732530231765 29.9 371
1732530241905 30.5 372
1732530252024 49.6 373
1732530262143 50.7 374
1732530272260 36.2 375
1732530282382 30.0 376
1732530292505 30.0 377
1732530302616 37.7 378
1732530312757 42.4 379
1732530322877 38.4 380
1732530333011 33.4 381
1732530343126 48.0 382
1732530353266 30.1 383
1732530363406 48.1 384
1732530373533 38.6 385
1732530383668 30.0 386
1732530393793 42.2 387
1732530403916 35.0 388
1732530414041 37.9 389
1732530424164 30.5 390
1732530434296 37.9 391
1732530444435 30.1 392
1732530454565 33.6 393
1732530464695 50.8 394
1732530474813 30.1 395
1732530484942 30.6 396
1732530495045 38.8 397
1732530505179 37.0 398
1732530515315 40.1 399
1732530525445 37.7 400
1732530535587 38.8 401
1732530545707 30.5 402
1732530555821 29.9 403
1732530565925 36.1 404
1732530576043 50.0 405
1732530586157 38.8 406
1732530596301 30.0 407
1732530606426 46.2 408
1732530616554 30.5 409
1732530626677 44.3 410
1732530636798 30.0 411
1732530646930 30.0 412
1732530657060 39.1 413
1732530667190 44.9 414
1732530677334 45.2 415
1732530687454 30.5 416
1732530697579 30.0 417
1732530707696 48.6 418
1732530717812 30.1 419
1732530727948 33.6 420
1732530738079 48.7 421
1732530748208 30.6 422
1732530758343 38.7 423
1732530768488 48.3 424
1732530778626 38.7 425
1732530788757 30.0 426
1732530798903 39.3 427
1732530809024 30.7 428
1732530819143 38.8 429
1732530829267 29.9 430
1732530839401 29.8 431
1732530849525 39.6 432
1732530859639 37.4 433
1732530869782 30.6 434
1732530879888 31.0 435
1732530889998 50.6 436
1732530900122 36.3 437
1732530910254 31.4 438
1732530920412 47.1 439
1732530930533 40.6 440
1732530940681 31.5 441
1732530950790 51.4 442
1732530960921 40.4 443
1732530971057 48.8 444
1732530981184 32.6 445
1732530991317 47.9 446
1732531001442 40.7 447
