1732526484975 0.00034600000000040154 0
1732526495030 0.02269900000000291 1
1732526505102 0.03299400000000219 2
1732526515175 0.060335000000002026 3
1732526525230 0.1594920000000002 4
1732526535293 0.3414660000000005 5
1732526545358 0.3578670000000024 6
1732526555411 0.3836900000000014 7
1732526565479 0.47937900000000155 8
1732526575551 0.5187920000000013 9
1732526585618 0.5507100000000023 10
1732526595677 0.5948060000000019 11
1732526605747 0.6265080000000012 12
1732526615806 0.696942 13
1732526625866 0.705720000000003 14
1732526635936 0.8323460000000011 15
1732526645993 0.8402650000000023 16
1732526656090 0.8949460000000009 17
1732526666171 1.0664160000000003 18
1732526676233 1.2201260000000005 19
1732526686297 1.308531000000002 20
1732526696376 1.416798 21
1732526706450 1.527984 22
1732526716509 1.622001000000001 23
1732526726585 1.7225910000000013 24
1732526736666 1.7307769999999998 25
1732526746733 1.742356000000001 26
1732526756817 1.7671370000000017 27
1732526766892 1.7800600000000024 28
1732526776980 1.8943930000000009 29
1732526787049 1.9164860000000026 30
1732526797134 1.9320890000000013 31
1732526807206 1.9452560000000005 32
1732526817274 1.9590880000000013 33
1732526827340 1.9666250000000005 34
1732526837425 2.0730010000000014 35
1732526847505 2.0985960000000006 36
1732526857608 2.112521000000001 37
1732526867672 2.165439000000003 38
1732526877746 2.2106090000000016 39
1732526887836 2.229502 40
1732526897920 2.237966 41
1732526907994 2.3428900000000006 42
1732526918076 2.4135870000000033 43
1732526928149 2.469532000000001 44
1732526938225 2.5206680000000006 45
1732526948317 2.5805050000000023 46
1732526958410 2.6343110000000003 47
1732526968503 2.6905980000000014 48
1732526978578 2.7292780000000008 49
1732526988661 2.8030420000000014 50
1732526998738 2.824581000000002 51
1732527008808 2.989340000000002 52
1732527018882 2.997009000000002 53
1732527028956 3.0160320000000027 54
1732527039038 3.181174000000002 55
1732527049112 3.265054000000003 56
1732527059198 3.3688600000000015 57
1732527069273 3.401135 58
1732527079357 3.474305000000001 59
1732527089431 3.4951860000000003 60
1732527099499 3.616772000000001 61
1732527109585 3.6255570000000006 62
1732527119671 3.7162690000000005 63
1732527129752 3.753273 64
1732527139812 3.7747600000000006 65
1732527149877 3.8745460000000023 66
1732527159939 3.882306 67
1732527170000 3.9684939999999997 68
1732527180096 3.984530000000003 69
1732527190182 3.995706000000002 70
1732527200249 4.094414 71
1732527210339 4.109782000000003 72
1732527220429 4.171154000000001 73
1732527230512 4.226403000000001 74
1732527240604 4.234216 75
1732527250695 4.335961000000001 76
1732527260787 4.353195000000003 77
1732527270854 4.495621 78
1732527280933 4.618607000000001 79
1732527291038 4.707998 80
1732527301110 4.899718 81
1732527311189 5.165452000000002 82
1732527321270 5.371974000000002 83
1732527331354 5.411768000000002 84
1732527341448 5.439910000000001 85
1732527351524 5.490377000000002 86
1732527361615 5.534518000000002 87
1732527371687 5.554256000000002 88
1732527381784 5.569105 89
1732527391867 5.578613000000001 90
1732527401957 5.590744000000001 91
1732527412058 5.598241000000002 92
1732527422155 5.624867000000002 93
1732527432236 5.656036 94
1732527442300 5.668339000000003 95
1732527452366 5.683092000000002 96
1732527462446 5.716045000000001 97
1732527472518 5.730611000000003 98
1732527482602 5.762749000000003 99
1732527492687 5.771581000000001 100
1732527502774 5.790863000000002 101
1732527512883 5.800146000000002 102
1732527522983 5.824841000000003 103
1732527533087 5.840539000000003 104
1732527543184 5.856368 105
1732527553280 5.909516 106
1732527563369 6.080392 107
1732527573448 6.087987000000002 108
1732527583555 6.104761 109
1732527593633 6.112238000000001 110
1732527603734 6.125772000000001 111
1732527613819 6.1332640000000005 112
1732527623919 6.149118000000001 113
1732527634014 6.156811000000001 114
1732527644102 6.163857 115
1732527654178 6.191567000000003 116
1732527664280 6.202234000000001 117
1732527674360 6.214901000000001 118
1732527684449 6.222744000000002 119
1732527694514 6.230378000000002 120
1732527704599 6.236936 121
1732527714716 6.250425 122
1732527724794 6.2571210000000015 123
1732527734867 6.2779430000000005 124
1732527744971 6.289631 125
1732527755064 6.296315 126
1732527765145 6.303388000000002 127
1732527775251 6.311121 128
1732527785349 6.318038000000001 129
1732527795434 6.337137000000002 130
1732527805551 6.344560000000001 131
1732527815643 6.356712000000002 132
1732527825717 6.369950000000003 133
1732527835783 6.377221000000002 134
1732527845857 6.388676 135
1732527855954 6.396166000000001 136
1732527866029 6.407855000000001 137
1732527876128 6.414227 138
1732527886218 6.422112000000002 139
1732527896301 6.433441000000002 140
1732527906388 6.440261000000003 141
1732527916481 6.461437 142
1732527926555 6.469154000000003 143
1732527936633 6.481201000000002 144
1732527946716 6.488656000000002 145
1732527956799 6.511003000000002 146
1732527966880 6.52946 147
1732527976980 6.538823000000001 148
1732527987083 6.549616 149
1732527997176 6.557143 150
1732528007265 6.564488000000001 151
1732528017339 6.585422000000001 152
1732528027432 6.593603000000002 153
1732528037518 6.61092 154
1732528047598 6.690736000000001 155
1732528057681 6.705075000000001 156
1732528067786 6.712721000000002 157
1732528078476 6.719119000000003 158
1732528088569 6.732444000000001 159
1732528098668 6.7391000000000005 160
1732528108773 6.750968 161
1732528118870 6.757973 162
1732528128969 6.772295000000003 163
1732528139068 6.780754000000002 164
1732528149148 6.78801 165
1732528159253 6.806044 166
1732528169322 6.813803 167
1732528179418 6.826146000000001 168
1732528189498 6.833193000000001 169
1732528199597 6.845964000000002 170
1732528209690 6.860469000000002 171
1732528219794 6.868516000000003 172
1732528229896 6.878802 173
1732528239996 6.886407000000002 174
1732528250099 6.894348000000001 175
1732528260182 6.916093 176
1732528270283 6.923164 177
1732528280387 6.946169000000001 178
1732528290484 6.953866000000001 179
1732528300573 6.965017000000003 180
1732528310671 6.97325 181
1732528320769 6.991213000000002 182
1732528330852 6.9988160000000015 183
1732528340911 7.021354000000002 184
1732528351005 7.030546000000001 185
1732528361111 7.043259000000003 186
1732528371202 7.051100000000002 187
1732528381299 7.0576560000000015 188
1732528391404 7.065277000000002 189
1732528401507 7.083958000000003 190
1732528411597 7.091229000000002 191
1732528421715 7.098718000000002 192
1732528431812 7.105722 193
1732528441921 7.117406000000003 194
1732528452013 7.124574000000003 195
1732528462124 7.145298 196
1732528472227 7.155615000000001 197
1732528482304 7.1629400000000025 198
1732528492382 7.170409000000003 199
1732528502469 7.177577000000003 200
1732528512555 7.1899010000000025 201
1732528522644 7.210097000000001 202
1732528532757 7.216753000000001 203
1732528542868 7.229325000000003 204
1732528552968 7.247380000000003 205
1732528563054 7.266715000000001 206
1732528573142 7.274100000000001 207
1732528583238 7.283498000000002 208
1732528593325 7.29682 209
1732528603422 7.304321000000002 210
1732528613525 7.311742000000002 211
1732528623626 7.329436000000001 212
1732528633737 7.336204000000002 213
1732528643831 7.355378000000002 214
1732528653949 7.362907 215
1732528664037 7.374169000000002 216
1732528674145 7.386459000000002 217
1732528684249 7.398001000000001 218
1732528694344 7.404696000000001 219
1732528704464 7.416069 220
1732528714569 7.423658000000003 221
1732528724672 7.430596000000001 222
1732528734788 7.437609000000002 223
1732528744879 7.4493860000000005 224
1732528754983 7.467187000000003 225
1732528765061 7.474608 226
1732528775158 7.481311000000002 227
1732528785256 7.493909000000002 228
1732528795350 7.501576 229
1732528805456 7.512897000000002 230
1732528815558 7.520090000000003 231
1732528825659 7.536250000000003 232
1732528835758 7.543415000000003 233
1732528845867 7.550527000000002 234
1732528855984 7.574941000000003 235
1732528866095 7.582012000000002 236
1732528876187 7.601975000000003 237
1732528886301 7.609065000000001 238
1732528896395 7.62218 239
1732528906494 7.634976000000002 240
1732528916607 7.646618 241
1732528926735 7.659236 242
1732528937246 7.676511000000001 243
1732528947352 7.687362 244
1732528957451 7.694422000000003 245
1732528967550 7.7010400000000025 246
1732528977651 7.712861 247
1732528987756 7.721363 248
1732528997851 7.739143000000002 249
1732529007946 7.746075000000001 250
1732529018027 7.758291 251
1732529028130 7.765081000000002 252
1732529038226 7.777104000000001 253
1732529048336 7.786308000000002 254
1732529058454 7.798477000000002 255
1732529068555 7.809684000000001 256
1732529078655 7.816348000000001 257
1732529088759 7.822700000000001 258
1732529098872 7.832105000000002 259
1732529108980 7.838757000000001 260
1732529119084 7.855324000000003 261
1732529129180 7.862955000000003 262
1732529139298 7.879452000000001 263
1732529149393 7.887295000000002 264
1732529159489 7.912899000000003 265
1732529169608 7.919902 266
1732529179716 7.927439000000003 267
1732529189811 7.938372000000001 268
1732529199904 7.945443000000001 269
1732529210002 7.955026 270
1732529220172 7.971648000000002 271
1732529230283 7.978440000000003 272
1732529240388 7.995137000000003 273
1732529250498 8.002588000000003 274
1732529260587 8.016355 275
1732529270703 8.024271000000002 276
1732529280816 8.035251000000002 277
1732529290915 8.046692 278
1732529301033 8.058810000000001 279
1732529311139 8.069693000000001 280
1732529321238 8.077576 281
1732529331363 8.08491 282
1732529341470 8.091288000000002 283
1732529351577 8.099484 284
1732529361683 8.117455000000003 285
1732529371801 8.129715000000001 286
1732529381934 8.142335000000003 287
1732529392034 8.148932000000002 288
1732529402163 8.161302000000003 289
1732529412284 8.168927 290
1732529422381 8.17828 291
1732529432511 8.186881000000003 292
1732529442619 8.193433000000002 293
1732529452728 8.207624000000003 294
1732529462864 8.233468000000002 295
1732529472979 8.240764000000002 296
1732529483103 8.258038000000003 297
1732529493201 8.264938 298
1732529503320 8.277412000000002 299
1732529513429 8.285684 300
1732529523547 8.306655000000003 301
1732529533643 8.312895000000001 302
1732529543763 8.332223000000003 303
1732529553847 8.339941000000003 304
1732529563953 8.346948000000001 305
1732529574035 8.354220000000002 306
1732529584136 8.360942000000001 307
1732529594242 8.367983000000002 308
1732529604350 8.391567000000002 309
1732529614481 8.398952000000001 310
1732529624594 8.413038 311
1732529634704 8.420069000000002 312
1732529644822 8.431651000000002 313
1732529654925 8.439223000000002 314
1732529665047 8.450706 315
1732529675152 8.457894000000003 316
1732529685275 8.476362000000002 317
1732529695385 8.483436000000001 318
1732529705507 8.490953000000001 319
1732529715615 8.509426000000001 320
1732529725728 8.516636000000002 321
1732529735829 8.525121000000002 322
1732529745955 8.537948 323
1732529756062 8.558834000000001 324
1732529766174 8.588423000000002 325
1732529776263 8.595806000000003 326
1732529786384 8.645157000000001 327
1732529796502 8.652195000000003 328
1732529806610 8.659699 329
1732529817028 8.688374000000003 330
1732529827155 8.709337000000001 331
1732529837284 8.732280000000003 332
1732529847353 8.767318000000003 333
1732529857463 8.778295 334
1732529867556 8.786160000000002 335
1732529877675 8.794109000000002 336
1732529887795 8.806609000000002 337
1732529897922 8.813359000000002 338
1732529908049 8.824485000000003 339
1732529918166 8.836527 340
1732529928284 8.844136000000002 341
1732529938401 8.851719000000003 342
1732529948520 8.858936 343
1732529958662 8.879019000000003 344
1732529968747 8.885924000000003 345
1732529978859 8.897984000000001 346
1732529988976 8.910258000000002 347
1732529999092 8.922348000000003 348
1732530009207 8.929211000000002 349
1732530019311 8.937090000000001 350
1732530029445 8.947074 351
1732530039552 8.954598 352
1732530049681 8.961950000000002 353
1732530059796 8.982459000000002 354
1732530069911 9.002192 355
1732530080020 9.020320000000002 356
1732530090149 9.026431000000002 357
1732530100252 9.038924000000002 358
1732530110380 9.046237000000001 359
1732530120478 9.063171 360
1732530130596 9.071935 361
1732530140718 9.087104 362
1732530150887 9.105116000000002 363
1732530160976 9.111564000000001 364
1732530171080 9.118508000000002 365
1732530181170 9.126387000000001 366
1732530191281 9.133729000000002 367
1732530201411 9.15306 368
1732530211535 9.160369000000003 369
1732530221649 9.172941000000002 370
1732530231765 9.187795000000001 371
1732530241905 9.200938 372
1732530252024 9.207493000000003 373
1732530262143 9.215859000000002 374
1732530272260 9.225596000000003 375
1732530282382 9.233416000000002 376
1732530292505 9.241022000000001 377
1732530302616 9.253272000000003 378
1732530312757 9.259742000000003 379
1732530322877 9.276658000000001 380
1732530333011 9.284421000000002 381
1732530343126 9.296403000000002 382
1732530353266 9.304442000000002 383
1732530363406 9.333213 384
1732530373533 9.340245000000003 385
1732530383668 9.355899 386
1732530393793 9.362451 387
1732530403916 9.370598000000001 388
1732530414041 9.378555000000002 389
1732530424164 9.391449000000001 390
1732530434296 9.39911 391
1732530444435 9.417319000000003 392
1732530454565 9.425260000000002 393
1732530464695 9.441445000000002 394
1732530474813 9.448792000000001 395
1732530484942 9.4602 396
1732530495045 9.467130000000001 397
1732530505179 9.478732 398
1732530515315 9.486997000000002 399
1732530525445 9.494001 400
1732530535587 9.504910000000002 401
1732530545707 9.512103 402
1732530555821 9.531201000000003 403
1732530565925 9.539225000000002 404
1732530576043 9.545843000000001 405
1732530586157 9.557965000000003 406
1732530596301 9.565532000000001 407
1732530606426 9.578334000000002 408
1732530616554 9.589573000000001 409
1732530626677 9.600092 410
1732530636798 9.607789 411
1732530646930 9.615630000000003 412
1732530657060 9.630074 413
1732530667190 9.644143000000003 414
1732530677334 9.662844 415
1732530687454 9.674374 416
1732530697579 9.688666000000001 417
1732530707696 9.695729 418
1732530717812 9.708581000000002 419
1732530727948 9.720649000000002 420
1732530738079 9.727861 421
1732530748208 9.745191000000002 422
1732530758343 9.751875000000002 423
1732530768488 9.763406 424
1732530778626 9.770732000000002 425
1732530788757 9.779239 426
1732530798903 9.796948 427
1732530809024 9.803492000000002 428
1732530819143 9.815437000000003 429
1732530829267 9.822672 430
1732530839401 9.834843000000003 431
1732530849525 9.84646 432
1732530859639 9.854306000000001 433
1732530869782 9.865571000000003 434
1732530879888 10.195811000000003 435
1732530889998 10.363323000000001 436
1732530900122 10.372637000000001 437
1732530910254 10.397988000000002 438
1732530920412 10.420852 439
1732530930533 10.432370000000002 440
1732530940681 10.454148 441
1732530950790 10.461548 442
1732530960921 10.490238000000002 443
1732530971057 10.499963000000001 444
1732530981184 10.512057000000002 445
1732530991317 10.578220000000002 446
1732531001442 10.590374 447
