1732526484975 0.00034600000000040154 0
1732526495030 0.027218000000001297 1
1732526505102 0.038745999999999725 2
1732526515175 0.10439500000000024 3
1732526525230 0.22378499999999946 4
1732526535293 5.1390519999999995 5
1732526545358 5.152366999999998 6
1732526555411 5.882846999999998 7
1732526565479 9.307954000000002 8
1732526575551 10.715159 9
1732526585618 11.910460999999998 10
1732526595677 13.765014 11
1732526605747 15.034148000000002 12
1732526615806 16.353695000000002 13
1732526625866 16.362892000000002 14
1732526635936 19.039194000000002 15
1732526645993 19.046431 16
1732526656090 20.288986 17
1732526666171 27.911067000000003 18
1732526676233 32.841698 19
1732526686297 37.825858999999994 20
1732526696376 40.664349 21
1732526706450 44.252267 22
1732526716509 47.371533 23
1732526726585 53.537231000000006 24
1732526736666 53.545086 25
1732526746733 53.55474100000001 26
1732526756817 53.589015 27
1732526766892 53.604169 28
1732526776980 60.98066300000001 29
1732526787049 61.006789999999995 30
1732526797134 61.042647 31
1732526807206 61.060413 32
1732526817274 61.124545999999995 33
1732526827340 61.1396 34
1732526837425 64.035589 35
1732526847505 65.085294 36
1732526857608 65.096675 37
1732526867672 66.52636 38
1732526877746 67.724356 39
1732526887836 67.745256 40
1732526897920 67.77549 41
1732526907994 72.86090300000001 42
1732526918076 78.672972 43
1732526928149 82.654866 44
1732526938225 86.47648 45
1732526948317 89.410898 46
1732526958410 92.584628 47
1732526968503 97.136193 48
1732526978578 97.153582 49
1732526988661 102.81043400000001 50
1732526998738 104.16244 51
1732527008808 114.35461900000001 52
1732527018882 114.36170100000001 53
1732527028956 114.374864 54
1732527039038 132.456837 55
1732527049112 138.052282 56
1732527059198 147.367037 57
1732527069273 149.40705 58
1732527079357 157.98984000000002 59
1732527089431 158.023445 60
1732527099499 170.271358 61
1732527109585 170.279565 62
1732527119671 178.660644 63
1732527129752 182.31223500000002 64
1732527139812 182.328969 65
1732527149877 192.329187 66
1732527159939 192.3363 67
1732527170000 201.978492 68
1732527180096 201.991805 69
1732527190182 202.007606 70
1732527200249 212.674491 71
1732527210339 212.685858 72
1732527220429 218.349372 73
1732527230512 224.031313 74
1732527240604 224.0399 75
1732527250695 235.434618 76
1732527260787 235.44943999999998 77
1732527270854 247.23764899999998 78
1732527280933 260.269755 79
1732527291038 269.084711 80
1732527301110 287.435599 81
1732527311189 316.872818 82
1732527321270 330.849919 83
1732527331354 333.467291 84
1732527341448 334.313293 85
1732527351524 336.014512 86
1732527361615 337.670329 87
1732527371687 338.345615 88
1732527381784 338.356031 89
1732527391867 338.363364 90
1732527401957 338.373981 91
1732527412058 338.381821 92
1732527422155 338.459865 93
1732527432236 338.565694 94
1732527442300 338.576321 95
1732527452366 338.623219 96
1732527462446 338.665975 97
1732527472518 338.696265 98
1732527482602 338.739926 99
1732527492687 338.759814 100
1732527502774 338.779132 101
1732527512883 338.786958 102
1732527522983 338.852307 103
1732527533087 338.932786 104
1732527543184 338.95983 105
1732527553280 339.235863 106
1732527563369 339.39354 107
1732527573448 339.401648 108
1732527583555 339.43723 109
1732527593633 339.454238 110
1732527603734 339.466382 111
1732527613819 339.474599 112
1732527623919 339.491645 113
1732527634014 339.500204 114
1732527644102 339.51376 115
1732527654178 339.547588 116
1732527664280 339.562609 117
1732527674360 339.573712 118
1732527684449 339.582171 119
1732527694514 339.59056400000003 120
1732527704599 339.597546 121
1732527714716 339.661502 122
1732527724794 339.668672 123
1732527734867 339.695213 124
1732527744971 339.703927 125
1732527755064 339.711108 126
1732527765145 339.718481 127
1732527775251 339.726634 128
1732527785349 339.733972 129
1732527795434 339.75102400000003 130
1732527805551 339.758807 131
1732527815643 339.775121 132
1732527825717 339.786533 133
1732527835783 339.79409 134
1732527845857 339.805678 135
1732527855954 339.815419 136
1732527866029 339.824122 137
1732527876128 339.830893 138
1732527886218 339.839444 139
1732527896301 339.85524 140
1732527906388 339.862491 141
1732527916481 339.880025 142
1732527926555 339.888034 143
1732527936633 339.899132 144
1732527946716 339.906978 145
1732527956799 339.93526 146
1732527966880 339.955912 147
1732527976980 339.971483 148
1732527987083 339.979391 149
1732527997176 339.987218 150
1732528007265 339.99492300000003 151
1732528017339 340.085821 152
1732528027432 340.094165 153
1732528037518 340.108964 154
1732528047598 340.154863 155
1732528057681 340.166034 156
1732528067786 340.174031 157
1732528078476 340.180757 158
1732528088569 340.192533 159
1732528098668 340.199546 160
1732528108773 340.208376 161
1732528118870 340.215741 162
1732528128969 340.234466 163
1732528139068 340.242871 164
1732528149148 340.250542 165
1732528159253 340.267194 166
1732528169322 340.275361 167
1732528179418 340.285268 168
1732528189498 340.292598 169
1732528199597 340.304369 170
1732528209690 340.323141 171
1732528219794 340.331548 172
1732528229896 340.338836 173
1732528239996 340.34567 174
1732528250099 340.354038 175
1732528260182 340.382352 176
1732528270283 340.389723 177
1732528280387 340.414849 178
1732528290484 340.423139 179
1732528300573 340.432975 180
1732528310671 340.441594 181
1732528320769 340.508408 182
1732528330852 340.516385 183
1732528340911 340.542733 184
1732528351005 340.549716 185
1732528361111 340.566778 186
1732528371202 340.578144 187
1732528381299 340.585203 188
1732528391404 340.593184 189
1732528401507 340.6093 190
1732528411597 340.616965 191
1732528421715 340.624873 192
1732528431812 340.632251 193
1732528441921 340.648255 194
1732528452013 340.655769 195
1732528462124 340.673562 196
1732528472227 340.682313 197
1732528482304 340.690053 198
1732528492382 340.697874 199
1732528502469 340.705471 200
1732528512555 340.72232 201
1732528522644 340.739599 202
1732528532757 340.746615 203
1732528542868 340.757726 204
1732528552968 340.78189 205
1732528563054 340.80286 206
1732528573142 340.810695 207
1732528583238 340.817978 208
1732528593325 340.834757 209
1732528603422 340.842385 210
1732528613525 340.850106 211
1732528623626 340.927213 212
1732528633737 340.934311 213
1732528643831 340.952085 214
1732528653949 340.960016 215
1732528664037 340.969896 216
1732528674145 340.986464 217
1732528684249 340.996546 218
1732528694344 341.003601 219
1732528704464 341.012075 220
1732528714569 341.01995 221
1732528724672 341.02735 222
1732528734788 341.036553 223
1732528744879 341.05447 224
1732528754983 341.070348 225
1732528765061 341.078069 226
1732528775158 341.085133 227
1732528785256 341.096331 228
1732528795350 341.104358 229
1732528805456 341.114387 230
1732528815558 341.121941 231
1732528825659 341.139131 232
1732528835758 341.146707 233
1732528845867 341.154649 234
1732528855984 341.188677 235
1732528866095 341.196322 236
1732528876187 341.214445 237
1732528886301 341.221617 238
1732528896395 341.233503 239
1732528906494 341.250875 240
1732528916607 341.306475 241
1732528926735 341.317916 242
1732528937246 341.335734 243
1732528947352 341.343623 244
1732528957451 341.351011 245
1732528967550 341.358229 246
1732528977651 341.374908 247
1732528987756 341.383778 248
1732528997851 341.400218 249
1732529007946 341.407661 250
1732529018027 341.418299 251
1732529028130 341.425389 252
1732529038226 341.43339 253
1732529048336 341.444552 254
1732529058454 341.461036 255
1732529068555 341.46918 256
1732529078655 341.476218 257
1732529088759 341.482966 258
1732529098872 341.492723 259
1732529108980 341.499806 260
1732529119084 341.514327 261
1732529129180 341.522378 262
1732529139298 341.54151 263
1732529149393 341.549781 264
1732529159489 341.579427 265
1732529169608 341.58687 266
1732529179716 341.59469 267
1732529189811 341.60262 268
1732529199904 341.610051 269
1732529210002 341.618159 270
1732529220172 341.691659 271
1732529230283 341.701882 272
1732529240388 341.716599 273
1732529250498 341.72441 274
1732529260587 341.735345 275
1732529270703 341.743633 276
1732529280816 341.753209 277
1732529290915 341.769025 278
1732529301033 341.788707 279
1732529311139 341.797322 280
1732529321238 341.805339 281
1732529331363 341.812941 282
1732529341470 341.819769 283
1732529351577 341.82831600000003 284
1732529361683 341.844805 285
1732529371801 341.86143500000003 286
1732529381934 341.872702 287
1732529392034 341.879585 288
1732529402163 341.89099 289
1732529412284 341.899056 290
1732529422381 341.907198 291
1732529432511 341.916608 292
1732529442619 341.925014 293
1732529452728 341.94258 294
1732529462864 341.981787 295
1732529472979 341.98938400000003 296
1732529483103 342.004836 297
1732529493201 342.012204 298
1732529503320 342.023314 299
1732529513429 342.031887 300
1732529523547 342.105757 301
1732529533643 342.112357 302
1732529543763 342.130206 303
1732529553847 342.13831700000003 304
1732529563953 342.145624 305
1732529574035 342.153256 306
1732529584136 342.160314 307
1732529594242 342.16783 308
1732529604350 342.193785 309
1732529614481 342.20153 310
1732529624594 342.212872 311
1732529634704 342.220186 312
1732529644822 342.230373 313
1732529654925 342.238471 314
1732529665047 342.246707 315
1732529675152 342.254178 316
1732529685275 342.279936 317
1732529695385 342.28768 318
1732529705507 342.296338 319
1732529715615 342.313136 320
1732529725728 342.320833 321
1732529735829 342.329278 322
1732529745955 342.339484 323
1732529756062 342.367518 324
1732529766174 342.402714 325
1732529776263 342.410473 326
1732529786384 342.457595 327
1732529796502 342.464863 328
1732529806610 342.472785 329
1732529817028 342.563643 330
1732529827155 342.675748 331
1732529837284 342.699578 332
1732529847353 342.718617 333
1732529857463 342.728081 334
1732529867556 342.736374 335
1732529877675 342.744623 336
1732529887795 342.755447 337
1732529897922 342.762609 338
1732529908049 342.771078 339
1732529918166 342.787607 340
1732529928284 342.795517 341
1732529938401 342.803594 342
1732529948520 342.814105 343
1732529958662 342.831123 344
1732529968747 342.838711 345
1732529978859 342.849557 346
1732529988976 342.866 347
1732529999092 342.877034 348
1732530009207 342.884438 349
1732530019311 342.892867 350
1732530029445 342.899762 351
1732530039552 342.907761 352
1732530049681 342.915404 353
1732530059796 342.941976 354
1732530069911 342.969936 355
1732530080020 342.986444 356
1732530090149 342.992958 357
1732530100252 343.003955 358
1732530110380 343.011895 359
1732530120478 343.078117 360
1732530130596 343.087229 361
1732530140718 343.103337 362
1732530150887 343.123039 363
1732530160976 343.129787 364
1732530171080 343.137014 365
1732530181170 343.145405 366
1732530191281 343.153193 367
1732530201411 343.169958 368
1732530211535 343.18112 369
1732530221649 343.19228 370
1732530231765 343.210258 371
1732530241905 343.222191 372
1732530252024 343.229278 373
1732530262143 343.236403 374
1732530272260 343.24472000000003 375
1732530282382 343.251795 376
1732530292505 343.259684 377
1732530302616 343.276723 378
1732530312757 343.283561 379
1732530322877 343.298412 380
1732530333011 343.306461 381
1732530343126 343.316991 382
1732530353266 343.32552 383
1732530363406 343.362101 384
1732530373533 343.369504 385
1732530383668 343.386144 386
1732530393793 343.393116 387
1732530403916 343.401257 388
1732530414041 343.40979600000003 389
1732530424164 343.47364 390
1732530434296 343.519769 391
1732530444435 343.537672 392
1732530454565 343.546345 393
1732530464695 343.565278 394
1732530474813 343.573276 395
1732530484942 343.583596 396
1732530495045 343.591117 397
1732530505179 343.603296 398
1732530515315 343.612339 399
1732530525445 343.619907 400
1732530535587 343.635665 401
1732530545707 343.64351 402
1732530555821 343.66112400000003 403
1732530565925 343.669774 404
1732530576043 343.677028 405
1732530586157 343.687993 406
1732530596301 343.699025 407
1732530606426 343.710745 408
1732530616554 343.72673 409
1732530626677 343.736403 410
1732530636798 343.744677 411
1732530646930 343.753167 412
1732530657060 343.770836 413
1732530667190 343.788861 414
1732530677334 343.806182 415
1732530687454 343.822558 416
1732530697579 343.834438 417
1732530707696 343.842103 418
1732530717812 343.905843 419
1732530727948 343.916909 420
1732530738079 343.925321 421
1732530748208 343.943012 422
1732530758343 343.950416 423
1732530768488 343.966545 424
1732530778626 343.974675 425
1732530788757 343.983756 426
1732530798903 344.000751 427
1732530809024 344.008033 428
1732530819143 344.018978 429
1732530829267 344.026878 430
1732530839401 344.038148 431
1732530849525 344.054718 432
1732530859639 344.063375 433
1732530869782 344.073438 434
1732530879888 349.458493 435
1732530889998 353.184653 436
1732530900122 353.193648 437
1732530910254 353.212144 438
1732530920412 353.240895 439
1732530930533 353.290306 440
1732530940681 353.386849 441
1732530950790 353.395192 442
1732530960921 353.506333 443
1732530971057 353.601893 444
1732530981184 353.80428 445
1732530991317 354.253297 446
1732531001442 354.270525 447
