1732526484975 25.1 0
1732526495030 55.6 1
1732526505102 63.1 2
1732526515175 68.7 3
1732526525230 74.6 4
1732526535293 80.4 5
1732526545358 89.4 6
1732526555411 48.5 7
1732526565479 53.5 8
1732526575551 50.5 9
1732526585618 60.6 10
1732526595677 63.5 11
1732526605747 68.4 12
1732526615806 72.5 13
1732526625866 49.1 14
1732526635936 51.8 15
1732526645993 54.3 16
1732526656090 58.5 17
1732526666171 64.9 18
1732526676233 69.4 19
1732526686297 47.6 20
1732526696376 43.4 21
1732526706450 53.6 22
1732526716509 59.5 23
1732526726585 63.5 24
1732526736666 61.5 25
1732526746733 71.4 26
1732526756817 72.6 27
1732526766892 52.1 28
1732526776980 53.2 29
1732526787049 58.9 30
1732526797134 61.4 31
1732526807206 64.1 32
1732526817274 69.7 33
1732526827340 72.3 34
1732526837425 42.4 35
1732526847505 51.8 36
1732526857608 54.7 37
1732526867672 60.0 38
1732526877746 63.5 39
1732526887836 67.3 40
1732526897920 71.4 41
1732526907994 49.8 42
1732526918076 54.9 43
1732526928149 58.0 44
1732526938225 61.5 45
1732526948317 58.3 46
1732526958410 62.3 47
1732526968503 65.2 48
1732526978578 89.5 49
1732526988661 46.2 50
1732526998738 51.4 51
1732527008808 57.0 52
1732527018882 62.5 53
1732527028956 65.4 54
1732527039038 67.8 55
1732527049112 69.8 56
1732527059198 48.5 57
1732527069273 53.0 58
1732527079357 58.8 59
1732527089431 61.5 60
1732527099499 66.8 61
1732527109585 80.4 62
1732527119671 47.0 63
1732527129752 52.3 64
1732527139812 54.9 65
1732527149877 61.1 66
1732527159939 66.6 67
1732527170000 69.6 68
1732527180096 46.9 69
1732527190182 49.5 70
1732527200249 54.8 71
1732527210339 59.1 72
1732527220429 61.7 73
1732527230512 65.5 74
1732527240604 68.7 75
1732527250695 73.3 76
1732527260787 51.5 77
1732527270854 57.4 78
1732527280933 63.1 79
1732527291038 65.2 80
1732527301110 73.9 81
1732527311189 73.4 82
1732527321270 48.7 83
1732527331354 54.4 84
1732527341448 55.8 85
1732527351524 62.9 86
1732527361615 67.0 87
1732527371687 69.3 88
1732527381784 73.1 89
1732527391867 50.5 90
1732527401957 56.3 91
1732527412058 55.6 92
1732527422155 64.3 93
1732527432236 67.0 94
1732527442300 69.4 95
1732527452366 70.8 96
1732527462446 50.4 97
1732527472518 55.4 98
1732527482602 59.2 99
1732527492687 66.8 100
1732527502774 63.1 101
1732527512883 68.8 102
1732527522983 47.1 103
1732527533087 53.3 104
1732527543184 57.4 105
1732527553280 59.2 106
1732527563369 64.0 107
1732527573448 71.6 108
1732527583555 48.4 109
1732527593633 51.7 110
1732527603734 54.3 111
1732527613819 56.8 112
1732527623919 62.3 113
1732527634014 66.4 114
1732527644102 70.0 115
1732527654178 50.1 116
1732527664280 52.0 117
1732527674360 55.5 118
1732527684449 58.5 119
1732527694514 67.8 120
1732527704599 67.0 121
1732527714716 70.0 122
1732527724794 51.1 123
1732527734867 52.7 124
1732527744971 59.6 125
1732527755064 58.9 126
1732527765145 64.2 127
1732527775251 65.2 128
1732527785349 69.4 129
1732527795434 49.1 130
1732527805551 53.5 131
1732527815643 57.3 132
1732527825717 60.6 133
1732527835783 62.3 134
1732527845857 67.7 135
1732527855954 70.1 136
1732527866029 48.7 137
1732527876128 49.8 138
1732527886218 52.2 139
1732527896301 57.8 140
1732527906388 63.2 141
1732527916481 68.3 142
1732527926555 68.7 143
1732527936633 90.5 144
1732527946716 48.9 145
1732527956799 53.5 146
1732527966880 56.0 147
1732527976980 62.3 148
1732527987083 62.5 149
1732527997176 65.4 150
1732528007265 68.5 151
1732528017339 91.4 152
1732528027432 48.1 153
1732528037518 53.5 154
1732528047598 55.5 155
1732528057681 61.1 156
1732528067786 62.0 157
1732528078476 66.8 158
1732528088569 71.9 159
1732528098668 49.5 160
1732528108773 53.0 161
1732528118870 55.6 162
1732528128969 60.9 163
1732528139068 64.6 164
1732528149148 69.4 165
1732528159253 73.6 166
1732528169322 50.4 167
1732528179418 53.3 168
1732528189498 59.0 169
1732528199597 62.7 170
1732528209690 67.9 171
1732528219794 68.5 172
1732528229896 70.6 173
1732528239996 52.0 174
1732528250099 54.7 175
1732528260182 57.4 176
1732528270283 60.4 177
1732528280387 65.6 178
1732528290484 69.4 179
1732528300573 72.0 180
1732528310671 50.9 181
1732528320769 50.8 182
1732528330852 52.9 183
1732528340911 62.0 184
1732528351005 65.4 185
1732528361111 67.6 186
1732528371202 71.3 187
1732528381299 74.4 188
1732528391404 53.9 189
1732528401507 57.0 190
1732528411597 61.5 191
1732528421715 63.8 192
1732528431812 69.5 193
1732528441921 73.7 194
1732528452013 50.5 195
1732528462124 56.0 196
1732528472227 59.0 197
1732528482304 62.1 198
1732528492382 65.1 199
1732528502469 69.9 200
1732528512555 74.5 201
1732528522644 49.3 202
1732528532757 55.7 203
1732528542868 58.6 204
1732528552968 61.7 205
1732528563054 67.4 206
1732528573142 68.7 207
1732528583238 74.4 208
1732528593325 49.8 209
1732528603422 52.3 210
1732528613525 60.3 211
1732528623626 59.9 212
1732528633737 65.5 213
1732528643831 68.3 214
1732528653949 71.2 215
1732528664037 49.1 216
1732528674145 52.8 217
1732528684249 57.4 218
1732528694344 63.0 219
1732528704464 64.2 220
1732528714569 73.9 221
1732528724672 72.3 222
1732528734788 51.2 223
1732528744879 55.2 224
1732528754983 58.2 225
1732528765061 63.0 226
1732528775158 66.7 227
1732528785256 69.3 228
1732528795350 72.1 229
1732528805456 75.6 230
1732528815558 55.5 231
1732528825659 62.9 232
1732528835758 60.5 233
1732528845867 63.0 234
1732528855984 68.4 235
1732528866095 71.4 236
1732528876187 72.5 237
1732528886301 54.6 238
1732528896395 57.6 239
1732528906494 60.2 240
1732528916607 63.8 241
1732528926735 66.5 242
1732528937246 70.2 243
1732528947352 73.2 244
1732528957451 51.5 245
1732528967550 57.4 246
1732528977651 60.9 247
1732528987756 62.9 248
1732528997851 66.5 249
1732529007946 72.2 250
1732529018027 75.9 251
1732529028130 54.2 252
1732529038226 58.1 253
1732529048336 61.8 254
1732529058454 64.5 255
1732529068555 69.1 256
1732529078655 72.2 257
1732529088759 50.4 258
1732529098872 47.3 259
1732529108980 57.5 260
1732529119084 63.1 261
1732529129180 65.9 262
1732529139298 69.6 263
1732529149393 77.5 264
1732529159489 51.0 265
1732529169608 55.7 266
1732529179716 58.0 267
1732529189811 61.7 268
1732529199904 64.2 269
1732529210002 69.5 270
1732529220172 73.1 271
1732529230283 50.8 272
1732529240388 56.5 273
1732529250498 57.1 274
1732529260587 63.9 275
1732529270703 67.7 276
1732529280816 72.7 277
1732529290915 51.6 278
1732529301033 56.4 279
1732529311139 59.7 280
1732529321238 62.4 281
1732529331363 65.4 282
1732529341470 71.0 283
1732529351577 79.4 284
1732529361683 52.0 285
1732529371801 55.1 286
1732529381934 58.5 287
1732529392034 64.2 288
1732529402163 72.1 289
1732529412284 72.0 290
1732529422381 75.0 291
1732529432511 50.7 292
1732529442619 56.3 293
1732529452728 60.7 294
1732529462864 63.7 295
1732529472979 66.6 296
1732529483103 72.0 297
1732529493201 75.8 298
1732529503320 53.5 299
1732529513429 51.0 300
1732529523547 58.4 301
1732529533643 64.2 302
1732529543763 68.5 303
1732529553847 75.5 304
1732529563953 72.7 305
1732529574035 76.8 306
1732529584136 55.8 307
1732529594242 61.1 308
1732529604350 65.6 309
1732529614481 68.7 310
1732529624594 71.6 311
1732529634704 77.1 312
1732529644822 54.5 313
1732529654925 58.6 314
1732529665047 61.0 315
1732529675152 66.3 316
1732529685275 71.0 317
1732529695385 77.0 318
1732529705507 53.4 319
1732529715615 55.9 320
1732529725728 61.4 321
1732529735829 71.1 322
1732529745955 70.6 323
1732529756062 74.6 324
1732529766174 75.7 325
1732529776263 59.2 326
1732529786384 59.4 327
1732529796502 64.7 328
1732529806610 67.6 329
1732529817028 75.2 330
1732529827155 75.9 331
1732529837284 52.4 332
1732529847353 56.6 333
1732529857463 62.0 334
1732529867556 65.0 335
1732529877675 68.5 336
1732529887795 71.4 337
1732529897922 74.6 338
1732529908049 54.9 339
1732529918166 57.8 340
1732529928284 63.1 341
1732529938401 66.8 342
1732529948520 69.1 343
1732529958662 75.3 344
1732529968747 53.0 345
1732529978859 57.0 346
1732529988976 60.8 347
1732529999092 69.4 348
1732530009207 70.1 349
1732530019311 73.9 350
1732530029445 76.5 351
1732530039552 56.2 352
1732530049681 60.8 353
1732530059796 64.8 354
1732530069911 66.9 355
1732530080020 70.3 356
1732530090149 73.5 357
1732530100252 54.0 358
1732530110380 57.4 359
1732530120478 60.0 360
1732530130596 63.0 361
1732530140718 66.4 362
1732530150887 72.6 363
1732530160976 51.0 364
1732530171080 54.5 365
1732530181170 58.0 366
1732530191281 63.2 367
1732530201411 68.2 368
1732530211535 71.6 369
1732530221649 74.6 370
1732530231765 53.3 371
1732530241905 50.2 372
1732530252024 59.9 373
1732530262143 65.9 374
1732530272260 71.5 375
1732530282382 77.1 376
1732530292505 52.3 377
1732530302616 53.9 378
1732530312757 59.2 379
1732530322877 65.1 380
1732530333011 70.1 381
1732530343126 72.2 382
1732530353266 77.2 383
1732530363406 53.7 384
1732530373533 58.8 385
1732530383668 63.1 386
1732530393793 67.0 387
1732530403916 69.7 388
1732530414041 73.1 389
1732530424164 74.6 390
1732530434296 56.0 391
1732530444435 60.0 392
1732530454565 63.3 393
1732530464695 69.0 394
1732530474813 73.8 395
1732530484942 76.7 396
1732530495045 55.1 397
1732530505179 58.7 398
1732530515315 61.6 399
1732530525445 66.4 400
1732530535587 72.1 401
1732530545707 73.5 402
1732530555821 52.1 403
1732530565925 49.8 404
1732530576043 58.5 405
1732530586157 63.6 406
1732530596301 70.3 407
1732530606426 70.6 408
1732530616554 77.3 409
1732530626677 54.0 410
1732530636798 56.8 411
1732530646930 59.6 412
1732530657060 61.3 413
1732530667190 67.2 414
1732530677334 72.7 415
1732530687454 74.5 416
1732530697579 58.9 417
1732530707696 57.9 418
1732530717812 62.9 419
1732530727948 67.7 420
1732530738079 71.1 421
1732530748208 74.5 422
1732530758343 54.7 423
1732530768488 58.4 424
1732530778626 63.4 425
1732530788757 60.3 426
1732530798903 70.0 427
1732530809024 74.8 428
1732530819143 54.1 429
1732530829267 57.7 430
1732530839401 56.1 431
1732530849525 65.2 432
1732530859639 68.9 433
1732530869782 73.5 434
1732530879888 74.8 435
1732530889998 56.5 436
1732530900122 55.2 437
1732530910254 64.2 438
1732530920412 67.7 439
1732530930533 73.2 440
1732530940681 76.0 441
1732530950790 53.1 442
1732530960921 57.2 443
1732530971057 62.2 444
1732530981184 67.7 445
1732530991317 69.0 446
1732531001442 72.0 447
