1731009299231 0.0 0
1731009309295 13.8 1
1731009319353 11.1 2
1731009329417 11.7 3
1731009339480 11.9 4
1731009349529 14.5 5
1731009359593 10.8 6
1731009369682 13.9 7
1731009379744 14.5 8
1731009389809 12.2 9
1731009399902 10.4 10
1731009409955 11.5 11
1731009420032 10.9 12
1731009430111 12.3 13
1731009440174 10.8 14
1731009450236 9.2 15
1731009460296 8.7 16
1731009470386 10.2 17
1731009480443 8.8 18
1731009490485 6.8 19
1731009500565 10.3 20
1731009510621 9.0 21
1731009520685 8.9 22
1731009530745 8.6 23
1731009540821 8.7 24
1731009550885 8.2 25
1731009560951 10.1 26
1731009571022 9.9 27
1731009581115 8.5 28
1731009591195 7.9 29
1731009601276 8.1 30
1731009611343 10.1 31
1731009621418 7.5 32
1731009631493 9.1 33
1731009641569 10.5 34
1731009651638 8.5 35
1731009661715 9.7 36
1731009671787 7.3 37
1731009681853 10.2 38
1731009691938 9.0 39
1731009702001 10.5 40
1731009712070 8.2 41
1731009722147 8.4 42
1731009732217 11.0 43
1731009742294 8.3 44
1731009752369 7.9 45
1731009762426 10.7 46
1731009772482 8.8 47
1731009782530 8.7 48
1731009792608 6.6 49
1731009802678 7.7 50
1731009812773 8.1 51
1731009822845 10.4 52
1731009832918 9.3 53
1731009842989 6.5 54
1731009853061 9.0 55
1731009863144 8.7 56
1731009873219 8.3 57
1731009883291 8.2 58
1731009893364 6.8 59
1731009903438 9.2 60
1731009913520 9.3 61
1731009923592 7.1 62
1731009933676 7.7 63
1731009943967 9.8 64
1731009954043 6.8 65
1731009964127 7.6 66
1731009974206 7.5 67
1731009984272 10.9 68
1731009994343 9.8 69
1731010004436 8.3 70
1731010014508 9.6 71
1731010024573 8.3 72
1731010034639 8.9 73
1731010044724 8.6 74
1731010054799 9.6 75
1731010064899 8.0 76
1731010074961 8.5 77
1731010085040 8.9 78
1731010095495 8.5 79
1731010105577 9.9 80
1731010115657 6.8 81
1731010125747 8.2 82
1731010135815 8.1 83
1731010145898 10.6 84
1731010155982 7.6 85
1731010166070 7.5 86
1731010176141 5.7 87
1731010186223 10.3 88
1731010196308 10.6 89
1731010206399 6.0 90
1731010216882 9.9 91
1731010226955 9.3 92
1731010237045 8.2 93
1731010247120 7.2 94
1731010257217 7.8 95
1731010267299 9.7 96
1731010277369 7.6 97
1731010287464 7.9 98
1731010297551 9.4 99
1731010307618 6.8 100
1731010317719 11.4 101
1731010327798 10.4 102
1731010337875 8.5 103
1731010347953 7.7 104
1731010358019 8.3 105
1731010368092 8.4 106
1731010378181 10.8 107
1731010388256 8.1 108
1731010398332 8.9 109
1731010408432 9.9 110
1731010418525 9.7 111
1731010428614 8.8 112
1731010438695 10.8 113
1731010448765 8.1 114
1731010458838 7.8 115
1731010468919 10.3 116
1731010478992 8.2 117
1731010489080 7.9 118
1731010499167 9.6 119
1731010509243 7.8 120
1731010519333 8.0 121
1731010529423 9.4 122
1731010539502 8.7 123
1731010549581 7.0 124
1731010559664 7.7 125
1731010569750 7.0 126
1731010579842 10.2 127
1731010589921 10.2 128
1731010600003 8.6 129
1731010610075 7.9 130
1731010620167 9.3 131
1731010630252 11.3 132
1731010640334 11.1 133
1731010650412 9.3 134
1731010660473 8.1 135
1731010670534 8.5 136
1731010680623 7.2 137
1731010690708 9.1 138
1731010700789 9.8 139
1731010710863 10.4 140
1731010720952 10.4 141
1731010731028 7.1 142
1731010741120 9.3 143
1731010751215 10.9 144
1731010761319 10.6 145
1731010771399 8.4 146
1731010781460 9.6 147
1731010791550 9.2 148
1731010801652 7.8 149
1731010811727 7.3 150
1731010821835 9.9 151
1731010831918 10.9 152
1731010842014 6.8 153
1731010852128 7.4 154
1731010862208 8.0 155
1731010872290 8.0 156
1731010882379 7.4 157
1731010892470 8.4 158
1731010902559 8.8 159
1731010912659 7.9 160
1731010922757 9.0 161
1731010932841 7.3 162
1731010942933 6.3 163
1731010953026 6.9 164
1731010963106 6.6 165
1731010973190 8.3 166
1731010983274 7.4 167
1731010993356 6.7 168
1731011003450 7.1 169
1731011013560 7.9 170
1731011023645 6.8 171
1731011033733 8.3 172
1731011043835 8.3 173
1731011053917 6.7 174
1731011064029 7.3 175
1731011074116 8.9 176
1731011084216 8.2 177
1731011094309 8.8 178
1731011104391 7.7 179
1731011114482 9.8 180
1731011124570 6.4 181
1731011134679 7.9 182
1731011144776 10.1 183
1731011154877 7.5 184
1731011164981 8.2 185
1731011175062 10.7 186
1731011185159 10.2 187
1731011195260 8.3 188
1731011205353 8.7 189
1731011215457 11.5 190
1731011225549 10.7 191
1731011235646 8.9 192
1731011245751 7.8 193
1731011255849 6.8 194
1731011265942 10.6 195
1731011276040 7.8 196
1731011286133 10.9 197
1731011296216 7.7 198
1731011306661 8.0 199
1731011316767 8.5 200
1731011326865 7.6 201
1731011336957 10.4 202
1731011347044 8.1 203
1731011357142 8.9 204
1731011367234 8.0 205
1731011377321 10.2 206
1731011387418 8.4 207
1731011397502 8.2 208
1731011407601 9.2 209
1731011417699 9.7 210
1731011427805 8.9 211
1731011438025 10.7 212
1731011448133 7.0 213
1731011458222 8.3 214
1731011468334 9.8 215
1731011478430 9.4 216
1731011488514 10.8 217
1731011498613 10.4 218
1731011508708 8.3 219
1731011518805 10.0 220
1731011528895 10.4 221
1731011538998 7.7 222
1731011549090 8.1 223
1731011559196 10.1 224
1731011569293 8.4 225
1731011579402 11.1 226
1731011589493 10.5 227
1731011599582 8.2 228
1731011609685 8.8 229
1731011619774 8.2 230
1731011629872 8.2 231
1731011639978 9.3 232
1731011650066 9.1 233
1731011660171 8.6 234
1731011670256 11.0 235
1731011680342 10.0 236
1731011690451 7.9 237
1731011700556 9.8 238
1731011710643 7.2 239
1731011720720 7.9 240
1731011730820 7.7 241
1731011740928 10.7 242
1731011751022 8.3 243
1731011761135 6.2 244
1731011771234 7.5 245
1731011781329 8.2 246
1731011791406 7.8 247
1731011801494 6.6 248
1731011811598 8.4 249
1731011821689 8.2 250
1731011831784 9.3 251
1731011841884 8.1 252
1731011851978 6.3 253
1731011862085 7.3 254
1731011872174 7.8 255
1731011882285 7.1 256
1731011892388 7.5 257
1731011902493 7.1 258
1731011912585 6.9 259
1731011922693 10.1 260
1731011932801 7.4 261
1731011942887 7.7 262
1731011952987 7.9 263
1731011963069 5.8 264
1731011973164 8.7 265
1731011983268 8.6 266
1731011993374 7.8 267
1731012003440 9.4 268
1731012013537 9.5 269
1731012023642 6.8 270
1731012033755 7.3 271
1731012043860 8.0 272
1731012053958 7.2 273
1731012064036 7.7 274
1731012074145 9.5 275
1731012084239 7.2 276
1731012094352 9.9 277
1731012104449 9.6 278
1731012114579 6.0 279
1731012124693 7.8 280
1731012134799 10.5 281
1731012144905 7.2 282
1731012154982 7.5 283
1731012165048 6.5 284
1731012175168 6.7 285
1731012185275 7.0 286
1731012195370 8.0 287
1731012205490 7.2 288
1731012215603 5.8 289
1731012225701 7.0 290
1731012235796 7.9 291
1731012245899 9.7 292
1731012256003 7.7 293
1731012266100 8.2 294
1731012276221 8.5 295
1731012286314 8.3 296
1731012296434 6.0 297
1731012306525 7.7 298
1731012316634 9.7 299
1731012326743 6.9 300
1731012336842 7.5 301
1731012346966 7.8 302
1731012357075 6.9 303
1731012367181 10.8 304
1731012377299 6.9 305
1731012387408 7.5 306
1731012397504 7.9 307
1731012407626 9.5 308
1731012417739 8.8 309
1731012427837 8.3 310
1731012437958 9.6 311
1731012448068 6.9 312
1731012458177 8.2 313
1731012468296 7.6 314
1731012478412 8.7 315
1731012488525 10.8 316
1731012498639 9.2 317
1731012508751 7.5 318
1731012518858 8.8 319
1731012528971 7.6 320
1731012539037 9.2 321
1731012549163 10.6 322
1731012559276 8.8 323
1731012569377 6.7 324
1731012579498 9.7 325
1731012589609 7.9 326
1731012599715 7.0 327
1731012609830 8.4 328
1731012619936 7.9 329
1731012630035 6.8 330
1731012640141 8.9 331
1731012650248 9.2 332
1731012660360 7.3 333
1731012670469 10.0 334
1731012680578 7.2 335
1731012690674 7.2 336
1731012700773 8.7 337
1731012710890 8.7 338
1731012720999 8.4 339
1731012731102 7.8 340
1731012741231 9.2 341
1731012751343 9.0 342
1731012761449 6.6 343
1731012771563 9.3 344
1731012781666 9.1 345
1731012791789 9.2 346
1731012801899 9.2 347
1731012812006 8.5 348
1731012822114 8.7 349
1731012832214 10.1 350
1731012842314 7.2 351
1731012852418 10.3 352
1731012862530 7.2 353
1731012872660 7.1 354
1731012882765 8.9 355
1731012892866 8.2 356
1731012902978 7.1 357
1731012913101 7.4 358
1731012923218 7.0 359
1731012933319 7.9 360
1731012943422 6.8 361
1731012953551 7.7 362
1731012963654 8.1 363
1731012973777 6.8 364
1731012983893 7.5 365
1731012993990 7.7 366
1731013004110 6.9 367
1731013014231 7.4 368
1731013024339 7.7 369
1731013034463 8.2 370
1731013044568 6.7 371
1731013054683 6.4 372
1731013064765 8.7 373
1731013074888 6.7 374
1731013085006 9.0 375
1731013095070 8.2 376
1731013105186 8.0 377
1731013115289 7.5 378
1731013125425 7.9 379
1731013135515 8.9 380
1731013145606 7.5 381
1731013155716 6.3 382
1731013165835 9.4 383
1731013175942 7.1 384
1731013186058 7.9 385
1731013196188 10.0 386
1731013206305 7.3 387
1731013216428 9.0 388
1731013226558 7.0 389
1731013236675 8.3 390
1731013246794 9.9 391
1731013256920 7.0 392
1731013267042 8.4 393
1731013277159 8.3 394
1731013287242 8.6 395
1731013297347 8.3 396
1731013307476 9.8 397
1731013317592 10.0 398
1731013327720 8.3 399
1731013337841 8.2 400
1731013347964 6.9 401
1731013358081 10.3 402
1731013368197 7.1 403
1731013378330 8.2 404
1731013388416 10.6 405
1731013398548 10.6 406
1731013408670 7.9 407
1731013418782 7.6 408
1731013428903 10.5 409
1731013439032 8.4 410
1731013449153 8.4 411
1731013459268 8.8 412
1731013469419 7.5 413
1731013479553 8.5 414
1731013489668 8.1 415
1731013499791 10.6 416
1731013509917 8.9 417
1731013520036 10.8 418
1731013530157 7.0 419
1731013540295 8.8 420
1731013550422 8.4 421
1731013560511 9.1 422
1731013570637 7.9 423
1731013580737 7.0 424
1731013590850 8.1 425
1731013600985 7.2 426
1731013611115 9.0 427
1731013621242 9.4 428
1731013631371 7.1 429
1731013641506 7.7 430
1731013651646 10.7 431
1731013661768 8.7 432
1731013671881 10.1 433
1731013682013 7.0 434
1731013692120 7.8 435
1731013702264 7.9 436
1731013712398 9.8 437
1731013722524 8.5 438
1731013732663 7.8 439
1731013742797 9.0 440
1731013752921 8.9 441
1731013763049 7.6 442
1731013773169 7.8 443
1731013783249 7.9 444
1731013793384 9.4 445
1731013803504 7.3 446
1731013813631 10.3 447
1731013823755 7.3 448
1731013833888 8.1 449
1731013844024 7.8 450
1731013854149 8.1 451
1731013864296 7.5 452
1731013874424 6.4 453
1731013884551 9.3 454
1731013894677 9.3 455
1731013904816 6.4 456
1731013914934 8.9 457
1731013925338 11.7 458
1731013935464 9.3 459
1731013945588 9.9 460
1731013955705 8.3 461
1731013965828 9.7 462
1731013975948 9.9 463
1731013986078 8.4 464
1731013996202 9.2 465
1731014006347 6.7 466
1731014016476 10.3 467
1731014026596 8.4 468
1731014036737 8.5 469
1731014046860 10.4 470
1731014056984 9.1 471
1731014067066 9.4 472
1731014077150 8.0 473
