1731009299231 46.2 0
1731009309295 46.2 1
1731009319353 46.2 2
1731009329417 46.2 3
1731009339480 46.2 4
1731009349529 46.2 5
1731009359593 46.2 6
1731009369682 46.2 7
1731009379744 46.2 8
1731009389809 46.2 9
1731009399902 46.2 10
1731009409955 46.2 11
1731009420032 46.2 12
1731009430111 46.2 13
1731009440174 46.2 14
1731009450236 46.2 15
1731009460296 46.2 16
1731009470386 46.2 17
1731009480443 46.2 18
1731009490485 46.2 19
1731009500565 46.2 20
1731009510621 46.2 21
1731009520685 46.2 22
1731009530745 46.2 23
1731009540821 46.2 24
1731009550885 46.2 25
1731009560951 46.2 26
1731009571022 46.2 27
1731009581115 46.2 28
1731009591195 46.2 29
1731009601276 46.2 30
1731009611343 46.2 31
1731009621418 46.2 32
1731009631493 46.2 33
1731009641569 46.2 34
1731009651638 46.2 35
1731009661715 46.2 36
1731009671787 46.2 37
1731009681853 46.2 38
1731009691938 46.2 39
1731009702001 46.2 40
1731009712070 46.2 41
1731009722147 46.2 42
1731009732217 46.2 43
1731009742294 46.2 44
1731009752369 46.2 45
1731009762426 46.2 46
1731009772482 46.2 47
1731009782530 46.2 48
1731009792608 46.2 49
1731009802678 46.2 50
1731009812773 46.2 51
1731009822845 46.2 52
1731009832918 46.2 53
1731009842989 46.2 54
1731009853061 46.2 55
1731009863144 46.2 56
1731009873219 46.2 57
1731009883291 46.2 58
1731009893364 46.2 59
1731009903438 46.2 60
1731009913520 46.2 61
1731009923592 46.2 62
1731009933676 46.2 63
1731009943967 46.2 64
1731009954043 46.2 65
1731009964127 46.2 66
1731009974206 46.2 67
1731009984272 46.2 68
1731009994343 46.2 69
1731010004436 46.2 70
1731010014508 46.2 71
1731010024573 46.2 72
1731010034639 46.2 73
1731010044724 46.2 74
1731010054799 46.2 75
1731010064899 46.2 76
1731010074961 46.2 77
1731010085040 46.2 78
1731010095495 46.2 79
1731010105577 46.2 80
1731010115657 46.2 81
1731010125747 46.2 82
1731010135815 46.2 83
1731010145898 46.2 84
1731010155982 46.2 85
1731010166070 46.2 86
1731010176141 46.2 87
1731010186223 46.2 88
1731010196308 46.2 89
1731010206399 46.2 90
1731010216882 46.2 91
1731010226955 46.2 92
1731010237045 46.2 93
1731010247120 46.2 94
1731010257217 46.2 95
1731010267299 46.2 96
1731010277369 46.2 97
1731010287464 46.2 98
1731010297551 46.2 99
1731010307618 46.2 100
1731010317719 46.2 101
1731010327798 46.2 102
1731010337875 46.2 103
1731010347953 46.2 104
1731010358019 46.2 105
1731010368092 46.2 106
1731010378181 46.2 107
1731010388256 46.2 108
1731010398332 46.2 109
1731010408432 46.2 110
1731010418525 46.2 111
1731010428614 46.2 112
1731010438695 46.2 113
1731010448765 46.2 114
1731010458838 46.2 115
1731010468919 46.2 116
1731010478992 46.2 117
1731010489080 46.2 118
1731010499167 46.2 119
1731010509243 46.2 120
1731010519333 46.2 121
1731010529423 46.2 122
1731010539502 46.2 123
1731010549581 46.2 124
1731010559664 46.2 125
1731010569750 46.2 126
1731010579842 46.2 127
1731010589921 46.2 128
1731010600003 46.2 129
1731010610075 46.2 130
1731010620167 46.2 131
1731010630252 46.2 132
1731010640334 46.2 133
1731010650412 46.2 134
1731010660473 46.2 135
1731010670534 46.2 136
1731010680623 46.2 137
1731010690708 46.2 138
1731010700789 46.2 139
1731010710863 46.2 140
1731010720952 46.2 141
1731010731028 46.2 142
1731010741120 46.2 143
1731010751215 46.2 144
1731010761319 46.2 145
1731010771399 46.2 146
1731010781460 46.2 147
1731010791550 46.2 148
1731010801652 46.2 149
1731010811727 46.2 150
1731010821835 46.2 151
1731010831918 46.2 152
1731010842014 46.2 153
1731010852128 46.2 154
1731010862208 46.2 155
1731010872290 46.2 156
1731010882379 46.2 157
1731010892470 46.2 158
1731010902559 46.2 159
1731010912659 46.2 160
1731010922757 46.2 161
1731010932841 46.2 162
1731010942933 46.2 163
1731010953026 46.2 164
1731010963106 46.2 165
1731010973190 46.2 166
1731010983274 46.2 167
1731010993356 46.2 168
1731011003450 46.2 169
1731011013560 46.2 170
1731011023645 46.2 171
1731011033733 46.2 172
1731011043835 46.2 173
1731011053917 46.2 174
1731011064029 46.2 175
1731011074116 46.2 176
1731011084216 46.2 177
1731011094309 46.2 178
1731011104391 46.2 179
1731011114482 46.2 180
1731011124570 46.2 181
1731011134679 46.2 182
1731011144776 46.2 183
1731011154877 46.2 184
1731011164981 46.2 185
1731011175062 46.2 186
1731011185159 46.2 187
1731011195260 46.2 188
1731011205353 46.2 189
1731011215457 46.2 190
1731011225549 46.2 191
1731011235646 46.2 192
1731011245751 46.2 193
1731011255849 46.2 194
1731011265942 46.2 195
1731011276040 46.2 196
1731011286133 46.2 197
1731011296216 46.2 198
1731011306661 46.2 199
1731011316767 46.2 200
1731011326865 46.2 201
1731011336957 46.2 202
1731011347044 46.2 203
1731011357142 46.2 204
1731011367234 46.2 205
1731011377321 46.2 206
1731011387418 46.2 207
1731011397502 46.2 208
1731011407601 46.2 209
1731011417699 46.2 210
1731011427805 46.2 211
1731011438025 46.2 212
1731011448133 46.2 213
1731011458222 46.2 214
1731011468334 46.2 215
1731011478430 46.2 216
1731011488514 46.2 217
1731011498613 46.2 218
1731011508708 46.2 219
1731011518805 46.2 220
1731011528895 46.2 221
1731011538998 46.2 222
1731011549090 46.2 223
1731011559196 46.2 224
1731011569293 46.2 225
1731011579402 46.2 226
1731011589493 46.2 227
1731011599582 46.2 228
1731011609685 46.2 229
1731011619774 46.2 230
1731011629872 46.2 231
1731011639978 46.2 232
1731011650066 46.2 233
1731011660171 46.2 234
1731011670256 46.2 235
1731011680342 46.2 236
1731011690451 46.2 237
1731011700556 46.2 238
1731011710643 46.2 239
1731011720720 46.2 240
1731011730820 46.2 241
1731011740928 46.2 242
1731011751022 46.2 243
1731011761135 46.2 244
1731011771234 46.2 245
1731011781329 46.2 246
1731011791406 46.2 247
1731011801494 46.2 248
1731011811598 46.2 249
1731011821689 46.2 250
1731011831784 46.2 251
1731011841884 46.2 252
1731011851978 46.2 253
1731011862085 46.2 254
1731011872174 46.2 255
1731011882285 46.2 256
1731011892388 46.2 257
1731011902493 46.2 258
1731011912585 46.2 259
1731011922693 46.2 260
1731011932801 46.2 261
1731011942887 46.2 262
1731011952987 46.2 263
1731011963069 46.2 264
1731011973164 46.2 265
1731011983268 46.2 266
1731011993374 46.2 267
1731012003440 46.2 268
1731012013537 46.2 269
1731012023642 46.2 270
1731012033755 46.2 271
1731012043860 46.2 272
1731012053958 46.2 273
1731012064036 46.2 274
1731012074145 46.2 275
1731012084239 46.2 276
1731012094352 46.2 277
1731012104449 46.2 278
1731012114579 46.2 279
1731012124693 46.2 280
1731012134799 46.2 281
1731012144905 46.2 282
1731012154982 46.2 283
1731012165048 46.2 284
1731012175168 46.2 285
1731012185275 46.2 286
1731012195370 46.2 287
1731012205490 46.2 288
1731012215603 46.2 289
1731012225701 46.2 290
1731012235796 46.2 291
1731012245899 46.2 292
1731012256003 46.2 293
1731012266100 46.2 294
1731012276221 46.2 295
1731012286314 46.2 296
1731012296434 46.2 297
1731012306525 46.2 298
1731012316634 46.2 299
1731012326743 46.2 300
1731012336842 46.2 301
1731012346966 46.2 302
1731012357075 46.2 303
1731012367181 46.2 304
1731012377299 46.2 305
1731012387408 46.2 306
1731012397504 46.2 307
1731012407626 46.2 308
1731012417739 46.2 309
1731012427837 46.2 310
1731012437958 46.2 311
1731012448068 46.2 312
1731012458177 46.2 313
1731012468296 46.2 314
1731012478412 46.2 315
1731012488525 46.2 316
1731012498639 46.2 317
1731012508751 46.2 318
1731012518858 46.2 319
1731012528971 46.2 320
1731012539037 46.2 321
1731012549163 46.2 322
1731012559276 46.2 323
1731012569377 46.2 324
1731012579498 46.2 325
1731012589609 46.2 326
1731012599715 46.2 327
1731012609830 46.2 328
1731012619936 46.2 329
1731012630035 46.2 330
1731012640141 46.2 331
1731012650248 46.2 332
1731012660360 46.2 333
1731012670469 46.2 334
1731012680578 46.2 335
1731012690674 46.2 336
1731012700773 46.2 337
1731012710890 46.2 338
1731012720999 46.2 339
1731012731102 46.2 340
1731012741231 46.2 341
1731012751343 46.2 342
1731012761449 46.2 343
1731012771563 46.2 344
1731012781666 46.2 345
1731012791789 46.2 346
1731012801899 46.2 347
1731012812006 46.2 348
1731012822114 46.2 349
1731012832214 46.2 350
1731012842314 46.2 351
1731012852418 46.2 352
1731012862530 46.2 353
1731012872660 46.2 354
1731012882765 46.2 355
1731012892866 46.2 356
1731012902978 46.2 357
1731012913101 46.2 358
1731012923218 46.2 359
1731012933319 46.2 360
1731012943422 46.2 361
1731012953551 46.2 362
1731012963654 46.2 363
1731012973777 46.2 364
1731012983893 46.2 365
1731012993990 46.2 366
1731013004110 46.2 367
1731013014231 46.2 368
1731013024339 46.2 369
1731013034463 46.2 370
1731013044568 46.2 371
1731013054683 46.2 372
1731013064765 46.2 373
1731013074888 46.2 374
1731013085006 46.2 375
1731013095070 46.2 376
1731013105186 46.2 377
1731013115289 46.2 378
1731013125425 46.2 379
1731013135515 46.2 380
1731013145606 46.2 381
1731013155716 46.2 382
1731013165835 46.2 383
1731013175942 46.2 384
1731013186058 46.2 385
1731013196188 46.2 386
1731013206305 46.2 387
1731013216428 46.2 388
1731013226558 46.2 389
1731013236675 46.2 390
1731013246794 46.2 391
1731013256920 46.2 392
1731013267042 46.2 393
1731013277159 46.2 394
1731013287242 46.2 395
1731013297347 46.2 396
1731013307476 46.2 397
1731013317592 46.2 398
1731013327720 46.2 399
1731013337841 46.2 400
1731013347964 46.2 401
1731013358081 46.2 402
1731013368197 46.2 403
1731013378330 46.2 404
1731013388416 46.2 405
1731013398548 46.2 406
1731013408670 46.2 407
1731013418782 46.2 408
1731013428903 46.2 409
1731013439032 46.2 410
1731013449153 46.2 411
1731013459268 46.2 412
1731013469419 46.2 413
1731013479553 46.2 414
1731013489668 46.2 415
1731013499791 46.2 416
1731013509917 46.2 417
1731013520036 46.2 418
1731013530157 46.2 419
1731013540295 46.2 420
1731013550422 46.2 421
1731013560511 46.2 422
1731013570637 46.2 423
1731013580737 46.2 424
1731013590850 46.2 425
1731013600985 46.2 426
1731013611115 46.2 427
1731013621242 46.2 428
1731013631371 46.2 429
1731013641506 46.2 430
1731013651646 46.2 431
1731013661768 46.2 432
1731013671881 46.2 433
1731013682013 46.2 434
1731013692120 46.2 435
1731013702264 46.2 436
1731013712398 46.2 437
1731013722524 46.2 438
1731013732663 46.2 439
1731013742797 46.2 440
1731013752921 46.2 441
1731013763049 46.2 442
1731013773169 46.2 443
1731013783249 46.2 444
1731013793384 46.2 445
1731013803504 46.2 446
1731013813631 46.2 447
1731013823755 46.2 448
1731013833888 46.2 449
1731013844024 46.2 450
1731013854149 46.2 451
1731013864296 46.2 452
1731013874424 46.2 453
1731013884551 46.2 454
1731013894677 46.2 455
1731013904816 46.2 456
1731013914934 46.2 457
1731013925338 46.2 458
1731013935464 46.2 459
1731013945588 46.2 460
1731013955705 46.2 461
1731013965828 46.2 462
1731013975948 46.2 463
1731013986078 46.2 464
1731013996202 46.2 465
1731014006347 46.2 466
1731014016476 46.2 467
1731014026596 46.2 468
1731014036737 46.2 469
1731014046860 46.2 470
1731014056984 46.2 471
1731014067066 46.2 472
1731014077150 46.2 473
