1731009299231 141070.3 0
1731009309295 141070.2 1
1731009319353 141070.2 2
1731009329417 141070.2 3
1731009339480 141070.2 4
1731009349529 141070.1 5
1731009359593 141070.1 6
1731009369682 141070.0 7
1731009379744 141070.4 8
1731009389809 141070.4 9
1731009399902 141070.4 10
1731009409955 141070.4 11
1731009420032 141070.1 12
1731009430111 141070.2 13
1731009440174 141070.2 14
1731009450236 141070.2 15
1731009460296 141070.2 16
1731009470386 141070.2 17
1731009480443 141070.2 18
1731009490485 141070.2 19
1731009500565 141070.1 20
1731009510621 141070.1 21
1731009520685 141070.1 22
1731009530745 141070.1 23
1731009540821 141070.1 24
1731009550885 141070.1 25
1731009560951 141070.1 26
1731009571022 141070.0 27
1731009581115 141070.0 28
1731009591195 141070.0 29
1731009601276 141070.0 30
1731009611343 141070.0 31
1731009621418 141070.0 32
1731009631493 141070.0 33
1731009641569 141070.0 34
1731009651638 141070.0 35
1731009661715 141069.9 36
1731009671787 141069.9 37
1731009681853 141069.9 38
1731009691938 141069.9 39
1731009702001 141069.9 40
1731009712070 141069.9 41
1731009722147 141069.9 42
1731009732217 141069.9 43
1731009742294 141069.9 44
1731009752369 141069.8 45
1731009762426 141069.8 46
1731009772482 141069.8 47
1731009782530 141069.8 48
1731009792608 141069.8 49
1731009802678 141069.8 50
1731009812773 141069.8 51
1731009822845 141069.8 52
1731009832918 141069.8 53
1731009842989 141069.7 54
1731009853061 141069.7 55
1731009863144 141069.7 56
1731009873219 141069.7 57
1731009883291 141069.7 58
1731009893364 141069.7 59
1731009903438 141069.7 60
1731009913520 141069.7 61
1731009923592 141069.6 62
1731009933676 141069.6 63
1731009943967 141069.6 64
1731009954043 141069.6 65
1731009964127 141069.6 66
1731009974206 141069.6 67
1731009984272 141069.6 68
1731009994343 141069.6 69
1731010004436 141069.6 70
1731010014508 141069.5 71
1731010024573 141069.5 72
1731010034639 141069.5 73
1731010044724 141069.5 74
1731010054799 141069.5 75
1731010064899 141069.5 76
1731010074961 141069.5 77
1731010085040 141069.4 78
1731010095495 141069.4 79
1731010105577 141069.4 80
1731010115657 141069.4 81
1731010125747 141069.4 82
1731010135815 141069.4 83
1731010145898 141069.4 84
1731010155982 141069.4 85
1731010166070 141069.4 86
1731010176141 141069.3 87
1731010186223 141069.3 88
1731010196308 141069.3 89
1731010206399 141069.3 90
1731010216882 141069.3 91
1731010226955 141069.3 92
1731010237045 141069.3 93
1731010247120 141069.3 94
1731010257217 141069.3 95
1731010267299 141069.2 96
1731010277369 141069.2 97
1731010287464 141069.2 98
1731010297551 141069.2 99
1731010307618 141069.2 100
1731010317719 141069.2 101
1731010327798 141069.2 102
1731010337875 141069.2 103
1731010347953 141069.1 104
1731010358019 141069.1 105
1731010368092 141069.1 106
1731010378181 141069.1 107
1731010388256 141069.1 108
1731010398332 141069.1 109
1731010408432 141069.1 110
1731010418525 141069.0 111
1731010428614 141069.0 112
1731010438695 141069.0 113
1731010448765 141069.0 114
1731010458838 141069.0 115
1731010468919 141069.0 116
1731010478992 141069.0 117
1731010489080 141069.0 118
1731010499167 141069.0 119
1731010509243 141069.0 120
1731010519333 141068.9 121
1731010529423 141068.9 122
1731010539502 141068.9 123
1731010549581 141068.9 124
1731010559664 141068.9 125
1731010569750 141068.9 126
1731010579842 141068.9 127
1731010589921 141068.9 128
1731010600003 141068.9 129
1731010610075 141068.8 130
1731010620167 141068.8 131
1731010630252 141068.8 132
1731010640334 141068.8 133
1731010650412 141068.8 134
1731010660473 141068.8 135
1731010670534 141068.8 136
1731010680623 141068.8 137
1731010690708 141068.7 138
1731010700789 141068.7 139
1731010710863 141068.7 140
1731010720952 141068.7 141
1731010731028 141068.7 142
1731010741120 141068.7 143
1731010751215 141068.7 144
1731010761319 141068.7 145
1731010771399 141068.7 146
1731010781460 141068.6 147
1731010791550 141068.6 148
1731010801652 141068.6 149
1731010811727 141068.6 150
1731010821835 141068.6 151
1731010831918 141068.6 152
1731010842014 141068.6 153
1731010852128 141068.6 154
1731010862208 141068.6 155
1731010872290 141068.5 156
1731010882379 141068.5 157
1731010892470 141068.5 158
1731010902559 141068.5 159
1731010912659 141068.5 160
1731010922757 141068.5 161
1731010932841 141068.5 162
1731010942933 141068.5 163
1731010953026 141068.5 164
1731010963106 141068.4 165
1731010973190 141068.4 166
1731010983274 141068.4 167
1731010993356 141068.4 168
1731011003450 141068.4 169
1731011013560 141068.4 170
1731011023645 141068.4 171
1731011033733 141068.4 172
1731011043835 141068.3 173
1731011053917 141068.3 174
1731011064029 141068.3 175
1731011074116 141068.3 176
1731011084216 141068.3 177
1731011094309 141068.3 178
1731011104391 141068.3 179
1731011114482 141068.3 180
1731011124570 141068.3 181
1731011134679 141068.2 182
1731011144776 141068.2 183
1731011154877 141068.2 184
1731011164981 141068.2 185
1731011175062 141068.2 186
1731011185159 141068.2 187
1731011195260 141068.2 188
1731011205353 141068.2 189
1731011215457 141068.2 190
1731011225549 141068.1 191
1731011235646 141068.1 192
1731011245751 141068.1 193
1731011255849 141068.1 194
1731011265942 141068.1 195
1731011276040 141068.1 196
1731011286133 141068.1 197
1731011296216 141068.1 198
1731011306661 141068.1 199
1731011316767 141068.0 200
1731011326865 141068.0 201
1731011336957 141068.0 202
1731011347044 141068.0 203
1731011357142 141068.0 204
1731011367234 141068.0 205
1731011377321 141068.0 206
1731011387418 141068.0 207
1731011397502 141067.9 208
1731011407601 141067.9 209
1731011417699 141067.9 210
1731011427805 141067.9 211
1731011438025 141067.9 212
1731011448133 141067.9 213
1731011458222 141067.9 214
1731011468334 141067.9 215
1731011478430 141067.8 216
1731011488514 141068.0 217
1731011498613 141068.0 218
1731011508708 141068.0 219
1731011518805 141096.3 220
1731011528895 141096.2 221
1731011538998 141096.2 222
1731011549090 141096.2 223
1731011559196 141096.2 224
1731011569293 141081.7 225
1731011579402 141081.7 226
1731011589493 141081.7 227
1731011599582 141081.7 228
1731011609685 141081.7 229
1731011619774 141081.7 230
1731011629872 141081.7 231
1731011639978 141081.7 232
1731011650066 141081.6 233
1731011660171 141081.6 234
1731011670256 141081.6 235
1731011680342 141081.6 236
1731011690451 141081.6 237
1731011700556 141081.6 238
1731011710643 141081.6 239
1731011720720 141081.6 240
1731011730820 141081.5 241
1731011740928 141081.5 242
1731011751022 141081.5 243
1731011761135 141081.5 244
1731011771234 141081.5 245
1731011781329 141081.5 246
1731011791406 141081.4 247
1731011801494 141081.4 248
1731011811598 141081.4 249
1731011821689 141081.4 250
1731011831784 141081.4 251
1731011841884 141081.4 252
1731011851978 141081.3 253
1731011862085 141081.3 254
1731011872174 141081.3 255
1731011882285 141081.3 256
1731011892388 141081.3 257
1731011902493 141081.3 258
1731011912585 141081.3 259
1731011922693 141081.3 260
1731011932801 141081.2 261
1731011942887 141081.2 262
1731011952987 141081.2 263
1731011963069 141081.2 264
1731011973164 141081.2 265
1731011983268 141081.2 266
1731011993374 141081.2 267
1731012003440 141081.2 268
1731012013537 141081.2 269
1731012023642 141081.1 270
1731012033755 141081.1 271
1731012043860 141081.1 272
1731012053958 141081.1 273
1731012064036 141081.1 274
1731012074145 141081.1 275
1731012084239 141081.0 276
1731012094352 141081.1 277
1731012104449 141081.0 278
1731012114579 141081.0 279
1731012124693 141081.0 280
1731012134799 141081.0 281
1731012144905 141081.0 282
1731012154982 141081.0 283
1731012165048 141081.0 284
1731012175168 141081.0 285
1731012185275 141080.9 286
1731012195370 141080.9 287
1731012205490 141080.9 288
1731012215603 141080.9 289
1731012225701 141080.9 290
1731012235796 141080.9 291
1731012245899 141080.9 292
1731012256003 141080.9 293
1731012266100 141080.9 294
1731012276221 141080.8 295
1731012286314 141080.8 296
1731012296434 141080.8 297
1731012306525 141080.8 298
1731012316634 141080.8 299
1731012326743 141080.8 300
1731012336842 141080.8 301
1731012346966 141080.8 302
1731012357075 141080.7 303
1731012367181 141080.7 304
1731012377299 141080.7 305
1731012387408 141080.7 306
1731012397504 141080.7 307
1731012407626 141080.7 308
1731012417739 141080.7 309
1731012427837 141080.7 310
1731012437958 141080.7 311
1731012448068 141080.6 312
1731012458177 141080.6 313
1731012468296 141080.6 314
1731012478412 141080.6 315
1731012488525 141080.6 316
1731012498639 141080.6 317
1731012508751 141080.6 318
1731012518858 141080.6 319
1731012528971 141080.6 320
1731012539037 141080.5 321
1731012549163 141080.5 322
1731012559276 141080.5 323
1731012569377 141080.5 324
1731012579498 141080.5 325
1731012589609 141080.5 326
1731012599715 141080.5 327
1731012609830 141080.5 328
1731012619936 141080.4 329
1731012630035 141080.4 330
1731012640141 141080.4 331
1731012650248 141080.4 332
1731012660360 141080.4 333
1731012670469 141080.4 334
1731012680578 141080.4 335
1731012690674 141080.4 336
1731012700773 141080.3 337
1731012710890 141080.3 338
1731012720999 141080.3 339
1731012731102 141080.3 340
1731012741231 141080.3 341
1731012751343 141080.3 342
1731012761449 141080.3 343
1731012771563 141080.3 344
1731012781666 141080.3 345
1731012791789 141080.2 346
1731012801899 141080.2 347
1731012812006 141080.2 348
1731012822114 141080.2 349
1731012832214 141080.2 350
1731012842314 141080.2 351
1731012852418 141080.2 352
1731012862530 141080.2 353
1731012872660 141080.2 354
1731012882765 141080.1 355
1731012892866 141080.1 356
1731012902978 141080.1 357
1731012913101 141080.1 358
1731012923218 141080.1 359
1731012933319 141080.1 360
1731012943422 141080.1 361
1731012953551 141080.1 362
1731012963654 141080.0 363
1731012973777 141080.0 364
1731012983893 141080.0 365
1731012993990 141080.0 366
1731013004110 141080.0 367
1731013014231 141080.0 368
1731013024339 141080.0 369
1731013034463 141080.0 370
1731013044568 141079.9 371
1731013054683 141079.9 372
1731013064765 141079.9 373
1731013074888 141079.9 374
1731013085006 141079.9 375
1731013095070 141079.9 376
1731013105186 141079.9 377
1731013115289 141079.9 378
1731013125425 141079.9 379
1731013135515 141079.8 380
1731013145606 141079.8 381
1731013155716 141079.8 382
1731013165835 141079.8 383
1731013175942 141079.8 384
1731013186058 141079.8 385
1731013196188 141079.8 386
1731013206305 141079.8 387
1731013216428 141079.8 388
1731013226558 141079.7 389
1731013236675 141079.7 390
1731013246794 141079.7 391
1731013256920 141079.7 392
1731013267042 141079.7 393
1731013277159 141079.7 394
1731013287242 141079.6 395
1731013297347 141079.6 396
1731013307476 141079.6 397
1731013317592 141079.6 398
1731013327720 141079.6 399
1731013337841 141079.6 400
1731013347964 141079.6 401
1731013358081 141079.6 402
1731013368197 141079.5 403
1731013378330 141079.5 404
1731013388416 141079.5 405
1731013398548 141079.5 406
1731013408670 141079.5 407
1731013418782 141079.5 408
1731013428903 141079.5 409
1731013439032 141079.5 410
1731013449153 141079.4 411
1731013459268 141079.4 412
1731013469419 141079.4 413
1731013479553 141079.4 414
1731013489668 141079.4 415
1731013499791 141079.4 416
1731013509917 141079.4 417
1731013520036 141079.4 418
1731013530157 141079.3 419
1731013540295 141079.3 420
1731013550422 141079.3 421
1731013560511 141079.3 422
1731013570637 141079.3 423
1731013580737 141079.3 424
1731013590850 141079.3 425
1731013600985 141079.3 426
1731013611115 141079.2 427
1731013621242 141079.2 428
1731013631371 141079.2 429
1731013641506 141079.2 430
1731013651646 141079.2 431
1731013661768 141079.2 432
1731013671881 141079.2 433
1731013682013 141079.2 434
1731013692120 141079.2 435
1731013702264 141079.1 436
1731013712398 141079.1 437
1731013722524 141079.1 438
1731013732663 141079.1 439
1731013742797 141079.1 440
1731013752921 141079.1 441
1731013763049 141079.1 442
1731013773169 141079.1 443
1731013783249 141079.0 444
1731013793384 141079.0 445
1731013803504 141079.0 446
1731013813631 141079.0 447
1731013823755 141079.0 448
1731013833888 141079.0 449
1731013844024 141079.0 450
1731013854149 141079.0 451
1731013864296 141079.0 452
1731013874424 141078.9 453
1731013884551 141070.5 454
1731013894677 141070.5 455
1731013904816 141070.5 456
1731013914934 141070.5 457
1731013925338 141070.5 458
1731013935464 141070.4 459
1731013945588 141070.3 460
1731013955705 141070.3 461
1731013965828 141070.3 462
1731013975948 141070.3 463
1731013986078 141070.3 464
1731013996202 141070.3 465
1731014006347 141070.3 466
1731014016476 141070.2 467
1731014026596 141070.2 468
1731014036737 141070.2 469
1731014046860 141070.2 470
1731014056984 141070.2 471
1731014067066 141070.2 472
1731014077150 141070.2 473
