1731009299231 2771.3 0
1731009309295 4748.5 1
1731009319353 6926.5 2
1731009329417 6932.6 3
1731009339480 6928.4 4
1731009349529 6956.5 5
1731009359593 8473.4 6
1731009369682 8495.4 7
1731009379744 8471.6 8
1731009389809 8452.6 9
1731009399902 8470.8 10
1731009409955 8451.7 11
1731009420032 8488.4 12
1731009430111 8707.0 13
1731009440174 8691.7 14
1731009450236 8691.6 15
1731009460296 8693.9 16
1731009470386 8691.6 17
1731009480443 8712.7 18
1731009490485 8721.3 19
1731009500565 8719.0 20
1731009510621 8716.0 21
1731009520685 8713.7 22
1731009530745 8716.0 23
1731009540821 8716.0 24
1731009550885 8716.0 25
1731009560951 8713.7 26
1731009571022 8713.7 27
1731009581115 8713.7 28
1731009591195 8716.0 29
1731009601276 8716.0 30
1731009611343 8713.8 31
1731009621418 8716.0 32
1731009631493 8711.6 33
1731009641569 8711.6 34
1731009651638 8711.6 35
1731009661715 8713.9 36
1731009671787 8724.3 37
1731009681853 8707.4 38
1731009691938 8705.1 39
1731009702001 8707.4 40
1731009712070 8707.4 41
1731009722147 8705.2 42
1731009732217 8685.2 43
1731009742294 8689.4 44
1731009752369 8689.4 45
1731009762426 8689.5 46
1731009772482 8687.1 47
1731009782530 8689.4 48
1731009792608 8689.4 49
1731009802678 8691.4 50
1731009812773 8680.2 51
1731009822845 8682.6 52
1731009832918 8680.2 53
1731009842989 8682.5 54
1731009853061 8682.5 55
1731009863144 8680.2 56
1731009873219 8682.5 57
1731009883291 8682.5 58
1731009893364 8684.6 59
1731009903438 8682.4 60
1731009913520 8682.4 61
1731009923592 8684.6 62
1731009933676 8631.2 63
1731009943967 8631.2 64
1731009954043 8631.2 65
1731009964127 8631.2 66
1731009974206 8631.2 67
1731009984272 8629.0 68
1731009994343 8631.2 69
1731010004436 8631.2 70
1731010014508 8629.0 71
1731010024573 8654.3 72
1731010034639 8584.7 73
1731010044724 8589.0 74
1731010054799 8589.0 75
1731010064899 8589.0 76
1731010074961 8589.0 77
1731010085040 8589.0 78
1731010095495 8589.0 79
1731010105577 8580.6 80
1731010115657 8580.6 81
1731010125747 8580.6 82
1731010135815 8580.6 83
1731010145898 8580.6 84
1731010155982 8580.6 85
1731010166070 8580.6 86
1731010176141 8580.6 87
1731010186223 8580.6 88
1731010196308 8580.6 89
1731010206399 8580.6 90
1731010216882 8580.6 91
1731010226955 8580.6 92
1731010237045 8580.6 93
1731010247120 8580.6 94
1731010257217 8589.3 95
1731010267299 8589.3 96
1731010277369 8589.3 97
1731010287464 8584.8 98
1731010297551 8584.8 99
1731010307618 8584.8 100
1731010317719 8584.8 101
1731010327798 8584.8 102
1731010337875 8584.8 103
1731010347953 8589.3 104
1731010358019 8589.3 105
1731010368092 8584.8 106
1731010378181 8585.0 107
1731010388256 8584.8 108
1731010398332 8584.8 109
1731010408432 8586.9 110
1731010418525 8586.9 111
1731010428614 8586.9 112
1731010438695 8586.9 113
1731010448765 8586.9 114
1731010458838 8591.4 115
1731010468919 8591.4 116
1731010478992 8586.9 117
1731010489080 8586.9 118
1731010499167 8586.9 119
1731010509243 8591.4 120
1731010519333 8586.9 121
1731010529423 8586.9 122
1731010539502 8586.9 123
1731010549581 8586.9 124
1731010559664 8591.4 125
1731010569750 8591.4 126
1731010579842 8591.4 127
1731010589921 8586.9 128
1731010600003 8589.0 129
1731010610075 8589.0 130
1731010620167 8589.0 131
1731010630252 8589.0 132
1731010640334 8589.0 133
1731010650412 8589.0 134
1731010660473 8593.5 135
1731010670534 8593.5 136
1731010680623 8593.5 137
1731010690708 8593.5 138
1731010700789 8593.5 139
1731010710863 8593.6 140
1731010720952 8593.6 141
1731010731028 8589.1 142
1731010741120 8589.1 143
1731010751215 8589.1 144
1731010761319 8589.1 145
1731010771399 8589.1 146
1731010781460 8589.1 147
1731010791550 8589.1 148
1731010801652 8589.1 149
1731010811727 8589.1 150
1731010821835 8589.1 151
1731010831918 8589.1 152
1731010842014 8589.1 153
1731010852128 8589.1 154
1731010862208 8589.1 155
1731010872290 8591.2 156
1731010882379 8591.2 157
1731010892470 8593.5 158
1731010902559 8595.7 159
1731010912659 8595.7 160
1731010922757 8595.7 161
1731010932841 8595.7 162
1731010942933 8595.7 163
1731010953026 8595.7 164
1731010963106 8591.2 165
1731010973190 8591.1 166
1731010983274 8591.1 167
1731010993356 8591.1 168
1731011003450 8591.1 169
1731011013560 8586.9 170
1731011023645 8586.9 171
1731011033733 8586.9 172
1731011043835 8586.9 173
1731011053917 8586.9 174
1731011064029 8586.9 175
1731011074116 8586.9 176
1731011084216 8587.1 177
1731011094309 8586.9 178
1731011104391 8586.9 179
1731011114482 8586.9 180
1731011124570 8586.9 181
1731011134679 8587.0 182
1731011144776 8587.0 183
1731011154877 8587.0 184
1731011164981 8587.0 185
1731011175062 8587.0 186
1731011185159 8587.0 187
1731011195260 8587.0 188
1731011205353 8593.4 189
1731011215457 8595.6 190
1731011225549 8595.6 191
1731011235646 8595.6 192
1731011245751 8595.6 193
1731011255849 8595.6 194
1731011265942 8591.2 195
1731011276040 8591.2 196
1731011286133 8591.2 197
1731011296216 8595.6 198
1731011306661 8595.6 199
1731011316767 8595.6 200
1731011326865 8595.6 201
1731011336957 8595.6 202
1731011347044 8595.6 203
1731011357142 8595.8 204
1731011367234 8595.8 205
1731011377321 8591.2 206
1731011387418 8591.2 207
1731011397502 8595.6 208
1731011407601 8595.6 209
1731011417699 8591.2 210
1731011427805 8593.3 211
1731011438025 8593.3 212
1731011448133 8593.3 213
1731011458222 8593.3 214
1731011468334 8593.3 215
1731011478430 8593.3 216
1731011488514 8593.3 217
1731011498613 8593.3 218
1731011508708 8593.3 219
1731011518805 8595.4 220
1731011528895 8595.4 221
1731011538998 8595.4 222
1731011549090 8595.4 223
1731011559196 8595.4 224
1731011569293 8595.4 225
1731011579402 8595.4 226
1731011589493 8595.4 227
1731011599582 8599.8 228
1731011609685 8595.4 229
1731011619774 8595.4 230
1731011629872 8595.4 231
1731011639978 8595.4 232
1731011650066 8595.4 233
1731011660171 8595.4 234
1731011670256 8595.4 235
1731011680342 8595.5 236
1731011690451 8595.4 237
1731011700556 8595.4 238
1731011710643 8595.4 239
1731011720720 8595.4 240
1731011730820 8599.8 241
1731011740928 8600.0 242
1731011751022 8599.8 243
1731011761135 8599.8 244
1731011771234 8599.8 245
1731011781329 8599.8 246
1731011791406 8599.8 247
1731011801494 8599.8 248
1731011811598 8595.4 249
1731011821689 8595.4 250
1731011831784 8595.4 251
1731011841884 8595.4 252
1731011851978 8595.4 253
1731011862085 8595.5 254
1731011872174 8599.8 255
1731011882285 8599.8 256
1731011892388 8599.8 257
1731011902493 8599.8 258
1731011912585 8599.8 259
1731011922693 8595.4 260
1731011932801 8595.4 261
1731011942887 8595.4 262
1731011952987 8595.4 263
1731011963069 8597.7 264
1731011973164 8599.8 265
1731011983268 8595.4 266
1731011993374 8595.4 267
1731012003440 8595.4 268
1731012013537 8595.4 269
1731012023642 8597.6 270
1731012033755 8595.4 271
1731012043860 8597.6 272
1731012053958 8597.5 273
1731012064036 8601.9 274
1731012074145 8601.9 275
1731012084239 8601.9 276
1731012094352 8597.5 277
1731012104449 8597.5 278
1731012114579 8597.5 279
1731012124693 8597.5 280
1731012134799 8597.5 281
1731012144905 8597.9 282
1731012154982 8597.5 283
1731012165048 8597.5 284
1731012175168 8597.5 285
1731012185275 8597.5 286
1731012195370 8597.5 287
1731012205490 8597.5 288
1731012215603 8593.3 289
1731012225701 8601.9 290
1731012235796 8601.9 291
1731012245899 8601.9 292
1731012256003 8597.5 293
1731012266100 8599.6 294
1731012276221 8599.6 295
1731012286314 8599.6 296
1731012296434 8599.6 297
1731012306525 8599.6 298
1731012316634 8599.6 299
1731012326743 8599.6 300
1731012336842 8599.6 301
1731012346966 8604.0 302
1731012357075 8601.8 303
1731012367181 8604.0 304
1731012377299 8599.6 305
1731012387408 8599.6 306
1731012397504 8604.0 307
1731012407626 8604.0 308
1731012417739 8599.6 309
1731012427837 8599.6 310
1731012437958 8604.0 311
1731012448068 8604.0 312
1731012458177 8606.1 313
1731012468296 8606.1 314
1731012478412 8606.1 315
1731012488525 8601.7 316
1731012498639 8601.7 317
1731012508751 8601.7 318
1731012518858 8601.7 319
1731012528971 8601.7 320
1731012539037 8601.7 321
1731012549163 8601.7 322
1731012559276 8601.7 323
1731012569377 8601.7 324
1731012579498 8601.7 325
1731012589609 8601.7 326
1731012599715 8606.0 327
1731012609830 8608.2 328
1731012619936 8608.2 329
1731012630035 8608.2 330
1731012640141 8608.2 331
1731012650248 8608.2 332
1731012660360 8608.2 333
1731012670469 8608.2 334
1731012680578 8608.2 335
1731012690674 8608.2 336
1731012700773 8608.2 337
1731012710890 8608.2 338
1731012720999 8608.2 339
1731012731102 8608.2 340
1731012741231 8608.2 341
1731012751343 8608.2 342
1731012761449 8608.2 343
1731012771563 8608.2 344
1731012781666 8608.2 345
1731012791789 8603.8 346
1731012801899 8603.8 347
1731012812006 8603.8 348
1731012822114 8603.8 349
1731012832214 8603.8 350
1731012842314 8603.8 351
1731012852418 8603.8 352
1731012862530 8603.8 353
1731012872660 8608.2 354
1731012882765 8603.8 355
1731012892866 8603.8 356
1731012902978 8603.8 357
1731012913101 8606.0 358
1731012923218 8603.8 359
1731012933319 8603.8 360
1731012943422 8603.8 361
1731012953551 8608.2 362
1731012963654 8608.2 363
1731012973777 8608.2 364
1731012983893 8608.2 365
1731012993990 8608.2 366
1731013004110 8608.2 367
1731013014231 8603.8 368
1731013024339 8603.8 369
1731013034463 8603.8 370
1731013044568 8603.8 371
1731013054683 8605.9 372
1731013064765 8605.9 373
1731013074888 8610.3 374
1731013085006 8610.3 375
1731013095070 8605.9 376
1731013105186 8605.9 377
1731013115289 8605.9 378
1731013125425 8605.9 379
1731013135515 8610.3 380
1731013145606 8605.9 381
1731013155716 8610.3 382
1731013165835 8610.3 383
1731013175942 8610.3 384
1731013186058 8610.3 385
1731013196188 8610.3 386
1731013206305 8610.3 387
1731013216428 8610.3 388
1731013226558 8608.0 389
1731013236675 8608.0 390
1731013246794 8608.0 391
1731013256920 8612.5 392
1731013267042 8612.5 393
1731013277159 8612.5 394
1731013287242 8612.5 395
1731013297347 8614.6 396
1731013307476 8614.6 397
1731013317592 8614.6 398
1731013327720 8614.6 399
1731013337841 8614.6 400
1731013347964 8610.1 401
1731013358081 8610.1 402
1731013368197 8610.1 403
1731013378330 8610.1 404
1731013388416 8610.1 405
1731013398548 8610.1 406
1731013408670 8610.1 407
1731013418782 8605.9 408
1731013428903 8605.9 409
1731013439032 8605.9 410
1731013449153 8605.9 411
1731013459268 8605.9 412
1731013469419 8614.6 413
1731013479553 8614.6 414
1731013489668 8614.6 415
1731013499791 8614.6 416
1731013509917 8614.6 417
1731013520036 8610.1 418
1731013530157 8610.1 419
1731013540295 8610.1 420
1731013550422 8610.1 421
1731013560511 8610.1 422
1731013570637 8610.1 423
1731013580737 8610.1 424
1731013590850 8610.1 425
1731013600985 8610.1 426
1731013611115 8610.1 427
1731013621242 8610.1 428
1731013631371 8610.1 429
1731013641506 8610.1 430
1731013651646 8614.6 431
1731013661768 8612.2 432
1731013671881 8612.2 433
1731013682013 8612.2 434
1731013692120 8612.2 435
1731013702264 8612.2 436
1731013712398 8612.2 437
1731013722524 8612.2 438
1731013732663 8612.2 439
1731013742797 8616.7 440
1731013752921 8616.7 441
1731013763049 8616.7 442
1731013773169 8612.2 443
1731013783249 8612.2 444
1731013793384 8612.2 445
1731013803504 8612.2 446
1731013813631 8612.2 447
1731013823755 8616.7 448
1731013833888 8616.7 449
1731013844024 8616.7 450
1731013854149 8612.2 451
1731013864296 8612.2 452
1731013874424 8612.2 453
1731013884551 8612.2 454
1731013894677 8612.2 455
1731013904816 8612.2 456
1731013914934 8678.4 457
1731013925338 8559.1 458
1731013935464 8566.4 459
1731013945588 8548.5 460
1731013955705 8539.6 461
1731013965828 8539.1 462
1731013975948 8537.0 463
1731013986078 8537.0 464
1731013996202 8534.8 465
1731014006347 8537.0 466
1731014016476 8534.8 467
1731014026596 8537.0 468
1731014036737 8537.0 469
1731014046860 8537.0 470
1731014056984 8537.0 471
1731014067066 8534.8 472
1731014077150 8537.0 473
