1731009299231 14.9 0
1731009309295 30.5 1
1731009319353 75.0 2
1731009329417 76.8 3
1731009339480 75.0 4
1731009349529 75.1 5
1731009359593 76.4 6
1731009369682 77.6 7
1731009379744 75.7 8
1731009389809 74.1 9
1731009399902 38.1 10
1731009409955 75.3 11
1731009420032 32.9 12
1731009430111 79.3 13
1731009440174 76.3 14
1731009450236 36.7 15
1731009460296 34.8 16
1731009470386 77.2 17
1731009480443 77.1 18
1731009490485 32.4 19
1731009500565 77.4 20
1731009510621 77.5 21
1731009520685 76.3 22
1731009530745 77.8 23
1731009540821 72.6 24
1731009550885 72.9 25
1731009560951 72.4 26
1731009571022 71.7 27
1731009581115 37.3 28
1731009591195 32.5 29
1731009601276 32.3 30
1731009611343 73.5 31
1731009621418 38.8 32
1731009631493 75.6 33
1731009641569 76.1 34
1731009651638 77.5 35
1731009661715 32.8 36
1731009671787 73.1 37
1731009681853 46.1 38
1731009691938 72.2 39
1731009702001 71.2 40
1731009712070 70.3 41
1731009722147 70.0 42
1731009732217 69.3 43
1731009742294 71.7 44
1731009752369 75.9 45
1731009762426 53.1 46
1731009772482 74.4 47
1731009782530 53.5 48
1731009792608 73.9 49
1731009802678 38.5 50
1731009812773 76.7 51
1731009822845 75.9 52
1731009832918 79.2 53
1731009842989 32.2 54
1731009853061 35.9 55
1731009863144 60.2 56
1731009873219 61.0 57
1731009883291 60.0 58
1731009893364 38.6 59
1731009903438 74.8 60
1731009913520 75.0 61
1731009923592 32.2 62
1731009933676 32.0 63
1731009943967 68.9 64
1731009954043 35.4 65
1731009964127 77.8 66
1731009974206 31.8 67
1731009984272 77.5 68
1731009994343 37.7 69
1731010004436 38.8 70
1731010014508 76.1 71
1731010024573 58.3 72
1731010034639 76.0 73
1731010044724 32.0 74
1731010054799 74.7 75
1731010064899 75.6 76
1731010074961 33.0 77
1731010085040 31.9 78
1731010095495 35.5 79
1731010105577 74.8 80
1731010115657 35.4 81
1731010125747 56.5 82
1731010135815 75.0 83
1731010145898 76.0 84
1731010155982 42.3 85
1731010166070 63.3 86
1731010176141 36.2 87
1731010186223 78.3 88
1731010196308 76.9 89
1731010206399 32.0 90
1731010216882 78.3 91
1731010226955 39.1 92
1731010237045 33.6 93
1731010247120 50.1 94
1731010257217 72.8 95
1731010267299 73.0 96
1731010277369 72.7 97
1731010287464 73.6 98
1731010297551 33.9 99
1731010307618 65.8 100
1731010317719 74.3 101
1731010327798 38.5 102
1731010337875 45.4 103
1731010347953 75.9 104
1731010358019 75.4 105
1731010368092 56.6 106
1731010378181 76.6 107
1731010388256 75.0 108
1731010398332 32.5 109
1731010408432 77.1 110
1731010418525 42.1 111
1731010428614 79.1 112
1731010438695 76.1 113
1731010448765 76.3 114
1731010458838 76.0 115
1731010468919 78.0 116
1731010478992 75.8 117
1731010489080 74.6 118
1731010499167 38.7 119
1731010509243 38.5 120
1731010519333 73.0 121
1731010529423 52.7 122
1731010539502 76.0 123
1731010549581 36.2 124
1731010559664 37.2 125
1731010569750 74.2 126
1731010579842 75.5 127
1731010589921 77.0 128
1731010600003 76.0 129
1731010610075 53.4 130
1731010620167 73.3 131
1731010630252 76.0 132
1731010640334 73.5 133
1731010650412 33.1 134
1731010660473 32.3 135
1731010670534 38.4 136
1731010680623 74.3 137
1731010690708 32.0 138
1731010700789 74.5 139
1731010710863 77.2 140
1731010720952 77.8 141
1731010731028 39.9 142
1731010741120 76.4 143
1731010751215 75.3 144
1731010761319 74.0 145
1731010771399 76.5 146
1731010781460 42.2 147
1731010791550 77.2 148
1731010801652 38.4 149
1731010811727 32.2 150
1731010821835 74.1 151
1731010831918 74.6 152
1731010842014 38.4 153
1731010852128 36.2 154
1731010862208 75.7 155
1731010872290 73.6 156
1731010882379 73.7 157
1731010892470 72.1 158
1731010902559 73.3 159
1731010912659 40.2 160
1731010922757 76.0 161
1731010932841 52.5 162
1731010942933 35.9 163
1731010953026 74.3 164
1731010963106 46.3 165
1731010973190 74.6 166
1731010983274 33.8 167
1731010993356 30.6 168
1731011003450 30.7 169
1731011013560 30.8 170
1731011023645 33.1 171
1731011033733 30.9 172
1731011043835 68.9 173
1731011053917 76.7 174
1731011064029 36.8 175
1731011074116 76.7 176
1731011084216 31.2 177
1731011094309 72.8 178
1731011104391 47.6 179
1731011114482 38.1 180
1731011124570 31.5 181
1731011134679 36.4 182
1731011144776 76.4 183
1731011154877 31.8 184
1731011164981 74.6 185
1731011175062 77.0 186
1731011185159 74.5 187
1731011195260 75.2 188
1731011205353 73.8 189
1731011215457 74.9 190
1731011225549 73.6 191
1731011235646 35.5 192
1731011245751 35.8 193
1731011255849 73.2 194
1731011265942 71.3 195
1731011276040 67.8 196
1731011286133 74.1 197
1731011296216 75.2 198
1731011306661 32.0 199
1731011316767 38.8 200
1731011326865 73.5 201
1731011336957 67.9 202
1731011347044 73.7 203
1731011357142 36.8 204
1731011367234 70.7 205
1731011377321 71.7 206
1731011387418 69.4 207
1731011397502 70.7 208
1731011407601 35.0 209
1731011417699 72.7 210
1731011427805 72.8 211
1731011438025 71.9 212
1731011448133 38.8 213
1731011458222 72.7 214
1731011468334 36.2 215
1731011478430 72.4 216
1731011488514 74.5 217
1731011498613 74.2 218
1731011508708 66.1 219
1731011518805 75.3 220
1731011528895 74.4 221
1731011538998 35.4 222
1731011549090 75.5 223
1731011559196 75.2 224
1731011569293 73.1 225
1731011579402 72.6 226
1731011589493 50.7 227
1731011599582 76.5 228
1731011609685 32.5 229
1731011619774 73.7 230
1731011629872 47.8 231
1731011639978 35.8 232
1731011650066 75.2 233
1731011660171 74.2 234
1731011670256 75.8 235
1731011680342 71.7 236
1731011690451 71.4 237
1731011700556 71.7 238
1731011710643 71.0 239
1731011720720 32.2 240
1731011730820 76.3 241
1731011740928 73.7 242
1731011751022 72.8 243
1731011761135 32.0 244
1731011771234 72.0 245
1731011781329 76.5 246
1731011791406 52.2 247
1731011801494 31.3 248
1731011811598 31.3 249
1731011821689 33.4 250
1731011831784 72.7 251
1731011841884 68.8 252
1731011851978 34.4 253
1731011862085 31.3 254
1731011872174 74.1 255
1731011882285 36.6 256
1731011892388 74.3 257
1731011902493 51.8 258
1731011912585 31.2 259
1731011922693 73.2 260
1731011932801 72.7 261
1731011942887 37.0 262
1731011952987 70.9 263
1731011963069 37.6 264
1731011973164 74.9 265
1731011983268 49.5 266
1731011993374 31.3 267
1731012003440 37.6 268
1731012013537 71.6 269
1731012023642 35.9 270
1731012033755 74.6 271
1731012043860 71.2 272
1731012053958 31.6 273
1731012064036 74.5 274
1731012074145 33.6 275
1731012084239 71.7 276
1731012094352 38.3 277
1731012104449 72.6 278
1731012114579 36.4 279
1731012124693 32.0 280
1731012134799 72.1 281
1731012144905 44.3 282
1731012154982 38.2 283
1731012165048 73.1 284
1731012175168 56.7 285
1731012185275 71.8 286
1731012195370 35.4 287
1731012205490 30.9 288
1731012215603 45.0 289
1731012225701 37.3 290
1731012235796 31.0 291
1731012245899 73.5 292
1731012256003 36.2 293
1731012266100 31.9 294
1731012276221 75.1 295
1731012286314 31.5 296
1731012296434 31.0 297
1731012306525 35.2 298
1731012316634 74.5 299
1731012326743 31.3 300
1731012336842 31.2 301
1731012346966 75.4 302
1731012357075 76.1 303
1731012367181 75.1 304
1731012377299 38.2 305
1731012387408 36.1 306
1731012397504 31.3 307
1731012407626 74.7 308
1731012417739 72.5 309
1731012427837 41.8 310
1731012437958 38.2 311
1731012448068 31.6 312
1731012458177 46.5 313
1731012468296 38.0 314
1731012478412 72.8 315
1731012488525 72.8 316
1731012498639 50.2 317
1731012508751 71.4 318
1731012518858 35.0 319
1731012528971 37.2 320
1731012539037 74.7 321
1731012549163 73.5 322
1731012559276 74.1 323
1731012569377 32.9 324
1731012579498 71.9 325
1731012589609 38.3 326
1731012599715 71.8 327
1731012609830 73.3 328
1731012619936 75.0 329
1731012630035 74.7 330
1731012640141 31.7 331
1731012650248 38.3 332
1731012660360 31.3 333
1731012670469 71.4 334
1731012680578 33.5 335
1731012690674 53.2 336
1731012700773 71.3 337
1731012710890 74.1 338
1731012720999 74.6 339
1731012731102 74.2 340
1731012741231 32.4 341
1731012751343 44.3 342
1731012761449 65.1 343
1731012771563 38.4 344
1731012781666 72.2 345
1731012791789 34.7 346
1731012801899 58.2 347
1731012812006 74.0 348
1731012822114 36.3 349
1731012832214 72.5 350
1731012842314 31.9 351
1731012852418 74.6 352
1731012862530 37.4 353
1731012872660 71.1 354
1731012882765 72.4 355
1731012892866 31.6 356
1731012902978 31.4 357
1731012913101 38.2 358
1731012923218 71.0 359
1731012933319 38.1 360
1731012943422 60.6 361
1731012953551 32.8 362
1731012963654 32.3 363
1731012973777 30.8 364
1731012983893 45.4 365
1731012993990 37.9 366
1731013004110 71.3 367
1731013014231 36.1 368
1731013024339 75.0 369
1731013034463 71.8 370
1731013044568 71.4 371
1731013054683 52.0 372
1731013064765 31.0 373
1731013074888 73.7 374
1731013085006 73.3 375
1731013095070 70.9 376
1731013105186 40.8 377
1731013115289 34.1 378
1731013125425 74.9 379
1731013135515 69.8 380
1731013145606 64.3 381
1731013155716 39.8 382
1731013165835 38.3 383
1731013175942 31.6 384
1731013186058 31.4 385
1731013196188 66.9 386
1731013206305 46.2 387
1731013216428 73.1 388
1731013226558 52.3 389
1731013236675 31.5 390
1731013246794 72.2 391
1731013256920 73.1 392
1731013267042 73.0 393
1731013277159 74.0 394
1731013287242 73.0 395
1731013297347 77.1 396
1731013307476 71.1 397
1731013317592 41.4 398
1731013327720 73.8 399
1731013337841 48.1 400
1731013347964 36.7 401
1731013358081 74.2 402
1731013368197 73.2 403
1731013378330 74.5 404
1731013388416 74.2 405
1731013398548 70.8 406
1731013408670 45.6 407
1731013418782 74.3 408
1731013428903 55.9 409
1731013439032 74.1 410
1731013449153 73.0 411
1731013459268 57.8 412
1731013469419 71.8 413
1731013479553 69.1 414
1731013489668 74.8 415
1731013499791 38.5 416
1731013509917 74.6 417
1731013520036 73.5 418
1731013530157 32.1 419
1731013540295 73.7 420
1731013550422 74.8 421
1731013560511 76.2 422
1731013570637 76.1 423
1731013580737 74.5 424
1731013590850 73.8 425
1731013600985 69.2 426
1731013611115 76.3 427
1731013621242 36.5 428
1731013631371 31.7 429
1731013641506 76.4 430
1731013651646 74.3 431
1731013661768 33.0 432
1731013671881 71.6 433
1731013682013 73.4 434
1731013692120 41.3 435
1731013702264 37.4 436
1731013712398 72.2 437
1731013722524 74.5 438
1731013732663 58.6 439
1731013742797 76.3 440
1731013752921 73.5 441
1731013763049 38.5 442
1731013773169 60.6 443
1731013783249 38.4 444
1731013793384 74.9 445
1731013803504 34.8 446
1731013813631 75.5 447
1731013823755 38.4 448
1731013833888 71.9 449
1731013844024 72.4 450
1731013854149 63.6 451
1731013864296 73.5 452
1731013874424 71.8 453
1731013884551 34.3 454
1731013894677 37.3 455
1731013904816 43.0 456
1731013914934 71.7 457
1731013925338 73.0 458
1731013935464 34.6 459
1731013945588 32.0 460
1731013955705 32.0 461
1731013965828 32.5 462
1731013975948 38.6 463
1731013986078 34.9 464
1731013996202 75.0 465
1731014006347 32.2 466
1731014016476 53.8 467
1731014026596 46.1 468
1731014036737 77.7 469
1731014046860 36.4 470
1731014056984 32.7 471
1731014067066 74.9 472
1731014077150 32.6 473
