1731009299231 10.8 0
1731009309295 18.4 1
1731009319353 26.9 2
1731009329417 26.9 3
1731009339480 26.9 4
1731009349529 27.0 5
1731009359593 32.9 6
1731009369682 33.0 7
1731009379744 32.9 8
1731009389809 32.8 9
1731009399902 32.9 10
1731009409955 32.8 11
1731009420032 32.9 12
1731009430111 33.8 13
1731009440174 33.7 14
1731009450236 33.7 15
1731009460296 33.7 16
1731009470386 33.7 17
1731009480443 33.8 18
1731009490485 33.8 19
1731009500565 33.8 20
1731009510621 33.8 21
1731009520685 33.8 22
1731009530745 33.8 23
1731009540821 33.8 24
1731009550885 33.8 25
1731009560951 33.8 26
1731009571022 33.8 27
1731009581115 33.8 28
1731009591195 33.8 29
1731009601276 33.8 30
1731009611343 33.8 31
1731009621418 33.8 32
1731009631493 33.8 33
1731009641569 33.8 34
1731009651638 33.8 35
1731009661715 33.8 36
1731009671787 33.9 37
1731009681853 33.8 38
1731009691938 33.8 39
1731009702001 33.8 40
1731009712070 33.8 41
1731009722147 33.8 42
1731009732217 33.7 43
1731009742294 33.7 44
1731009752369 33.7 45
1731009762426 33.7 46
1731009772482 33.7 47
1731009782530 33.7 48
1731009792608 33.7 49
1731009802678 33.7 50
1731009812773 33.7 51
1731009822845 33.7 52
1731009832918 33.7 53
1731009842989 33.7 54
1731009853061 33.7 55
1731009863144 33.7 56
1731009873219 33.7 57
1731009883291 33.7 58
1731009893364 33.7 59
1731009903438 33.7 60
1731009913520 33.7 61
1731009923592 33.7 62
1731009933676 33.5 63
1731009943967 33.5 64
1731009954043 33.5 65
1731009964127 33.5 66
1731009974206 33.5 67
1731009984272 33.5 68
1731009994343 33.5 69
1731010004436 33.5 70
1731010014508 33.5 71
1731010024573 33.6 72
1731010034639 33.3 73
1731010044724 33.3 74
1731010054799 33.3 75
1731010064899 33.3 76
1731010074961 33.3 77
1731010085040 33.3 78
1731010095495 33.3 79
1731010105577 33.3 80
1731010115657 33.3 81
1731010125747 33.3 82
1731010135815 33.3 83
1731010145898 33.3 84
1731010155982 33.3 85
1731010166070 33.3 86
1731010176141 33.3 87
1731010186223 33.3 88
1731010196308 33.3 89
1731010206399 33.3 90
1731010216882 33.3 91
1731010226955 33.3 92
1731010237045 33.3 93
1731010247120 33.3 94
1731010257217 33.3 95
1731010267299 33.3 96
1731010277369 33.3 97
1731010287464 33.3 98
1731010297551 33.3 99
1731010307618 33.3 100
1731010317719 33.3 101
1731010327798 33.3 102
1731010337875 33.3 103
1731010347953 33.3 104
1731010358019 33.3 105
1731010368092 33.3 106
1731010378181 33.3 107
1731010388256 33.3 108
1731010398332 33.3 109
1731010408432 33.3 110
1731010418525 33.3 111
1731010428614 33.3 112
1731010438695 33.3 113
1731010448765 33.3 114
1731010458838 33.3 115
1731010468919 33.3 116
1731010478992 33.3 117
1731010489080 33.3 118
1731010499167 33.3 119
1731010509243 33.3 120
1731010519333 33.3 121
1731010529423 33.3 122
1731010539502 33.3 123
1731010549581 33.3 124
1731010559664 33.3 125
1731010569750 33.3 126
1731010579842 33.3 127
1731010589921 33.3 128
1731010600003 33.3 129
1731010610075 33.3 130
1731010620167 33.3 131
1731010630252 33.3 132
1731010640334 33.3 133
1731010650412 33.3 134
1731010660473 33.3 135
1731010670534 33.3 136
1731010680623 33.3 137
1731010690708 33.3 138
1731010700789 33.3 139
1731010710863 33.3 140
1731010720952 33.3 141
1731010731028 33.3 142
1731010741120 33.3 143
1731010751215 33.3 144
1731010761319 33.3 145
1731010771399 33.3 146
1731010781460 33.3 147
1731010791550 33.3 148
1731010801652 33.3 149
1731010811727 33.3 150
1731010821835 33.3 151
1731010831918 33.3 152
1731010842014 33.3 153
1731010852128 33.3 154
1731010862208 33.3 155
1731010872290 33.3 156
1731010882379 33.3 157
1731010892470 33.3 158
1731010902559 33.4 159
1731010912659 33.4 160
1731010922757 33.4 161
1731010932841 33.4 162
1731010942933 33.4 163
1731010953026 33.4 164
1731010963106 33.3 165
1731010973190 33.3 166
1731010983274 33.3 167
1731010993356 33.3 168
1731011003450 33.3 169
1731011013560 33.3 170
1731011023645 33.3 171
1731011033733 33.3 172
1731011043835 33.3 173
1731011053917 33.3 174
1731011064029 33.3 175
1731011074116 33.3 176
1731011084216 33.3 177
1731011094309 33.3 178
1731011104391 33.3 179
1731011114482 33.3 180
1731011124570 33.3 181
1731011134679 33.3 182
1731011144776 33.3 183
1731011154877 33.3 184
1731011164981 33.3 185
1731011175062 33.3 186
1731011185159 33.3 187
1731011195260 33.3 188
1731011205353 33.3 189
1731011215457 33.4 190
1731011225549 33.4 191
1731011235646 33.4 192
1731011245751 33.4 193
1731011255849 33.4 194
1731011265942 33.3 195
1731011276040 33.3 196
1731011286133 33.3 197
1731011296216 33.4 198
1731011306661 33.4 199
1731011316767 33.4 200
1731011326865 33.4 201
1731011336957 33.4 202
1731011347044 33.4 203
1731011357142 33.4 204
1731011367234 33.4 205
1731011377321 33.3 206
1731011387418 33.3 207
1731011397502 33.4 208
1731011407601 33.4 209
1731011417699 33.3 210
1731011427805 33.3 211
1731011438025 33.3 212
1731011448133 33.3 213
1731011458222 33.3 214
1731011468334 33.3 215
1731011478430 33.3 216
1731011488514 33.3 217
1731011498613 33.3 218
1731011508708 33.3 219
1731011518805 33.4 220
1731011528895 33.4 221
1731011538998 33.4 222
1731011549090 33.4 223
1731011559196 33.4 224
1731011569293 33.4 225
1731011579402 33.4 226
1731011589493 33.4 227
1731011599582 33.4 228
1731011609685 33.4 229
1731011619774 33.4 230
1731011629872 33.4 231
1731011639978 33.4 232
1731011650066 33.4 233
1731011660171 33.4 234
1731011670256 33.4 235
1731011680342 33.4 236
1731011690451 33.4 237
1731011700556 33.4 238
1731011710643 33.4 239
1731011720720 33.4 240
1731011730820 33.4 241
1731011740928 33.4 242
1731011751022 33.4 243
1731011761135 33.4 244
1731011771234 33.4 245
1731011781329 33.4 246
1731011791406 33.4 247
1731011801494 33.4 248
1731011811598 33.4 249
1731011821689 33.4 250
1731011831784 33.4 251
1731011841884 33.4 252
1731011851978 33.4 253
1731011862085 33.4 254
1731011872174 33.4 255
1731011882285 33.4 256
1731011892388 33.4 257
1731011902493 33.4 258
1731011912585 33.4 259
1731011922693 33.4 260
1731011932801 33.4 261
1731011942887 33.4 262
1731011952987 33.4 263
1731011963069 33.4 264
1731011973164 33.4 265
1731011983268 33.4 266
1731011993374 33.4 267
1731012003440 33.4 268
1731012013537 33.4 269
1731012023642 33.4 270
1731012033755 33.4 271
1731012043860 33.4 272
1731012053958 33.4 273
1731012064036 33.4 274
1731012074145 33.4 275
1731012084239 33.4 276
1731012094352 33.4 277
1731012104449 33.4 278
1731012114579 33.4 279
1731012124693 33.4 280
1731012134799 33.4 281
1731012144905 33.4 282
1731012154982 33.4 283
1731012165048 33.4 284
1731012175168 33.4 285
1731012185275 33.4 286
1731012195370 33.4 287
1731012205490 33.4 288
1731012215603 33.3 289
1731012225701 33.4 290
1731012235796 33.4 291
1731012245899 33.4 292
1731012256003 33.4 293
1731012266100 33.4 294
1731012276221 33.4 295
1731012286314 33.4 296
1731012296434 33.4 297
1731012306525 33.4 298
1731012316634 33.4 299
1731012326743 33.4 300
1731012336842 33.4 301
1731012346966 33.4 302
1731012357075 33.4 303
1731012367181 33.4 304
1731012377299 33.4 305
1731012387408 33.4 306
1731012397504 33.4 307
1731012407626 33.4 308
1731012417739 33.4 309
1731012427837 33.4 310
1731012437958 33.4 311
1731012448068 33.4 312
1731012458177 33.4 313
1731012468296 33.4 314
1731012478412 33.4 315
1731012488525 33.4 316
1731012498639 33.4 317
1731012508751 33.4 318
1731012518858 33.4 319
1731012528971 33.4 320
1731012539037 33.4 321
1731012549163 33.4 322
1731012559276 33.4 323
1731012569377 33.4 324
1731012579498 33.4 325
1731012589609 33.4 326
1731012599715 33.4 327
1731012609830 33.4 328
1731012619936 33.4 329
1731012630035 33.4 330
1731012640141 33.4 331
1731012650248 33.4 332
1731012660360 33.4 333
1731012670469 33.4 334
1731012680578 33.4 335
1731012690674 33.4 336
1731012700773 33.4 337
1731012710890 33.4 338
1731012720999 33.4 339
1731012731102 33.4 340
1731012741231 33.4 341
1731012751343 33.4 342
1731012761449 33.4 343
1731012771563 33.4 344
1731012781666 33.4 345
1731012791789 33.4 346
1731012801899 33.4 347
1731012812006 33.4 348
1731012822114 33.4 349
1731012832214 33.4 350
1731012842314 33.4 351
1731012852418 33.4 352
1731012862530 33.4 353
1731012872660 33.4 354
1731012882765 33.4 355
1731012892866 33.4 356
1731012902978 33.4 357
1731012913101 33.4 358
1731012923218 33.4 359
1731012933319 33.4 360
1731012943422 33.4 361
1731012953551 33.4 362
1731012963654 33.4 363
1731012973777 33.4 364
1731012983893 33.4 365
1731012993990 33.4 366
1731013004110 33.4 367
1731013014231 33.4 368
1731013024339 33.4 369
1731013034463 33.4 370
1731013044568 33.4 371
1731013054683 33.4 372
1731013064765 33.4 373
1731013074888 33.4 374
1731013085006 33.4 375
1731013095070 33.4 376
1731013105186 33.4 377
1731013115289 33.4 378
1731013125425 33.4 379
1731013135515 33.4 380
1731013145606 33.4 381
1731013155716 33.4 382
1731013165835 33.4 383
1731013175942 33.4 384
1731013186058 33.4 385
1731013196188 33.4 386
1731013206305 33.4 387
1731013216428 33.4 388
1731013226558 33.4 389
1731013236675 33.4 390
1731013246794 33.4 391
1731013256920 33.4 392
1731013267042 33.4 393
1731013277159 33.4 394
1731013287242 33.4 395
1731013297347 33.4 396
1731013307476 33.4 397
1731013317592 33.4 398
1731013327720 33.4 399
1731013337841 33.4 400
1731013347964 33.4 401
1731013358081 33.4 402
1731013368197 33.4 403
1731013378330 33.4 404
1731013388416 33.4 405
1731013398548 33.4 406
1731013408670 33.4 407
1731013418782 33.4 408
1731013428903 33.4 409
1731013439032 33.4 410
1731013449153 33.4 411
1731013459268 33.4 412
1731013469419 33.4 413
1731013479553 33.4 414
1731013489668 33.4 415
1731013499791 33.4 416
1731013509917 33.4 417
1731013520036 33.4 418
1731013530157 33.4 419
1731013540295 33.4 420
1731013550422 33.4 421
1731013560511 33.4 422
1731013570637 33.4 423
1731013580737 33.4 424
1731013590850 33.4 425
1731013600985 33.4 426
1731013611115 33.4 427
1731013621242 33.4 428
1731013631371 33.4 429
1731013641506 33.4 430
1731013651646 33.4 431
1731013661768 33.4 432
1731013671881 33.4 433
1731013682013 33.4 434
1731013692120 33.4 435
1731013702264 33.4 436
1731013712398 33.4 437
1731013722524 33.4 438
1731013732663 33.4 439
1731013742797 33.4 440
1731013752921 33.4 441
1731013763049 33.4 442
1731013773169 33.4 443
1731013783249 33.4 444
1731013793384 33.4 445
1731013803504 33.4 446
1731013813631 33.4 447
1731013823755 33.4 448
1731013833888 33.4 449
1731013844024 33.4 450
1731013854149 33.4 451
1731013864296 33.4 452
1731013874424 33.4 453
1731013884551 33.4 454
1731013894677 33.4 455
1731013904816 33.4 456
1731013914934 33.7 457
1731013925338 33.2 458
1731013935464 33.2 459
1731013945588 33.2 460
1731013955705 33.1 461
1731013965828 33.1 462
1731013975948 33.1 463
1731013986078 33.1 464
1731013996202 33.1 465
1731014006347 33.1 466
1731014016476 33.1 467
1731014026596 33.1 468
1731014036737 33.1 469
1731014046860 33.1 470
1731014056984 33.1 471
1731014067066 33.1 472
1731014077150 33.1 473
