1731009299231 55.1 0
1731009309295 113.0 1
1731009319353 277.4 2
1731009329417 284.1 3
1731009339480 277.7 4
1731009349529 277.9 5
1731009359593 282.8 6
1731009369682 287.3 7
1731009379744 280.1 8
1731009389809 274.3 9
1731009399902 140.9 10
1731009409955 278.5 11
1731009420032 121.6 12
1731009430111 293.3 13
1731009440174 282.4 14
1731009450236 135.6 15
1731009460296 128.6 16
1731009470386 285.7 17
1731009480443 285.4 18
1731009490485 119.9 19
1731009500565 286.5 20
1731009510621 286.6 21
1731009520685 282.1 22
1731009530745 287.9 23
1731009540821 268.4 24
1731009550885 269.7 25
1731009560951 267.9 26
1731009571022 265.1 27
1731009581115 138.0 28
1731009591195 120.2 29
1731009601276 119.6 30
1731009611343 271.9 31
1731009621418 143.7 32
1731009631493 279.7 33
1731009641569 281.4 34
1731009651638 286.8 35
1731009661715 121.4 36
1731009671787 270.5 37
1731009681853 170.5 38
1731009691938 267.1 39
1731009702001 263.3 40
1731009712070 259.9 41
1731009722147 259.0 42
1731009732217 256.3 43
1731009742294 265.2 44
1731009752369 280.8 45
1731009762426 196.3 46
1731009772482 275.2 47
1731009782530 198.1 48
1731009792608 273.3 49
1731009802678 142.4 50
1731009812773 284.0 51
1731009822845 280.8 52
1731009832918 293.0 53
1731009842989 119.2 54
1731009853061 132.9 55
1731009863144 222.7 56
1731009873219 225.8 57
1731009883291 222.0 58
1731009893364 142.8 59
1731009903438 276.9 60
1731009913520 277.3 61
1731009923592 119.3 62
1731009933676 118.3 63
1731009943967 255.0 64
1731009954043 130.8 65
1731009964127 287.8 66
1731009974206 117.7 67
1731009984272 286.8 68
1731009994343 139.6 69
1731010004436 143.6 70
1731010014508 281.6 71
1731010024573 215.8 72
1731010034639 281.2 73
1731010044724 118.4 74
1731010054799 276.3 75
1731010064899 279.8 76
1731010074961 122.0 77
1731010085040 117.9 78
1731010095495 131.2 79
1731010105577 276.8 80
1731010115657 131.1 81
1731010125747 208.9 82
1731010135815 277.4 83
1731010145898 281.3 84
1731010155982 156.4 85
1731010166070 234.3 86
1731010176141 134.1 87
1731010186223 289.7 88
1731010196308 284.5 89
1731010206399 118.4 90
1731010216882 289.7 91
1731010226955 144.7 92
1731010237045 124.3 93
1731010247120 185.3 94
1731010257217 269.3 95
1731010267299 270.1 96
1731010277369 269.0 97
1731010287464 272.4 98
1731010297551 125.3 99
1731010307618 243.6 100
1731010317719 274.8 101
1731010327798 142.4 102
1731010337875 168.0 103
1731010347953 280.9 104
1731010358019 279.0 105
1731010368092 209.6 106
1731010378181 283.6 107
1731010388256 277.5 108
1731010398332 120.1 109
1731010408432 285.2 110
1731010418525 155.6 111
1731010428614 292.8 112
1731010438695 281.6 113
1731010448765 282.5 114
1731010458838 281.3 115
1731010468919 288.6 116
1731010478992 280.6 117
1731010489080 276.0 118
1731010499167 143.2 119
1731010509243 142.5 120
1731010519333 270.2 121
1731010529423 194.9 122
1731010539502 281.3 123
1731010549581 133.9 124
1731010559664 137.7 125
1731010569750 274.5 126
1731010579842 279.3 127
1731010589921 284.9 128
1731010600003 281.3 129
1731010610075 197.6 130
1731010620167 271.2 131
1731010630252 281.4 132
1731010640334 272.0 133
1731010650412 122.6 134
1731010660473 119.4 135
1731010670534 142.0 136
1731010680623 274.8 137
1731010690708 118.3 138
1731010700789 275.8 139
1731010710863 285.8 140
1731010720952 287.9 141
1731010731028 147.5 142
1731010741120 282.8 143
1731010751215 278.6 144
1731010761319 273.9 145
1731010771399 283.1 146
1731010781460 156.1 147
1731010791550 285.8 148
1731010801652 142.2 149
1731010811727 119.1 150
1731010821835 274.3 151
1731010831918 276.1 152
1731010842014 142.1 153
1731010852128 134.0 154
1731010862208 280.2 155
1731010872290 272.2 156
1731010882379 272.6 157
1731010892470 266.6 158
1731010902559 271.2 159
1731010912659 148.7 160
1731010922757 281.3 161
1731010932841 194.2 162
1731010942933 132.8 163
1731010953026 274.8 164
1731010963106 171.3 165
1731010973190 276.0 166
1731010983274 125.1 167
1731010993356 113.3 168
1731011003450 113.5 169
1731011013560 114.1 170
1731011023645 122.5 171
1731011033733 114.3 172
1731011043835 254.9 173
1731011053917 283.6 174
1731011064029 136.3 175
1731011074116 283.9 176
1731011084216 115.4 177
1731011094309 269.3 178
1731011104391 176.1 179
1731011114482 141.1 180
1731011124570 116.4 181
1731011134679 134.6 182
1731011144776 282.8 183
1731011154877 117.6 184
1731011164981 276.1 185
1731011175062 284.8 186
1731011185159 275.6 187
1731011195260 278.1 188
1731011205353 273.0 189
1731011215457 277.1 190
1731011225549 272.4 191
1731011235646 131.2 192
1731011245751 132.4 193
1731011255849 270.8 194
1731011265942 264.0 195
1731011276040 250.7 196
1731011286133 274.3 197
1731011296216 278.2 198
1731011306661 118.3 199
1731011316767 143.4 200
1731011326865 271.9 201
1731011336957 251.4 202
1731011347044 272.7 203
1731011357142 136.0 204
1731011367234 261.5 205
1731011377321 265.3 206
1731011387418 256.9 207
1731011397502 261.5 208
1731011407601 129.5 209
1731011417699 269.0 210
1731011427805 269.4 211
1731011438025 266.1 212
1731011448133 143.6 213
1731011458222 269.0 214
1731011468334 133.8 215
1731011478430 267.8 216
1731011488514 275.6 217
1731011498613 274.7 218
1731011508708 244.4 219
1731011518805 278.5 220
1731011528895 275.2 221
1731011538998 130.9 222
1731011549090 279.3 223
1731011559196 278.1 224
1731011569293 270.5 225
1731011579402 268.7 226
1731011589493 187.7 227
1731011599582 283.0 228
1731011609685 120.2 229
1731011619774 272.8 230
1731011629872 176.7 231
1731011639978 132.3 232
1731011650066 278.1 233
1731011660171 274.4 234
1731011670256 280.6 235
1731011680342 265.4 236
1731011690451 264.0 237
1731011700556 265.3 238
1731011710643 262.8 239
1731011720720 119.3 240
1731011730820 282.2 241
1731011740928 272.8 242
1731011751022 269.4 243
1731011761135 118.3 244
1731011771234 266.2 245
1731011781329 282.9 246
1731011791406 193.0 247
1731011801494 115.6 248
1731011811598 116.0 249
1731011821689 123.6 250
1731011831784 268.8 251
1731011841884 254.7 252
1731011851978 127.3 253
1731011862085 115.7 254
1731011872174 274.0 255
1731011882285 135.5 256
1731011892388 274.9 257
1731011902493 191.8 258
1731011912585 115.5 259
1731011922693 270.8 260
1731011932801 268.8 261
1731011942887 136.9 262
1731011952987 262.5 263
1731011963069 139.2 264
1731011973164 277.0 265
1731011983268 183.2 266
1731011993374 115.7 267
1731012003440 139.0 268
1731012013537 264.8 269
1731012023642 133.0 270
1731012033755 276.1 271
1731012043860 263.3 272
1731012053958 117.1 273
1731012064036 275.7 274
1731012074145 124.3 275
1731012084239 265.3 276
1731012094352 141.8 277
1731012104449 268.7 278
1731012114579 134.8 279
1731012124693 118.3 280
1731012134799 266.9 281
1731012144905 163.8 282
1731012154982 141.3 283
1731012165048 270.4 284
1731012175168 209.7 285
1731012185275 265.8 286
1731012195370 131.1 287
1731012205490 114.4 288
1731012215603 166.6 289
1731012225701 138.0 290
1731012235796 114.7 291
1731012245899 272.1 292
1731012256003 133.9 293
1731012266100 118.0 294
1731012276221 277.8 295
1731012286314 116.5 296
1731012296434 114.6 297
1731012306525 130.2 298
1731012316634 275.7 299
1731012326743 115.8 300
1731012336842 115.3 301
1731012346966 278.8 302
1731012357075 281.6 303
1731012367181 277.7 304
1731012377299 141.2 305
1731012387408 133.6 306
1731012397504 115.9 307
1731012407626 276.4 308
1731012417739 268.1 309
1731012427837 154.8 310
1731012437958 141.2 311
1731012448068 117.0 312
1731012458177 171.9 313
1731012468296 140.7 314
1731012478412 269.2 315
1731012488525 269.4 316
1731012498639 185.8 317
1731012508751 264.2 318
1731012518858 129.4 319
1731012528971 137.7 320
1731012539037 276.5 321
1731012549163 271.8 322
1731012559276 274.2 323
1731012569377 121.7 324
1731012579498 265.9 325
1731012589609 141.7 326
1731012599715 265.6 327
1731012609830 271.1 328
1731012619936 277.5 329
1731012630035 276.4 330
1731012640141 117.3 331
1731012650248 141.7 332
1731012660360 116.0 333
1731012670469 264.0 334
1731012680578 123.9 335
1731012690674 196.8 336
1731012700773 263.7 337
1731012710890 274.3 338
1731012720999 276.2 339
1731012731102 274.6 340
1731012741231 119.8 341
1731012751343 163.7 342
1731012761449 241.0 343
1731012771563 142.1 344
1731012781666 267.1 345
1731012791789 128.2 346
1731012801899 215.4 347
1731012812006 273.6 348
1731012822114 134.4 349
1731012832214 268.2 350
1731012842314 118.1 351
1731012852418 275.8 352
1731012862530 138.2 353
1731012872660 263.1 354
1731012882765 267.9 355
1731012892866 116.8 356
1731012902978 116.3 357
1731012913101 141.4 358
1731012923218 262.7 359
1731012933319 141.1 360
1731012943422 224.2 361
1731012953551 121.5 362
1731012963654 119.5 363
1731012973777 114.1 364
1731012983893 167.9 365
1731012993990 140.4 366
1731013004110 263.7 367
1731013014231 133.4 368
1731013024339 277.6 369
1731013034463 265.7 370
1731013044568 264.3 371
1731013054683 192.3 372
1731013064765 114.7 373
1731013074888 272.7 374
1731013085006 271.2 375
1731013095070 262.1 376
1731013105186 150.8 377
1731013115289 126.2 378
1731013125425 277.0 379
1731013135515 258.4 380
1731013145606 238.0 381
1731013155716 147.1 382
1731013165835 141.8 383
1731013175942 116.9 384
1731013186058 116.2 385
1731013196188 247.5 386
1731013206305 171.0 387
1731013216428 270.6 388
1731013226558 193.7 389
1731013236675 116.7 390
1731013246794 267.2 391
1731013256920 270.5 392
1731013267042 270.2 393
1731013277159 273.7 394
1731013287242 270.3 395
1731013297347 285.4 396
1731013307476 263.0 397
1731013317592 153.1 398
1731013327720 273.2 399
1731013337841 177.9 400
1731013347964 136.0 401
1731013358081 274.4 402
1731013368197 271.0 403
1731013378330 275.6 404
1731013388416 274.4 405
1731013398548 261.8 406
1731013408670 168.9 407
1731013418782 275.0 408
1731013428903 206.9 409
1731013439032 274.0 410
1731013449153 270.0 411
1731013459268 213.7 412
1731013469419 265.5 413
1731013479553 255.8 414
1731013489668 276.7 415
1731013499791 142.5 416
1731013509917 276.1 417
1731013520036 271.9 418
1731013530157 118.9 419
1731013540295 272.8 420
1731013550422 276.9 421
1731013560511 282.0 422
1731013570637 281.5 423
1731013580737 275.5 424
1731013590850 273.0 425
1731013600985 256.0 426
1731013611115 282.4 427
1731013621242 135.2 428
1731013631371 117.1 429
1731013641506 282.7 430
1731013651646 274.9 431
1731013661768 121.9 432
1731013671881 265.0 433
1731013682013 271.6 434
1731013692120 153.0 435
1731013702264 138.3 436
1731013712398 267.3 437
1731013722524 275.6 438
1731013732663 216.9 439
1731013742797 282.3 440
1731013752921 272.1 441
1731013763049 142.5 442
1731013773169 224.2 443
1731013783249 142.0 444
1731013793384 277.0 445
1731013803504 128.9 446
1731013813631 279.3 447
1731013823755 142.2 448
1731013833888 266.2 449
1731013844024 267.9 450
1731013854149 235.2 451
1731013864296 271.8 452
1731013874424 265.6 453
1731013884551 126.8 454
1731013894677 138.1 455
1731013904816 159.1 456
1731013914934 265.4 457
1731013925338 270.1 458
1731013935464 128.2 459
1731013945588 118.2 460
1731013955705 118.6 461
1731013965828 120.3 462
1731013975948 142.8 463
1731013986078 129.1 464
1731013996202 277.6 465
1731014006347 119.1 466
1731014016476 199.0 467
1731014026596 170.6 468
1731014036737 287.7 469
1731014046860 134.8 470
1731014056984 120.9 471
1731014067066 277.1 472
1731014077150 120.7 473
