1731009299231 0.00034600000000750697 0
1731009309295 0.04761600000000499 1
1731009319353 0.06156899999999155 2
1731009329417 0.09135699999998792 3
1731009339480 0.11590799999999035 4
1731009349529 0.1995809999999949 5
1731009359593 0.2348440000000096 6
1731009369682 0.33620899999999665 7
1731009379744 0.3585999999999956 8
1731009389809 0.3695329999999899 9
1731009399902 0.3779140000000041 10
1731009409955 0.39050000000000296 11
1731009420032 0.42876300000000356 12
1731009430111 0.4579609999999832 13
1731009440174 0.4652329999999836 14
1731009450236 0.4715750000000014 15
1731009460296 0.4793809999999894 16
1731009470386 0.4888650000000041 17
1731009480443 0.4987610000000018 18
1731009490485 0.5098999999999876 19
1731009500565 0.5250100000000089 20
1731009510621 0.5397130000000061 21
1731009520685 0.5474910000000079 22
1731009530745 0.5570629999999994 23
1731009540821 0.571173999999985 24
1731009550885 0.5813029999999912 25
1731009560951 0.5881509999999821 26
1731009571022 0.5947030000000098 27
1731009581115 0.6060980000000029 28
1731009591195 0.6148310000000095 29
1731009601276 0.62509399999999 30
1731009611343 0.6442480000000046 31
1731009621418 0.6694650000000024 32
1731009631493 0.6794789999999864 33
1731009641569 0.6860230000000058 34
1731009651638 0.6928049999999928 35
1731009661715 0.70894100000001 36
1731009671787 0.7215419999999995 37
1731009681853 0.7300539999999955 38
1731009691938 0.7397640000000081 39
1731009702001 0.7474829999999884 40
1731009712070 0.7711060000000032 41
1731009722147 0.7782059999999831 42
1731009732217 0.7847849999999994 43
1731009742294 0.7995589999999879 44
1731009752369 0.8100859999999841 45
1731009762426 0.8254479999999944 46
1731009772482 0.8342319999999859 47
1731009782530 0.8481270000000052 48
1731009792608 0.8640900000000045 49
1731009802678 0.8745399999999961 50
1731009812773 0.8902589999999861 51
1731009822845 0.9062569999999823 52
1731009832918 0.9153870000000097 53
1731009842989 0.9264890000000037 54
1731009853061 0.9365109999999959 55
1731009863144 0.9458170000000052 56
1731009873219 0.9535919999999862 57
1731009883291 0.963673 58
1731009893364 0.9787509999999884 59
1731009903438 0.9912549999999953 60
1731009913520 1.0019130000000018 61
1731009923592 1.0130299999999863 62
1731009933676 1.022548999999998 63
1731009943967 1.0327159999999935 64
1731009954043 1.0425579999999854 65
1731009964127 1.0525659999999846 66
1731009974206 1.065607 67
1731009984272 1.0737650000000087 68
1731009994343 1.081401999999997 69
1731010004436 1.098483999999985 70
1731010014508 1.1159669999999835 71
1731010024573 1.129117000000008 72
1731010034639 1.1365010000000098 73
1731010044724 1.1484389999999962 74
1731010054799 1.1583789999999965 75
1731010064899 1.173957999999999 76
1731010074961 1.183492000000001 77
1731010085040 1.191395 78
1731010095495 1.2065729999999917 79
1731010105577 1.2136610000000019 80
1731010115657 1.224774999999994 81
1731010125747 1.2395539999999983 82
1731010135815 1.2505700000000104 83
1731010145898 1.2597099999999841 84
1731010155982 1.2701569999999833 85
1731010166070 1.280033000000003 86
1731010176141 1.2896690000000035 87
1731010186223 1.2965069999999912 88
1731010196308 1.3054940000000101 89
1731010206399 1.319344000000001 90
1731010216882 1.328395999999998 91
1731010226955 1.3350519999999904 92
1731010237045 1.3429280000000006 93
1731010247120 1.3555539999999837 94
1731010257217 1.3697540000000004 95
1731010267299 1.3764139999999827 96
1731010277369 1.3913609999999892 97
1731010287464 1.4020669999999882 98
1731010297551 1.4088669999999865 99
1731010307618 1.4315369999999916 100
1731010317719 1.4394660000000101 101
1731010327798 1.4467559999999935 102
1731010337875 1.4564499999999896 103
1731010347953 1.4668000000000063 104
1731010358019 1.4811440000000005 105
1731010368092 1.4875700000000052 106
1731010378181 1.498488000000009 107
1731010388256 1.5081679999999835 108
1731010398332 1.5208889999999826 109
1731010408432 1.540331000000009 110
1731010418525 1.5468830000000082 111
1731010428614 1.5586099999999874 112
1731010438695 1.565433999999982 113
1731010448765 1.5758639999999957 114
1731010458838 1.5857200000000091 115
1731010468919 1.5929299999999955 116
1731010478992 1.5997519999999952 117
1731010489080 1.6100439999999878 118
1731010499167 1.6213219999999922 119
1731010509243 1.6349370000000079 120
1731010519333 1.6448609999999917 121
1731010529423 1.6519130000000075 122
1731010539502 1.6610829999999908 123
1731010549581 1.6695509999999842 124
1731010559664 1.6794549999999902 125
1731010569750 1.6922409999999957 126
1731010579842 1.767801999999989 127
1731010589921 1.778965999999997 128
1731010600003 1.7888379999999984 129
1731010610075 1.813020999999992 130
1731010620167 1.8234390000000076 131
1731010630252 1.8308250000000044 132
1731010640334 1.837534000000005 133
1731010650412 1.8447500000000048 134
1731010660473 1.860289999999992 135
1731010670534 1.8697019999999895 136
1731010680623 1.8789820000000077 137
1731010690708 1.8865380000000016 138
1731010700789 1.902231999999998 139
1731010710863 1.9091980000000035 140
1731010720952 1.9163179999999898 141
1731010731028 1.9258739999999932 142
1731010741120 1.9414789999999869 143
1731010751215 1.9484469999999874 144
1731010761319 1.9550119999999822 145
1731010771399 1.9651519999999891 146
1731010781460 1.9722720000000038 147
1731010791550 1.9789480000000026 148
1731010801652 1.99024399999999 149
1731010811727 1.9998099999999965 150
1731010821835 2.013604999999984 151
1731010831918 2.0204589999999882 152
1731010842014 2.0314070000000015 153
1731010852128 2.0398449999999855 154
1731010862208 2.054347000000007 155
1731010872290 2.0643069999999852 156
1731010882379 2.074157999999983 157
1731010892470 2.0890330000000006 158
1731010902559 2.106415999999996 159
1731010912659 2.129936999999984 160
1731010922757 2.1402889999999957 161
1731010932841 2.1555799999999863 162
1731010942933 2.164728999999994 163
1731010953026 2.175528999999983 164
1731010963106 2.1888370000000066 165
1731010973190 2.2039240000000007 166
1731010983274 2.218512000000004 167
1731010993356 2.2346519999999828 168
1731011003450 2.2450660000000084 169
1731011013560 2.254726000000005 170
1731011023645 2.2659960000000012 171
1731011033733 2.275447999999983 172
1731011043835 2.2872059999999976 173
1731011053917 2.307785999999993 174
1731011064029 2.315256000000005 175
1731011074116 2.325339999999983 176
1731011084216 2.33408 177
1731011094309 2.3461700000000008 178
1731011104391 2.359031999999985 179
1731011114482 2.3671950000000095 180
1731011124570 2.382298999999989 181
1731011134679 2.390312999999992 182
1731011144776 2.3977669999999875 183
1731011154877 2.406035000000003 184
1731011164981 2.416817000000009 185
1731011175062 2.4248269999999934 186
1731011185159 2.431385000000006 187
1731011195260 2.4381309999999985 188
1731011205353 2.453012000000001 189
1731011215457 2.4755209999999863 190
1731011225549 2.4841749999999934 191
1731011235646 2.4916729999999916 192
1731011245751 2.501334999999983 193
1731011255849 2.511702999999983 194
1731011265942 2.518068999999997 195
1731011276040 2.528012999999987 196
1731011286133 2.540563999999989 197
1731011296216 2.556487000000004 198
1731011306661 2.5636969999999906 199
1731011316767 2.5737570000000005 200
1731011326865 2.5834289999999953 201
1731011336957 2.595126999999991 202
1731011347044 2.605288999999999 203
1731011357142 2.6170239999999865 204
1731011367234 2.62678600000001 205
1731011377321 2.6333799999999883 206
1731011387418 2.639713999999998 207
1731011397502 2.651192000000009 208
1731011407601 2.6581740000000025 209
1731011417699 2.667429999999996 210
1731011427805 2.6822609999999827 211
1731011438025 2.6935959999999852 212
1731011448133 2.7031139999999994 213
1731011458222 2.757852999999983 214
1731011468334 2.765322999999995 215
1731011478430 2.7749629999999854 216
1731011488514 2.797194999999988 217
1731011498613 2.8034350000000074 218
1731011508708 2.8302950000000067 219
1731011518805 2.8701719999999966 220
1731011528895 2.8763079999999945 221
1731011538998 2.88712000000001 222
1731011549090 2.896771000000001 223
1731011559196 2.9130370000000028 224
1731011569293 2.920691000000005 225
1731011579402 2.9352309999999875 226
1731011589493 2.957591000000008 227
1731011599582 2.9722439999999892 228
1731011609685 2.9812969999999837 229
1731011619774 2.992705000000001 230
1731011629872 2.9995429999999885 231
1731011639978 3.007222999999982 232
1731011650066 3.0170770000000005 233
1731011660171 3.0499639999999886 234
1731011670256 3.0609350000000006 235
1731011680342 3.0734469999999874 236
1731011690451 3.0802750000000003 237
1731011700556 3.090551000000005 238
1731011710643 3.101350999999994 239
1731011720720 3.1099240000000066 240
1731011730820 3.121231999999992 241
1731011740928 3.133239000000003 242
1731011751022 3.1431129999999996 243
1731011761135 3.150706999999983 244
1731011771234 3.1635129999999947 245
1731011781329 3.173825999999991 246
1731011791406 3.1926789999999983 247
1731011801494 3.2035809999999856 248
1731011811598 3.2269249999999943 249
1731011821689 3.245732000000004 250
1731011831784 3.2543959999999856 251
1731011841884 3.2651089999999954 252
1731011851978 3.275371000000007 253
1731011862085 3.2839030000000093 254
1731011872174 3.2951970000000017 255
1731011882285 3.306713000000002 256
1731011892388 3.3168799999999976 257
1731011902493 3.3379329999999925 258
1731011912585 3.3501469999999927 259
1731011922693 3.3594190000000026 260
1731011932801 3.3695789999999874 261
1731011942887 3.3834090000000003 262
1731011952987 3.391428999999988 263
1731011963069 3.402456000000001 264
1731011973164 3.4157710000000066 265
1731011983268 3.4256010000000003 266
1731011993374 3.435170999999997 267
1731012003440 3.444389000000001 268
1731012013537 3.4537310000000048 269
1731012023642 3.4647819999999854 270
1731012033755 3.4743919999999946 271
1731012043860 3.483885999999984 272
1731012053958 3.499420999999984 273
1731012064036 3.516176999999999 274
1731012074145 3.523522999999983 275
1731012084239 3.538562999999982 276
1731012094352 3.546416999999991 277
1731012104449 3.556506999999982 278
1731012114579 3.5800590000000057 279
1731012124693 3.5908749999999827 280
1731012134799 3.602519000000001 281
1731012144905 3.612636000000009 282
1731012154982 3.6232300000000066 283
1731012165048 3.635801999999984 284
1731012175168 3.6509100000000103 285
1731012185275 3.6632820000000095 286
1731012195370 3.6790220000000033 287
1731012205490 3.6938849999999945 288
1731012215603 3.706506999999988 289
1731012225701 3.7166929999999923 290
1731012235796 3.724328999999983 291
1731012245899 3.7337750000000085 292
1731012256003 3.745297999999991 293
1731012266100 3.756304 294
1731012276221 3.7680640000000096 295
1731012286314 3.7813250000000096 296
1731012296434 3.7923789999999826 297
1731012306525 3.802929000000006 298
1731012316634 3.809955000000002 299
1731012326743 3.8205529999999897 300
1731012336842 3.832448999999997 301
1731012346966 3.8435790000000054 302
1731012357075 3.856938999999983 303
1731012367181 3.8675879999999836 304
1731012377299 3.9134630000000072 305
1731012387408 3.924086999999986 306
1731012397504 3.931159000000008 307
1731012407626 3.941744 308
1731012417739 3.9684310000000096 309
1731012427837 3.9788529999999867 310
1731012437958 3.990965999999986 311
1731012448068 4.001698000000005 312
1731012458177 4.0129619999999875 313
1731012468296 4.021501999999998 314
1731012478412 4.030079999999998 315
1731012488525 4.036866000000003 316
1731012498639 4.053539999999998 317
1731012508751 4.063833999999986 318
1731012518858 4.075774999999993 319
1731012528971 4.085293000000007 320
1731012539037 4.098816999999997 321
1731012549163 4.105591000000004 322
1731012559276 4.116524999999996 323
1731012569377 4.127770999999996 324
1731012579498 4.136834999999991 325
1731012589609 4.147756999999984 326
1731012599715 4.164479 327
1731012609830 4.171620999999988 328
1731012619936 4.181572999999986 329
1731012630035 4.191576999999995 330
1731012640141 4.200990999999988 331
1731012650248 4.209505000000007 332
1731012660360 4.224896999999999 333
1731012670469 4.237052000000006 334
1731012680578 4.244957999999997 335
1731012690674 4.261738000000008 336
1731012700773 4.270552000000009 337
1731012710890 4.292688999999996 338
1731012720999 4.305491999999987 339
1731012731102 4.315258 340
1731012741231 4.324163999999996 341
1731012751343 4.344704000000007 342
1731012761449 4.3546440000000075 343
1731012771563 4.362341999999984 344
1731012781666 4.3752680000000055 345
1731012791789 4.382834000000003 346
1731012801899 4.398783000000009 347
1731012812006 4.407891000000006 348
1731012822114 4.419381999999985 349
1731012832214 4.426580000000001 350
1731012842314 4.438721999999984 351
1731012852418 4.446436000000006 352
1731012862530 4.4671749999999975 353
1731012872660 4.476841000000007 354
1731012882765 4.4871359999999925 355
1731012892866 4.496415999999982 356
1731012902978 4.512744999999995 357
1731012913101 4.526510999999999 358
1731012923218 4.539142999999996 359
1731012933319 4.549646999999993 360
1731012943422 4.562711000000007 361
1731012953551 4.573718999999983 362
1731012963654 4.586049000000003 363
1731012973777 4.597098999999986 364
1731012983893 4.613801999999993 365
1731012993990 4.624709999999993 366
1731013004110 4.6472770000000025 367
1731013014231 4.6726639999999975 368
1731013024339 4.684341999999987 369
1731013034463 4.694602000000003 370
1731013044568 4.704796999999985 371
1731013054683 4.722847000000002 372
1731013064765 4.731043999999997 373
1731013074888 4.743705000000006 374
1731013085006 4.753931999999992 375
1731013095070 4.769941999999986 376
1731013105186 4.78655599999999 377
1731013115289 4.79583199999999 378
1731013125425 4.80619999999999 379
1731013135515 4.822699 380
1731013145606 4.834633999999994 381
1731013155716 4.848296000000005 382
1731013165835 4.856178 383
1731013175942 4.8665029999999945 384
1731013186058 4.876477999999992 385
1731013196188 4.886310000000009 386
1731013206305 4.896113999999983 387
1731013216428 4.910545999999982 388
1731013226558 4.924215000000004 389
1731013236675 4.93198000000001 390
1731013246794 4.9405260000000055 391
1731013256920 4.956906000000004 392
1731013267042 4.968468000000001 393
1731013277159 4.9787919999999986 394
1731013287242 4.996647999999993 395
1731013297347 5.006855000000002 396
1731013307476 5.013792999999993 397
1731013317592 5.035406999999992 398
1731013327720 5.044538999999986 399
1731013337841 5.055800000000005 400
1731013347964 5.065550000000002 401
1731013358081 5.081009999999992 402
1731013368197 5.099452999999983 403
1731013378330 5.113766999999996 404
1731013388416 5.120011000000005 405
1731013398548 5.131950999999987 406
1731013408670 5.140318000000008 407
1731013418782 5.150119999999987 408
1731013428903 5.157260000000008 409
1731013439032 5.166753999999997 410
1731013449153 5.182065999999992 411
1731013459268 5.192791 412
1731013469419 5.2024159999999995 413
1731013479553 5.212771000000004 414
1731013489668 5.219841000000002 415
1731013499791 5.231285999999983 416
1731013509917 5.240459999999985 417
1731013520036 5.251518000000004 418
1731013530157 5.265206000000006 419
1731013540295 5.275634999999994 420
1731013550422 5.281836999999996 421
1731013560511 5.292171999999994 422
1731013570637 5.302391 423
1731013580737 5.3159200000000055 424
1731013590850 5.329242999999991 425
1731013600985 5.343538999999993 426
1731013611115 5.361186000000004 427
1731013621242 5.3785159999999905 428
1731013631371 5.388697000000008 429
1731013641506 5.3990149999999915 430
1731013651646 5.405666999999994 431
1731013661768 5.421584999999993 432
1731013671881 5.4331479999999885 433
1731013682013 5.443210999999991 434
1731013692120 5.453113999999999 435
1731013702264 5.467083000000002 436
1731013712398 5.477033000000006 437
1731013722524 5.487436000000002 438
1731013732663 5.498074000000003 439
1731013742797 5.510887999999994 440
1731013752921 5.52609799999999 441
1731013763049 5.533855999999986 442
1731013773169 5.546282999999988 443
1731013783249 5.5574709999999925 444
1731013793384 5.566707000000008 445
1731013803504 5.57761099999999 446
1731013813631 5.587355000000002 447
1731013823755 5.597964999999988 448
1731013833888 5.612018000000006 449
1731013844024 5.624183999999985 450
1731013854149 5.635395999999986 451
1731013864296 5.647357999999997 452
1731013874424 5.661319999999989 453
1731013884551 5.669918999999993 454
1731013894677 5.6790320000000065 455
1731013904816 5.696115999999989 456
1731013914934 5.720359000000002 457
1731013925338 5.822324000000009 458
1731013935464 5.926580999999999 459
1731013945588 6.02678499999999 460
1731013955705 6.044290999999987 461
1731013965828 6.052813999999984 462
1731013975948 6.065199000000007 463
1731013986078 6.081954999999994 464
1731013996202 6.096640000000008 465
1731014006347 6.108825999999993 466
1731014016476 6.11660599999999 467
1731014026596 6.124710999999991 468
1731014036737 6.1373319999999865 469
1731014046860 6.144434999999987 470
1731014056984 6.155290000000008 471
1731014067066 6.169555000000003 472
1731014077150 6.178081999999989 473
