1731009299231 0.000345999999808555 0
1731009309295 0.04332399999975678 1
1731009319353 0.06881799999973737 2
1731009329417 0.11770599999999831 3
1731009339480 0.14979099999982282 4
1731009349529 0.23671999999987747 5
1731009359593 0.27281300000004194 6
1731009369682 0.3762149999997746 7
1731009379744 0.39827599999989616 8
1731009389809 0.40750900000011825 9
1731009399902 0.41648299999997107 10
1731009409955 0.42556599999988975 11
1731009420032 0.45288699999991877 12
1731009430111 0.4970149999999194 13
1731009440174 0.5051129999997102 14
1731009450236 0.5118959999999788 15
1731009460296 0.5203639999999723 16
1731009470386 0.5303799999996954 17
1731009480443 0.5407350000000406 18
1731009490485 0.5524499999996806 19
1731009500565 0.6177499999998872 20
1731009510621 0.6370109999998022 21
1731009520685 0.6449279999997088 22
1731009530745 0.6551919999997153 23
1731009540821 0.668275999999878 24
1731009550885 0.6790339999997741 25
1731009560951 0.6864239999999882 26
1731009571022 0.6935499999999593 27
1731009581115 0.7093979999999647 28
1731009591195 0.7187049999997726 29
1731009601276 0.7297810000000027 30
1731009611343 0.7634410000000571 31
1731009621418 0.797563000000082 32
1731009631493 0.8081609999999273 33
1731009641569 0.815309999999954 34
1731009651638 0.8228909999997995 35
1731009661715 0.8420249999999214 36
1731009671787 0.8559620000000905 37
1731009681853 0.8648800000000847 38
1731009691938 0.8749979999997777 39
1731009702001 0.8832600000000639 40
1731009712070 0.912851000000046 41
1731009722147 0.9204819999999927 42
1731009732217 0.9278359999998429 43
1731009742294 0.9476279999998951 44
1731009752369 0.9586879999997109 45
1731009762426 0.9910449999997581 46
1731009772482 1.0003429999997024 47
1731009782530 1.0133489999998346 48
1731009792608 1.079175999999734 49
1731009802678 1.0900630000001001 50
1731009812773 1.1108140000001185 51
1731009822845 1.134400999999798 52
1731009832918 1.1440680000000611 53
1731009842989 1.1557029999999031 54
1731009853061 1.1663699999999153 55
1731009863144 1.176285999999891 56
1731009873219 1.1847569999999905 57
1731009883291 1.195220000000063 58
1731009893364 1.2149839999997312 59
1731009903438 1.2264209999998457 60
1731009913520 1.2379359999999906 61
1731009923592 1.2495960000001105 62
1731009933676 1.2595830000000205 63
1731009943967 1.2705080000000635 64
1731009954043 1.2807889999999134 65
1731009964127 1.2913849999999911 66
1731009974206 1.3092910000000302 67
1731009984272 1.3179059999997662 68
1731009994343 1.3262329999997746 69
1731010004436 1.3465299999998024 70
1731010014508 1.3671469999999317 71
1731010024573 1.37964299999976 72
1731010034639 1.3878789999998844 73
1731010044724 1.4043849999998201 74
1731010054799 1.4148869999999079 75
1731010064899 1.4353699999996934 76
1731010074961 1.4453379999999925 77
1731010085040 1.4536779999998544 78
1731010095495 1.51930399999992 79
1731010105577 1.5269309999998768 80
1731010115657 1.5385980000000927 81
1731010125747 1.5579749999997148 82
1731010135815 1.5689539999998487 83
1731010145898 1.5778589999999895 84
1731010155982 1.5890850000000682 85
1731010166070 1.5995319999997264 86
1731010176141 1.6108930000000328 87
1731010186223 1.619064999999864 88
1731010196308 1.6268949999998767 89
1731010206399 1.6471050000000105 90
1731010216882 1.6567939999999908 91
1731010226955 1.6639639999998508 92
1731010237045 1.6725689999998394 93
1731010247120 1.6857589999999618 94
1731010257217 1.6991039999998065 95
1731010267299 1.7062959999998384 96
1731010277369 1.7265760000000228 97
1731010287464 1.737916000000041 98
1731010297551 1.7452299999999923 99
1731010307618 1.77336699999978 100
1731010317719 1.7824059999998099 101
1731010327798 1.7907759999998234 102
1731010337875 1.8012049999997544 103
1731010347953 1.8121769999997923 104
1731010358019 1.8311539999999695 105
1731010368092 1.8379970000000867 106
1731010378181 1.8478719999998248 107
1731010388256 1.8585920000000442 108
1731010398332 1.9216899999996713 109
1731010408432 1.9410619999998744 110
1731010418525 1.948127999999997 111
1731010428614 1.9648779999997714 112
1731010438695 1.972244000000046 113
1731010448765 1.9831679999997505 114
1731010458838 1.993539999999939 115
1731010468919 2.0015370000000985 116
1731010478992 2.009248999999727 117
1731010489080 2.020035000000007 118
1731010499167 2.030695999999807 119
1731010509243 2.0489769999999226 120
1731010519333 2.059476999999788 121
1731010529423 2.0697979999999916 122
1731010539502 2.0805620000001 123
1731010549581 2.089238000000023 124
1731010559664 2.099652999999762 125
1731010569750 2.1130639999996674 126
1731010579842 2.148474999999962 127
1731010589921 2.1643669999998565 128
1731010600003 2.175061999999798 129
1731010610075 2.205486999999721 130
1731010620167 2.214845999999852 131
1731010630252 2.2227640000000974 132
1731010640334 2.230047000000013 133
1731010650412 2.237699999999677 134
1731010660473 2.257661999999982 135
1731010670534 2.267587999999705 136
1731010680623 2.2774239999998827 137
1731010690708 2.2854480000000876 138
1731010700789 2.3512769999997545 139
1731010710863 2.3588660000000345 140
1731010720952 2.366473000000042 141
1731010731028 2.376542999999856 142
1731010741120 2.395485000000008 143
1731010751215 2.402889999999843 144
1731010761319 2.4101019999998243 145
1731010771399 2.420932999999877 146
1731010781460 2.428715000000011 147
1731010791550 2.4359089999998105 148
1731010801652 2.447726999999759 149
1731010811727 2.4579140000000734 150
1731010821835 2.487177999999858 151
1731010831918 2.494822000000113 152
1731010842014 2.507984999999735 153
1731010852128 2.522942999999941 154
1731010862208 2.536913999999797 155
1731010872290 2.547580999999809 156
1731010882379 2.558230999999978 157
1731010892470 2.5776539999997112 158
1731010902559 2.59857299999976 159
1731010912659 2.6284139999997933 160
1731010922757 2.639220000000023 161
1731010932841 2.6635040000001027 162
1731010942933 2.673146000000088 163
1731010953026 2.684425999999803 164
1731010963106 2.698337999999694 165
1731010973190 2.7184199999996963 166
1731010983274 2.7319629999997233 167
1731010993356 2.798123999999916 168
1731011003450 2.809034999999767 169
1731011013560 2.8192089999997734 170
1731011023645 2.8311069999999745 171
1731011033733 2.841081999999915 172
1731011043835 2.8536149999999907 173
1731011053917 2.882122999999865 174
1731011064029 2.8900439999997616 175
1731011074116 2.9010840000000826 176
1731011084216 2.910483000000113 177
1731011094309 2.922665000000052 178
1731011104391 2.934914999999819 179
1731011114482 2.944246000000021 180
1731011124570 2.963995999999952 181
1731011134679 2.9725899999998546 182
1731011144776 2.9806359999997767 183
1731011154877 2.989321000000018 184
1731011164981 3.001619000000119 185
1731011175062 3.0106980000000476 186
1731011185159 3.0179779999998573 187
1731011195260 3.0251549999998133 188
1731011205353 3.0468160000000353 189
1731011215457 3.074611999999888 190
1731011225549 3.0832860000000437 191
1731011235646 3.091703999999936 192
1731011245751 3.1020909999997457 193
1731011255849 3.113286999999673 194
1731011265942 3.120539000000008 195
1731011276040 3.1311289999998735 196
1731011286133 3.1482120000000577 197
1731011296216 3.2142100000000937 198
1731011306661 3.222070999999687 199
1731011316767 3.2329259999996793 200
1731011326865 3.2585799999997107 201
1731011336957 3.2700449999997545 202
1731011347044 3.2804849999997714 203
1731011357142 3.297338999999738 204
1731011367234 3.3078169999998863 205
1731011377321 3.315306999999848 206
1731011387418 3.322591999999986 207
1731011397502 3.334468999999899 208
1731011407601 3.3420689999998103 209
1731011417699 3.3518239999998514 210
1731011427805 3.3677379999999175 211
1731011438025 3.383476999999857 212
1731011448133 3.39354800000001 213
1731011458222 3.4589139999998224 214
1731011468334 3.467059000000063 215
1731011478430 3.477360999999746 216
1731011488514 3.504541999999674 217
1731011498613 3.5112959999996747 218
1731011508708 3.548080000000027 219
1731011518805 3.5908119999999144 220
1731011528895 3.597461999999723 221
1731011538998 3.6092459999999846 222
1731011549090 3.6195020000000113 223
1731011559196 3.6513959999997496 224
1731011569293 3.659765999999763 225
1731011579402 3.6813509999997223 226
1731011589493 3.7053729999997813 227
1731011599582 3.7706279999997605 228
1731011609685 3.780091999999968 229
1731011619774 3.792073999999957 230
1731011629872 3.7997059999997873 231
1731011639978 3.8079130000000987 232
1731011650066 3.8183389999999235 233
1731011660171 3.866407999999865 234
1731011670256 3.88196999999991 235
1731011680342 3.9031420000001162 236
1731011690451 3.9106219999998757 237
1731011700556 3.9198599999999715 238
1731011710643 3.931506999999783 239
1731011720720 3.9406159999998636 240
1731011730820 3.952401000000009 241
1731011740928 3.9696969999999965 242
1731011751022 3.9804850000000442 243
1731011761135 3.9886529999998857 244
1731011771234 4.001936000000114 245
1731011781329 4.013014999999996 246
1731011791406 4.070009999999911 247
1731011801494 4.081470000000081 248
1731011811598 4.110965999999735 249
1731011821689 4.132865000000038 250
1731011831784 4.142413999999917 251
1731011841884 4.154430999999931 252
1731011851978 4.165336999999909 253
1731011862085 4.17432400000007 254
1731011872174 4.186196999999993 255
1731011882285 4.198680999999851 256
1731011892388 4.208537999999862 257
1731011902493 4.283810999999787 258
1731011912585 4.296810999999707 259
1731011922693 4.309686000000056 260
1731011932801 4.32061799999974 261
1731011942887 4.333592999999837 262
1731011952987 4.3417819999999665 263
1731011963069 4.353548000000046 264
1731011973164 4.37228099999993 265
1731011983268 4.383034999999836 266
1731011993374 4.3931290000000445 267
1731012003440 4.402923000000101 268
1731012013537 4.412784999999985 269
1731012023642 4.424420999999711 270
1731012033755 4.434545000000071 271
1731012043860 4.444570999999996 272
1731012053958 4.465468999999757 273
1731012064036 4.481442999999672 274
1731012074145 4.489575999999943 275
1731012084239 4.5090439999999035 276
1731012094352 4.518170999999711 277
1731012104449 4.528754999999819 278
1731012114579 4.5584249999997155 279
1731012124693 4.570071000000098 280
1731012134799 4.586273999999776 281
1731012144905 4.596888000000035 282
1731012154982 4.608764000000065 283
1731012165048 4.6221190000001116 284
1731012175168 4.636991999999736 285
1731012185275 4.649196999999731 286
1731012195370 4.7149730000001 287
1731012205490 4.734478999999737 288
1731012215603 4.747538000000077 289
1731012225701 4.758280000000013 290
1731012235796 4.766243999999915 291
1731012245899 4.776144999999815 292
1731012256003 4.788113000000067 293
1731012266100 4.7995529999998325 294
1731012276221 4.81203800000003 295
1731012286314 4.829721999999947 296
1731012296434 4.840095000000019 297
1731012306525 4.850767999999789 298
1731012316634 4.858965999999782 299
1731012326743 4.870508999999856 300
1731012336842 4.883194999999887 301
1731012346966 4.895042999999987 302
1731012357075 4.90915700000005 303
1731012367181 4.924692999999934 304
1731012377299 4.957226999999875 305
1731012387408 4.9690019999998185 306
1731012397504 4.976658999999927 307
1731012407626 4.988585000000057 308
1731012417739 5.019330000000082 309
1731012427837 5.030644999999822 310
1731012437958 5.0501939999999195 311
1731012448068 5.061997999999676 312
1731012458177 5.073775999999725 313
1731012468296 5.082797000000028 314
1731012478412 5.09188899999981 315
1731012488525 5.099431000000095 316
1731012498639 5.166157999999996 317
1731012508751 5.1770839999999225 318
1731012518858 5.193580000000111 319
1731012528971 5.2034749999997985 320
1731012539037 5.2156559999998535 321
1731012549163 5.222961999999825 322
1731012559276 5.234766000000036 323
1731012569377 5.246650000000045 324
1731012579498 5.256227999999737 325
1731012589609 5.267773999999918 326
1731012599715 5.288865999999871 327
1731012609830 5.29676500000005 328
1731012619936 5.309718999999859 329
1731012630035 5.320392999999967 330
1731012640141 5.33037400000012 331
1731012650248 5.3394100000000435 332
1731012660360 5.35391699999991 333
1731012670469 5.3708379999998215 334
1731012680578 5.3795249999998305 335
1731012690674 5.397519000000102 336
1731012700773 5.407153000000108 337
1731012710890 5.430403999999726 338
1731012720999 5.448930999999902 339
1731012731102 5.459757999999965 340
1731012741231 5.469720000000052 341
1731012751343 5.497656000000006 342
1731012761449 5.5088120000000345 343
1731012771563 5.517706000000089 344
1731012781666 5.52956499999982 345
1731012791789 5.537620000000061 346
1731012801899 5.603138999999828 347
1731012812006 5.612714999999753 348
1731012822114 5.628582999999708 349
1731012832214 5.636590000000069 350
1731012842314 5.649345999999696 351
1731012852418 5.6575229999998555 352
1731012862530 5.677783999999974 353
1731012872660 5.687893999999687 354
1731012882765 5.702608000000055 355
1731012892866 5.712579999999889 356
1731012902978 5.731759999999667 357
1731012913101 5.745902999999998 358
1731012923218 5.75910900000008 359
1731012933319 5.770200999999815 360
1731012943422 5.78386300000011 361
1731012953551 5.795431000000008 362
1731012963654 5.808322999999746 363
1731012973777 5.8199469999999565 364
1731012983893 5.841251999999713 365
1731012993990 5.852853999999752 366
1731013004110 5.873783000000003 367
1731013014231 5.905077999999776 368
1731013024339 5.915680000000066 369
1731013034463 5.9262079999998605 370
1731013044568 5.937019999999848 371
1731013054683 5.959569000000101 372
1731013064765 5.969293000000107 373
1731013074888 5.982748999999785 374
1731013085006 5.99341000000004 375
1731013095070 6.059643999999935 376
1731013105186 6.077338999999938 377
1731013115289 6.087188999999853 378
1731013125425 6.097991000000093 379
1731013135515 6.119877000000088 380
1731013145606 6.1316649999998845 381
1731013155716 6.145954000000074 382
1731013165835 6.1544340000000375 383
1731013175942 6.165226000000075 384
1731013186058 6.175668999999743 385
1731013196188 6.1862599999999475 386
1731013206305 6.196664999999939 387
1731013216428 6.215654000000086 388
1731013226558 6.229777000000013 389
1731013236675 6.237978999999996 390
1731013246794 6.247149999999692 391
1731013256920 6.263030999999955 392
1731013267042 6.27918099999988 393
1731013277159 6.291065999999773 394
1731013287242 6.3264289999997345 395
1731013297347 6.337748999999803 396
1731013307476 6.346078000000034 397
1731013317592 6.374288999999862 398
1731013327720 6.384113999999954 399
1731013337841 6.395853999999872 400
1731013347964 6.40606600000001 401
1731013358081 6.43767600000001 402
1731013368197 6.4609629999999925 403
1731013378330 6.4739660000000185 404
1731013388416 6.480741999999736 405
1731013398548 6.5424909999997 406
1731013408670 6.551297999999861 407
1731013418782 6.561646999999994 408
1731013428903 6.569347999999991 409
1731013439032 6.583313000000089 410
1731013449153 6.603533999999854 411
1731013459268 6.614705999999842 412
1731013469419 6.625208999999813 413
1731013479553 6.636391000000003 414
1731013489668 6.643974999999955 415
1731013499791 6.654786999999942 416
1731013509917 6.664738999999827 417
1731013520036 6.680703999999878 418
1731013530157 6.69747899999993 419
1731013540295 6.7086779999999635 420
1731013550422 6.715541999999914 421
1731013560511 6.72660199999973 422
1731013570637 6.737948999999844 423
1731013580737 6.7523590000000695 424
1731013590850 6.766579999999976 425
1731013600985 6.785382000000027 426
1731013611115 6.8057739999999285 427
1731013621242 6.825092000000041 428
1731013631371 6.835786999999982 429
1731013641506 6.846823999999742 430
1731013651646 6.854649999999765 431
1731013661768 6.874931999999717 432
1731013671881 6.891123999999763 433
1731013682013 6.901663000000099 434
1731013692120 6.912070999999742 435
1731013702264 6.975967999999739 436
1731013712398 6.986413000000084 437
1731013722524 6.9975469999999405 438
1731013732663 7.008698999999979 439
1731013742797 7.0205479999999625 440
1731013752921 7.040328000000045 441
1731013763049 7.04860299999973 442
1731013773169 7.061619000000064 443
1731013783249 7.073402999999871 444
1731013793384 7.083662999999888 445
1731013803504 7.095140999999785 446
1731013813631 7.105360999999903 447
1731013823755 7.116563999999926 448
1731013833888 7.13509299999987 449
1731013844024 7.155623999999989 450
1731013854149 7.166928000000098 451
1731013864296 7.178360999999768 452
1731013874424 7.193162000000029 453
1731013884551 7.202468999999837 454
1731013894677 7.21216000000004 455
1731013904816 7.233730999999807 456
1731013914934 7.264012000000093 457
1731013925338 7.366661999999906 458
1731013935464 7.478031000000101 459
1731013945588 7.580152999999882 460
1731013955705 7.594540000000052 461
1731013965828 7.603685000000041 462
1731013975948 7.615900999999667 463
1731013986078 7.636716999999862 464
1731013996202 7.70163999999977 465
1731014006347 7.7147219999997105 466
1731014016476 7.724075999999968 467
1731014026596 7.732694999999694 468
1731014036737 7.745911999999862 469
1731014046860 7.753905999999915 470
1731014056984 7.766344000000117 471
1731014067066 7.785066999999799 472
1731014077150 7.794362000000092 473
