1731009299231 24.4 0
1731009309295 55.0 1
1731009319353 59.7 2
1731009329417 63.1 3
1731009339480 66.7 4
1731009349529 70.1 5
1731009359593 58.8 6
1731009369682 62.5 7
1731009379744 65.9 8
1731009389809 69.2 9
1731009399902 72.0 10
1731009409955 60.3 11
1731009420032 63.2 12
1731009430111 66.2 13
1731009440174 69.8 14
1731009450236 73.5 15
1731009460296 63.4 16
1731009470386 63.6 17
1731009480443 65.5 18
1731009490485 69.5 19
1731009500565 69.5 20
1731009510621 72.1 21
1731009520685 59.2 22
1731009530745 61.3 23
1731009540821 63.7 24
1731009550885 65.4 25
1731009560951 68.5 26
1731009571022 71.4 27
1731009581115 73.4 28
1731009591195 60.5 29
1731009601276 62.4 30
1731009611343 65.4 31
1731009621418 63.2 32
1731009631493 69.5 33
1731009641569 73.0 34
1731009651638 60.3 35
1731009661715 63.4 36
1731009671787 64.8 37
1731009681853 67.3 38
1731009691938 69.6 39
1731009702001 72.4 40
1731009712070 74.2 41
1731009722147 60.6 42
1731009732217 63.5 43
1731009742294 65.6 44
1731009752369 67.0 45
1731009762426 70.2 46
1731009772482 72.3 47
1731009782530 87.6 48
1731009792608 60.1 49
1731009802678 61.9 50
1731009812773 63.3 51
1731009822845 66.8 52
1731009832918 69.7 53
1731009842989 73.6 54
1731009853061 72.6 55
1731009863144 83.9 56
1731009873219 61.3 57
1731009883291 63.6 58
1731009893364 64.9 59
1731009903438 66.7 60
1731009913520 69.2 61
1731009923592 66.1 62
1731009933676 77.9 63
1731009943967 74.4 64
1731009954043 75.8 65
1731009964127 62.1 66
1731009974206 63.3 67
1731009984272 66.2 68
1731009994343 69.1 69
1731010004436 65.8 70
1731010014508 74.1 71
1731010024573 84.7 72
1731010034639 62.9 73
1731010044724 64.8 74
1731010054799 67.9 75
1731010064899 70.0 76
1731010074961 72.4 77
1731010085040 73.2 78
1731010095495 74.9 79
1731010105577 63.0 80
1731010115657 64.2 81
1731010125747 66.3 82
1731010135815 68.5 83
1731010145898 72.1 84
1731010155982 74.0 85
1731010166070 75.4 86
1731010176141 75.8 87
1731010186223 64.1 88
1731010196308 68.0 89
1731010206399 74.2 90
1731010216882 72.3 91
1731010226955 75.9 92
1731010237045 65.6 93
1731010247120 64.4 94
1731010257217 65.6 95
1731010267299 68.8 96
1731010277369 70.7 97
1731010287464 72.4 98
1731010297551 71.4 99
1731010307618 61.6 100
1731010317719 64.6 101
1731010327798 67.6 102
1731010337875 70.1 103
1731010347953 71.9 104
1731010358019 73.8 105
1731010368092 61.1 106
1731010378181 64.7 107
1731010388256 66.4 108
1731010398332 75.2 109
1731010408432 72.2 110
1731010418525 90.2 111
1731010428614 63.6 112
1731010438695 67.4 113
1731010448765 69.5 114
1731010458838 71.5 115
1731010468919 75.0 116
1731010478992 62.6 117
1731010489080 64.9 118
1731010499167 67.3 119
1731010509243 69.1 120
1731010519333 71.2 121
1731010529423 73.7 122
1731010539502 76.2 123
1731010549581 62.0 124
1731010559664 61.1 125
1731010569750 65.5 126
1731010579842 68.6 127
1731010589921 72.1 128
1731010600003 74.5 129
1731010610075 88.8 130
1731010620167 63.4 131
1731010630252 66.8 132
1731010640334 70.0 133
1731010650412 72.7 134
1731010660473 72.5 135
1731010670534 72.9 136
1731010680623 62.4 137
1731010690708 71.1 138
1731010700789 68.0 139
1731010710863 71.5 140
1731010720952 75.1 141
1731010731028 91.0 142
1731010741120 63.7 143
1731010751215 67.2 144
1731010761319 70.8 145
1731010771399 73.2 146
1731010781460 91.8 147
1731010791550 63.9 148
1731010801652 64.8 149
1731010811727 69.4 150
1731010821835 70.2 151
1731010831918 73.7 152
1731010842014 75.3 153
1731010852128 76.7 154
1731010862208 63.5 155
1731010872290 65.4 156
1731010882379 66.7 157
1731010892470 68.7 158
1731010902559 70.9 159
1731010912659 72.8 160
1731010922757 75.2 161
1731010932841 76.4 162
1731010942933 76.7 163
1731010953026 63.2 164
1731010963106 64.5 165
1731010973190 66.4 166
1731010983274 73.9 167
1731010993356 68.9 168
1731011003450 70.3 169
1731011013560 72.0 170
1731011023645 72.8 171
1731011033733 75.0 172
1731011043835 76.4 173
1731011053917 77.4 174
1731011064029 63.7 175
1731011074116 66.7 176
1731011084216 68.7 177
1731011094309 70.6 178
1731011104391 72.5 179
1731011114482 75.1 180
1731011124570 76.4 181
1731011134679 77.7 182
1731011144776 65.8 183
1731011154877 67.9 184
1731011164981 69.6 185
1731011175062 73.0 186
1731011185159 76.4 187
1731011195260 64.0 188
1731011205353 66.7 189
1731011215457 70.1 190
1731011225549 73.4 191
1731011235646 76.0 192
1731011245751 73.8 193
1731011255849 62.1 194
1731011265942 65.0 195
1731011276040 66.9 196
1731011286133 70.1 197
1731011296216 71.9 198
1731011306661 75.9 199
1731011316767 76.2 200
1731011326865 63.4 201
1731011336957 66.7 202
1731011347044 68.9 203
1731011357142 71.2 204
1731011367234 73.1 205
1731011377321 76.1 206
1731011387418 63.3 207
1731011397502 64.8 208
1731011407601 72.3 209
1731011417699 69.8 210
1731011427805 72.5 211
1731011438025 75.2 212
1731011448133 76.2 213
1731011458222 63.5 214
1731011468334 60.2 215
1731011478430 68.3 216
1731011488514 71.8 217
1731011498613 75.0 218
1731011508708 62.5 219
1731011518805 65.1 220
1731011528895 68.3 221
1731011538998 70.5 222
1731011549090 72.5 223
1731011559196 75.3 224
1731011569293 62.8 225
1731011579402 66.0 226
1731011589493 69.0 227
1731011599582 70.9 228
1731011609685 73.7 229
1731011619774 75.0 230
1731011629872 61.8 231
1731011639978 60.6 232
1731011650066 67.2 233
1731011660171 69.5 234
1731011670256 72.8 235
1731011680342 75.9 236
1731011690451 63.2 237
1731011700556 66.2 238
1731011710643 67.9 239
1731011720720 69.8 240
1731011730820 71.5 241
1731011740928 74.5 242
1731011751022 76.5 243
1731011761135 65.3 244
1731011771234 62.8 245
1731011781329 64.4 246
1731011791406 66.2 247
1731011801494 67.4 248
1731011811598 67.1 249
1731011821689 71.1 250
1731011831784 73.5 251
1731011841884 75.3 252
1731011851978 77.0 253
1731011862085 63.4 254
1731011872174 65.0 255
1731011882285 66.5 256
1731011892388 68.1 257
1731011902493 68.9 258
1731011912585 71.8 259
1731011922693 72.9 260
1731011932801 74.7 261
1731011942887 76.8 262
1731011952987 62.7 263
1731011963069 63.2 264
1731011973164 65.6 265
1731011983268 68.5 266
1731011993374 70.2 267
1731012003440 76.2 268
1731012013537 75.5 269
1731012023642 74.1 270
1731012033755 61.9 271
1731012043860 63.8 272
1731012053958 68.2 273
1731012064036 67.0 274
1731012074145 75.4 275
1731012084239 71.3 276
1731012094352 73.3 277
1731012104449 76.4 278
1731012114579 62.2 279
1731012124693 63.8 280
1731012134799 66.4 281
1731012144905 68.3 282
1731012154982 69.8 283
1731012165048 70.7 284
1731012175168 71.6 285
1731012185275 72.7 286
1731012195370 68.3 287
1731012205490 72.4 288
1731012215603 75.9 289
1731012225701 91.1 290
1731012235796 61.8 291
1731012245899 66.2 292
1731012256003 71.7 293
1731012266100 70.3 294
1731012276221 72.6 295
1731012286314 75.0 296
1731012296434 70.7 297
1731012306525 77.3 298
1731012316634 64.9 299
1731012326743 69.0 300
1731012336842 68.3 301
1731012346966 69.6 302
1731012357075 70.9 303
1731012367181 74.0 304
1731012377299 75.5 305
1731012387408 77.5 306
1731012397504 66.0 307
1731012407626 67.5 308
1731012417739 69.5 309
1731012427837 71.3 310
1731012437958 74.1 311
1731012448068 76.0 312
1731012458177 89.3 313
1731012468296 63.6 314
1731012478412 66.2 315
1731012488525 69.3 316
1731012498639 71.9 317
1731012508751 73.4 318
1731012518858 81.7 319
1731012528971 61.5 320
1731012539037 63.8 321
1731012549163 67.0 322
1731012559276 69.8 323
1731012569377 71.0 324
1731012579498 72.9 325
1731012589609 76.1 326
1731012599715 76.1 327
1731012609830 62.8 328
1731012619936 65.1 329
1731012630035 66.4 330
1731012640141 68.8 331
1731012650248 72.7 332
1731012660360 73.1 333
1731012670469 75.7 334
1731012680578 59.6 335
1731012690674 63.6 336
1731012700773 65.1 337
1731012710890 67.6 338
1731012720999 70.1 339
1731012731102 71.6 340
1731012741231 74.4 341
1731012751343 91.1 342
1731012761449 63.0 343
1731012771563 59.3 344
1731012781666 66.9 345
1731012791789 70.0 346
1731012801899 71.9 347
1731012812006 74.3 348
1731012822114 76.6 349
1731012832214 63.8 350
1731012842314 65.5 351
1731012852418 68.3 352
1731012862530 69.9 353
1731012872660 71.0 354
1731012882765 73.0 355
1731012892866 75.7 356
1731012902978 65.2 357
1731012913101 62.8 358
1731012923218 64.6 359
1731012933319 65.7 360
1731012943422 66.8 361
1731012953551 74.6 362
1731012963654 70.3 363
1731012973777 69.7 364
1731012983893 72.6 365
1731012993990 74.1 366
1731013004110 75.5 367
1731013014231 82.4 368
1731013024339 62.0 369
1731013034463 63.9 370
1731013044568 65.5 371
1731013054683 66.6 372
1731013064765 69.9 373
1731013074888 69.5 374
1731013085006 71.6 375
1731013095070 73.5 376
1731013105186 75.4 377
1731013115289 77.8 378
1731013125425 63.3 379
1731013135515 65.8 380
1731013145606 67.2 381
1731013155716 68.3 382
1731013165835 71.0 383
1731013175942 77.7 384
1731013186058 78.3 385
1731013196188 80.4 386
1731013206305 63.7 387
1731013216428 65.4 388
1731013226558 67.4 389
1731013236675 73.8 390
1731013246794 71.9 391
1731013256920 73.2 392
1731013267042 75.1 393
1731013277159 76.6 394
1731013287242 63.8 395
1731013297347 66.1 396
1731013307476 68.8 397
1731013317592 71.7 398
1731013327720 74.1 399
1731013337841 72.6 400
1731013347964 77.2 401
1731013358081 65.6 402
1731013368197 67.2 403
1731013378330 68.5 404
1731013388416 72.0 405
1731013398548 75.3 406
1731013408670 62.7 407
1731013418782 64.0 408
1731013428903 67.4 409
1731013439032 69.2 410
1731013449153 71.2 411
1731013459268 73.7 412
1731013469419 75.3 413
1731013479553 77.2 414
1731013489668 64.1 415
1731013499791 67.1 416
1731013509917 69.5 417
1731013520036 72.8 418
1731013530157 74.7 419
1731013540295 76.6 420
1731013550422 63.7 421
1731013560511 66.4 422
1731013570637 68.4 423
1731013580737 69.3 424
1731013590850 71.4 425
1731013600985 72.7 426
1731013611115 75.3 427
1731013621242 78.2 428
1731013631371 64.6 429
1731013641506 66.2 430
1731013651646 69.2 431
1731013661768 72.3 432
1731013671881 74.7 433
1731013682013 76.1 434
1731013692120 92.4 435
1731013702264 68.7 436
1731013712398 68.0 437
1731013722524 70.5 438
1731013732663 66.1 439
1731013742797 74.4 440
1731013752921 76.6 441
1731013763049 63.1 442
1731013773169 65.2 443
1731013783249 67.0 444
1731013793384 69.1 445
1731013803504 72.6 446
1731013813631 73.4 447
1731013823755 75.3 448
1731013833888 76.9 449
1731013844024 64.1 450
1731013854149 66.0 451
1731013864296 67.2 452
1731013874424 68.1 453
1731013884551 71.3 454
1731013894677 73.3 455
1731013904816 74.6 456
1731013914934 76.2 457
1731013925338 78.1 458
1731013935464 78.3 459
1731013945588 69.3 460
1731013955705 67.1 461
1731013965828 71.7 462
1731013975948 64.7 463
1731013986078 71.9 464
1731013996202 74.3 465
1731014006347 76.0 466
1731014016476 90.5 467
1731014026596 61.8 468
1731014036737 66.9 469
1731014046860 75.0 470
1731014056984 71.7 471
1731014067066 74.5 472
1731014077150 76.3 473
