1731009299231 8169.6 0
1731009309295 18443.5 1
1731009319353 20039.1 2
1731009329417 21172.9 3
1731009339480 22363.1 4
1731009349529 23524.6 5
1731009359593 19731.0 6
1731009369682 20969.2 7
1731009379744 22118.1 8
1731009389809 23215.6 9
1731009399902 24169.0 10
1731009409955 20246.2 11
1731009420032 21211.4 12
1731009430111 22207.8 13
1731009440174 23412.7 14
1731009450236 24657.4 15
1731009460296 21253.7 16
1731009470386 21348.9 17
1731009480443 21977.1 18
1731009490485 23327.9 19
1731009500565 23328.8 20
1731009510621 24196.4 21
1731009520685 19859.2 22
1731009530745 20566.3 23
1731009540821 21356.4 24
1731009550885 21953.1 25
1731009560951 22982.7 26
1731009571022 23947.0 27
1731009581115 24619.6 28
1731009591195 20309.8 29
1731009601276 20945.4 30
1731009611343 21934.3 31
1731009621418 21186.4 32
1731009631493 23324.1 33
1731009641569 24478.9 34
1731009651638 20239.1 35
1731009661715 21268.9 36
1731009671787 21723.2 37
1731009681853 22563.3 38
1731009691938 23339.2 39
1731009702001 24276.1 40
1731009712070 24899.6 41
1731009722147 20335.2 42
1731009732217 21308.1 43
1731009742294 21997.9 44
1731009752369 22476.9 45
1731009762426 23556.3 46
1731009772482 24249.8 47
1731009782530 29379.0 48
1731009792608 20150.6 49
1731009802678 20769.4 50
1731009812773 21236.6 51
1731009822845 22423.4 52
1731009832918 23368.8 53
1731009842989 24708.6 54
1731009853061 24372.5 55
1731009863144 28158.2 56
1731009873219 20570.7 57
1731009883291 21349.7 58
1731009893364 21763.0 59
1731009903438 22377.1 60
1731009913520 23220.0 61
1731009923592 22165.0 62
1731009933676 26127.4 63
1731009943967 24949.7 64
1731009954043 25446.7 65
1731009964127 20839.7 66
1731009974206 21224.8 67
1731009984272 22206.8 68
1731009994343 23194.8 69
1731010004436 22089.8 70
1731010014508 24871.0 71
1731010024573 28421.4 72
1731010034639 21099.0 73
1731010044724 21746.0 74
1731010054799 22763.4 75
1731010064899 23491.6 76
1731010074961 24286.5 77
1731010085040 24571.2 78
1731010095495 25143.7 79
1731010105577 21122.5 80
1731010115657 21529.1 81
1731010125747 22258.7 82
1731010135815 22996.9 83
1731010145898 24182.3 84
1731010155982 24830.1 85
1731010166070 25302.9 86
1731010176141 25427.1 87
1731010186223 21496.9 88
1731010196308 22805.2 89
1731010206399 24909.9 90
1731010216882 24258.0 91
1731010226955 25477.7 92
1731010237045 21993.9 93
1731010247120 21603.4 94
1731010257217 22018.8 95
1731010267299 23074.3 96
1731010277369 23707.0 97
1731010287464 24286.2 98
1731010297551 23961.8 99
1731010307618 20661.8 100
1731010317719 21665.0 101
1731010327798 22677.1 102
1731010337875 23514.3 103
1731010347953 24120.0 104
1731010358019 24750.3 105
1731010368092 20493.4 106
1731010378181 21692.0 107
1731010388256 22270.7 108
1731010398332 25224.8 109
1731010408432 24227.9 110
1731010418525 30270.1 111
1731010428614 21331.5 112
1731010438695 22613.3 113
1731010448765 23317.5 114
1731010458838 23971.2 115
1731010468919 25156.5 116
1731010478992 21004.7 117
1731010489080 21789.9 118
1731010499167 22580.0 119
1731010509243 23166.7 120
1731010519333 23898.8 121
1731010529423 24733.1 122
1731010539502 25567.2 123
1731010549581 20796.9 124
1731010559664 20490.8 125
1731010569750 21970.3 126
1731010579842 23010.5 127
1731010589921 24174.2 128
1731010600003 25009.9 129
1731010610075 29808.3 130
1731010620167 21264.6 131
1731010630252 22408.0 132
1731010640334 23489.7 133
1731010650412 24382.3 134
1731010660473 24306.4 135
1731010670534 24473.1 136
1731010680623 20943.5 137
1731010690708 23846.8 138
1731010700789 22797.4 139
1731010710863 23986.0 140
1731010720952 25187.8 141
1731010731028 30530.4 142
1731010741120 21372.2 143
1731010751215 22541.8 144
1731010761319 23746.2 145
1731010771399 24559.7 146
1731010781460 30796.0 147
1731010791550 21453.4 148
1731010801652 21730.6 149
1731010811727 23268.2 150
1731010821835 23543.3 151
1731010831918 24718.5 152
1731010842014 25259.2 153
1731010852128 25728.6 154
1731010862208 21312.5 155
1731010872290 21931.8 156
1731010882379 22393.8 157
1731010892470 23033.7 158
1731010902559 23794.3 159
1731010912659 24424.3 160
1731010922757 25233.6 161
1731010932841 25620.1 162
1731010942933 25718.6 163
1731010953026 21206.1 164
1731010963106 21646.0 165
1731010973190 22293.0 166
1731010983274 24808.2 167
1731010993356 23124.3 168
1731011003450 23594.4 169
1731011013560 24142.2 170
1731011023645 24428.9 171
1731011033733 25178.2 172
1731011043835 25616.8 173
1731011053917 25955.7 174
1731011064029 21360.9 175
1731011074116 22371.2 176
1731011084216 23059.3 177
1731011094309 23673.2 178
1731011104391 24311.1 179
1731011114482 25192.2 180
1731011124570 25623.5 181
1731011134679 26060.6 182
1731011144776 22072.4 183
1731011154877 22766.5 184
1731011164981 23358.5 185
1731011175062 24500.0 186
1731011185159 25631.0 187
1731011195260 21470.8 188
1731011205353 22370.4 189
1731011215457 23534.2 190
1731011225549 24630.1 191
1731011235646 25489.3 192
1731011245751 24763.4 193
1731011255849 20835.3 194
1731011265942 21818.0 195
1731011276040 22442.3 196
1731011286133 23503.6 197
1731011296216 24110.6 198
1731011306661 25455.1 199
1731011316767 25551.5 200
1731011326865 21275.2 201
1731011336957 22367.1 202
1731011347044 23103.6 203
1731011357142 23878.1 204
1731011367234 24533.4 205
1731011377321 25520.8 206
1731011387418 21224.2 207
1731011397502 21736.5 208
1731011407601 24271.3 209
1731011417699 23424.6 210
1731011427805 24337.0 211
1731011438025 25225.7 212
1731011448133 25577.7 213
1731011458222 21304.5 214
1731011468334 20182.3 215
1731011478430 22912.2 216
1731011488514 24083.7 217
1731011498613 25151.2 218
1731011508708 20975.7 219
1731011518805 21853.2 220
1731011528895 22897.9 221
1731011538998 23660.2 222
1731011549090 24336.5 223
1731011559196 25272.0 224
1731011569293 21070.4 225
1731011579402 22138.7 226
1731011589493 23153.2 227
1731011599582 23782.8 228
1731011609685 24714.1 229
1731011619774 25168.8 230
1731011629872 20741.6 231
1731011639978 20323.4 232
1731011650066 22554.9 233
1731011660171 23307.2 234
1731011670256 24416.4 235
1731011680342 25462.8 236
1731011690451 21218.7 237
1731011700556 22214.1 238
1731011710643 22774.2 239
1731011720720 23406.5 240
1731011730820 23971.7 241
1731011740928 24982.6 242
1731011751022 25650.0 243
1731011761135 21912.6 244
1731011771234 21057.1 245
1731011781329 21604.7 246
1731011791406 22209.5 247
1731011801494 22621.0 248
1731011811598 22506.0 249
1731011821689 23843.2 250
1731011831784 24663.1 251
1731011841884 25268.6 252
1731011851978 25824.3 253
1731011862085 21281.6 254
1731011872174 21806.7 255
1731011882285 22297.0 256
1731011892388 22835.9 257
1731011902493 23111.8 258
1731011912585 24073.2 259
1731011922693 24462.8 260
1731011932801 25072.9 261
1731011942887 25768.8 262
1731011952987 21034.7 263
1731011963069 21216.5 264
1731011973164 21992.0 265
1731011983268 22992.0 266
1731011993374 23536.9 267
1731012003440 25564.2 268
1731012013537 25320.4 269
1731012023642 24871.1 270
1731012033755 20774.7 271
1731012043860 21408.4 272
1731012053958 22882.9 273
1731012064036 22480.7 274
1731012074145 25305.1 275
1731012084239 23908.5 276
1731012094352 24593.3 277
1731012104449 25615.8 278
1731012114579 20860.6 279
1731012124693 21396.8 280
1731012134799 22272.7 281
1731012144905 22903.0 282
1731012154982 23430.2 283
1731012165048 23723.8 284
1731012175168 24018.4 285
1731012185275 24375.9 286
1731012195370 22901.3 287
1731012205490 24280.8 288
1731012215603 25458.3 289
1731012225701 30572.9 290
1731012235796 20731.1 291
1731012245899 22216.6 292
1731012256003 24041.4 293
1731012266100 23600.3 294
1731012276221 24359.7 295
1731012286314 25145.7 296
1731012296434 23718.7 297
1731012306525 25941.5 298
1731012316634 21776.5 299
1731012326743 23163.4 300
1731012336842 22915.2 301
1731012346966 23336.8 302
1731012357075 23773.3 303
1731012367181 24842.5 304
1731012377299 25340.7 305
1731012387408 26016.1 306
1731012397504 22132.2 307
1731012407626 22643.5 308
1731012417739 23324.2 309
1731012427837 23915.5 310
1731012437958 24846.6 311
1731012448068 25498.0 312
1731012458177 29971.8 313
1731012468296 21337.7 314
1731012478412 22217.8 315
1731012488525 23244.3 316
1731012498639 24116.7 317
1731012508751 24628.8 318
1731012518858 27403.1 319
1731012528971 20649.5 320
1731012539037 21419.3 321
1731012549163 22465.3 322
1731012559276 23408.8 323
1731012569377 23820.8 324
1731012579498 24458.5 325
1731012589609 25523.6 326
1731012599715 25516.8 327
1731012609830 21076.2 328
1731012619936 21825.5 329
1731012630035 22280.3 330
1731012640141 23081.1 331
1731012650248 24382.4 332
1731012660360 24522.8 333
1731012670469 25393.8 334
1731012680578 19982.7 335
1731012690674 21349.4 336
1731012700773 21842.3 337
1731012710890 22693.3 338
1731012720999 23506.4 339
1731012731102 24022.9 340
1731012741231 24959.6 341
1731012751343 30564.2 342
1731012761449 21120.8 343
1731012771563 19888.9 344
1731012781666 22457.8 345
1731012791789 23495.0 346
1731012801899 24124.6 347
1731012812006 24940.4 348
1731012822114 25711.9 349
1731012832214 21416.1 350
1731012842314 21963.0 351
1731012852418 22897.9 352
1731012862530 23446.5 353
1731012872660 23826.9 354
1731012882765 24487.3 355
1731012892866 25389.1 356
1731012902978 21889.4 357
1731012913101 21077.5 358
1731012923218 21664.3 359
1731012933319 22038.0 360
1731012943422 22426.8 361
1731012953551 25028.7 362
1731012963654 23594.1 363
1731012973777 23393.1 364
1731012983893 24368.1 365
1731012993990 24876.0 366
1731013004110 25316.2 367
1731013014231 27635.6 368
1731013024339 20795.0 369
1731013034463 21434.7 370
1731013044568 21961.8 371
1731013054683 22351.7 372
1731013064765 23450.6 373
1731013074888 23317.8 374
1731013085006 24014.8 375
1731013095070 24658.6 376
1731013105186 25307.3 377
1731013115289 26086.9 378
1731013125425 21247.8 379
1731013135515 22078.3 380
1731013145606 22534.6 381
1731013155716 22909.5 382
1731013165835 23824.8 383
1731013175942 26080.7 384
1731013186058 26278.3 385
1731013196188 26976.3 386
1731013206305 21354.1 387
1731013216428 21955.4 388
1731013226558 22604.8 389
1731013236675 24759.4 390
1731013246794 24129.0 391
1731013256920 24574.0 392
1731013267042 25200.5 393
1731013277159 25699.6 394
1731013287242 21414.3 395
1731013297347 22178.0 396
1731013307476 23093.8 397
1731013317592 24050.3 398
1731013327720 24859.9 399
1731013337841 24362.9 400
1731013347964 25902.3 401
1731013358081 22004.1 402
1731013368197 22542.4 403
1731013378330 22985.8 404
1731013388416 24154.9 405
1731013398548 25271.3 406
1731013408670 21023.7 407
1731013418782 21483.9 408
1731013428903 22597.7 409
1731013439032 23208.2 410
1731013449153 23887.4 411
1731013459268 24734.9 412
1731013469419 25259.3 413
1731013479553 25893.8 414
1731013489668 21495.4 415
1731013499791 22504.4 416
1731013509917 23302.7 417
1731013520036 24434.1 418
1731013530157 25060.2 419
1731013540295 25710.2 420
1731013550422 21361.7 421
1731013560511 22265.8 422
1731013570637 22951.9 423
1731013580737 23253.4 424
1731013590850 23966.0 425
1731013600985 24392.1 426
1731013611115 25278.7 427
1731013621242 26229.5 428
1731013631371 21675.0 429
1731013641506 22195.5 430
1731013651646 23202.8 431
1731013661768 24270.7 432
1731013671881 25071.0 433
1731013682013 25528.2 434
1731013692120 31007.8 435
1731013702264 23054.4 436
1731013712398 22811.7 437
1731013722524 23651.5 438
1731013732663 22188.6 439
1731013742797 24945.9 440
1731013752921 25713.5 441
1731013763049 21167.1 442
1731013773169 21880.2 443
1731013783249 22475.8 444
1731013793384 23199.1 445
1731013803504 24340.6 446
1731013813631 24636.1 447
1731013823755 25251.3 448
1731013833888 25795.2 449
1731013844024 21516.1 450
1731013854149 22147.3 451
1731013864296 22559.2 452
1731013874424 22854.0 453
1731013884551 23935.6 454
1731013894677 24605.0 455
1731013904816 25025.6 456
1731013914934 25560.1 457
1731013925338 26197.1 458
1731013935464 26262.0 459
1731013945588 23252.7 460
1731013955705 22513.8 461
1731013965828 24068.9 462
1731013975948 21710.8 463
1731013986078 24130.0 464
1731013996202 24929.9 465
1731014006347 25488.2 466
1731014016476 30350.8 467
1731014026596 20716.7 468
1731014036737 22450.0 469
1731014046860 25157.8 470
1731014056984 24050.9 471
1731014067066 24984.1 472
1731014077150 25612.0 473
