1730998558689 0.30716145833333336 6144
1730998616494 0.12760416666666666 9216
1730998671613 0.16041666666666668 12288
1730998726898 0.1244140625 15360
1730998786464 0.16608072916666666 18432
1730998839613 0.17662760416666667 21504
1730998904597 0.27239583333333334 24576
1730998967556 0.044596354166666664 27648
1730999044858 0.05768229166666667 30720
1730999128315 0.039778645833333334 33792
1730999200347 0.06796875 36864
1730999291658 0.07760416666666667 39936
1730999362926 0.14029947916666666 43008
1730999422780 0.1298828125 46080
1730999478503 0.18984375 49152
1730999552588 0.20852864583333333 52224
1730999643611 0.21145833333333333 55296
1730999736370 0.24928385416666668 58368
1730999818788 0.15735677083333333 61440
1730999876381 0.13795572916666668 64512
1730999943557 0.14563802083333333 67584
1731000011779 0.3369140625 70656
1731000086407 0.15462239583333334 73728
1731000149684 0.0859375 76800
1731000235242 0.23053385416666666 79872
1731000318097 0.12682291666666667 82944
1731000400543 0.10247395833333334 86016
1731000460866 0.23092447916666667 89088
1731000532131 0.0802734375 92160
1731000590126 0.06901041666666667 95232
1731000664958 0.3233723958333333 98304
1731000734086 0.14485677083333334 101376
1731000810072 0.049479166666666664 104448
1731000870404 0.08515625 107520
1731000941701 0.0951171875 110592
1731001022995 0.0958984375 113664
1731001101533 0.18971354166666668 116736
1731001175089 0.172265625 119808
1731001237639 0.0552734375 122880
1731001321929 0.032486979166666666 125952
1731001387124 0.021354166666666667 129024
1731001458727 0.08743489583333333 132096
1731001548816 0.12936197916666667 135168
1731001618497 0.24153645833333334 138240
1731001692219 0.07220052083333334 141312
1731001757147 0.068359375 144384
1731001825754 0.044140625 147456
1731001887901 0.07369791666666667 150528
1731001958749 0.18717447916666666 153600
1731002018877 0.046484375 156672
1731002087642 0.048111979166666666 159744
1731002152255 0.05390625 162816
1731002208083 0.05703125 165888
1731002272875 0.08365885416666667 168960
1731002350347 0.030013020833333334 172032
1731002432774 0.1935546875 175104
1731002493216 0.06555989583333334 178176
1731002559304 0.1115234375 181248
1731002620739 0.1083984375 184320
1731002694676 0.048567708333333334 187392
1731002766620 0.044205729166666666 190464
1731002842313 0.006575520833333333 193536
1731002896270 0.03697916666666667 196608
1731002957333 0.004361979166666667 199680
1731003018044 0.017643229166666666 202752
