1730998558696 10.0 6144
1730998616503 10.0 9216
1730998671636 10.0 12288
1730998726908 10.0 15360
1730998786475 10.0 18432
1730998839624 10.0 21504
1730998904608 10.0 24576
1730998967567 10.0 27648
1730999044868 10.0 30720
1730999128337 10.0 33792
1730999200356 10.0 36864
1730999291668 10.0 39936
1730999362935 10.0 43008
1730999422788 10.0 46080
1730999478513 10.0 49152
1730999552598 10.0 52224
1730999643620 10.0 55296
1730999736392 10.0 58368
1730999818796 10.0 61440
1730999876391 10.0 64512
1730999943566 10.0 67584
1731000011789 10.0 70656
1731000086418 10.0 73728
1731000149695 10.0 76800
1731000235252 10.0 79872
1731000318107 10.0 82944
1731000400565 10.0 86016
1731000460878 10.0 89088
1731000532154 10.0 92160
1731000590134 10.0 95232
1731000664967 10.0 98304
1731000734104 10.0 101376
1731000810080 10.0 104448
1731000870429 10.0 107520
1731000941713 10.0 110592
1731001023011 10.0 113664
1731001101543 10.0 116736
1731001175097 10.0 119808
1731001237648 10.0 122880
1731001321939 10.0 125952
1731001387135 10.0 129024
1731001458738 10.0 132096
1731001548826 10.0 135168
1731001618516 10.0 138240
1731001692230 10.0 141312
1731001757155 10.0 144384
1731001825764 10.0 147456
1731001887911 10.0 150528
1731001958759 10.0 153600
1731002018888 10.0 156672
1731002087652 10.0 159744
1731002152266 10.0 162816
1731002208093 10.0 165888
1731002272896 10.0 168960
1731002350356 10.0 172032
1731002432796 10.0 175104
1731002493225 10.0 178176
1731002559315 10.0 181248
1731002620749 10.0 184320
1731002694686 10.0 187392
1731002766642 10.0 190464
1731002842324 10.0 193536
1731002896279 10.0 196608
1731002957343 10.0 199680
1731003018053 10.0 202752
