1730998558700 -2.837877035140991 6144
1730998616507 -2.837877035140991 9216
1730998671641 -2.837877035140991 12288
1730998726913 -2.837877035140991 15360
1730998786480 -2.837877035140991 18432
1730998839629 -2.837877035140991 21504
1730998904613 -2.837877035140991 24576
1730998967572 -2.837877035140991 27648
1730999044873 -2.837877035140991 30720
1730999128342 -2.837877035140991 33792
1730999200360 -2.837877035140991 36864
1730999291673 -2.837877035140991 39936
1730999362940 -2.837877035140991 43008
1730999422793 -2.837877035140991 46080
1730999478517 -2.837877035140991 49152
1730999552603 -2.837877035140991 52224
1730999643624 -2.837877035140991 55296
1730999736397 -2.837877035140991 58368
1730999818801 -2.837877035140991 61440
1730999876396 -2.837877035140991 64512
1730999943571 -2.837877035140991 67584
1731000011795 -2.837877035140991 70656
1731000086423 -2.837877035140991 73728
1731000149700 -2.837877035140991 76800
1731000235257 -2.837877035140991 79872
1731000318112 -2.837877035140991 82944
1731000400571 -2.837877035140991 86016
1731000460883 -2.837877035140991 89088
1731000532159 -2.837877035140991 92160
1731000590137 -2.837877035140991 95232
1731000664971 -2.837877035140991 98304
1731000734109 -2.837877035140991 101376
1731000810085 -2.837877035140991 104448
1731000870435 -2.837877035140991 107520
1731000941718 -2.837877035140991 110592
1731001023015 -2.837877035140991 113664
1731001101548 -2.837877035140991 116736
1731001175101 -2.837877035140991 119808
1731001237652 -2.837877035140991 122880
1731001321955 -2.837877035140991 125952
1731001387140 -2.837877035140991 129024
1731001458743 -2.837877035140991 132096
1731001548831 -2.837877035140991 135168
1731001618520 -2.837877035140991 138240
1731001692236 -2.837877035140991 141312
1731001757159 -2.837877035140991 144384
1731001825769 -2.837877035140991 147456
1731001887916 -2.837877035140991 150528
1731001958765 -2.837877035140991 153600
1731002018893 -2.837877035140991 156672
1731002087658 -2.837877035140991 159744
1731002152271 -2.837877035140991 162816
1731002208098 -2.837877035140991 165888
1731002272901 -2.837877035140991 168960
1731002350360 -2.837877035140991 172032
1731002432801 -2.837877035140991 175104
1731002493230 -2.837877035140991 178176
1731002559320 -2.837877035140991 181248
1731002620754 -2.837877035140991 184320
1731002694691 -2.837877035140991 187392
1731002766648 -2.837877035140991 190464
1731002842329 -2.837877035140991 193536
1731002896283 -2.837877035140991 196608
1731002957347 -2.837877035140991 199680
1731003018057 -2.837877035140991 202752
