1730998558710 0.08406120538711548 6144
1730998616512 0.11184662580490112 9216
1730998671646 0.004903674125671387 12288
1730998726917 0.0018984079360961914 15360
1730998786486 -0.0016494989395141602 18432
1730998839635 -0.000415802001953125 21504
1730998904618 0.002455413341522217 24576
1730998967578 -0.0002611875534057617 27648
1730999044878 0.06715357303619385 30720
1730999128347 0.0923967957496643 33792
1730999200365 0.19439077377319336 36864
1730999291678 0.2940794825553894 39936
1730999362945 0.298841655254364 43008
1730999422797 0.34848231077194214 46080
1730999478522 0.24825775623321533 49152
1730999552608 0.30619555711746216 52224
1730999643628 0.04887598752975464 55296
1730999736402 0.37623530626296997 58368
1730999818806 0.3169024586677551 61440
1730999876401 0.6550790667533875 64512
1730999943576 0.5745044946670532 67584
1731000011800 0.5452628135681152 70656
1731000086428 0.47581082582473755 73728
1731000149706 0.6093854904174805 76800
1731000235262 0.19585418701171875 79872
1731000318118 0.7115671634674072 82944
1731000400576 0.6971632838249207 86016
1731000460889 0.28224891424179077 89088
1731000532164 0.8369512557983398 92160
1731000590141 0.8168123960494995 95232
1731000664976 0.05973118543624878 98304
1731000734114 0.46962010860443115 101376
1731000810089 0.660247802734375 104448
1731000870440 0.30743134021759033 107520
1731000941723 0.4210466742515564 110592
1731001023020 0.21062397956848145 113664
1731001101564 0.2777528166770935 116736
1731001175104 0.5327288508415222 119808
1731001237657 0.6402896642684937 122880
1731001321960 0.8426465392112732 125952
1731001387145 0.5858988761901855 129024
1731001458748 0.6161096096038818 132096
1731001548837 0.5335233807563782 135168
1731001618525 0.48417383432388306 138240
1731001692241 0.7207857966423035 141312
1731001757177 0.6974025964736938 144384
1731001825774 0.6941467523574829 147456
1731001887921 0.0013535022735595703 150528
1731001958770 0.06229740381240845 153600
1731002018898 0.8037806749343872 156672
1731002087663 0.8455303907394409 159744
1731002152276 0.6107356548309326 162816
1731002208103 0.5641564130783081 165888
1731002272906 0.6659884452819824 168960
1731002350365 0.5912275314331055 172032
1731002432806 0.262350857257843 175104
1731002493234 0.49005311727523804 178176
1731002559325 0.5616852045059204 181248
1731002620771 0.585637092590332 184320
1731002694696 0.6965227723121643 187392
1731002766653 0.47690409421920776 190464
1731002842334 0.6404677629470825 193536
1731002896288 0.6027168035507202 196608
1731002957352 0.6376015543937683 199680
1731003018061 0.8058145642280579 202752
