1730998558714 0.00039391744 6144
1730998616517 0.00038783488000000005 9216
1730998671652 0.00038175232000000004 12288
1730998726922 0.00037566976 15360
1730998786491 0.0003695872 18432
1730998839640 0.00036350464 21504
1730998904624 0.00035742208 24576
1730998967583 0.00035133952000000003 27648
1730999044884 0.00034525696 30720
1730999128353 0.00033917440000000006 33792
1730999200369 0.00033309184 36864
1730999291683 0.00032700928 39936
1730999362950 0.00032092672 43008
1730999422810 0.00031484416 46080
1730999478527 0.00030876160000000005 49152
1730999552613 0.00030267904000000004 52224
1730999643633 0.00029659648 55296
1730999736407 0.00029051392 58368
1730999818811 0.00028443136 61440
1730999876406 0.00027834880000000004 64512
1730999943581 0.00027226624000000003 67584
1731000011805 0.00026618368 70656
1731000086434 0.00026010112 73728
1731000149711 0.00025401856 76800
1731000235267 0.00024793600000000003 79872
1731000318123 0.00024185344000000002 82944
1731000400581 0.00023577088 86016
1731000460895 0.00022968832 89088
1731000532170 0.00022360575999999998 92160
1731000590145 0.0002175232 95232
1731000664980 0.00021144063999999999 98304
1731000734118 0.00020535808000000003 101376
1731000810094 0.00019927552000000001 104448
1731000870445 0.00019319295999999998 107520
1731000941728 0.00018711040000000002 110592
1731001023025 0.00018102784 113664
1731001101569 0.00017494528 116736
1731001175108 0.00016886272 119808
1731001237661 0.00016278016 122880
1731001321965 0.0001566976 125952
1731001387150 0.00015061504 129024
1731001458753 0.00014453247999999998 132096
1731001548842 0.00013844992000000003 135168
1731001618529 0.00013236736 138240
1731001692246 0.00012628479999999997 141312
1731001757181 0.00012020224000000003 144384
1731001825778 0.00011411968 147456
1731001887926 0.00010803711999999999 150528
1731001958775 0.00010195456000000002 153600
1731002018903 9.5872e-05 156672
1731002087668 8.978944000000003e-05 159744
1731002152281 8.370688000000001e-05 162816
1731002208108 7.762432e-05 165888
1731002272911 7.154176000000002e-05 168960
1731002350369 6.545920000000001e-05 172032
1731002432811 5.937663999999999e-05 175104
1731002493239 5.329408000000002e-05 178176
1731002559331 4.721152e-05 181248
1731002620776 4.112895999999999e-05 184320
1731002694700 3.504640000000002e-05 187392
1731002766658 2.8963839999999998e-05 190464
1731002842339 2.288127999999998e-05 193536
1731002896292 1.6798720000000007e-05 196608
1731002957357 1.0716159999999991e-05 199680
1731003018077 4.633600000000019e-06 202752
