1730998558717 -0.006418352946639061 6144
1730998616521 -0.02144204080104828 9216
1730998671657 0.7427704334259033 12288
1730998726928 -0.01719646528363228 15360
1730998786496 -0.03489098697900772 18432
1730998839646 2.7367360591888428 21504
1730998904629 -0.0160939022898674 24576
1730998967588 5.5722551345825195 27648
1730999044889 4.398737907409668 30720
1730999128358 7.016029357910156 33792
1730999200374 8.061283111572266 36864
1730999291689 6.180929660797119 39936
1730999362954 7.305794715881348 43008
1730999422817 4.367759704589844 46080
1730999478532 3.1739187240600586 49152
1730999552618 3.0845327377319336 52224
1730999643638 85.1179428100586 55296
1730999736412 11.56441593170166 58368
1730999818828 10.50558090209961 61440
1730999876412 4.227036952972412 64512
1730999943586 1.7692313194274902 67584
1731000011810 4.411787986755371 70656
1731000086439 5.797255992889404 73728
1731000149715 8.263534545898438 76800
1731000235273 28.588109970092773 79872
1731000318128 13.649991035461426 82944
1731000400586 14.521257400512695 86016
1731000460901 17.237943649291992 89088
1731000532175 3.0942366123199463 92160
1731000590148 4.855921268463135 95232
1731000664985 111.80364990234375 98304
1731000734123 7.904250621795654 101376
1731000810098 6.700929641723633 104448
1731000870450 24.721683502197266 107520
1731000941733 6.533653736114502 110592
1731001023030 55.44898986816406 113664
1731001101574 26.007583618164062 116736
1731001175112 17.024799346923828 119808
1731001237666 15.562159538269043 122880
1731001321970 10.14258098602295 125952
1731001387155 23.950838088989258 129024
1731001458759 22.530263900756836 132096
1731001548847 20.747882843017578 135168
1731001618533 34.54222869873047 138240
1731001692251 16.79755973815918 141312
1731001757185 35.46111297607422 144384
1731001825783 105.6632308959961 147456
1731001887931 38.33567428588867 150528
1731001958781 34.49579620361328 153600
1731002018908 11.352230072021484 156672
1731002087673 7.031685829162598 159744
1731002152286 21.38868522644043 162816
1731002208113 60.55201721191406 165888
1731002272917 22.91373634338379 168960
1731002350373 11.852286338806152 172032
1731002432817 64.88179016113281 175104
1731002493243 30.896371841430664 178176
1731002559336 16.26862144470215 181248
1731002620782 44.212337493896484 184320
1731002694705 11.82912826538086 187392
1731002766663 30.147611618041992 190464
1731002842344 18.69192123413086 193536
1731002896297 123.82899475097656 196608
1731002957362 20.091127395629883 199680
1731003018083 18.02618408203125 202752
