1730998558723 5.0 6144
1730998616526 10.0 9216
1730998671662 15.0 12288
1730998726932 20.0 15360
1730998786502 25.0 18432
1730998839651 30.0 21504
1730998904634 35.0 24576
1730998967593 40.0 27648
1730999044905 45.0 30720
1730999128363 50.0 33792
1730999200378 55.0 36864
1730999291694 60.0 39936
1730999362959 65.0 43008
1730999422823 70.0 46080
1730999478537 75.0 49152
1730999552623 80.0 52224
1730999643643 85.0 55296
1730999736418 90.0 58368
1730999818833 95.0 61440
1730999876417 100.0 64512
1730999943591 105.0 67584
1731000011816 110.0 70656
1731000086444 115.0 73728
1731000149720 120.0 76800
1731000235278 125.0 79872
1731000318133 130.0 82944
1731000400591 135.0 86016
1731000460907 140.0 89088
1731000532180 145.0 92160
1731000590152 150.0 95232
1731000664989 155.0 98304
1731000734128 160.0 101376
1731000810103 165.0 104448
1731000870455 170.0 107520
1731000941738 175.0 110592
1731001023036 180.0 113664
1731001101579 185.0 116736
1731001175115 190.0 119808
1731001237670 195.0 122880
1731001321975 200.0 125952
1731001387161 205.0 129024
1731001458764 210.0 132096
1731001548852 215.0 135168
1731001618538 220.0 138240
1731001692256 225.0 141312
1731001757190 230.0 144384
1731001825788 235.0 147456
1731001887937 240.0 150528
1731001958786 245.0 153600
1731002018913 250.0 156672
1731002087678 255.0 159744
1731002152291 260.0 162816
1731002208118 265.0 165888
1731002272921 270.0 168960
1731002350378 275.0 172032
1731002432822 280.0 175104
1731002493247 285.0 178176
1731002559342 290.0 181248
1731002620787 295.0 184320
1731002694710 300.0 187392
1731002766668 305.0 190464
1731002842350 310.0 193536
1731002896301 315.0 196608
1731002957367 320.0 199680
1731003018088 325.0 202752
