1730998558728 0.014967276047294338 6144
1730998616530 -0.003609584116687377 9216
1730998671667 0.0017199238141377767 12288
1730998726937 -0.008996789685140054 15360
1730998786507 -0.014324572837601105 18432
1730998839655 -0.0012205506364504496 21504
1730998904639 -0.018985878815874456 24576
1730998967598 -0.0005148560352002581 27648
1730999044910 -0.0014002191213270028 30720
1730999128368 -0.002828535018488765 33792
1730999200382 -0.002936096442863345 36864
1730999291710 -0.007477888232097029 39936
1730999362964 0.0016930584174891313 43008
1730999422828 -0.007840812532231211 46080
1730999478542 -0.0032902065974970657 49152
1730999552629 -0.008175653126090764 52224
1730999643648 0.016851356284072003 55296
1730999736423 0.00039140468773742515 58368
1730999818838 0.009672423917800188 61440
1730999876422 0.005187224922701716 64512
1730999943602 -0.0031483879468093318 67584
1731000011832 0.013646973157301545 70656
1731000086450 1.0883699481685956e-05 73728
1731000149724 0.0009068046075602372 76800
1731000235283 0.013094524371748168 79872
1731000318138 0.00162394093349576 82944
1731000400597 -0.0009303044838209947 86016
1731000460912 0.004649470319661001 89088
1731000532185 0.003059926334147652 92160
1731000590156 0.0002958037502442797 95232
1731000665007 0.03036335911601782 98304
1731000734133 0.0034522637724876404 101376
1731000810108 0.002766580336416761 104448
1731000870461 0.01282021972971658 107520
1731000941749 0.006258362485095858 110592
1731001023041 0.0013510398721943298 113664
1731001101584 0.006604271506269773 116736
1731001175119 0.007165687655409177 119808
1731001237675 0.010625321806098023 122880
1731001321980 0.0032974704323957362 125952
1731001387177 0.0012803062951813142 129024
1731001458769 -0.000798043143004179 132096
1731001548857 0.005157673824578523 135168
1731001618542 0.002796380113189419 138240
1731001692262 -0.001051220189159115 141312
1731001757194 0.002522526099346578 144384
1731001825800 0.0005482610159864028 147456
1731001887942 0.0014581564503411452 150528
1731001958791 0.004952547792345286 153600
1731002018919 0.004660882412766417 156672
1731002087683 0.00012570295172433058 159744
1731002152297 0.00034581019232670464 162816
1731002208124 0.00037165972559402387 165888
1731002272926 0.003538495674729347 168960
1731002350393 0.0011977117819090685 172032
1731002432827 0.008288032289904853 175104
1731002493252 0.0030731103693445523 178176
1731002559347 -0.0010884865652769804 181248
1731002620792 0.00037262742407619955 184320
1731002694715 0.0030730681649098796 187392
1731002766673 0.0029336377667884034 190464
1731002842355 -0.0005381671478971839 193536
1731002896306 -0.0025443539799501497 196608
1731002957371 -0.0032125821647544703 199680
1731003018093 -0.004035418992862106 202752
