1730998558734 1.0 6144
1730998616535 1.0 9216
1730998671672 1.0 12288
1730998726941 1.0 15360
1730998786512 1.0 18432
1730998839661 1.0 21504
1730998904645 1.0 24576
1730998967603 1.0 27648
1730999044916 1.0 30720
1730999128373 1.0 33792
1730999200387 1.0 36864
1730999291715 1.0 39936
1730999362969 1.0 43008
1730999422833 1.0 46080
1730999478546 1.0 49152
1730999552634 1.0 52224
1730999643653 1.0 55296
1730999736428 1.0 58368
1730999818843 1.0 61440
1730999876427 1.0 64512
1730999943607 1.0 67584
1731000011837 1.0 70656
1731000086455 1.0 73728
1731000149735 1.0 76800
1731000235289 1.0 79872
1731000318143 1.0 82944
1731000400602 1.0 86016
1731000460916 1.0 89088
1731000532191 1.0 92160
1731000590159 1.0 95232
1731000665013 1.0 98304
1731000734138 1.0 101376
1731000810113 1.0 104448
1731000870466 1.0 107520
1731000941754 1.0 110592
1731001023046 1.0 113664
1731001101589 1.0 116736
1731001175124 1.0 119808
1731001237680 1.0 122880
1731001321984 1.0 125952
1731001387183 1.0 129024
1731001458774 1.0 132096
1731001548863 1.0 135168
1731001618545 1.0 138240
1731001692267 1.0 141312
1731001757199 1.0 144384
1731001825810 1.0 147456
1731001887947 1.0 150528
1731001958797 1.0 153600
1731002018924 1.0 156672
1731002087688 1.0 159744
1731002152302 1.0 162816
1731002208129 1.0 165888
1731002272931 1.0 168960
1731002350398 1.0 172032
1731002432832 1.0 175104
1731002493268 1.0 178176
1731002559352 1.0 181248
1731002620797 1.0 184320
1731002694720 1.0 187392
1731002766679 1.0 190464
1731002842360 1.0 193536
1731002896310 1.0 196608
1731002957376 1.0 199680
1731003018098 1.0 202752
