1732474139975 0.0 0
1732474150020 15.2 1
1732474160087 10.8 2
1732474170174 12.3 3
1732474180236 11.9 4
1732474190309 11.8 5
1732474200364 10.1 6
1732474210426 7.6 7
1732474220487 10.1 8
1732474230559 11.3 9
1732474240619 9.8 10
1732474250677 9.1 11
1732474260763 8.0 12
1732474270837 11.1 13
1732474280916 7.4 14
1732474290996 10.1 15
1732474301071 9.9 16
1732474311126 10.1 17
1732474321229 6.9 18
1732474331303 8.1 19
1732474341382 9.8 20
1732474351451 7.4 21
1732474361518 9.4 22
1732474371584 9.5 23
1732474381673 7.6 24
1732474391752 8.5 25
1732474401833 10.1 26
1732474411900 6.5 27
1732474421978 8.6 28
1732474432054 8.6 29
1732474442134 9.5 30
1732474452211 6.8 31
1732474462289 10.2 32
1732474472360 7.7 33
1732474482463 9.2 34
1732474492535 10.4 35
1732474502611 8.3 36
1732474512695 8.4 37
1732474522773 10.3 38
1732474532839 7.1 39
1732474542914 8.3 40
1732474552989 10.4 41
1732474563045 10.2 42
1732474573098 9.8 43
1732474583168 6.3 44
1732474593231 8.2 45
1732474603303 8.8 46
1732474613375 10.2 47
1732474623472 10.9 48
1732474633546 8.4 49
1732474643623 9.1 50
1732474653708 8.4 51
1732474663780 8.3 52
1732474673873 10.2 53
1732474683947 9.5 54
1732474694023 8.5 55
1732474704098 7.5 56
1732474714179 10.4 57
1732474724257 8.4 58
1732474734322 10.5 59
1732474744386 9.1 60
1732474754459 7.9 61
1732474764528 8.4 62
1732474774624 8.4 63
1732474784716 10.4 64
1732474794787 10.7 65
1732474804850 8.2 66
1732474814927 6.6 67
1732474825005 10.0 68
1732474835089 8.1 69
1732474845182 8.7 70
1732474855276 10.7 71
1732474865364 9.2 72
1732474875440 7.5 73
1732474885544 8.3 74
1732474895632 9.9 75
1732474905722 10.0 76
1732474915798 8.0 77
1732474925869 7.0 78
1732474935962 7.3 79
1732474946040 7.6 80
1732474956128 9.7 81
1732474966607 10.0 82
1732474976683 9.3 83
1732474986771 5.8 84
1732474996858 6.8 85
1732475006953 10.1 86
1732475017041 8.7 87
1732475027123 8.2 88
1732475037229 7.8 89
1732475047308 8.8 90
1732475057394 7.2 91
1732475067473 9.2 92
1732475077560 8.5 93
1732475087653 7.4 94
1732475097741 8.9 95
1732475107828 8.5 96
1732475117909 6.3 97
1732475128005 9.5 98
1732475138096 10.1 99
1732475148189 8.4 100
1732475158267 8.0 101
1732475168333 8.5 102
1732475178407 8.1 103
1732475188503 7.8 104
1732475198598 9.9 105
1732475208690 10.1 106
1732475218789 7.4 107
1732475228862 6.6 108
1732475238939 8.5 109
1732475249038 8.2 110
1732475259109 10.1 111
1732475269204 9.7 112
1732475279292 7.9 113
1732475289369 7.1 114
1732475299463 8.2 115
1732475309552 9.7 116
1732475319623 8.1 117
1732475329697 9.6 118
1732475339782 6.6 119
1732475349854 8.1 120
1732475359938 9.9 121
1732475370018 8.1 122
1732475380117 8.6 123
1732475390207 8.1 124
1732475400303 7.9 125
1732475410397 8.4 126
1732475420492 8.9 127
1732475430580 8.4 128
1732475440674 9.9 129
1732475450759 7.3 130
1732475460847 6.3 131
1732475470929 8.0 132
1732475481016 10.2 133
1732475491107 9.2 134
1732475501185 8.6 135
1732475511275 7.6 136
1732475521358 9.1 137
1732475531452 7.5 138
1732475541522 7.9 139
1732475551609 8.1 140
1732475561712 9.8 141
1732475571805 8.2 142
1732475581892 8.5 143
1732475591973 6.8 144
1732475602071 7.8 145
1732475612163 9.9 146
1732475622239 10.0 147
1732475632309 7.1 148
1732475642413 7.6 149
1732475652509 6.5 150
1732475662596 9.4 151
1732475672668 10.0 152
1732475682772 8.5 153
1732475692889 7.9 154
1732475702972 8.8 155
1732475713069 6.6 156
1732475723180 7.9 157
1732475733283 10.1 158
1732475743348 8.1 159
1732475753448 9.2 160
1732475763543 7.3 161
1732475773631 8.5 162
1732475783721 7.6 163
1732475793805 8.3 164
1732475803891 10.4 165
1732475813993 7.7 166
1732475824079 9.7 167
1732475834178 7.2 168
1732475844278 6.3 169
1732475854363 9.5 170
1732475864453 8.6 171
1732475874534 10.1 172
1732475884638 9.5 173
1732475894738 7.1 174
1732475904841 7.4 175
1732475914946 6.2 176
1732475925040 10.0 177
1732475935124 9.1 178
1732475945235 8.5 179
1732475955333 7.9 180
1732475965394 7.5 181
1732475975496 7.2 182
1732475985596 9.1 183
1732475995702 7.9 184
1732476005780 8.6 185
1732476015894 8.7 186
1732476025983 8.6 187
1732476036083 7.3 188
1732476046182 6.2 189
1732476056279 8.2 190
1732476066370 8.0 191
1732476076485 7.8 192
1732476086567 7.5 193
1732476096662 8.2 194
1732476106749 9.7 195
1732476116830 6.3 196
1732476126929 8.9 197
1732476137016 5.6 198
1732476147134 6.9 199
1732476157239 8.6 200
1732476167345 9.0 201
1732476177435 10.2 202
1732476187527 6.7 203
1732476197628 6.2 204
1732476207732 9.2 205
1732476217831 8.6 206
1732476227919 9.5 207
1732476238024 7.4 208
1732476248113 8.1 209
1732476258218 6.6 210
1732476268334 7.8 211
1732476278433 9.7 212
1732476288520 8.0 213
1732476298625 7.4 214
1732476308712 8.1 215
1732476318813 9.2 216
1732476328934 7.2 217
1732476339029 8.0 218
1732476349135 9.6 219
1732476359234 6.5 220
1732476369331 9.8 221
1732476379420 7.9 222
1732476389514 6.4 223
1732476399619 10.2 224
1732476409744 6.8 225
1732476419866 10.0 226
1732476429978 7.0 227
1732476440087 8.9 228
1732476450197 7.7 229
1732476460306 7.7 230
1732476470398 7.8 231
1732476480514 10.2 232
1732476490618 8.9 233
1732476500720 7.5 234
1732476510828 6.3 235
1732476520935 8.2 236
1732476531041 8.0 237
1732476541145 9.9 238
1732476551247 8.8 239
1732476561352 8.7 240
1732476571428 6.6 241
1732476581517 9.7 242
1732476591612 8.1 243
1732476601703 8.0 244
1732476611821 9.7 245
1732476621909 9.0 246
1732476632016 6.3 247
1732476642108 8.5 248
1732476652214 9.5 249
1732476662329 8.8 250
1732476672424 9.2 251
1732476682511 9.0 252
1732476692614 7.6 253
1732476702722 6.7 254
1732476712837 8.7 255
1732476722946 10.1 256
1732476733070 8.2 257
1732476743179 7.6 258
1732476753277 7.6 259
1732476763373 7.7 260
1732476773493 7.5 261
1732476783599 10.3 262
1732476793698 9.2 263
1732476803804 7.7 264
1732476814500 6.9 265
1732476824609 9.0 266
1732476834711 7.3 267
1732476844820 8.3 268
1732476854925 10.4 269
1732476865032 8.2 270
1732476875150 10.1 271
1732476885250 6.9 272
1732476895354 7.1 273
1732476905464 7.8 274
1732476915574 7.8 275
1732476925650 9.9 276
1732476935748 7.8 277
1732476945837 9.3 278
1732476955954 6.8 279
1732476966070 8.4 280
1732476976182 7.5 281
1732476986285 8.5 282
1732476996392 9.6 283
1732477006502 8.2 284
1732477016602 6.6 285
1732477026719 8.6 286
1732477036818 9.7 287
1732477046949 6.7 288
1732477057059 9.0 289
1732477067176 8.0 290
1732477077270 7.4 291
1732477087369 7.3 292
1732477097491 9.2 293
1732477107612 10.0 294
1732477117726 8.1 295
1732477127866 9.8 296
1732477137980 6.5 297
1732477148101 8.2 298
1732477158186 7.9 299
1732477168312 8.1 300
1732477178402 9.7 301
1732477188512 8.9 302
1732477198637 6.4 303
1732477208724 6.8 304
1732477218834 10.0 305
1732477228957 9.1 306
1732477239091 8.4 307
1732477249212 8.6 308
1732477259310 6.9 309
1732477269405 8.0 310
1732477279492 9.1 311
1732477289599 8.0 312
1732477299739 9.5 313
1732477309848 6.5 314
1732477319971 7.3 315
1732477330090 6.8 316
1732477340215 9.6 317
1732477350334 8.7 318
1732477360456 10.6 319
1732477370571 7.2 320
1732477380694 10.5 321
1732477390812 6.0 322
1732477400943 7.9 323
1732477411056 9.0 324
1732477421180 10.3 325
1732477431319 8.2 326
1732477441451 8.0 327
1732477451540 8.5 328
1732477461659 7.6 329
1732477471758 9.6 330
1732477481890 7.7 331
1732477492011 8.1 332
1732477502132 10.5 333
1732477512252 7.1 334
1732477522387 9.0 335
1732477532523 8.6 336
1732477542644 8.4 337
1732477552763 8.5 338
1732477562883 6.9 339
1732477573004 7.4 340
1732477583124 6.4 341
1732477593252 9.5 342
1732477603394 9.1 343
1732477613517 10.6 344
1732477623642 7.8 345
1732477633773 8.8 346
1732477643895 6.9 347
1732477654010 7.1 348
1732477664131 9.9 349
1732477674250 7.3 350
1732477684377 9.2 351
1732477694531 9.8 352
1732477704660 7.1 353
1732477714797 6.7 354
1732477724925 8.2 355
1732477735031 8.7 356
1732477745171 9.9 357
1732477755308 8.1 358
1732477765429 8.0 359
1732477775559 6.2 360
1732477785691 8.0 361
1732477795820 10.2 362
1732477805944 7.6 363
1732477816044 8.2 364
1732477826180 9.3 365
1732477836296 7.3 366
1732477846437 7.9 367
1732477856561 7.9 368
1732477866680 10.2 369
1732477876802 9.9 370
1732477886929 8.1 371
1732477897046 7.1 372
1732477907193 7.8 373
1732477917322 10.3 374
1732477927417 7.1 375
1732477937552 10.3 376
1732477947653 9.3 377
1732477957780 9.8 378
1732477967907 7.6 379
1732477978021 10.4 380
1732477988145 8.0 381
1732477998292 7.7 382
1732478008413 6.4 383
1732478018532 9.6 384
1732478028634 7.4 385
1732478038777 7.5 386
1732478048899 9.8 387
1732478059004 6.9 388
1732478069133 9.2 389
1732478079291 8.4 390
1732478089412 8.1 391
1732478099533 8.0 392
1732478109659 9.5 393
1732478119784 7.5 394
1732478129919 7.5 395
1732478140043 7.6 396
1732478150169 9.5 397
1732478160303 6.9 398
1732478170442 9.8 399
1732478180528 8.7 400
1732478190654 7.7 401
1732478200775 7.5 402
1732478210915 9.6 403
1732478221046 6.7 404
1732478231180 9.3 405
1732478241295 7.6 406
1732478251448 8.8 407
1732478261526 8.3 408
