1732474139975 122497.6 0
1732474150020 122497.6 1
1732474160087 122497.6 2
1732474170174 122497.6 3
1732474180236 122497.6 4
1732474190309 122497.7 5
1732474200364 122497.7 6
1732474210426 122497.7 7
1732474220487 122497.7 8
1732474230559 122497.7 9
1732474240619 122475.4 10
1732474250677 122475.4 11
1732474260763 122475.4 12
1732474270837 122475.4 13
1732474280916 122475.5 14
1732474290996 122475.5 15
1732474301071 122475.5 16
1732474311126 122475.5 17
1732474321229 122475.5 18
1732474331303 122475.5 19
1732474341382 122475.5 20
1732474351451 122475.5 21
1732474361518 122475.6 22
1732474371584 122475.6 23
1732474381673 122475.6 24
1732474391752 122475.6 25
1732474401833 122475.6 26
1732474411900 122475.6 27
1732474421978 122475.6 28
1732474432054 122475.7 29
1732474442134 122475.7 30
1732474452211 122475.7 31
1732474462289 122475.7 32
1732474472360 122475.7 33
1732474482463 122475.7 34
1732474492535 122475.7 35
1732474502611 122475.7 36
1732474512695 122475.8 37
1732474522773 122475.8 38
1732474532839 122475.8 39
1732474542914 122475.8 40
1732474552989 122475.8 41
1732474563045 122475.8 42
1732474573098 122475.8 43
1732474583168 122475.8 44
1732474593231 122475.9 45
1732474603303 122475.9 46
1732474613375 122475.9 47
1732474623472 122475.9 48
1732474633546 122475.9 49
1732474643623 122475.9 50
1732474653708 122475.9 51
1732474663780 122475.9 52
1732474673873 122476.0 53
1732474683947 122476.0 54
1732474694023 122476.0 55
1732474704098 122476.0 56
1732474714179 122476.0 57
1732474724257 122476.0 58
1732474734322 122476.0 59
1732474744386 122476.1 60
1732474754459 122476.1 61
1732474764528 122476.1 62
1732474774624 122476.1 63
1732474784716 122476.1 64
1732474794787 122476.1 65
1732474804850 122476.1 66
1732474814927 122476.2 67
1732474825005 122476.2 68
1732474835089 122476.2 69
1732474845182 122476.2 70
1732474855276 122476.2 71
1732474865364 122476.2 72
1732474875440 122476.2 73
1732474885544 122476.2 74
1732474895632 122476.3 75
1732474905722 122476.3 76
1732474915798 122476.3 77
1732474925869 122476.3 78
1732474935962 122476.3 79
1732474946040 122476.3 80
1732474956128 122476.3 81
1732474966607 122476.3 82
1732474976683 122476.4 83
1732474986771 122476.4 84
1732474996858 122476.4 85
1732475006953 122476.4 86
1732475017041 122476.4 87
1732475027123 122476.4 88
1732475037229 122476.4 89
1732475047308 122476.4 90
1732475057394 122476.5 91
1732475067473 122476.5 92
1732475077560 122476.5 93
1732475087653 122476.5 94
1732475097741 122476.5 95
1732475107828 122476.5 96
1732475117909 122476.5 97
1732475128005 122476.5 98
1732475138096 122476.6 99
1732475148189 122476.6 100
1732475158267 122476.6 101
1732475168333 122476.6 102
1732475178407 122476.6 103
1732475188503 122476.6 104
1732475198598 122476.6 105
1732475208690 122476.6 106
1732475218789 122476.7 107
1732475228862 122476.7 108
1732475238939 122476.7 109
1732475249038 122476.7 110
1732475259109 122476.7 111
1732475269204 122476.7 112
1732475279292 122476.7 113
1732475289369 122476.7 114
1732475299463 122476.8 115
1732475309552 122476.8 116
1732475319623 122476.8 117
1732475329697 122476.8 118
1732475339782 122476.8 119
1732475349854 122476.8 120
1732475359938 122476.8 121
1732475370018 122476.8 122
1732475380117 122476.9 123
1732475390207 122476.9 124
1732475400303 122476.9 125
1732475410397 122476.9 126
1732475420492 122476.9 127
1732475430580 122476.9 128
1732475440674 122476.9 129
1732475450759 122477.0 130
1732475460847 122477.0 131
1732475470929 122477.0 132
1732475481016 122477.0 133
1732475491107 122477.0 134
1732475501185 122477.0 135
1732475511275 122477.0 136
1732475521358 122477.0 137
1732475531452 122477.1 138
1732475541522 122477.1 139
1732475551609 122477.1 140
1732475561712 122477.1 141
1732475571805 122477.1 142
1732475581892 122477.1 143
1732475591973 122477.1 144
1732475602071 122477.1 145
1732475612163 122477.2 146
1732475622239 122477.2 147
1732475632309 122477.2 148
1732475642413 122477.2 149
1732475652509 122477.2 150
1732475662596 122477.2 151
1732475672668 122477.2 152
1732475682772 122477.2 153
1732475692889 122477.3 154
1732475702972 122477.3 155
1732475713069 122477.3 156
1732475723180 122477.3 157
1732475733283 122477.3 158
1732475743348 122477.3 159
1732475753448 122477.3 160
1732475763543 122477.3 161
1732475773631 122477.3 162
1732475783721 122477.3 163
1732475793805 122477.4 164
1732475803891 122477.4 165
1732475813993 122479.8 166
1732475824079 122479.8 167
1732475834178 122479.9 168
1732475844278 122479.9 169
1732475854363 122479.9 170
1732475864453 122479.9 171
1732475874534 122479.9 172
1732475884638 122479.9 173
1732475894738 122479.9 174
1732475904841 122480.0 175
1732475914946 122480.0 176
1732475925040 122480.0 177
1732475935124 122480.0 178
1732475945235 122480.0 179
1732475955333 122480.0 180
1732475965394 122480.0 181
1732475975496 122480.0 182
1732475985596 122480.1 183
1732475995702 122480.1 184
1732476005780 122480.1 185
1732476015894 122480.1 186
1732476025983 122480.1 187
1732476036083 122480.1 188
1732476046182 122480.1 189
1732476056279 122480.1 190
1732476066370 122480.2 191
1732476076485 122480.2 192
1732476086567 122480.2 193
1732476096662 122480.2 194
1732476106749 122480.2 195
1732476116830 122480.2 196
1732476126929 122480.2 197
1732476137016 122480.2 198
1732476147134 122480.3 199
1732476157239 122480.3 200
1732476167345 122480.3 201
1732476177435 122480.3 202
1732476187527 122480.3 203
1732476197628 122480.3 204
1732476207732 122480.3 205
1732476217831 122480.3 206
1732476227919 122480.4 207
1732476238024 122480.4 208
1732476248113 122480.4 209
1732476258218 122480.4 210
1732476268334 122480.4 211
1732476278433 122480.4 212
1732476288520 122480.4 213
1732476298625 122480.4 214
1732476308712 122480.5 215
1732476318813 122480.5 216
1732476328934 122480.5 217
1732476339029 122480.5 218
1732476349135 122480.5 219
1732476359234 122480.5 220
1732476369331 122480.5 221
1732476379420 122480.5 222
1732476389514 122480.6 223
1732476399619 122480.6 224
1732476409744 122480.6 225
1732476419866 122480.6 226
1732476429978 122480.6 227
1732476440087 122480.6 228
1732476450197 122480.6 229
1732476460306 122480.7 230
1732476470398 122480.7 231
1732476480514 122480.7 232
1732476490618 122480.7 233
1732476500720 122480.7 234
1732476510828 122480.7 235
1732476520935 122480.7 236
1732476531041 122480.8 237
1732476541145 122480.8 238
1732476551247 122480.8 239
1732476561352 122480.8 240
1732476571428 122480.8 241
1732476581517 122480.8 242
1732476591612 122480.8 243
1732476601703 122480.8 244
1732476611821 122480.9 245
1732476621909 122480.9 246
1732476632016 122480.9 247
1732476642108 122480.9 248
1732476652214 122480.9 249
1732476662329 122480.9 250
1732476672424 122480.9 251
1732476682511 122480.9 252
1732476692614 122481.0 253
1732476702722 122481.0 254
1732476712837 122481.0 255
1732476722946 122481.0 256
1732476733070 122481.0 257
1732476743179 122481.0 258
1732476753277 122481.0 259
1732476763373 122481.0 260
1732476773493 122481.0 261
1732476783599 122481.1 262
1732476793698 122481.1 263
1732476803804 122481.1 264
1732476814500 122481.1 265
1732476824609 122481.1 266
1732476834711 122481.1 267
1732476844820 122481.1 268
1732476854925 122481.2 269
1732476865032 122481.2 270
1732476875150 122481.2 271
1732476885250 122481.2 272
1732476895354 122481.2 273
1732476905464 122481.2 274
1732476915574 122481.2 275
1732476925650 122481.2 276
1732476935748 122481.3 277
1732476945837 122481.3 278
1732476955954 122481.3 279
1732476966070 122481.3 280
1732476976182 122481.3 281
1732476986285 122481.3 282
1732476996392 122481.3 283
1732477006502 122481.3 284
1732477016602 122481.4 285
1732477026719 122481.4 286
1732477036818 122481.4 287
1732477046949 122481.4 288
1732477057059 122481.4 289
1732477067176 122481.4 290
1732477077270 122481.4 291
1732477087369 122481.4 292
1732477097491 122481.5 293
1732477107612 122481.5 294
1732477117726 122481.5 295
1732477127866 122481.5 296
1732477137980 122481.5 297
1732477148101 122481.5 298
1732477158186 122481.5 299
1732477168312 122481.6 300
1732477178402 122481.6 301
1732477188512 122481.6 302
1732477198637 122481.6 303
1732477208724 122481.6 304
1732477218834 122481.6 305
1732477228957 122481.6 306
1732477239091 122481.6 307
1732477249212 122481.7 308
1732477259310 122481.7 309
1732477269405 122481.7 310
1732477279492 122481.7 311
1732477289599 122481.7 312
1732477299739 122481.7 313
1732477309848 122481.7 314
1732477319971 122481.7 315
1732477330090 122481.8 316
1732477340215 122481.8 317
1732477350334 122481.8 318
1732477360456 122481.8 319
1732477370571 122481.8 320
1732477380694 122481.8 321
1732477390812 122481.8 322
1732477400943 122481.9 323
1732477411056 122481.9 324
1732477421180 122481.9 325
1732477431319 122481.9 326
1732477441451 122481.9 327
1732477451540 122481.9 328
1732477461659 122481.9 329
1732477471758 122481.9 330
1732477481890 122482.0 331
1732477492011 122482.0 332
1732477502132 122482.0 333
1732477512252 122482.0 334
1732477522387 122482.0 335
1732477532523 122482.0 336
1732477542644 122482.0 337
1732477552763 122482.0 338
1732477562883 122482.1 339
1732477573004 122482.1 340
1732477583124 122482.1 341
1732477593252 122482.1 342
1732477603394 122482.1 343
1732477613517 122482.1 344
1732477623642 122482.1 345
1732477633773 122482.1 346
1732477643895 122482.2 347
1732477654010 122482.2 348
1732477664131 122482.2 349
1732477674250 122482.2 350
1732477684377 122482.2 351
1732477694531 122482.2 352
1732477704660 122482.2 353
1732477714797 122482.2 354
1732477724925 122482.3 355
1732477735031 122482.3 356
1732477745171 122482.3 357
1732477755308 122482.3 358
1732477765429 122482.3 359
1732477775559 122482.3 360
1732477785691 122482.3 361
1732477795820 122482.3 362
1732477805944 122482.4 363
1732477816044 122482.4 364
1732477826180 122482.4 365
1732477836296 122482.4 366
1732477846437 122482.4 367
1732477856561 122482.4 368
1732477866680 122482.4 369
1732477876802 122482.5 370
1732477886929 122482.5 371
1732477897046 122482.5 372
1732477907193 122482.5 373
1732477917322 122482.5 374
1732477927417 122482.5 375
1732477937552 122482.5 376
1732477947653 122495.1 377
1732477957780 122483.0 378
1732477967907 122483.0 379
1732477978021 122483.0 380
1732477988145 122483.0 381
1732477998292 122483.0 382
1732478008413 122483.0 383
1732478018532 122483.0 384
1732478028634 122483.0 385
1732478038777 122483.1 386
1732478048899 122483.1 387
1732478059004 122483.1 388
1732478069133 122483.1 389
1732478079291 122483.1 390
1732478089412 122483.1 391
1732478099533 122483.1 392
1732478109659 122483.2 393
1732478119784 122483.2 394
1732478129919 122483.2 395
1732478140043 122483.2 396
1732478150169 122483.2 397
1732478160303 122483.2 398
1732478170442 122483.2 399
1732478180528 122483.2 400
1732478190654 122483.2 401
1732478200775 122483.3 402
1732478210915 122483.3 403
1732478221046 122483.3 404
1732478231180 122483.3 405
1732478241295 122483.3 406
1732478251448 122483.3 407
1732478261526 122483.3 408
