1732474139975 139880.1 0
1732474150020 139880.1 1
1732474160087 139880.1 2
1732474170174 139880.0 3
1732474180236 139880.0 4
1732474190309 139880.0 5
1732474200364 139879.9 6
1732474210426 139880.0 7
1732474220487 139880.0 8
1732474230559 139879.9 9
1732474240619 139902.3 10
1732474250677 139902.2 11
1732474260763 139902.2 12
1732474270837 139902.2 13
1732474280916 139902.2 14
1732474290996 139902.2 15
1732474301071 139902.2 16
1732474311126 139902.2 17
1732474321229 139902.1 18
1732474331303 139902.1 19
1732474341382 139902.1 20
1732474351451 139902.1 21
1732474361518 139902.1 22
1732474371584 139902.1 23
1732474381673 139902.1 24
1732474391752 139902.1 25
1732474401833 139902.1 26
1732474411900 139902.0 27
1732474421978 139902.0 28
1732474432054 139902.0 29
1732474442134 139902.0 30
1732474452211 139902.0 31
1732474462289 139902.0 32
1732474472360 139902.0 33
1732474482463 139901.9 34
1732474492535 139901.9 35
1732474502611 139901.9 36
1732474512695 139901.9 37
1732474522773 139901.9 38
1732474532839 139901.9 39
1732474542914 139901.9 40
1732474552989 139901.9 41
1732474563045 139901.8 42
1732474573098 139901.8 43
1732474583168 139901.8 44
1732474593231 139901.8 45
1732474603303 139901.8 46
1732474613375 139901.8 47
1732474623472 139901.8 48
1732474633546 139901.8 49
1732474643623 139901.7 50
1732474653708 139901.7 51
1732474663780 139901.7 52
1732474673873 139901.7 53
1732474683947 139901.7 54
1732474694023 139901.7 55
1732474704098 139901.7 56
1732474714179 139901.6 57
1732474724257 139901.6 58
1732474734322 139901.6 59
1732474744386 139901.6 60
1732474754459 139901.6 61
1732474764528 139901.6 62
1732474774624 139901.6 63
1732474784716 139901.6 64
1732474794787 139901.5 65
1732474804850 139901.5 66
1732474814927 139901.5 67
1732474825005 139901.5 68
1732474835089 139901.5 69
1732474845182 139901.5 70
1732474855276 139901.5 71
1732474865364 139901.4 72
1732474875440 139901.4 73
1732474885544 139901.4 74
1732474895632 139901.4 75
1732474905722 139901.4 76
1732474915798 139901.4 77
1732474925869 139901.4 78
1732474935962 139901.4 79
1732474946040 139901.3 80
1732474956128 139901.3 81
1732474966607 139901.3 82
1732474976683 139901.3 83
1732474986771 139901.3 84
1732474996858 139901.3 85
1732475006953 139901.3 86
1732475017041 139901.3 87
1732475027123 139901.2 88
1732475037229 139901.2 89
1732475047308 139901.2 90
1732475057394 139901.2 91
1732475067473 139901.2 92
1732475077560 139901.2 93
1732475087653 139901.2 94
1732475097741 139901.2 95
1732475107828 139901.1 96
1732475117909 139901.1 97
1732475128005 139901.1 98
1732475138096 139901.1 99
1732475148189 139901.1 100
1732475158267 139901.1 101
1732475168333 139901.1 102
1732475178407 139901.1 103
1732475188503 139901.0 104
1732475198598 139901.0 105
1732475208690 139901.0 106
1732475218789 139901.0 107
1732475228862 139901.0 108
1732475238939 139901.0 109
1732475249038 139901.0 110
1732475259109 139901.0 111
1732475269204 139900.9 112
1732475279292 139900.9 113
1732475289369 139900.9 114
1732475299463 139900.9 115
1732475309552 139900.9 116
1732475319623 139900.9 117
1732475329697 139900.9 118
1732475339782 139900.9 119
1732475349854 139900.8 120
1732475359938 139900.8 121
1732475370018 139900.8 122
1732475380117 139900.8 123
1732475390207 139900.8 124
1732475400303 139900.8 125
1732475410397 139900.8 126
1732475420492 139900.7 127
1732475430580 139900.7 128
1732475440674 139900.7 129
1732475450759 139900.7 130
1732475460847 139900.7 131
1732475470929 139900.7 132
1732475481016 139900.7 133
1732475491107 139900.7 134
1732475501185 139900.6 135
1732475511275 139900.6 136
1732475521358 139900.6 137
1732475531452 139900.6 138
1732475541522 139900.6 139
1732475551609 139900.6 140
1732475561712 139900.6 141
1732475571805 139900.6 142
1732475581892 139900.5 143
1732475591973 139900.5 144
1732475602071 139900.5 145
1732475612163 139900.5 146
1732475622239 139900.5 147
1732475632309 139900.5 148
1732475642413 139900.5 149
1732475652509 139900.5 150
1732475662596 139900.4 151
1732475672668 139900.4 152
1732475682772 139900.4 153
1732475692889 139900.4 154
1732475702972 139900.4 155
1732475713069 139900.4 156
1732475723180 139900.4 157
1732475733283 139900.4 158
1732475743348 139900.3 159
1732475753448 139900.3 160
1732475763543 139900.3 161
1732475773631 139900.3 162
1732475783721 139900.3 163
1732475793805 139900.3 164
1732475803891 139900.3 165
1732475813993 139897.8 166
1732475824079 139897.8 167
1732475834178 139897.8 168
1732475844278 139897.8 169
1732475854363 139897.8 170
1732475864453 139897.8 171
1732475874534 139897.7 172
1732475884638 139897.7 173
1732475894738 139897.7 174
1732475904841 139897.7 175
1732475914946 139897.7 176
1732475925040 139897.7 177
1732475935124 139897.7 178
1732475945235 139897.7 179
1732475955333 139897.6 180
1732475965394 139897.6 181
1732475975496 139897.6 182
1732475985596 139897.6 183
1732475995702 139897.6 184
1732476005780 139897.6 185
1732476015894 139897.6 186
1732476025983 139897.6 187
1732476036083 139897.5 188
1732476046182 139897.5 189
1732476056279 139897.5 190
1732476066370 139897.5 191
1732476076485 139897.5 192
1732476086567 139897.5 193
1732476096662 139897.5 194
1732476106749 139897.5 195
1732476116830 139897.4 196
1732476126929 139897.4 197
1732476137016 139897.4 198
1732476147134 139897.4 199
1732476157239 139897.4 200
1732476167345 139897.4 201
1732476177435 139897.4 202
1732476187527 139897.4 203
1732476197628 139897.3 204
1732476207732 139897.3 205
1732476217831 139897.3 206
1732476227919 139897.3 207
1732476238024 139897.3 208
1732476248113 139897.3 209
1732476258218 139897.3 210
1732476268334 139897.3 211
1732476278433 139897.2 212
1732476288520 139897.2 213
1732476298625 139897.2 214
1732476308712 139897.2 215
1732476318813 139897.2 216
1732476328934 139897.2 217
1732476339029 139897.2 218
1732476349135 139897.2 219
1732476359234 139897.1 220
1732476369331 139897.1 221
1732476379420 139897.1 222
1732476389514 139897.1 223
1732476399619 139897.1 224
1732476409744 139897.1 225
1732476419866 139897.1 226
1732476429978 139897.0 227
1732476440087 139897.0 228
1732476450197 139897.0 229
1732476460306 139897.0 230
1732476470398 139897.0 231
1732476480514 139897.0 232
1732476490618 139897.0 233
1732476500720 139897.0 234
1732476510828 139896.9 235
1732476520935 139896.9 236
1732476531041 139896.9 237
1732476541145 139896.9 238
1732476551247 139896.9 239
1732476561352 139896.9 240
1732476571428 139896.9 241
1732476581517 139896.8 242
1732476591612 139896.8 243
1732476601703 139896.8 244
1732476611821 139896.8 245
1732476621909 139896.8 246
1732476632016 139896.8 247
1732476642108 139896.8 248
1732476652214 139896.8 249
1732476662329 139896.7 250
1732476672424 139896.7 251
1732476682511 139896.7 252
1732476692614 139896.7 253
1732476702722 139896.7 254
1732476712837 139896.7 255
1732476722946 139896.7 256
1732476733070 139896.7 257
1732476743179 139896.6 258
1732476753277 139896.6 259
1732476763373 139896.6 260
1732476773493 139896.6 261
1732476783599 139896.6 262
1732476793698 139896.6 263
1732476803804 139896.6 264
1732476814500 139896.6 265
1732476824609 139896.5 266
1732476834711 139896.5 267
1732476844820 139896.5 268
1732476854925 139896.5 269
1732476865032 139896.5 270
1732476875150 139896.5 271
1732476885250 139896.5 272
1732476895354 139896.5 273
1732476905464 139896.4 274
1732476915574 139896.4 275
1732476925650 139896.4 276
1732476935748 139896.4 277
1732476945837 139896.4 278
1732476955954 139896.4 279
1732476966070 139896.4 280
1732476976182 139896.4 281
1732476986285 139896.3 282
1732476996392 139896.3 283
1732477006502 139896.3 284
1732477016602 139896.3 285
1732477026719 139896.3 286
1732477036818 139896.3 287
1732477046949 139896.3 288
1732477057059 139896.3 289
1732477067176 139896.2 290
1732477077270 139896.2 291
1732477087369 139896.2 292
1732477097491 139896.2 293
1732477107612 139896.2 294
1732477117726 139896.2 295
1732477127866 139896.2 296
1732477137980 139896.1 297
1732477148101 139896.1 298
1732477158186 139896.1 299
1732477168312 139896.1 300
1732477178402 139896.1 301
1732477188512 139896.1 302
1732477198637 139896.1 303
1732477208724 139896.1 304
1732477218834 139896.0 305
1732477228957 139896.0 306
1732477239091 139896.0 307
1732477249212 139896.0 308
1732477259310 139896.0 309
1732477269405 139896.0 310
1732477279492 139896.0 311
1732477289599 139896.0 312
1732477299739 139895.9 313
1732477309848 139895.9 314
1732477319971 139895.9 315
1732477330090 139895.9 316
1732477340215 139895.9 317
1732477350334 139895.9 318
1732477360456 139895.9 319
1732477370571 139895.8 320
1732477380694 139895.8 321
1732477390812 139895.8 322
1732477400943 139895.8 323
1732477411056 139895.8 324
1732477421180 139895.8 325
1732477431319 139895.8 326
1732477441451 139895.8 327
1732477451540 139895.8 328
1732477461659 139895.7 329
1732477471758 139895.7 330
1732477481890 139895.7 331
1732477492011 139895.7 332
1732477502132 139895.7 333
1732477512252 139895.7 334
1732477522387 139895.7 335
1732477532523 139895.6 336
1732477542644 139895.6 337
1732477552763 139895.6 338
1732477562883 139895.6 339
1732477573004 139895.6 340
1732477583124 139895.6 341
1732477593252 139895.6 342
1732477603394 139895.6 343
1732477613517 139895.5 344
1732477623642 139895.5 345
1732477633773 139895.5 346
1732477643895 139895.5 347
1732477654010 139895.5 348
1732477664131 139895.5 349
1732477674250 139895.5 350
1732477684377 139895.5 351
1732477694531 139895.4 352
1732477704660 139895.4 353
1732477714797 139895.4 354
1732477724925 139895.4 355
1732477735031 139895.4 356
1732477745171 139895.4 357
1732477755308 139895.4 358
1732477765429 139895.3 359
1732477775559 139895.3 360
1732477785691 139895.3 361
1732477795820 139895.3 362
1732477805944 139895.3 363
1732477816044 139895.3 364
1732477826180 139895.3 365
1732477836296 139895.3 366
1732477846437 139895.2 367
1732477856561 139895.2 368
1732477866680 139895.2 369
1732477876802 139895.2 370
1732477886929 139895.2 371
1732477897046 139895.2 372
1732477907193 139895.2 373
1732477917322 139895.2 374
1732477927417 139895.1 375
1732477937552 139895.1 376
1732477947653 139882.5 377
1732477957780 139894.7 378
1732477967907 139894.7 379
1732477978021 139894.7 380
1732477988145 139894.7 381
1732477998292 139894.7 382
1732478008413 139894.6 383
1732478018532 139894.6 384
1732478028634 139894.6 385
1732478038777 139894.6 386
1732478048899 139894.6 387
1732478059004 139894.6 388
1732478069133 139894.6 389
1732478079291 139894.5 390
1732478089412 139894.5 391
1732478099533 139894.5 392
1732478109659 139894.5 393
1732478119784 139894.5 394
1732478129919 139894.5 395
1732478140043 139894.5 396
1732478150169 139894.5 397
1732478160303 139894.4 398
1732478170442 139894.4 399
1732478180528 139894.4 400
1732478190654 139894.4 401
1732478200775 139894.4 402
1732478210915 139894.4 403
1732478221046 139894.4 404
1732478231180 139894.4 405
1732478241295 139894.3 406
1732478251448 139894.3 407
1732478261526 139894.3 408
