1732474139975 46.7 0
1732474150020 46.7 1
1732474160087 46.7 2
1732474170174 46.7 3
1732474180236 46.7 4
1732474190309 46.7 5
1732474200364 46.7 6
1732474210426 46.7 7
1732474220487 46.7 8
1732474230559 46.7 9
1732474240619 46.7 10
1732474250677 46.7 11
1732474260763 46.7 12
1732474270837 46.7 13
1732474280916 46.7 14
1732474290996 46.7 15
1732474301071 46.7 16
1732474311126 46.7 17
1732474321229 46.7 18
1732474331303 46.7 19
1732474341382 46.7 20
1732474351451 46.7 21
1732474361518 46.7 22
1732474371584 46.7 23
1732474381673 46.7 24
1732474391752 46.7 25
1732474401833 46.7 26
1732474411900 46.7 27
1732474421978 46.7 28
1732474432054 46.7 29
1732474442134 46.7 30
1732474452211 46.7 31
1732474462289 46.7 32
1732474472360 46.7 33
1732474482463 46.7 34
1732474492535 46.7 35
1732474502611 46.7 36
1732474512695 46.7 37
1732474522773 46.7 38
1732474532839 46.7 39
1732474542914 46.7 40
1732474552989 46.7 41
1732474563045 46.7 42
1732474573098 46.7 43
1732474583168 46.7 44
1732474593231 46.7 45
1732474603303 46.7 46
1732474613375 46.7 47
1732474623472 46.7 48
1732474633546 46.7 49
1732474643623 46.7 50
1732474653708 46.7 51
1732474663780 46.7 52
1732474673873 46.7 53
1732474683947 46.7 54
1732474694023 46.7 55
1732474704098 46.7 56
1732474714179 46.7 57
1732474724257 46.7 58
1732474734322 46.7 59
1732474744386 46.7 60
1732474754459 46.7 61
1732474764528 46.7 62
1732474774624 46.7 63
1732474784716 46.7 64
1732474794787 46.7 65
1732474804850 46.7 66
1732474814927 46.7 67
1732474825005 46.7 68
1732474835089 46.7 69
1732474845182 46.7 70
1732474855276 46.7 71
1732474865364 46.7 72
1732474875440 46.7 73
1732474885544 46.7 74
1732474895632 46.7 75
1732474905722 46.7 76
1732474915798 46.7 77
1732474925869 46.7 78
1732474935962 46.7 79
1732474946040 46.7 80
1732474956128 46.7 81
1732474966607 46.7 82
1732474976683 46.7 83
1732474986771 46.7 84
1732474996858 46.7 85
1732475006953 46.7 86
1732475017041 46.7 87
1732475027123 46.7 88
1732475037229 46.7 89
1732475047308 46.7 90
1732475057394 46.7 91
1732475067473 46.7 92
1732475077560 46.7 93
1732475087653 46.7 94
1732475097741 46.7 95
1732475107828 46.7 96
1732475117909 46.7 97
1732475128005 46.7 98
1732475138096 46.7 99
1732475148189 46.7 100
1732475158267 46.7 101
1732475168333 46.7 102
1732475178407 46.7 103
1732475188503 46.7 104
1732475198598 46.7 105
1732475208690 46.7 106
1732475218789 46.7 107
1732475228862 46.7 108
1732475238939 46.7 109
1732475249038 46.7 110
1732475259109 46.7 111
1732475269204 46.7 112
1732475279292 46.7 113
1732475289369 46.7 114
1732475299463 46.7 115
1732475309552 46.7 116
1732475319623 46.7 117
1732475329697 46.7 118
1732475339782 46.7 119
1732475349854 46.7 120
1732475359938 46.7 121
1732475370018 46.7 122
1732475380117 46.7 123
1732475390207 46.7 124
1732475400303 46.7 125
1732475410397 46.7 126
1732475420492 46.7 127
1732475430580 46.7 128
1732475440674 46.7 129
1732475450759 46.7 130
1732475460847 46.7 131
1732475470929 46.7 132
1732475481016 46.7 133
1732475491107 46.7 134
1732475501185 46.7 135
1732475511275 46.7 136
1732475521358 46.7 137
1732475531452 46.7 138
1732475541522 46.7 139
1732475551609 46.7 140
1732475561712 46.7 141
1732475571805 46.7 142
1732475581892 46.7 143
1732475591973 46.7 144
1732475602071 46.7 145
1732475612163 46.7 146
1732475622239 46.7 147
1732475632309 46.7 148
1732475642413 46.7 149
1732475652509 46.7 150
1732475662596 46.7 151
1732475672668 46.7 152
1732475682772 46.7 153
1732475692889 46.7 154
1732475702972 46.7 155
1732475713069 46.7 156
1732475723180 46.7 157
1732475733283 46.7 158
1732475743348 46.7 159
1732475753448 46.7 160
1732475763543 46.7 161
1732475773631 46.7 162
1732475783721 46.7 163
1732475793805 46.7 164
1732475803891 46.7 165
1732475813993 46.7 166
1732475824079 46.7 167
1732475834178 46.7 168
1732475844278 46.7 169
1732475854363 46.7 170
1732475864453 46.7 171
1732475874534 46.7 172
1732475884638 46.7 173
1732475894738 46.7 174
1732475904841 46.7 175
1732475914946 46.7 176
1732475925040 46.7 177
1732475935124 46.7 178
1732475945235 46.7 179
1732475955333 46.7 180
1732475965394 46.7 181
1732475975496 46.7 182
1732475985596 46.7 183
1732475995702 46.7 184
1732476005780 46.7 185
1732476015894 46.7 186
1732476025983 46.7 187
1732476036083 46.7 188
1732476046182 46.7 189
1732476056279 46.7 190
1732476066370 46.7 191
1732476076485 46.7 192
1732476086567 46.7 193
1732476096662 46.7 194
1732476106749 46.7 195
1732476116830 46.7 196
1732476126929 46.7 197
1732476137016 46.7 198
1732476147134 46.7 199
1732476157239 46.7 200
1732476167345 46.7 201
1732476177435 46.7 202
1732476187527 46.7 203
1732476197628 46.7 204
1732476207732 46.7 205
1732476217831 46.7 206
1732476227919 46.7 207
1732476238024 46.7 208
1732476248113 46.7 209
1732476258218 46.7 210
1732476268334 46.7 211
1732476278433 46.7 212
1732476288520 46.7 213
1732476298625 46.7 214
1732476308712 46.7 215
1732476318813 46.7 216
1732476328934 46.7 217
1732476339029 46.7 218
1732476349135 46.7 219
1732476359234 46.7 220
1732476369331 46.7 221
1732476379420 46.7 222
1732476389514 46.7 223
1732476399619 46.7 224
1732476409744 46.7 225
1732476419866 46.7 226
1732476429978 46.7 227
1732476440087 46.7 228
1732476450197 46.7 229
1732476460306 46.7 230
1732476470398 46.7 231
1732476480514 46.7 232
1732476490618 46.7 233
1732476500720 46.7 234
1732476510828 46.7 235
1732476520935 46.7 236
1732476531041 46.7 237
1732476541145 46.7 238
1732476551247 46.7 239
1732476561352 46.7 240
1732476571428 46.7 241
1732476581517 46.7 242
1732476591612 46.7 243
1732476601703 46.7 244
1732476611821 46.7 245
1732476621909 46.7 246
1732476632016 46.7 247
1732476642108 46.7 248
1732476652214 46.7 249
1732476662329 46.7 250
1732476672424 46.7 251
1732476682511 46.7 252
1732476692614 46.7 253
1732476702722 46.7 254
1732476712837 46.7 255
1732476722946 46.7 256
1732476733070 46.7 257
1732476743179 46.7 258
1732476753277 46.7 259
1732476763373 46.7 260
1732476773493 46.7 261
1732476783599 46.7 262
1732476793698 46.7 263
1732476803804 46.7 264
1732476814500 46.7 265
1732476824609 46.7 266
1732476834711 46.7 267
1732476844820 46.7 268
1732476854925 46.7 269
1732476865032 46.7 270
1732476875150 46.7 271
1732476885250 46.7 272
1732476895354 46.7 273
1732476905464 46.7 274
1732476915574 46.7 275
1732476925650 46.7 276
1732476935748 46.7 277
1732476945837 46.7 278
1732476955954 46.7 279
1732476966070 46.7 280
1732476976182 46.7 281
1732476986285 46.7 282
1732476996392 46.7 283
1732477006502 46.7 284
1732477016602 46.7 285
1732477026719 46.7 286
1732477036818 46.7 287
1732477046949 46.7 288
1732477057059 46.7 289
1732477067176 46.7 290
1732477077270 46.7 291
1732477087369 46.7 292
1732477097491 46.7 293
1732477107612 46.7 294
1732477117726 46.7 295
1732477127866 46.7 296
1732477137980 46.7 297
1732477148101 46.7 298
1732477158186 46.7 299
1732477168312 46.7 300
1732477178402 46.7 301
1732477188512 46.7 302
1732477198637 46.7 303
1732477208724 46.7 304
1732477218834 46.7 305
1732477228957 46.7 306
1732477239091 46.7 307
1732477249212 46.7 308
1732477259310 46.7 309
1732477269405 46.7 310
1732477279492 46.7 311
1732477289599 46.7 312
1732477299739 46.7 313
1732477309848 46.7 314
1732477319971 46.7 315
1732477330090 46.7 316
1732477340215 46.7 317
1732477350334 46.7 318
1732477360456 46.7 319
1732477370571 46.7 320
1732477380694 46.7 321
1732477390812 46.7 322
1732477400943 46.7 323
1732477411056 46.7 324
1732477421180 46.7 325
1732477431319 46.7 326
1732477441451 46.7 327
1732477451540 46.7 328
1732477461659 46.7 329
1732477471758 46.7 330
1732477481890 46.7 331
1732477492011 46.7 332
1732477502132 46.7 333
1732477512252 46.7 334
1732477522387 46.7 335
1732477532523 46.7 336
1732477542644 46.7 337
1732477552763 46.7 338
1732477562883 46.7 339
1732477573004 46.7 340
1732477583124 46.7 341
1732477593252 46.7 342
1732477603394 46.7 343
1732477613517 46.7 344
1732477623642 46.7 345
1732477633773 46.7 346
1732477643895 46.7 347
1732477654010 46.7 348
1732477664131 46.7 349
1732477674250 46.7 350
1732477684377 46.7 351
1732477694531 46.7 352
1732477704660 46.7 353
1732477714797 46.7 354
1732477724925 46.7 355
1732477735031 46.7 356
1732477745171 46.7 357
1732477755308 46.7 358
1732477765429 46.7 359
1732477775559 46.7 360
1732477785691 46.7 361
1732477795820 46.7 362
1732477805944 46.7 363
1732477816044 46.7 364
1732477826180 46.7 365
1732477836296 46.7 366
1732477846437 46.7 367
1732477856561 46.7 368
1732477866680 46.7 369
1732477876802 46.7 370
1732477886929 46.7 371
1732477897046 46.7 372
1732477907193 46.7 373
1732477917322 46.7 374
1732477927417 46.7 375
1732477937552 46.7 376
1732477947653 46.7 377
1732477957780 46.7 378
1732477967907 46.7 379
1732477978021 46.7 380
1732477988145 46.7 381
1732477998292 46.7 382
1732478008413 46.7 383
1732478018532 46.7 384
1732478028634 46.7 385
1732478038777 46.7 386
1732478048899 46.7 387
1732478059004 46.7 388
1732478069133 46.7 389
1732478079291 46.7 390
1732478089412 46.7 391
1732478099533 46.7 392
1732478109659 46.7 393
1732478119784 46.7 394
1732478129919 46.7 395
1732478140043 46.7 396
1732478150169 46.7 397
1732478160303 46.7 398
1732478170442 46.7 399
1732478180528 46.7 400
1732478190654 46.7 401
1732478200775 46.7 402
1732478210915 46.7 403
1732478221046 46.7 404
1732478231180 46.7 405
1732478241295 46.7 406
1732478251448 46.7 407
1732478261526 46.7 408
