1732474139975 10.1 0
1732474150020 17.4 1
1732474160087 26.0 2
1732474170174 26.1 3
1732474180236 26.1 4
1732474190309 26.1 5
1732474200364 26.0 6
1732474210426 35.6 7
1732474220487 35.7 8
1732474230559 35.7 9
1732474240619 35.2 10
1732474250677 35.2 11
1732474260763 35.2 12
1732474270837 35.8 13
1732474280916 35.8 14
1732474290996 35.8 15
1732474301071 35.7 16
1732474311126 35.7 17
1732474321229 35.7 18
1732474331303 35.7 19
1732474341382 35.7 20
1732474351451 35.7 21
1732474361518 35.7 22
1732474371584 35.7 23
1732474381673 35.7 24
1732474391752 35.7 25
1732474401833 35.7 26
1732474411900 35.7 27
1732474421978 35.7 28
1732474432054 35.7 29
1732474442134 35.7 30
1732474452211 35.7 31
1732474462289 35.7 32
1732474472360 35.7 33
1732474482463 35.7 34
1732474492535 35.6 35
1732474502611 35.7 36
1732474512695 35.7 37
1732474522773 35.7 38
1732474532839 35.7 39
1732474542914 35.7 40
1732474552989 35.7 41
1732474563045 35.7 42
1732474573098 35.7 43
1732474583168 35.7 44
1732474593231 35.7 45
1732474603303 35.5 46
1732474613375 35.5 47
1732474623472 35.5 48
1732474633546 35.5 49
1732474643623 35.5 50
1732474653708 35.6 51
1732474663780 35.6 52
1732474673873 35.6 53
1732474683947 35.6 54
1732474694023 35.6 55
1732474704098 35.6 56
1732474714179 35.6 57
1732474724257 35.6 58
1732474734322 35.6 59
1732474744386 35.6 60
1732474754459 35.6 61
1732474764528 35.6 62
1732474774624 35.6 63
1732474784716 35.6 64
1732474794787 35.5 65
1732474804850 35.6 66
1732474814927 35.6 67
1732474825005 35.6 68
1732474835089 35.6 69
1732474845182 35.6 70
1732474855276 35.6 71
1732474865364 35.6 72
1732474875440 35.5 73
1732474885544 35.5 74
1732474895632 35.5 75
1732474905722 35.5 76
1732474915798 35.5 77
1732474925869 35.5 78
1732474935962 35.5 79
1732474946040 35.5 80
1732474956128 35.5 81
1732474966607 35.5 82
1732474976683 35.5 83
1732474986771 35.5 84
1732474996858 35.5 85
1732475006953 35.5 86
1732475017041 35.5 87
1732475027123 35.5 88
1732475037229 35.5 89
1732475047308 35.5 90
1732475057394 35.5 91
1732475067473 35.5 92
1732475077560 35.5 93
1732475087653 35.5 94
1732475097741 35.5 95
1732475107828 35.5 96
1732475117909 35.5 97
1732475128005 35.5 98
1732475138096 35.5 99
1732475148189 35.5 100
1732475158267 35.5 101
1732475168333 35.5 102
1732475178407 35.5 103
1732475188503 35.5 104
1732475198598 35.5 105
1732475208690 35.5 106
1732475218789 35.5 107
1732475228862 35.5 108
1732475238939 35.5 109
1732475249038 35.5 110
1732475259109 35.5 111
1732475269204 35.5 112
1732475279292 35.5 113
1732475289369 35.5 114
1732475299463 35.5 115
1732475309552 35.5 116
1732475319623 35.5 117
1732475329697 35.5 118
1732475339782 35.5 119
1732475349854 35.5 120
1732475359938 35.5 121
1732475370018 35.5 122
1732475380117 35.5 123
1732475390207 35.5 124
1732475400303 35.5 125
1732475410397 35.5 126
1732475420492 35.5 127
1732475430580 35.5 128
1732475440674 35.5 129
1732475450759 35.5 130
1732475460847 35.5 131
1732475470929 35.5 132
1732475481016 35.5 133
1732475491107 35.5 134
1732475501185 35.5 135
1732475511275 35.5 136
1732475521358 35.5 137
1732475531452 35.5 138
1732475541522 35.5 139
1732475551609 35.5 140
1732475561712 35.5 141
1732475571805 35.5 142
1732475581892 35.5 143
1732475591973 35.5 144
1732475602071 35.5 145
1732475612163 35.5 146
1732475622239 35.5 147
1732475632309 35.5 148
1732475642413 35.5 149
1732475652509 35.5 150
1732475662596 35.5 151
1732475672668 35.5 152
1732475682772 35.5 153
1732475692889 35.5 154
1732475702972 35.5 155
1732475713069 35.5 156
1732475723180 35.5 157
1732475733283 35.5 158
1732475743348 35.5 159
1732475753448 35.5 160
1732475763543 35.5 161
1732475773631 35.5 162
1732475783721 35.5 163
1732475793805 35.5 164
1732475803891 35.5 165
1732475813993 35.5 166
1732475824079 35.5 167
1732475834178 35.5 168
1732475844278 35.5 169
1732475854363 35.5 170
1732475864453 35.5 171
1732475874534 35.5 172
1732475884638 35.5 173
1732475894738 35.5 174
1732475904841 35.5 175
1732475914946 35.5 176
1732475925040 35.5 177
1732475935124 35.5 178
1732475945235 35.5 179
1732475955333 35.5 180
1732475965394 35.5 181
1732475975496 35.5 182
1732475985596 35.5 183
1732475995702 35.5 184
1732476005780 35.5 185
1732476015894 35.5 186
1732476025983 35.5 187
1732476036083 35.5 188
1732476046182 35.5 189
1732476056279 35.5 190
1732476066370 35.5 191
1732476076485 35.5 192
1732476086567 35.5 193
1732476096662 35.5 194
1732476106749 35.5 195
1732476116830 35.5 196
1732476126929 35.5 197
1732476137016 35.5 198
1732476147134 35.5 199
1732476157239 35.5 200
1732476167345 35.5 201
1732476177435 35.5 202
1732476187527 35.5 203
1732476197628 35.5 204
1732476207732 35.5 205
1732476217831 35.5 206
1732476227919 35.5 207
1732476238024 35.5 208
1732476248113 35.5 209
1732476258218 35.5 210
1732476268334 35.5 211
1732476278433 35.5 212
1732476288520 35.5 213
1732476298625 35.5 214
1732476308712 35.5 215
1732476318813 35.5 216
1732476328934 35.5 217
1732476339029 35.5 218
1732476349135 35.5 219
1732476359234 35.5 220
1732476369331 35.5 221
1732476379420 35.5 222
1732476389514 35.5 223
1732476399619 35.5 224
1732476409744 35.5 225
1732476419866 35.5 226
1732476429978 35.5 227
1732476440087 35.5 228
1732476450197 35.5 229
1732476460306 35.5 230
1732476470398 35.5 231
1732476480514 35.5 232
1732476490618 35.5 233
1732476500720 35.5 234
1732476510828 35.5 235
1732476520935 35.5 236
1732476531041 35.5 237
1732476541145 35.5 238
1732476551247 35.5 239
1732476561352 35.5 240
1732476571428 35.5 241
1732476581517 35.5 242
1732476591612 35.5 243
1732476601703 35.5 244
1732476611821 35.5 245
1732476621909 35.5 246
1732476632016 35.5 247
1732476642108 35.5 248
1732476652214 35.5 249
1732476662329 35.5 250
1732476672424 35.5 251
1732476682511 35.5 252
1732476692614 35.5 253
1732476702722 35.5 254
1732476712837 35.5 255
1732476722946 35.5 256
1732476733070 35.5 257
1732476743179 35.5 258
1732476753277 35.5 259
1732476763373 35.5 260
1732476773493 35.5 261
1732476783599 35.5 262
1732476793698 35.5 263
1732476803804 35.5 264
1732476814500 35.5 265
1732476824609 35.5 266
1732476834711 35.5 267
1732476844820 35.5 268
1732476854925 35.5 269
1732476865032 35.5 270
1732476875150 35.5 271
1732476885250 35.5 272
1732476895354 35.5 273
1732476905464 35.5 274
1732476915574 35.5 275
1732476925650 35.5 276
1732476935748 35.5 277
1732476945837 35.5 278
1732476955954 35.5 279
1732476966070 35.5 280
1732476976182 35.5 281
1732476986285 35.5 282
1732476996392 35.5 283
1732477006502 35.5 284
1732477016602 35.5 285
1732477026719 35.5 286
1732477036818 35.5 287
1732477046949 35.5 288
1732477057059 35.5 289
1732477067176 35.5 290
1732477077270 35.5 291
1732477087369 35.5 292
1732477097491 35.5 293
1732477107612 35.5 294
1732477117726 35.6 295
1732477127866 35.6 296
1732477137980 35.6 297
1732477148101 35.6 298
1732477158186 35.6 299
1732477168312 35.6 300
1732477178402 35.6 301
1732477188512 35.6 302
1732477198637 35.6 303
1732477208724 35.6 304
1732477218834 35.6 305
1732477228957 35.6 306
1732477239091 35.6 307
1732477249212 35.6 308
1732477259310 35.6 309
1732477269405 35.6 310
1732477279492 35.6 311
1732477289599 35.6 312
1732477299739 35.6 313
1732477309848 35.6 314
1732477319971 35.6 315
1732477330090 35.6 316
1732477340215 35.6 317
1732477350334 35.6 318
1732477360456 35.6 319
1732477370571 35.6 320
1732477380694 35.6 321
1732477390812 35.6 322
1732477400943 35.6 323
1732477411056 35.6 324
1732477421180 35.6 325
1732477431319 35.6 326
1732477441451 35.6 327
1732477451540 35.6 328
1732477461659 35.6 329
1732477471758 35.6 330
1732477481890 35.6 331
1732477492011 35.5 332
1732477502132 35.5 333
1732477512252 35.5 334
1732477522387 35.5 335
1732477532523 35.5 336
1732477542644 35.5 337
1732477552763 35.5 338
1732477562883 35.5 339
1732477573004 35.5 340
1732477583124 35.5 341
1732477593252 35.5 342
1732477603394 35.5 343
1732477613517 35.5 344
1732477623642 35.5 345
1732477633773 35.5 346
1732477643895 35.5 347
1732477654010 35.5 348
1732477664131 35.5 349
1732477674250 35.5 350
1732477684377 35.5 351
1732477694531 35.5 352
1732477704660 35.5 353
1732477714797 35.5 354
1732477724925 35.5 355
1732477735031 35.5 356
1732477745171 35.5 357
1732477755308 35.5 358
1732477765429 35.5 359
1732477775559 35.5 360
1732477785691 35.5 361
1732477795820 35.5 362
1732477805944 35.5 363
1732477816044 35.5 364
1732477826180 35.5 365
1732477836296 35.5 366
1732477846437 35.5 367
1732477856561 35.5 368
1732477866680 35.5 369
1732477876802 35.5 370
1732477886929 35.5 371
1732477897046 35.5 372
1732477907193 35.5 373
1732477917322 35.5 374
1732477927417 35.5 375
1732477937552 35.5 376
1732477947653 35.5 377
1732477957780 35.5 378
1732477967907 35.5 379
1732477978021 35.5 380
1732477988145 35.5 381
1732477998292 35.5 382
1732478008413 35.6 383
1732478018532 35.6 384
1732478028634 35.6 385
1732478038777 35.6 386
1732478048899 35.6 387
1732478059004 35.6 388
1732478069133 35.6 389
1732478079291 35.6 390
1732478089412 35.6 391
1732478099533 35.6 392
1732478109659 35.6 393
1732478119784 35.6 394
1732478129919 35.6 395
1732478140043 35.6 396
1732478150169 35.6 397
1732478160303 35.6 398
1732478170442 35.6 399
1732478180528 35.6 400
1732478190654 35.6 401
1732478200775 35.6 402
1732478210915 35.6 403
1732478221046 35.6 404
1732478231180 35.6 405
1732478241295 35.6 406
1732478251448 35.6 407
1732478261526 35.6 408
