1732474139975 28.6 0
1732474150020 28.7 1
1732474160087 48.6 2
1732474170174 47.8 3
1732474180236 47.6 4
1732474190309 48.7 5
1732474200364 29.2 6
1732474210426 30.2 7
1732474220487 48.8 8
1732474230559 45.2 9
1732474240619 50.0 10
1732474250677 42.5 11
1732474260763 43.3 12
1732474270837 51.0 13
1732474280916 31.8 14
1732474290996 52.9 15
1732474301071 36.5 16
1732474311126 51.0 17
1732474321229 37.7 18
1732474331303 49.2 19
1732474341382 34.2 20
1732474351451 50.7 21
1732474361518 30.5 22
1732474371584 47.7 23
1732474381673 50.5 24
1732474391752 50.7 25
1732474401833 42.7 26
1732474411900 39.7 27
1732474421978 30.4 28
1732474432054 30.4 29
1732474442134 50.8 30
1732474452211 50.8 31
1732474462289 50.8 32
1732474472360 31.1 33
1732474482463 50.6 34
1732474492535 50.5 35
1732474502611 51.0 36
1732474512695 51.1 37
1732474522773 42.9 38
1732474532839 49.5 39
1732474542914 30.7 40
1732474552989 53.5 41
1732474563045 45.1 42
1732474573098 31.1 43
1732474583168 31.3 44
1732474593231 44.9 45
1732474603303 30.7 46
1732474613375 40.3 47
1732474623472 41.1 48
1732474633546 31.4 49
1732474643623 50.1 50
1732474653708 32.4 51
1732474663780 41.5 52
1732474673873 51.3 53
1732474683947 31.2 54
1732474694023 30.8 55
1732474704098 50.3 56
1732474714179 40.0 57
1732474724257 51.1 58
1732474734322 50.8 59
1732474744386 31.1 60
1732474754459 31.5 61
1732474764528 51.4 62
1732474774624 43.0 63
1732474784716 51.3 64
1732474794787 52.3 65
1732474804850 52.5 66
1732474814927 31.6 67
1732474825005 38.5 68
1732474835089 51.2 69
1732474845182 51.7 70
1732474855276 49.7 71
1732474865364 31.3 72
1732474875440 39.4 73
1732474885544 50.1 74
1732474895632 50.6 75
1732474905722 52.6 76
1732474915798 34.4 77
1732474925869 30.8 78
1732474935962 48.3 79
1732474946040 31.3 80
1732474956128 45.5 81
1732474966607 52.0 82
1732474976683 30.5 83
1732474986771 30.3 84
1732474996858 31.5 85
1732475006953 40.0 86
1732475017041 44.3 87
1732475027123 30.2 88
1732475037229 49.9 89
1732475047308 30.5 90
1732475057394 50.2 91
1732475067473 30.3 92
1732475077560 40.6 93
1732475087653 35.8 94
1732475097741 51.8 95
1732475107828 30.2 96
1732475117909 30.6 97
1732475128005 50.4 98
1732475138096 39.8 99
1732475148189 29.9 100
1732475158267 39.7 101
1732475168333 30.5 102
1732475178407 39.1 103
1732475188503 34.1 104
1732475198598 39.4 105
1732475208690 39.2 106
1732475218789 29.5 107
1732475228862 29.9 108
1732475238939 51.1 109
1732475249038 36.5 110
1732475259109 39.4 111
1732475269204 38.4 112
1732475279292 30.3 113
1732475289369 38.6 114
1732475299463 38.9 115
1732475309552 38.5 116
1732475319623 52.2 117
1732475329697 39.1 118
1732475339782 32.7 119
1732475349854 38.2 120
1732475359938 40.4 121
1732475370018 29.4 122
1732475380117 48.4 123
1732475390207 49.6 124
1732475400303 30.3 125
1732475410397 38.9 126
1732475420492 30.2 127
1732475430580 47.1 128
1732475440674 38.7 129
1732475450759 40.9 130
1732475460847 30.0 131
1732475470929 50.2 132
1732475481016 49.4 133
1732475491107 35.4 134
1732475501185 49.5 135
1732475511275 50.3 136
1732475521358 30.4 137
1732475531452 41.2 138
1732475541522 31.1 139
1732475551609 50.7 140
1732475561712 41.2 141
1732475571805 47.9 142
1732475581892 30.3 143
1732475591973 29.4 144
1732475602071 39.5 145
1732475612163 39.2 146
1732475622239 37.5 147
1732475632309 30.7 148
1732475642413 29.4 149
1732475652509 30.1 150
1732475662596 41.0 151
1732475672668 38.5 152
1732475682772 43.1 153
1732475692889 30.9 154
1732475702972 50.5 155
1732475713069 30.0 156
1732475723180 29.4 157
1732475733283 49.6 158
1732475743348 41.4 159
1732475753448 31.3 160
1732475763543 29.7 161
1732475773631 30.3 162
1732475783721 49.5 163
1732475793805 29.7 164
1732475803891 40.2 165
1732475813993 40.4 166
1732475824079 42.9 167
1732475834178 30.4 168
1732475844278 29.6 169
1732475854363 49.7 170
1732475864453 29.7 171
1732475874534 50.2 172
1732475884638 34.1 173
1732475894738 29.6 174
1732475904841 36.3 175
1732475914946 32.7 176
1732475925040 43.2 177
1732475935124 29.5 178
1732475945235 42.9 179
1732475955333 29.5 180
1732475965394 46.3 181
1732475975496 30.1 182
1732475985596 39.2 183
1732475995702 29.8 184
1732476005780 48.6 185
1732476015894 29.3 186
1732476025983 39.3 187
1732476036083 36.2 188
1732476046182 33.5 189
1732476056279 29.2 190
1732476066370 38.6 191
1732476076485 29.3 192
1732476086567 29.3 193
1732476096662 29.3 194
1732476106749 42.7 195
1732476116830 35.2 196
1732476126929 29.2 197
1732476137016 29.1 198
1732476147134 33.9 199
1732476157239 29.2 200
1732476167345 42.6 201
1732476177435 32.2 202
1732476187527 38.8 203
1732476197628 29.2 204
1732476207732 33.5 205
1732476217831 38.8 206
1732476227919 29.7 207
1732476238024 38.1 208
1732476248113 38.6 209
1732476258218 44.5 210
1732476268334 46.6 211
1732476278433 41.2 212
1732476288520 29.2 213
1732476298625 31.8 214
1732476308712 49.4 215
1732476318813 29.6 216
1732476328934 48.6 217
1732476339029 40.9 218
1732476349135 37.2 219
1732476359234 33.3 220
1732476369331 42.4 221
1732476379420 30.1 222
1732476389514 38.5 223
1732476399619 39.8 224
1732476409744 29.2 225
1732476419866 39.1 226
1732476429978 39.2 227
1732476440087 30.0 228
1732476450197 39.0 229
1732476460306 40.9 230
1732476470398 45.5 231
1732476480514 44.6 232
1732476490618 29.4 233
1732476500720 37.0 234
1732476510828 42.4 235
1732476520935 50.1 236
1732476531041 49.1 237
1732476541145 29.3 238
1732476551247 48.8 239
1732476561352 51.1 240
1732476571428 30.2 241
1732476581517 49.5 242
1732476591612 49.2 243
1732476601703 49.7 244
1732476611821 47.9 245
1732476621909 31.3 246
1732476632016 30.2 247
1732476642108 48.8 248
1732476652214 29.9 249
1732476662329 49.8 250
1732476672424 29.5 251
1732476682511 50.4 252
1732476692614 34.6 253
1732476702722 30.1 254
1732476712837 39.9 255
1732476722946 47.8 256
1732476733070 29.6 257
1732476743179 30.4 258
1732476753277 29.5 259
1732476763373 29.8 260
1732476773493 50.0 261
1732476783599 49.6 262
1732476793698 29.9 263
1732476803804 29.7 264
1732476814500 29.5 265
1732476824609 29.8 266
1732476834711 51.3 267
1732476844820 47.9 268
1732476854925 49.9 269
1732476865032 48.5 270
1732476875150 50.4 271
1732476885250 30.7 272
1732476895354 29.8 273
1732476905464 42.0 274
1732476915574 39.5 275
1732476925650 39.5 276
1732476935748 39.3 277
1732476945837 31.4 278
1732476955954 39.1 279
1732476966070 41.6 280
1732476976182 42.0 281
1732476986285 39.5 282
1732476996392 33.6 283
1732477006502 42.3 284
1732477016602 38.6 285
1732477026719 39.2 286
1732477036818 38.8 287
1732477046949 29.1 288
1732477057059 43.9 289
1732477067176 47.6 290
1732477077270 30.1 291
1732477087369 29.3 292
1732477097491 49.8 293
1732477107612 49.5 294
1732477117726 38.7 295
1732477127866 40.6 296
1732477137980 30.3 297
1732477148101 39.6 298
1732477158186 50.7 299
1732477168312 41.0 300
1732477178402 39.1 301
1732477188512 29.5 302
1732477198637 29.4 303
1732477208724 50.0 304
1732477218834 39.9 305
1732477228957 29.4 306
1732477239091 43.2 307
1732477249212 40.5 308
1732477259310 30.1 309
1732477269405 29.5 310
1732477279492 32.7 311
1732477289599 38.4 312
1732477299739 38.7 313
1732477309848 38.3 314
1732477319971 45.2 315
1732477330090 30.1 316
1732477340215 49.5 317
1732477350334 48.9 318
1732477360456 49.3 319
1732477370571 42.2 320
1732477380694 45.9 321
1732477390812 30.4 322
1732477400943 49.4 323
1732477411056 49.5 324
1732477421180 49.4 325
1732477431319 44.0 326
1732477441451 44.0 327
1732477451540 30.4 328
1732477461659 46.6 329
1732477471758 39.5 330
1732477481890 29.5 331
1732477492011 34.3 332
1732477502132 48.9 333
1732477512252 30.2 334
1732477522387 41.5 335
1732477532523 29.5 336
1732477542644 39.4 337
1732477552763 29.4 338
1732477562883 29.3 339
1732477573004 43.2 340
1732477583124 47.1 341
1732477593252 31.7 342
1732477603394 48.4 343
1732477613517 49.5 344
1732477623642 37.0 345
1732477633773 49.4 346
1732477643895 30.2 347
1732477654010 33.7 348
1732477664131 41.1 349
1732477674250 29.4 350
1732477684377 41.3 351
1732477694531 49.4 352
1732477704660 29.4 353
1732477714797 47.3 354
1732477724925 39.0 355
1732477735031 51.3 356
1732477745171 39.0 357
1732477755308 47.7 358
1732477765429 50.1 359
1732477775559 32.8 360
1732477785691 48.3 361
1732477795820 38.6 362
1732477805944 39.0 363
1732477816044 29.0 364
1732477826180 49.4 365
1732477836296 29.8 366
1732477846437 29.3 367
1732477856561 43.7 368
1732477866680 44.5 369
1732477876802 39.1 370
1732477886929 37.5 371
1732477897046 29.9 372
1732477907193 46.5 373
1732477917322 48.7 374
1732477927417 29.1 375
1732477937552 48.0 376
1732477947653 45.9 377
1732477957780 29.9 378
1732477967907 43.6 379
1732477978021 48.0 380
1732477988145 29.1 381
1732477998292 29.0 382
1732478008413 48.5 383
1732478018532 29.1 384
1732478028634 35.9 385
1732478038777 50.5 386
1732478048899 38.1 387
1732478059004 28.9 388
1732478069133 38.7 389
1732478079291 43.8 390
1732478089412 29.8 391
1732478099533 37.9 392
1732478109659 37.7 393
1732478119784 32.1 394
1732478129919 32.1 395
1732478140043 48.9 396
1732478150169 29.9 397
1732478160303 36.7 398
1732478170442 37.3 399
1732478180528 28.8 400
1732478190654 48.2 401
1732478200775 45.9 402
1732478210915 40.1 403
1732478221046 29.6 404
1732478231180 47.8 405
1732478241295 29.5 406
1732478251448 28.9 407
1732478261526 32.0 408
