1732474139975 4.0 0
1732474150020 9.0 1
1732474160087 45.0 2
1732474170174 40.0 3
1732474180236 41.0 4
1732474190309 40.0 5
1732474200364 2.0 6
1732474210426 26.0 7
1732474220487 35.0 8
1732474230559 40.0 9
1732474240619 42.0 10
1732474250677 41.0 11
1732474260763 39.0 12
1732474270837 37.0 13
1732474280916 26.0 14
1732474290996 49.0 15
1732474301071 2.0 16
1732474311126 44.0 17
1732474321229 44.0 18
1732474331303 39.0 19
1732474341382 2.0 20
1732474351451 41.0 21
1732474361518 1.0 22
1732474371584 2.0 23
1732474381673 42.0 24
1732474391752 46.0 25
1732474401833 3.0 26
1732474411900 43.0 27
1732474421978 2.0 28
1732474432054 2.0 29
1732474442134 43.0 30
1732474452211 40.0 31
1732474462289 38.0 32
1732474472360 27.0 33
1732474482463 37.0 34
1732474492535 37.0 35
1732474502611 39.0 36
1732474512695 37.0 37
1732474522773 1.0 38
1732474532839 39.0 39
1732474542914 3.0 40
1732474552989 42.0 41
1732474563045 41.0 42
1732474573098 2.0 43
1732474583168 26.0 44
1732474593231 34.0 45
1732474603303 2.0 46
1732474613375 38.0 47
1732474623472 37.0 48
1732474633546 26.0 49
1732474643623 35.0 50
1732474653708 38.0 51
1732474663780 38.0 52
1732474673873 44.0 53
1732474683947 2.0 54
1732474694023 0.0 55
1732474704098 34.0 56
1732474714179 39.0 57
1732474724257 41.0 58
1732474734322 38.0 59
1732474744386 2.0 60
1732474754459 26.0 61
1732474764528 40.0 62
1732474774624 44.0 63
1732474784716 41.0 64
1732474794787 42.0 65
1732474804850 36.0 66
1732474814927 24.0 67
1732474825005 2.0 68
1732474835089 41.0 69
1732474845182 38.0 70
1732474855276 39.0 71
1732474865364 27.0 72
1732474875440 33.0 73
1732474885544 35.0 74
1732474895632 35.0 75
1732474905722 40.0 76
1732474915798 0.0 77
1732474925869 14.0 78
1732474935962 40.0 79
1732474946040 43.0 80
1732474956128 38.0 81
1732474966607 35.0 82
1732474976683 0.0 83
1732474986771 0.0 84
1732474996858 30.0 85
1732475006953 38.0 86
1732475017041 37.0 87
1732475027123 0.0 88
1732475037229 37.0 89
1732475047308 25.0 90
1732475057394 34.0 91
1732475067473 0.0 92
1732475077560 36.0 93
1732475087653 0.0 94
1732475097741 31.0 95
1732475107828 0.0 96
1732475117909 16.0 97
1732475128005 35.0 98
1732475138096 37.0 99
1732475148189 1.0 100
1732475158267 36.0 101
1732475168333 12.0 102
1732475178407 35.0 103
1732475188503 36.0 104
1732475198598 36.0 105
1732475208690 32.0 106
1732475218789 0.0 107
1732475228862 25.0 108
1732475238939 33.0 109
1732475249038 35.0 110
1732475259109 37.0 111
1732475269204 34.0 112
1732475279292 26.0 113
1732475289369 35.0 114
1732475299463 39.0 115
1732475309552 37.0 116
1732475319623 41.0 117
1732475329697 38.0 118
1732475339782 36.0 119
1732475349854 39.0 120
1732475359938 35.0 121
1732475370018 0.0 122
1732475380117 33.0 123
1732475390207 37.0 124
1732475400303 26.0 125
1732475410397 40.0 126
1732475420492 0.0 127
1732475430580 34.0 128
1732475440674 30.0 129
1732475450759 36.0 130
1732475460847 25.0 131
1732475470929 44.0 132
1732475481016 38.0 133
1732475491107 0.0 134
1732475501185 41.0 135
1732475511275 43.0 136
1732475521358 13.0 137
1732475531452 37.0 138
1732475541522 33.0 139
1732475551609 39.0 140
1732475561712 39.0 141
1732475571805 35.0 142
1732475581892 14.0 143
1732475591973 0.0 144
1732475602071 35.0 145
1732475612163 37.0 146
1732475622239 1.0 147
1732475632309 1.0 148
1732475642413 0.0 149
1732475652509 12.0 150
1732475662596 34.0 151
1732475672668 36.0 152
1732475682772 35.0 153
1732475692889 35.0 154
1732475702972 37.0 155
1732475713069 25.0 156
1732475723180 1.0 157
1732475733283 42.0 158
1732475743348 39.0 159
1732475753448 0.0 160
1732475763543 0.0 161
1732475773631 25.0 162
1732475783721 38.0 163
1732475793805 0.0 164
1732475803891 35.0 165
1732475813993 37.0 166
1732475824079 36.0 167
1732475834178 25.0 168
1732475844278 0.0 169
1732475854363 45.0 170
1732475864453 1.0 171
1732475874534 40.0 172
1732475884638 0.0 173
1732475894738 0.0 174
1732475904841 45.0 175
1732475914946 39.0 176
1732475925040 33.0 177
1732475935124 0.0 178
1732475945235 45.0 179
1732475955333 1.0 180
1732475965394 35.0 181
1732475975496 12.0 182
1732475985596 33.0 183
1732475995702 0.0 184
1732476005780 35.0 185
1732476015894 0.0 186
1732476025983 32.0 187
1732476036083 0.0 188
1732476046182 39.0 189
1732476056279 1.0 190
1732476066370 36.0 191
1732476076485 19.0 192
1732476086567 0.0 193
1732476096662 0.0 194
1732476106749 18.0 195
1732476116830 30.0 196
1732476126929 0.0 197
1732476137016 0.0 198
1732476147134 33.0 199
1732476157239 1.0 200
1732476167345 35.0 201
1732476177435 0.0 202
1732476187527 36.0 203
1732476197628 0.0 204
1732476207732 0.0 205
1732476217831 36.0 206
1732476227919 0.0 207
1732476238024 31.0 208
1732476248113 0.0 209
1732476258218 34.0 210
1732476268334 37.0 211
1732476278433 40.0 212
1732476288520 0.0 213
1732476298625 32.0 214
1732476308712 39.0 215
1732476318813 8.0 216
1732476328934 34.0 217
1732476339029 37.0 218
1732476349135 4.0 219
1732476359234 39.0 220
1732476369331 42.0 221
1732476379420 24.0 222
1732476389514 36.0 223
1732476399619 35.0 224
1732476409744 0.0 225
1732476419866 37.0 226
1732476429978 36.0 227
1732476440087 19.0 228
1732476450197 37.0 229
1732476460306 39.0 230
1732476470398 39.0 231
1732476480514 36.0 232
1732476490618 0.0 233
1732476500720 0.0 234
1732476510828 0.0 235
1732476520935 34.0 236
1732476531041 35.0 237
1732476541145 0.0 238
1732476551247 39.0 239
1732476561352 38.0 240
1732476571428 14.0 241
1732476581517 13.0 242
1732476591612 33.0 243
1732476601703 39.0 244
1732476611821 35.0 245
1732476621909 0.0 246
1732476632016 25.0 247
1732476642108 39.0 248
1732476652214 0.0 249
1732476662329 41.0 250
1732476672424 1.0 251
1732476682511 40.0 252
1732476692614 0.0 253
1732476702722 14.0 254
1732476712837 33.0 255
1732476722946 40.0 256
1732476733070 0.0 257
1732476743179 24.0 258
1732476753277 1.0 259
1732476763373 17.0 260
1732476773493 38.0 261
1732476783599 41.0 262
1732476793698 0.0 263
1732476803804 0.0 264
1732476814500 0.0 265
1732476824609 0.0 266
1732476834711 45.0 267
1732476844820 37.0 268
1732476854925 35.0 269
1732476865032 34.0 270
1732476875150 40.0 271
1732476885250 21.0 272
1732476895354 1.0 273
1732476905464 35.0 274
1732476915574 35.0 275
1732476925650 38.0 276
1732476935748 34.0 277
1732476945837 0.0 278
1732476955954 31.0 279
1732476966070 31.0 280
1732476976182 31.0 281
1732476986285 38.0 282
1732476996392 0.0 283
1732477006502 0.0 284
1732477016602 31.0 285
1732477026719 32.0 286
1732477036818 30.0 287
1732477046949 0.0 288
1732477057059 38.0 289
1732477067176 31.0 290
1732477077270 13.0 291
1732477087369 0.0 292
1732477097491 41.0 293
1732477107612 38.0 294
1732477117726 33.0 295
1732477127866 39.0 296
1732477137980 25.0 297
1732477148101 36.0 298
1732477158186 38.0 299
1732477168312 41.0 300
1732477178402 38.0 301
1732477188512 0.0 302
1732477198637 0.0 303
1732477208724 33.0 304
1732477218834 37.0 305
1732477228957 0.0 306
1732477239091 35.0 307
1732477249212 42.0 308
1732477259310 26.0 309
1732477269405 1.0 310
1732477279492 0.0 311
1732477289599 34.0 312
1732477299739 31.0 313
1732477309848 33.0 314
1732477319971 36.0 315
1732477330090 25.0 316
1732477340215 41.0 317
1732477350334 39.0 318
1732477360456 40.0 319
1732477370571 43.0 320
1732477380694 0.0 321
1732477390812 14.0 322
1732477400943 38.0 323
1732477411056 32.0 324
1732477421180 38.0 325
1732477431319 34.0 326
1732477441451 33.0 327
1732477451540 12.0 328
1732477461659 33.0 329
1732477471758 36.0 330
1732477481890 0.0 331
1732477492011 40.0 332
1732477502132 35.0 333
1732477512252 26.0 334
1732477522387 35.0 335
1732477532523 0.0 336
1732477542644 35.0 337
1732477552763 0.0 338
1732477562883 0.0 339
1732477573004 0.0 340
1732477583124 38.0 341
1732477593252 1.0 342
1732477603394 40.0 343
1732477613517 45.0 344
1732477623642 0.0 345
1732477633773 37.0 346
1732477643895 10.0 347
1732477654010 36.0 348
1732477664131 0.0 349
1732477674250 1.0 350
1732477684377 28.0 351
1732477694531 35.0 352
1732477704660 0.0 353
1732477714797 35.0 354
1732477724925 35.0 355
1732477735031 35.0 356
1732477745171 34.0 357
1732477755308 37.0 358
1732477765429 32.0 359
1732477775559 36.0 360
1732477785691 35.0 361
1732477795820 34.0 362
1732477805944 34.0 363
1732477816044 0.0 364
1732477826180 36.0 365
1732477836296 22.0 366
1732477846437 1.0 367
1732477856561 33.0 368
1732477866680 34.0 369
1732477876802 0.0 370
1732477886929 0.0 371
1732477897046 14.0 372
1732477907193 39.0 373
1732477917322 31.0 374
1732477927417 1.0 375
1732477937552 13.0 376
1732477947653 34.0 377
1732477957780 25.0 378
1732477967907 30.0 379
1732477978021 31.0 380
1732477988145 0.0 381
1732477998292 1.0 382
1732478008413 45.0 383
1732478018532 0.0 384
1732478028634 0.0 385
1732478038777 44.0 386
1732478048899 31.0 387
1732478059004 0.0 388
1732478069133 32.0 389
1732478079291 31.0 390
1732478089412 17.0 391
1732478099533 37.0 392
1732478109659 29.0 393
1732478119784 41.0 394
1732478129919 0.0 395
1732478140043 30.0 396
1732478150169 0.0 397
1732478160303 33.0 398
1732478170442 31.0 399
1732478180528 0.0 400
1732478190654 34.0 401
1732478200775 40.0 402
1732478210915 36.0 403
1732478221046 25.0 404
1732478231180 36.0 405
1732478241295 32.0 406
1732478251448 0.0 407
1732478261526 37.0 408
