1732474139975 2604.7 0
1732474150020 4471.9 1
1732474160087 6710.6 2
1732474170174 6723.1 3
1732474180236 6726.6 4
1732474190309 6717.6 5
1732474200364 6711.1 6
1732474210426 9172.2 7
1732474220487 9193.7 8
1732474230559 9208.1 9
1732474240619 9068.5 10
1732474250677 9077.1 11
1732474260763 9077.1 12
1732474270837 9221.6 13
1732474280916 9214.5 14
1732474290996 9214.5 15
1732474301071 9210.3 16
1732474311126 9210.0 17
1732474321229 9210.0 18
1732474331303 9210.0 19
1732474341382 9210.0 20
1732474351451 9210.0 21
1732474361518 9210.3 22
1732474371584 9210.3 23
1732474381673 9210.0 24
1732474391752 9210.0 25
1732474401833 9210.0 26
1732474411900 9212.1 27
1732474421978 9212.4 28
1732474432054 9212.4 29
1732474442134 9212.1 30
1732474452211 9212.1 31
1732474462289 9212.1 32
1732474472360 9212.1 33
1732474482463 9212.1 34
1732474492535 9184.6 35
1732474502611 9188.7 36
1732474512695 9188.7 37
1732474522773 9188.7 38
1732474532839 9188.7 39
1732474542914 9188.9 40
1732474552989 9188.6 41
1732474563045 9188.6 42
1732474573098 9193.1 43
1732474583168 9192.8 44
1732474593231 9192.8 45
1732474603303 9159.5 46
1732474613375 9159.2 47
1732474623472 9159.2 48
1732474633546 9159.2 49
1732474643623 9159.2 50
1732474653708 9161.3 51
1732474663780 9161.3 52
1732474673873 9161.3 53
1732474683947 9161.6 54
1732474694023 9161.3 55
1732474704098 9161.3 56
1732474714179 9161.3 57
1732474724257 9163.4 58
1732474734322 9163.4 59
1732474744386 9163.7 60
1732474754459 9165.5 61
1732474764528 9165.5 62
1732474774624 9165.5 63
1732474784716 9165.5 64
1732474794787 9158.4 65
1732474804850 9162.6 66
1732474814927 9162.6 67
1732474825005 9162.9 68
1732474835089 9164.7 69
1732474845182 9166.8 70
1732474855276 9166.8 71
1732474865364 9182.2 72
1732474875440 9152.8 73
1732474885544 9152.8 74
1732474895632 9152.8 75
1732474905722 9152.8 76
1732474915798 9152.8 77
1732474925869 9152.8 78
1732474935962 9152.8 79
1732474946040 9152.8 80
1732474956128 9152.8 81
1732474966607 9152.8 82
1732474976683 9152.8 83
1732474986771 9152.8 84
1732474996858 9152.8 85
1732475006953 9152.8 86
1732475017041 9152.8 87
1732475027123 9152.8 88
1732475037229 9153.5 89
1732475047308 9153.5 90
1732475057394 9153.5 91
1732475067473 9153.5 92
1732475077560 9153.5 93
1732475087653 9152.4 94
1732475097741 9151.8 95
1732475107828 9151.8 96
1732475117909 9151.8 97
1732475128005 9151.8 98
1732475138096 9151.8 99
1732475148189 9151.8 100
1732475158267 9151.8 101
1732475168333 9151.8 102
1732475178407 9151.8 103
1732475188503 9151.8 104
1732475198598 9151.8 105
1732475208690 9151.8 106
1732475218789 9151.8 107
1732475228862 9151.8 108
1732475238939 9151.8 109
1732475249038 9151.8 110
1732475259109 9151.8 111
1732475269204 9151.8 112
1732475279292 9151.8 113
1732475289369 9151.8 114
1732475299463 9151.8 115
1732475309552 9151.8 116
1732475319623 9151.8 117
1732475329697 9151.8 118
1732475339782 9151.8 119
1732475349854 9151.8 120
1732475359938 9151.8 121
1732475370018 9151.8 122
1732475380117 9151.8 123
1732475390207 9147.6 124
1732475400303 9147.6 125
1732475410397 9147.6 126
1732475420492 9147.6 127
1732475430580 9147.6 128
1732475440674 9147.6 129
1732475450759 9147.6 130
1732475460847 9147.6 131
1732475470929 9152.4 132
1732475481016 9152.4 133
1732475491107 9152.4 134
1732475501185 9152.4 135
1732475511275 9152.4 136
1732475521358 9151.8 137
1732475531452 9151.8 138
1732475541522 9151.8 139
1732475551609 9151.8 140
1732475561712 9151.8 141
1732475571805 9151.8 142
1732475581892 9151.8 143
1732475591973 9151.8 144
1732475602071 9151.8 145
1732475612163 9151.8 146
1732475622239 9151.8 147
1732475632309 9151.8 148
1732475642413 9151.8 149
1732475652509 9153.9 150
1732475662596 9153.9 151
1732475672668 9153.9 152
1732475682772 9153.9 153
1732475692889 9149.7 154
1732475702972 9149.7 155
1732475713069 9149.7 156
1732475723180 9149.7 157
1732475733283 9151.8 158
1732475743348 9151.8 159
1732475753448 9151.8 160
1732475763543 9156.7 161
1732475773631 9156.0 162
1732475783721 9156.0 163
1732475793805 9156.0 164
1732475803891 9156.0 165
1732475813993 9156.0 166
1732475824079 9156.0 167
1732475834178 9156.0 168
1732475844278 9156.2 169
1732475854363 9156.2 170
1732475864453 9156.0 171
1732475874534 9158.1 172
1732475884638 9158.1 173
1732475894738 9158.1 174
1732475904841 9158.1 175
1732475914946 9158.1 176
1732475925040 9158.1 177
1732475935124 9158.1 178
1732475945235 9158.1 179
1732475955333 9158.1 180
1732475965394 9158.1 181
1732475975496 9158.1 182
1732475985596 9158.1 183
1732475995702 9153.9 184
1732476005780 9153.9 185
1732476015894 9153.9 186
1732476025983 9153.9 187
1732476036083 9153.9 188
1732476046182 9153.9 189
1732476056279 9153.9 190
1732476066370 9153.9 191
1732476076485 9153.9 192
1732476086567 9158.8 193
1732476096662 9158.8 194
1732476106749 9158.8 195
1732476116830 9158.1 196
1732476126929 9158.1 197
1732476137016 9158.1 198
1732476147134 9158.1 199
1732476157239 9158.1 200
1732476167345 9158.1 201
1732476177435 9158.1 202
1732476187527 9158.1 203
1732476197628 9158.1 204
1732476207732 9158.1 205
1732476217831 9158.1 206
1732476227919 9158.1 207
1732476238024 9158.1 208
1732476248113 9158.1 209
1732476258218 9158.1 210
1732476268334 9158.1 211
1732476278433 9158.1 212
1732476288520 9153.9 213
1732476298625 9153.9 214
1732476308712 9153.9 215
1732476318813 9153.9 216
1732476328934 9153.9 217
1732476339029 9153.9 218
1732476349135 9153.9 219
1732476359234 9153.9 220
1732476369331 9153.9 221
1732476379420 9153.9 222
1732476389514 9153.9 223
1732476399619 9153.9 224
1732476409744 9153.9 225
1732476419866 9153.9 226
1732476429978 9153.9 227
1732476440087 9153.9 228
1732476450197 9153.9 229
1732476460306 9153.9 230
1732476470398 9153.9 231
1732476480514 9153.9 232
1732476490618 9153.9 233
1732476500720 9153.9 234
1732476510828 9153.9 235
1732476520935 9153.9 236
1732476531041 9153.9 237
1732476541145 9153.9 238
1732476551247 9153.9 239
1732476561352 9153.9 240
1732476571428 9153.9 241
1732476581517 9153.9 242
1732476591612 9153.9 243
1732476601703 9153.9 244
1732476611821 9153.9 245
1732476621909 9153.9 246
1732476632016 9156.0 247
1732476642108 9156.0 248
1732476652214 9160.6 249
1732476662329 9160.2 250
1732476672424 9160.2 251
1732476682511 9160.2 252
1732476692614 9160.2 253
1732476702722 9160.2 254
1732476712837 9160.2 255
1732476722946 9160.2 256
1732476733070 9160.2 257
1732476743179 9160.2 258
1732476753277 9160.2 259
1732476763373 9160.2 260
1732476773493 9160.2 261
1732476783599 9160.2 262
1732476793698 9160.2 263
1732476803804 9160.2 264
1732476814500 9160.2 265
1732476824609 9160.2 266
1732476834711 9160.2 267
1732476844820 9160.2 268
1732476854925 9160.2 269
1732476865032 9160.2 270
1732476875150 9160.2 271
1732476885250 9160.2 272
1732476895354 9156.0 273
1732476905464 9156.0 274
1732476915574 9156.0 275
1732476925650 9156.0 276
1732476935748 9160.9 277
1732476945837 9160.2 278
1732476955954 9160.2 279
1732476966070 9160.2 280
1732476976182 9160.2 281
1732476986285 9160.9 282
1732476996392 9160.2 283
1732477006502 9160.2 284
1732477016602 9160.2 285
1732477026719 9160.9 286
1732477036818 9160.2 287
1732477046949 9160.2 288
1732477057059 9160.2 289
1732477067176 9160.2 290
1732477077270 9160.2 291
1732477087369 9160.2 292
1732477097491 9160.2 293
1732477107612 9160.2 294
1732477117726 9162.3 295
1732477127866 9162.3 296
1732477137980 9162.3 297
1732477148101 9164.4 298
1732477158186 9164.4 299
1732477168312 9164.4 300
1732477178402 9164.4 301
1732477188512 9164.4 302
1732477198637 9164.8 303
1732477208724 9165.1 304
1732477218834 9165.1 305
1732477228957 9165.1 306
1732477239091 9165.1 307
1732477249212 9165.1 308
1732477259310 9165.1 309
1732477269405 9165.1 310
1732477279492 9164.4 311
1732477289599 9164.4 312
1732477299739 9164.4 313
1732477309848 9164.4 314
1732477319971 9164.4 315
1732477330090 9164.4 316
1732477340215 9164.4 317
1732477350334 9164.4 318
1732477360456 9164.4 319
1732477370571 9164.4 320
1732477380694 9164.4 321
1732477390812 9164.4 322
1732477400943 9164.4 323
1732477411056 9164.4 324
1732477421180 9164.4 325
1732477431319 9164.4 326
1732477441451 9164.4 327
1732477451540 9164.4 328
1732477461659 9164.4 329
1732477471758 9164.4 330
1732477481890 9164.4 331
1732477492011 9160.2 332
1732477502132 9160.2 333
1732477512252 9160.2 334
1732477522387 9160.2 335
1732477532523 9160.2 336
1732477542644 9160.2 337
1732477552763 9160.2 338
1732477562883 9160.2 339
1732477573004 9160.2 340
1732477583124 9160.2 341
1732477593252 9160.2 342
1732477603394 9160.2 343
1732477613517 9160.2 344
1732477623642 9160.2 345
1732477633773 9160.2 346
1732477643895 9160.2 347
1732477654010 9160.2 348
1732477664131 9160.2 349
1732477674250 9160.2 350
1732477684377 9160.2 351
1732477694531 9160.2 352
1732477704660 9160.2 353
1732477714797 9160.2 354
1732477724925 9160.2 355
1732477735031 9160.2 356
1732477745171 9160.2 357
1732477755308 9160.2 358
1732477765429 9160.2 359
1732477775559 9160.2 360
1732477785691 9160.2 361
1732477795820 9160.2 362
1732477805944 9160.2 363
1732477816044 9160.2 364
1732477826180 9160.2 365
1732477836296 9160.2 366
1732477846437 9160.2 367
1732477856561 9160.2 368
1732477866680 9160.2 369
1732477876802 9160.2 370
1732477886929 9160.2 371
1732477897046 9160.2 372
1732477907193 9160.2 373
1732477917322 9160.2 374
1732477927417 9160.2 375
1732477937552 9160.2 376
1732477947653 9160.2 377
1732477957780 9160.2 378
1732477967907 9160.2 379
1732477978021 9160.2 380
1732477988145 9160.2 381
1732477998292 9160.2 382
1732478008413 9162.4 383
1732478018532 9162.4 384
1732478028634 9162.4 385
1732478038777 9162.4 386
1732478048899 9162.4 387
1732478059004 9162.4 388
1732478069133 9162.4 389
1732478079291 9162.4 390
1732478089412 9162.4 391
1732478099533 9162.4 392
1732478109659 9162.4 393
1732478119784 9162.4 394
1732478129919 9162.4 395
1732478140043 9162.4 396
1732478150169 9162.4 397
1732478160303 9162.4 398
1732478170442 9162.4 399
1732478180528 9162.4 400
1732478190654 9162.4 401
1732478200775 9162.4 402
1732478210915 9162.4 403
1732478221046 9162.4 404
1732478231180 9163.4 405
1732478241295 9163.4 406
1732478251448 9168.3 407
1732478261526 9168.3 408
