1732474139975 0.0003460000007180497 0
1732474150020 0.02010300000074494 1
1732474160087 0.030187000000296393 2
1732474170174 0.041984000001320965 3
1732474180236 0.06266400000095018 4
1732474190309 0.07195300000057614 5
1732474200364 0.21711000000141212 6
1732474210426 0.29314200000044366 7
1732474220487 0.31235000000015134 8
1732474230559 0.3222200000000157 9
1732474240619 0.3439650000000256 10
1732474250677 0.3598730000012438 11
1732474260763 0.3671330000015587 12
1732474270837 0.37898000000132015 13
1732474280916 0.3859100000008766 14
1732474290996 0.392150000001493 15
1732474301071 0.40681100000074366 16
1732474311126 0.413155000000188 17
1732474321229 0.42073900000104913 18
1732474331303 0.4286550000015268 19
1732474341382 0.4355070000001433 20
1732474351451 0.44216700000106357 21
1732474361518 0.45005500000115717 22
1732474371584 0.45719500000086555 23
1732474381673 0.4643390000001091 24
1732474391752 0.47168500000043423 25
1732474401833 0.4783450000013545 26
1732474411900 0.48551100000076985 27
1732474421978 0.49270500000056927 28
1732474432054 0.5000909999998839 29
1732474442134 0.5071250000000873 30
1732474452211 0.514353000000483 31
1732474462289 0.5212030000002414 32
1732474472360 0.5283030000009603 33
1732474482463 0.5351190000001225 34
1732474492535 0.5415690000008908 35
1732474502611 0.5498930000012479 36
1732474512695 0.5571130000007543 37
1732474522773 0.5637970000007044 38
1732474532839 0.5707270000002609 39
1732474542914 0.5780910000012227 40
1732474552989 0.5846430000001419 41
1732474563045 0.5916109999998298 42
1732474573098 0.6127890000007028 43
1732474583168 0.6199590000014723 44
1732474593231 0.6355560000010883 45
1732474603303 0.6493170000012469 46
1732474613375 0.6564170000001468 47
1732474623472 0.6635670000014215 48
1732474633546 0.6699509999998554 49
1732474643623 0.677071000000069 50
1732474653708 0.6844570000012027 51
1732474663780 0.6917830000002141 52
1732474673873 0.6995650000008027 53
1732474683947 0.7102050000012241 54
1732474694023 0.7364109999998618 55
1732474704098 0.7442970000010973 56
1732474714179 0.7510070000007545 57
1732474724257 0.7582790000014938 58
1732474734322 0.7706190000008064 59
1732474744386 0.7779150000005757 60
1732474754459 0.7842209999998886 61
1732474764528 0.7911890000013955 62
1732474774624 0.7985090000001946 63
1732474784716 0.8056890000007115 64
1732474794787 0.8128930000002583 65
1732474804850 0.8199010000007547 66
1732474814927 0.8265570000003208 67
1732474825005 0.8343730000015057 68
1732474835089 0.8407470000001922 69
1732474845182 0.8484230000012758 70
1732474855276 0.8552870000003168 71
1732474865364 0.8616350000011153 72
1732474875440 0.8831520000003366 73
1732474885544 0.8905380000014702 74
1732474895632 0.8968440000007831 75
1732474905722 0.9103690000010829 76
1732474915798 0.9182870000004186 77
1732474925869 0.9252830000004906 78
1732474935962 0.9324850000011793 79
1732474946040 0.9398670000009588 80
1732474956128 0.9470330000003742 81
1732474966607 0.9538570000004256 82
1732474976683 0.9607210000012856 83
1732474986771 0.9681450000007317 84
1732474996858 0.9758010000005015 85
1732475006953 0.982731000000058 86
1732475017041 0.9900510000006761 87
1732475027123 0.9969590000000608 88
1732475037229 1.0052190000005794 89
1732475047308 1.0118750000001455 90
1732475057394 1.018223000000944 91
1732475067473 1.0260630000011588 92
1732475077560 1.0330530000010185 93
1732475087653 1.040887000001021 94
1732475097741 1.0486890000011044 95
1732475107828 1.0557630000002973 96
1732475117909 1.0628130000004603 97
1732475128005 1.0696850000003906 98
1732475138096 1.075925000001007 99
1732475148189 1.0833529999999882 100
1732475158267 1.0913390000005165 101
1732475168333 1.0977530000000115 102
1732475178407 1.122945000000982 103
1732475188503 1.1303310000002966 104
1732475198598 1.1432580000000598 105
1732475208690 1.1508640000010928 106
1732475218789 1.1591880000014498 107
1732475228862 1.1654660000003787 108
1732475238939 1.1727240000000165 109
1732475249038 1.1803600000002916 110
1732475259109 1.1863540000013018 111
1732475269204 1.1938980000013544 112
1732475279292 1.2006780000010622 113
1732475289369 1.2074400000001333 114
1732475299463 1.2164210000009916 115
1732475309552 1.2231050000009418 116
1732475319623 1.230053000001135 117
1732475329697 1.2374909999998636 118
1732475339782 1.2442410000003292 119
1732475349854 1.2513810000000376 120
1732475359938 1.258707000000868 121
1732475370018 1.2660710000000108 122
1732475380117 1.2727070000000822 123
1732475390207 1.2810669999998936 124
1732475400303 1.2871690000010858 125
1732475410397 1.2939110000006622 126
1732475420492 1.3021270000008371 127
1732475430580 1.3081210000000283 128
1732475440674 1.3155490000008285 129
1732475450759 1.323565000000599 130
1732475460847 1.329873000000589 131
1732475470929 1.3450560000001133 132
1732475481016 1.3587770000012824 133
1732475491107 1.3658730000006472 134
1732475501185 1.3785680000000866 135
1732475511275 1.3859540000012203 136
1732475521358 1.392918000001373 137
1732475531452 1.4004780000013852 138
1732475541522 1.4077219999999215 139
1732475551609 1.4147960000009334 140
1732475561712 1.422207999999955 141
1732475571805 1.4295099999999366 142
1732475581892 1.4360040000010486 143
1732475591973 1.444022000001496 144
1732475602071 1.4509560000005877 145
1732475612163 1.4581100000013976 146
1732475622239 1.4687680000006367 147
1732475632309 1.4756100000013248 148
1732475642413 1.4840240000012273 149
1732475652509 1.4913919999999052 150
1732475662596 1.4978719999999157 151
1732475672668 1.504906000000119 152
1732475682772 1.5124660000001313 153
1732475692889 1.5203920000003563 154
1732475702972 1.5286560000004101 155
1732475713069 1.535224000001108 156
1732475723180 1.5425720000002912 157
1732475733283 1.5500040000006265 158
1732475743348 1.557144000000335 159
1732475753448 1.5647399999998015 160
1732475763543 1.5727500000011787 161
1732475773631 1.593536000000313 162
1732475783721 1.600984000000608 163
1732475793805 1.6086820000000444 164
1732475803891 1.6334700000006706 165
1732475813993 1.641272000000754 166
1732475824079 1.6484540000001289 167
1732475834178 1.6547860000009678 168
1732475844278 1.6726620000008552 169
1732475854363 1.6795940000010887 170
1732475864453 1.6871900000005553 171
1732475874534 1.6943980000014562 172
1732475884638 1.7020019999999931 173
1732475894738 1.709526000000551 174
1732475904841 1.7171680000010383 175
1732475914946 1.7240320000000793 176
1732475925040 1.7307740000014746 177
1732475935124 1.7391260000003967 178
1732475945235 1.7453720000012254 179
1732475955333 1.7529260000010254 180
1732475965394 1.7611360000009881 181
1732475975496 1.7670640000014828 182
1732475985596 1.7745100000011007 183
1732475995702 1.7832760000001144 184
1732476005780 1.7897680000005494 185
1732476015894 1.797258000000511 186
1732476025983 1.8043500000003405 187
1732476036083 1.8116740000004938 188
1732476046182 1.818253999999797 189
1732476056279 1.8260600000012346 190
1732476066370 1.8330299999997806 191
1732476076485 1.8549010000006092 192
1732476086567 1.862267000000429 193
1732476096662 1.8696890000010171 194
1732476106749 1.8830280000001949 195
1732476116830 1.8901720000012574 196
1732476126929 1.8983220000009169 197
1732476137016 1.9057210000009945 198
1732476147134 1.9132930000014312 199
1732476157239 1.9209310000005644 200
1732476167345 1.926991000000271 201
1732476177435 1.934573000000455 202
1732476187527 1.9465610000006563 203
1732476197628 1.9536349999998492 204
1732476207732 1.961795000001075 205
1732476217831 1.968735000000379 206
1732476227919 1.976661000000604 207
1732476238024 1.983449000001201 208
1732476248113 1.990523000000394 209
1732476258218 1.997387000001254 210
1732476268334 2.0051390000007814 211
1732476278433 2.011411000001317 212
1732476288520 2.019421000000875 213
1732476298625 2.0269770000013523 214
1732476308712 2.033672999999908 215
1732476318813 2.0413509999998496 216
1732476328934 2.0478650000004563 217
1732476339029 2.055095000001529 218
1732476349135 2.0643250000011903 219
1732476359234 2.071689000000333 220
1732476369331 2.0784050000002026 221
1732476379420 2.0995180000008986 222
1732476389514 2.1068380000015168 223
1732476399619 2.1290349999999307 224
1732476409744 2.1377470000006724 225
1732476419866 2.143911000001026 226
1732476429978 2.1517390000008163 227
1732476440087 2.158935000001293 228
1732476450197 2.164929000000484 229
1732476460306 2.183485000001383 230
1732476470398 2.1910450000013952 231
1732476480514 2.1972850000001927 232
1732476490618 2.205373000000691 233
1732476500720 2.212242999999944 234
1732476510828 2.220328999999765 235
1732476520935 2.227507000001424 236
1732476531041 2.2345150000001013 237
1732476541145 2.24219500000072 238
1732476551247 2.2502710000007937 239
1732476561352 2.256828999999925 240
1732476571428 2.2639670000007754 241
1732476581517 2.272145000000819 242
1732476591612 2.2780730000013136 243
1732476601703 2.286251000001357 244
1732476611821 2.2928030000002764 245
1732476621909 2.299901000000318 246
1732476632016 2.3072470000006433 247
1732476642108 2.3137990000013815 248
1732476652214 2.3206669999999576 249
1732476662329 2.328253000001496 250
1732476672424 2.342904000000999 251
1732476682511 2.3561460000000807 252
1732476692614 2.3648580000008224 253
1732476702722 2.3769000000011147 254
1732476712837 2.3834400000014284 255
1732476722946 2.390644000000975 256
1732476733070 2.3977840000006836 257
1732476743179 2.4058359999999084 258
1732476753277 2.413306000000375 259
1732476763373 2.419612000001507 260
1732476773493 2.426844000001438 261
1732476783599 2.4336480000001757 262
1732476793698 2.4411200000013196 263
1732476803804 2.448946000000433 264
1732476814500 2.4566260000010516 265
1732476824609 2.4641580000006797 266
1732476834711 2.4708019999998214 267
1732476844820 2.478050000001531 268
1732476854925 2.4908740000009857 269
1732476865032 2.4977100000014616 270
1732476875150 2.5043280000008963 271
1732476885250 2.5117820000014035 272
1732476895354 2.5189640000007785 273
1732476905464 2.526952000000165 274
1732476915574 2.534272000000783 275
1732476925650 2.540686000000278 276
1732476935748 2.548507999999856 277
1732476945837 2.555290000000241 278
1732476955954 2.561762000001181 279
1732476966070 2.569231999999829 280
1732476976182 2.5910149999999703 281
1732476986285 2.5984430000007706 282
1732476996392 2.6118210000004183 283
1732477006502 2.624712000000727 284
1732477016602 2.6312640000014653 285
1732477026719 2.6389280000003055 286
1732477036818 2.645918000000165 287
1732477046949 2.654554000000644 288
1732477057059 2.6607940000012604 289
1732477067176 2.6682460000010906 290
1732477077270 2.675619999999981 291
1732477087369 2.683022000001074 292
1732477097491 2.6899000000012165 293
1732477107612 2.6971420000008948 294
1732477117726 2.7042600000004313 295
1732477127866 2.7278860000005807 296
1732477137980 2.7356180000006134 297
1732477148101 2.7429380000012316 298
1732477158186 2.750614000000496 299
1732477168312 2.758132000000842 300
1732477178402 2.7648820000013075 301
1732477188512 2.772264000001087 302
1732477198637 2.7800500000012107 303
1732477208724 2.787528000000748 304
1732477218834 2.7945620000009512 305
1732477228957 2.801896000000852 306
1732477239091 2.809110000000146 307
1732477249212 2.8165760000010778 308
1732477259310 2.8231940000005125 309
1732477269405 2.8308560000004945 310
1732477279492 2.8528210000004037 311
1732477289599 2.85906100000102 312
1732477299739 2.8716270000004442 313
1732477309848 2.878808999999819 314
1732477319971 2.8863150000015594 315
1732477330090 2.893573000001197 316
1732477340215 2.900011000001541 317
1732477350334 2.907775000001493 318
1732477360456 2.915012999999817 319
1732477370571 2.9225970000006782 320
1732477380694 2.92998500000067 321
1732477390812 2.937141000000338 322
1732477400943 2.9439450000008947 323
1732477411056 2.951609000001554 324
1732477421180 2.958161000000473 325
1732477431319 2.9656549999999697 326
1732477441451 2.9733950000008917 327
1732477451540 2.9801010000010137 328
1732477461659 2.9871430000002874 329
1732477471758 2.994177000000491 330
1732477481890 3.00329899999997 331
1732477492011 3.0113650000002963 332
1732477502132 3.0184550000012678 333
1732477512252 3.0252470000014 334
1732477522387 3.032141000001502 335
1732477532523 3.039824999999837 336
1732477542644 3.0461730000006355 337
1732477552763 3.0544289999998 338
1732477562883 3.061295000001337 339
1732477573004 3.0719500000013795 340
1732477583124 3.0898200000010547 341
1732477593252 3.096960000000763 342
1732477603394 3.1136220000007597 343
1732477613517 3.120468000000983 344
1732477623642 3.1284540000015113 345
1732477633773 3.135554000000411 346
1732477643895 3.1422380000003614 347
1732477654010 3.1498520000004646 348
1732477664131 3.1578239999998914 349
1732477674250 3.165446000000884 350
1732477684377 3.1769030000014027 351
1732477694531 3.184123000000909 352
1732477704660 3.191487000000052 353
1732477714797 3.198374999999942 354
1732477724925 3.206247000000076 355
1732477735031 3.213195000000269 356
1732477745171 3.2202050000014424 357
1732477755308 3.2279690000013943 358
1732477765429 3.235193000000436 359
1732477775559 3.2423470000012458 360
1732477785691 3.250301000000036 361
1732477795820 3.2571270000007644 362
1732477805944 3.264537000000928 363
1732477816044 3.2722370000010415 364
1732477826180 3.2792829999998503 365
1732477836296 3.2867650000007416 366
1732477846437 3.293461000001116 367
1732477856561 3.3016650000008667 368
1732477866680 3.3085289999999077 369
1732477876802 3.3297490000004473 370
1732477886929 3.337593000000197 371
1732477897046 3.3443310000002384 372
1732477907193 3.3563650000014604 373
1732477917322 3.363295000001017 374
1732477927417 3.3714190000009694 375
1732477937552 3.3790290000015375 376
1732477947653 3.385959000001094 377
1732477957780 3.3925510000008217 378
1732477967907 3.39987900000051 379
1732477978021 3.406895000000077 380
1732477988145 3.4142750000009983 381
1732477998292 3.422142999999778 382
1732478008413 3.4288270000015473 383
1732478018532 3.4363330000014685 384
1732478028634 3.4430710000015097 385
1732478038777 3.449443000001338 386
1732478048899 3.456939000001512 387
1732478059004 3.465553 388
1732478069133 3.472291000000041 389
1732478079291 3.4801230000011856 390
1732478089412 3.4867970000013884 391
1732478099533 3.493709000000308 392
1732478109659 3.5009270000009565 393
1732478119784 3.507935000001453 394
1732478129919 3.5162770000006276 395
1732478140043 3.5231410000014876 396
1732478150169 3.5296330000001035 397
1732478160303 3.5366009999997914 398
1732478170442 3.5435730000008334 399
1732478180528 3.5646430000015243 400
1732478190654 3.582406000001356 401
1732478200775 3.5972140000012587 402
1732478210915 3.603820000000269 403
1732478221046 3.6106460000009974 404
1732478231180 3.6176240000004327 405
1732478241295 3.625047999999879 406
1732478251448 3.6330480000015086 407
1732478261526 3.6400979999998526 408
