1732474139975 0.0003460000007180497 0
1732474150020 0.02082899999913934 1
1732474160087 0.031225000000631553 2
1732474170174 0.04736199999933888 3
1732474180236 0.06548400000065158 4
1732474190309 0.07544199999938428 5
1732474200364 0.22546200000033423 6
1732474210426 0.2558850000004895 7
1732474220487 0.27790400000048976 8
1732474230559 0.28757299999961106 9
1732474240619 0.3074949999991077 10
1732474250677 0.3217590000003838 11
1732474260763 0.32944900000074995 12
1732474270837 0.3374469999998837 13
1732474280916 0.3446540000004461 14
1732474290996 0.35112499999922875 15
1732474301071 0.4166349999995873 16
1732474311126 0.4234419999993406 17
1732474321229 0.4313930000007531 18
1732474331303 0.4400920000007318 19
1732474341382 0.44739099999969767 20
1732474351451 0.46510200000011537 21
1732474361518 0.47348199999942153 22
1732474371584 0.4845019999993383 23
1732474381673 0.4944130000003497 24
1732474391752 0.5029200000008132 25
1732474401833 0.5100089999996271 26
1732474411900 0.5177789999997913 27
1732474421978 0.5259939999996277 28
1732474432054 0.5341339999995398 29
1732474442134 0.5415959999991173 30
1732474452211 0.5491930000007414 31
1732474462289 0.5562750000008236 32
1732474472360 0.5641390000000683 33
1732474482463 0.5724279999994906 34
1732474492535 0.5806090000005497 35
1732474502611 0.5893489999998565 36
1732474512695 0.597035999999207 37
1732474522773 0.6041949999998906 38
1732474532839 0.6114249999991443 39
1732474542914 0.6192979999996169 40
1732474552989 0.626217999999426 41
1732474563045 0.6334169999990991 42
1732474573098 0.6607640000001993 43
1732474583168 0.6683529999991151 44
1732474593231 0.7034609999991517 45
1732474603303 0.7698820000005071 46
1732474613375 0.778426999999283 47
1732474623472 0.7858710000000428 48
1732474633546 0.7925469999991037 49
1732474643623 0.8000950000005105 50
1732474653708 0.8093860000008135 51
1732474663780 0.8187359999992623 52
1732474673873 0.8266010000006645 53
1732474683947 0.8380510000006325 54
1732474694023 0.8618430000005901 55
1732474704098 0.8709870000002411 56
1732474714179 0.8782690000007278 57
1732474724257 0.8862499999995634 58
1732474734322 0.9076459999996587 59
1732474744386 0.9152730000005249 60
1732474754459 0.9219470000007277 61
1732474764528 0.9320719999996072 62
1732474774624 0.9396230000002106 63
1732474784716 0.947636999999304 64
1732474794787 0.9553680000008171 65
1732474804850 0.9626840000000811 66
1732474814927 0.9695709999996325 67
1732474825005 0.9778380000007019 68
1732474835089 0.9845060000006924 69
1732474845182 0.9933750000000146 70
1732474855276 1.0006859999994049 71
1732474865364 1.0075350000006438 72
1732474875440 1.036855000000287 73
1732474885544 1.0467239999998128 74
1732474895632 1.0541020000000572 75
1732474905722 1.1180739999999787 76
1732474915798 1.1274740000008023 77
1732474925869 1.1353670000007696 78
1732474935962 1.1425139999992098 79
1732474946040 1.1503840000004857 80
1732474956128 1.15822499999922 81
1732474966607 1.166520999999193 82
1732474976683 1.1736930000006396 83
1732474986771 1.181348000000071 84
1732474996858 1.1907200000005105 85
1732475006953 1.1983490000002348 86
1732475017041 1.2059000000008382 87
1732475027123 1.213198999999804 88
1732475037229 1.221795999999813 89
1732475047308 1.2290460000003804 90
1732475057394 1.2357799999990675 91
1732475067473 1.2516149999992194 92
1732475077560 1.2621980000003532 93
1732475087653 1.2719170000000304 94
1732475097741 1.2808559999994031 95
1732475107828 1.2882840000002034 96
1732475117909 1.2956479999993462 97
1732475128005 1.303061999999045 98
1732475138096 1.3098929999996471 99
1732475148189 1.3176559999992605 100
1732475158267 1.326165000000401 101
1732475168333 1.3332269999991695 102
1732475178407 1.3677389999993466 103
1732475188503 1.3755550000005314 104
1732475198598 1.4392879999995785 105
1732475208690 1.4497379999993427 106
1732475218789 1.4597470000007888 107
1732475228862 1.467051999999967 108
1732475238939 1.4746240000004036 109
1732475249038 1.4828739999993559 110
1732475259109 1.4893990000000485 111
1732475269204 1.497284999999465 112
1732475279292 1.5046409999995376 113
1732475289369 1.5117300000001705 114
1732475299463 1.5210279999992053 115
1732475309552 1.5281400000003487 116
1732475319623 1.5355479999998352 117
1732475329697 1.5443780000005063 118
1732475339782 1.5518639999991137 119
1732475349854 1.5593549999994138 120
1732475359938 1.5674209999997402 121
1732475370018 1.5750669999997626 122
1732475380117 1.582576999999219 123
1732475390207 1.5913650000002235 124
1732475400303 1.598045999999158 125
1732475410397 1.605965999999171 126
1732475420492 1.615020999999615 127
1732475430580 1.6214509999990696 128
1732475440674 1.6292310000008001 129
1732475450759 1.6397450000004028 130
1732475460847 1.64660399999957 131
1732475470929 1.665393999999651 132
1732475481016 1.6830960000006598 133
1732475491107 1.6906189999990602 134
1732475501185 1.7540250000001834 135
1732475511275 1.7621149999995396 136
1732475521358 1.769813000000795 137
1732475531452 1.7783390000004147 138
1732475541522 1.786389999999301 139
1732475551609 1.7968440000004193 140
1732475561712 1.8050430000002962 141
1732475571805 1.8135409999995318 142
1732475581892 1.8206439999994473 143
1732475591973 1.8290689999994356 144
1732475602071 1.8365599999997357 145
1732475612163 1.8441650000004302 146
1732475622239 1.8626519999997981 147
1732475632309 1.8698260000001028 148
1732475642413 1.879134000000704 149
1732475652509 1.887163999999757 150
1732475662596 1.8943619999990915 151
1732475672668 1.9019829999997455 152
1732475682772 1.9100589999998192 153
1732475692889 1.9203099999995175 154
1732475702972 1.929312000000209 155
1732475713069 1.9371859999992012 156
1732475723180 1.9452180000007502 157
1732475733283 1.9535009999999602 158
1732475743348 1.9614180000007764 159
1732475753448 1.969714999999269 160
1732475763543 1.9800849999992352 161
1732475773631 2.008578999999372 162
1732475783721 2.0161649999990914 163
1732475793805 2.0349609999993845 164
1732475803891 2.1172110000006796 165
1732475813993 2.126335000000836 166
1732475824079 2.1341360000005807 167
1732475834178 2.1406839999999647 168
1732475844278 2.156369000000268 169
1732475854363 2.1641270000000077 170
1732475864453 2.1721639999996114 171
1732475874534 2.1800530000000435 172
1732475884638 2.188061999999263 173
1732475894738 2.195901999999478 174
1732475904841 2.204105000000709 175
1732475914946 2.21133700000064 176
1732475925040 2.2187419999991107 177
1732475935124 2.2280200000004697 178
1732475945235 2.234972000000198 179
1732475955333 2.2430029999995895 180
1732475965394 2.251557999999932 181
1732475975496 2.257793999999194 182
1732475985596 2.2657390000003943 183
1732475995702 2.2751439999992726 184
1732476005780 2.282241000000795 185
1732476015894 2.290074000000459 186
1732476025983 2.297711999999592 187
1732476036083 2.3053930000005494 188
1732476046182 2.313310999999885 189
1732476056279 2.3216190000002825 190
1732476066370 2.3290579999993497 191
1732476076485 2.3571830000000773 192
1732476086567 2.3649310000000696 193
1732476096662 2.3762299999998504 194
1732476106749 2.442141999999876 195
1732476116830 2.4494469999990542 196
1732476126929 2.457484000000477 197
1732476137016 2.465063999999984 198
1732476147134 2.4729929999994056 199
1732476157239 2.481255999999121 200
1732476167345 2.488547999999355 201
1732476177435 2.4968169999992824 202
1732476187527 2.517601999999897 203
1732476197628 2.5251640000005864 204
1732476207732 2.5336289999995643 205
1732476217831 2.541214000000764 206
1732476227919 2.5495520000004035 207
1732476238024 2.5577119999998104 208
1732476248113 2.565334000000803 209
1732476258218 2.5732649999990826 210
1732476268334 2.5811940000003233 211
1732476278433 2.5910189999995055 212
1732476288520 2.600311000000147 213
1732476298625 2.608263000000079 214
1732476308712 2.615386999999828 215
1732476318813 2.623342999999295 216
1732476328934 2.630409999999756 217
1732476339029 2.638090000000375 218
1732476349135 2.6469919999999547 219
1732476359234 2.6546799999996438 220
1732476369331 2.6620849999999336 221
1732476379420 2.693902999999409 222
1732476389514 2.7021289999993314 223
1732476399619 2.79521399999976 224
1732476409744 2.805141000000731 225
1732476419866 2.8123520000008284 226
1732476429978 2.8262119999999413 227
1732476440087 2.8337140000003274 228
1732476450197 2.840684999999212 229
1732476460306 2.8576990000001388 230
1732476470398 2.865685000000667 231
1732476480514 2.8723989999998594 232
1732476490618 2.887484000000768 233
1732476500720 2.8960669999996753 234
1732476510828 2.9173049999990326 235
1732476520935 2.9261490000008052 236
1732476531041 2.940397000000303 237
1732476541145 2.948558000000048 238
1732476551247 2.9573529999997845 239
1732476561352 2.965795000000071 240
1732476571428 2.9752819999994244 241
1732476581517 2.9839350000002014 242
1732476591612 2.990273999999772 243
1732476601703 2.998845000000074 244
1732476611821 3.0073429999993095 245
1732476621909 3.016614000000118 246
1732476632016 3.024826999999277 247
1732476642108 3.0317469999990863 248
1732476652214 3.0398220000006404 249
1732476662329 3.0477819999996427 250
1732476672424 3.0659190000005765 251
1732476682511 3.083733999999822 252
1732476692614 3.0931060000002617 253
1732476702722 3.1559890000007726 254
1732476712837 3.1627879999996367 255
1732476722946 3.170615999999427 256
1732476733070 3.178151000000071 257
1732476743179 3.1867180000008375 258
1732476753277 3.1945749999995314 259
1732476763373 3.2019299999992654 260
1732476773493 3.210386999999173 261
1732476783599 3.217500000000655 262
1732476793698 3.2253230000005715 263
1732476803804 3.233527000000322 264
1732476814500 3.241437999999107 265
1732476824609 3.2496530000007624 266
1732476834711 3.256521999999677 267
1732476844820 3.2644060000002355 268
1732476854925 3.285729999999603 269
1732476865032 3.293174000000363 270
1732476875150 3.300407999999152 271
1732476885250 3.3090919999995094 272
1732476895354 3.316874000000098 273
1732476905464 3.3253029999996215 274
1732476915574 3.332854000000225 275
1732476925650 3.3399310000004334 276
1732476935748 3.3481209999990824 277
1732476945837 3.3551860000006855 278
1732476955954 3.362003000000186 279
1732476966070 3.369735000000219 280
1732476976182 3.398812999999791 281
1732476986285 3.4066320000001724 282
1732476996392 3.424472999999125 283
1732477006502 3.4887180000005173 284
1732477016602 3.4956980000006297 285
1732477026719 3.503885000000082 286
1732477036818 3.511877999999342 287
1732477046949 3.520882000000711 288
1732477057059 3.5273529999994935 289
1732477067176 3.538425000000643 290
1732477077270 3.5466080000005604 291
1732477087369 3.5543720000005123 292
1732477097491 3.5616360000003624 293
1732477107612 3.5692889999991166 294
1732477117726 3.5767789999990782 295
1732477127866 3.6582039999993867 296
1732477137980 3.6665699999994104 297
1732477148101 3.6759390000006533 298
1732477158186 3.684701000000132 299
1732477168312 3.6930859999993118 300
1732477178402 3.700546000000031 301
1732477188512 3.70853999999963 302
1732477198637 3.716537000000244 303
1732477208724 3.72634300000027 304
1732477218834 3.7373329999991256 305
1732477228957 3.7547039999990375 306
1732477239091 3.7653640000007726 307
1732477249212 3.7740630000007513 308
1732477259310 3.782698999999411 309
1732477269405 3.791240000000471 310
1732477279492 3.819240999999238 311
1732477289599 3.8259089999992284 312
1732477299739 3.8893329999991693 313
1732477309848 3.896984999999404 314
1732477319971 3.9048390000007203 315
1732477330090 3.9139199999990524 316
1732477340215 3.9209279999995488 317
1732477350334 3.929275000000416 318
1732477360456 3.936760000000504 319
1732477370571 3.9459119999992254 320
1732477380694 3.953523000000132 321
1732477390812 3.961375999999291 322
1732477400943 3.968622000000323 323
1732477411056 3.9768139999996492 324
1732477421180 3.98371699999916 325
1732477431319 3.9925849999999627 326
1732477441451 4.001299999999901 327
1732477451540 4.008485000000292 328
1732477461659 4.015987999999197 329
1732477471758 4.023384000000078 330
1732477481890 4.032633999999234 331
1732477492011 4.041567000000214 332
1732477502132 4.04971999999907 333
1732477512252 4.057487000000037 334
1732477522387 4.064839000000575 335
1732477532523 4.076404999999795 336
1732477542644 4.095118999999613 337
1732477552763 4.103606000000582 338
1732477562883 4.110838999999032 339
1732477573004 4.120961000000534 340
1732477583124 4.146228999999948 341
1732477593252 4.1538239999990765 342
1732477603394 4.227544999999736 343
1732477613517 4.235505999999077 344
1732477623642 4.244027000000642 345
1732477633773 4.251664999999775 346
1732477643895 4.25946599999952 347
1732477654010 4.2673090000007505 348
1732477664131 4.275738000000274 349
1732477674250 4.283711000000039 350
1732477684377 4.303599000000759 351
1732477694531 4.311106999999538 352
1732477704660 4.318776000000071 353
1732477714797 4.325972999999067 354
1732477724925 4.335315000000264 355
1732477735031 4.343677999999272 356
1732477745171 4.351349000000482 357
1732477755308 4.359529999999722 358
1732477765429 4.367764000000534 359
1732477775559 4.375265999999101 360
1732477785691 4.385506999999052 361
1732477795820 4.394947000000684 362
1732477805944 4.402862999999343 363
1732477816044 4.410894000000553 364
1732477826180 4.418478999999934 365
1732477836296 4.4259689999998955 366
1732477846437 4.433940000000803 367
1732477856561 4.442778999999064 368
1732477866680 4.449873999999909 369
1732477876802 4.477167999999438 370
1732477886929 4.485640000000785 371
1732477897046 4.493352999999843 372
1732477907193 4.5566149999995105 373
1732477917322 4.564409999999043 374
1732477927417 4.573212999999669 375
1732477937552 4.581231000000116 376
1732477947653 4.599153999999544 377
1732477957780 4.609243999999308 378
1732477967907 4.61945999999989 379
1732477978021 4.627132999999958 380
1732477988145 4.635135000000446 381
1732477998292 4.643391999999949 382
1732478008413 4.650777000000744 383
1732478018532 4.658806999999797 384
1732478028634 4.665756000000329 385
1732478038777 4.672443999999814 386
1732478048899 4.680415000000721 387
1732478059004 4.689153999999689 388
1732478069133 4.697351000000708 389
1732478079291 4.705948000000717 390
1732478089412 4.713857999999163 391
1732478099533 4.72125799999958 392
1732478109659 4.7290329999996175 393
1732478119784 4.736272000000099 394
1732478129919 4.745086000000811 395
1732478140043 4.752505000000383 396
1732478150169 4.75994399999945 397
1732478160303 4.767483999999968 398
1732478170442 4.774756000000707 399
1732478180528 4.80213299999923 400
1732478190654 4.830944999999701 401
1732478200775 4.898411000000124 402
1732478210915 4.90678300000036 403
1732478221046 4.914512999999715 404
1732478231180 4.922657999999501 405
1732478241295 4.930749999999534 406
1732478251448 4.93920799999978 407
1732478261526 4.946933999999601 408
