1732474139975 37.3 0
1732474150020 67.3 1
1732474160087 74.7 2
1732474170174 79.6 3
1732474180236 83.6 4
1732474190309 87.6 5
1732474200364 89.5 6
1732474210426 72.6 7
1732474220487 49.8 8
1732474230559 55.6 9
1732474240619 55.7 10
1732474250677 58.3 11
1732474260763 60.3 12
1732474270837 66.5 13
1732474280916 70.6 14
1732474290996 50.6 15
1732474301071 54.2 16
1732474311126 60.4 17
1732474321229 62.3 18
1732474331303 65.1 19
1732474341382 71.6 20
1732474351451 48.0 21
1732474361518 50.5 22
1732474371584 57.1 23
1732474381673 60.3 24
1732474391752 63.5 25
1732474401833 79.0 26
1732474411900 46.9 27
1732474421978 51.3 28
1732474432054 53.2 29
1732474442134 59.7 30
1732474452211 62.4 31
1732474462289 67.7 32
1732474472360 71.9 33
1732474482463 51.2 34
1732474492535 57.1 35
1732474502611 60.5 36
1732474512695 63.5 37
1732474522773 83.6 38
1732474532839 47.7 39
1732474542914 51.4 40
1732474552989 57.2 41
1732474563045 63.3 42
1732474573098 69.0 43
1732474583168 71.2 44
1732474593231 50.3 45
1732474603303 59.3 46
1732474613375 60.7 47
1732474623472 66.7 48
1732474633546 71.7 49
1732474643623 50.7 50
1732474653708 54.0 51
1732474663780 56.7 52
1732474673873 61.8 53
1732474683947 65.6 54
1732474694023 72.5 55
1732474704098 49.4 56
1732474714179 55.2 57
1732474724257 58.6 58
1732474734322 64.4 59
1732474744386 67.0 60
1732474754459 70.8 61
1732474764528 50.5 62
1732474774624 54.2 63
1732474784716 59.9 64
1732474794787 66.2 65
1732474804850 69.9 66
1732474814927 72.5 67
1732474825005 53.5 68
1732474835089 56.3 69
1732474845182 60.3 70
1732474855276 66.1 71
1732474865364 71.0 72
1732474875440 50.3 73
1732474885544 54.3 74
1732474895632 60.1 75
1732474905722 66.3 76
1732474915798 69.6 77
1732474925869 71.4 78
1732474935962 50.9 79
1732474946040 54.1 80
1732474956128 60.0 81
1732474966607 65.8 82
1732474976683 72.3 83
1732474986771 49.1 84
1732474996858 50.5 85
1732475006953 56.1 86
1732475017041 60.9 87
1732475027123 64.8 88
1732475037229 66.9 89
1732475047308 71.6 90
1732475057394 50.5 91
1732475067473 55.7 92
1732475077560 60.2 93
1732475087653 62.9 94
1732475097741 66.7 95
1732475107828 77.5 96
1732475117909 74.5 97
1732475128005 54.3 98
1732475138096 60.5 99
1732475148189 64.6 100
1732475158267 67.6 101
1732475168333 74.8 102
1732475178407 52.3 103
1732475188503 55.3 104
1732475198598 61.4 105
1732475208690 67.6 106
1732475218789 70.2 107
1732475228862 70.2 108
1732475238939 51.9 109
1732475249038 55.8 110
1732475259109 62.1 111
1732475269204 67.7 112
1732475279292 70.8 113
1732475289369 50.4 114
1732475299463 53.6 115
1732475309552 59.5 116
1732475319623 63.4 117
1732475329697 69.6 118
1732475339782 48.1 119
1732475349854 52.5 120
1732475359938 57.4 121
1732475370018 60.9 122
1732475380117 65.2 123
1732475390207 68.4 124
1732475400303 73.8 125
1732475410397 52.4 126
1732475420492 57.2 127
1732475430580 61.2 128
1732475440674 67.5 129
1732475450759 70.2 130
1732475460847 73.2 131
1732475470929 51.7 132
1732475481016 57.5 133
1732475491107 62.0 134
1732475501185 65.7 135
1732475511275 68.0 136
1732475521358 73.4 137
1732475531452 52.2 138
1732475541522 56.1 139
1732475551609 59.2 140
1732475561712 65.0 141
1732475571805 69.2 142
1732475581892 72.6 143
1732475591973 53.7 144
1732475602071 54.8 145
1732475612163 60.8 146
1732475622239 66.6 147
1732475632309 70.4 148
1732475642413 77.7 149
1732475652509 74.3 150
1732475662596 54.7 151
1732475672668 60.8 152
1732475682772 65.0 153
1732475692889 68.7 154
1732475702972 72.2 155
1732475713069 75.8 156
1732475723180 53.7 157
1732475733283 58.5 158
1732475743348 62.2 159
1732475753448 64.4 160
1732475763543 69.8 161
1732475773631 75.8 162
1732475783721 52.9 163
1732475793805 56.7 164
1732475803891 62.4 165
1732475813993 64.8 166
1732475824079 70.8 167
1732475834178 74.9 168
1732475844278 49.5 169
1732475854363 55.5 170
1732475864453 58.8 171
1732475874534 63.3 172
1732475884638 67.5 173
1732475894738 65.8 174
1732475904841 73.3 175
1732475914946 50.6 176
1732475925040 57.1 177
1732475935124 61.8 178
1732475945235 65.4 179
1732475955333 74.8 180
1732475965394 72.1 181
1732475975496 76.4 182
1732475985596 55.3 183
1732475995702 58.5 184
1732476005780 62.4 185
1732476015894 66.7 186
1732476025983 71.1 187
1732476036083 77.4 188
1732476046182 50.2 189
1732476056279 53.8 190
1732476066370 57.5 191
1732476076485 60.7 192
1732476086567 63.6 193
1732476096662 67.2 194
1732476106749 73.5 195
1732476116830 50.4 196
1732476126929 55.1 197
1732476137016 50.8 198
1732476147134 57.6 199
1732476157239 59.0 200
1732476167345 67.0 201
1732476177435 88.8 202
1732476187527 51.8 203
1732476197628 53.5 204
1732476207732 53.7 205
1732476217831 62.3 206
1732476227919 67.8 207
1732476238024 70.2 208
1732476248113 93.4 209
1732476258218 51.1 210
1732476268334 54.2 211
1732476278433 59.9 212
1732476288520 63.5 213
1732476298625 65.6 214
1732476308712 68.3 215
1732476318813 75.8 216
1732476328934 52.8 217
1732476339029 56.4 218
1732476349135 62.7 219
1732476359234 64.5 220
1732476369331 69.8 221
1732476379420 74.8 222
1732476389514 52.6 223
1732476399619 58.8 224
1732476409744 61.0 225
1732476419866 66.7 226
1732476429978 69.3 227
1732476440087 73.5 228
1732476450197 53.1 229
1732476460306 56.4 230
1732476470398 59.0 231
1732476480514 64.9 232
1732476490618 69.6 233
1732476500720 93.7 234
1732476510828 50.5 235
1732476520935 54.6 236
1732476531041 57.6 237
1732476541145 57.6 238
1732476551247 66.3 239
1732476561352 71.1 240
1732476571428 75.0 241
1732476581517 55.6 242
1732476591612 59.2 243
1732476601703 62.5 244
1732476611821 67.8 245
1732476621909 71.6 246
1732476632016 75.8 247
1732476642108 53.3 248
1732476652214 57.4 249
1732476662329 60.3 250
1732476672424 61.3 251
1732476682511 69.0 252
1732476692614 69.9 253
1732476702722 72.4 254
1732476712837 54.0 255
1732476722946 60.6 256
1732476733070 64.6 257
1732476743179 67.8 258
1732476753277 70.1 259
1732476763373 73.8 260
1732476773493 51.1 261
1732476783599 57.1 262
1732476793698 60.7 263
1732476803804 65.1 264
1732476814500 73.0 265
1732476824609 73.5 266
1732476834711 51.4 267
1732476844820 54.9 268
1732476854925 60.5 269
1732476865032 64.6 270
1732476875150 70.6 271
1732476885250 73.1 272
1732476895354 54.0 273
1732476905464 54.3 274
1732476915574 57.6 275
1732476925650 63.4 276
1732476935748 67.1 277
1732476945837 92.9 278
1732476955954 51.5 279
1732476966070 55.9 280
1732476976182 58.8 281
1732476986285 63.2 282
1732476996392 68.8 283
1732477006502 78.9 284
1732477016602 50.8 285
1732477026719 55.0 286
1732477036818 60.5 287
1732477046949 62.8 288
1732477057059 67.4 289
1732477067176 70.8 290
1732477077270 73.3 291
1732477087369 51.6 292
1732477097491 57.0 293
1732477107612 62.4 294
1732477117726 65.9 295
1732477127866 71.6 296
1732477137980 50.0 297
1732477148101 54.5 298
1732477158186 57.7 299
1732477168312 61.3 300
1732477178402 67.4 301
1732477188512 74.7 302
1732477198637 50.3 303
1732477208724 52.3 304
1732477218834 58.6 305
1732477228957 63.6 306
1732477239091 67.7 307
1732477249212 72.5 308
1732477259310 74.3 309
1732477269405 60.4 310
1732477279492 58.7 311
1732477289599 62.7 312
1732477299739 68.4 313
1732477309848 69.9 314
1732477319971 72.6 315
1732477330090 73.9 316
1732477340215 56.1 317
1732477350334 60.3 318
1732477360456 65.5 319
1732477370571 67.5 320
1732477380694 72.6 321
1732477390812 75.0 322
1732477400943 54.0 323
1732477411056 58.1 324
1732477421180 63.6 325
1732477431319 66.9 326
1732477441451 69.5 327
1732477451540 73.8 328
1732477461659 53.7 329
1732477471758 59.6 330
1732477481890 67.0 331
1732477492011 66.1 332
1732477502132 71.4 333
1732477512252 76.4 334
1732477522387 55.8 335
1732477532523 57.2 336
1732477542644 64.8 337
1732477552763 72.7 338
1732477562883 71.2 339
1732477573004 79.3 340
1732477583124 52.1 341
1732477593252 55.9 342
1732477603394 61.4 343
1732477613517 66.8 344
1732477623642 68.9 345
1732477633773 72.7 346
1732477643895 74.2 347
1732477654010 53.4 348
1732477664131 59.2 349
1732477674250 61.7 350
1732477684377 66.4 351
1732477694531 72.3 352
1732477704660 94.7 353
1732477714797 52.1 354
1732477724925 55.8 355
1732477735031 60.4 356
1732477745171 66.5 357
1732477755308 70.2 358
1732477765429 73.4 359
1732477775559 51.2 360
1732477785691 53.8 361
1732477795820 59.8 362
1732477805944 62.6 363
1732477816044 66.3 364
1732477826180 70.8 365
1732477836296 76.7 366
1732477846437 51.5 367
1732477856561 56.9 368
1732477866680 62.3 369
1732477876802 67.8 370
1732477886929 71.7 371
1732477897046 73.8 372
1732477907193 53.2 373
1732477917322 58.7 374
1732477927417 61.6 375
1732477937552 66.2 376
1732477947653 69.9 377
1732477957780 74.3 378
1732477967907 52.1 379
1732477978021 58.1 380
1732477988145 62.1 381
1732477998292 64.8 382
1732478008413 65.8 383
1732478018532 70.3 384
1732478028634 75.8 385
1732478038777 52.2 386
1732478048899 58.1 387
1732478059004 63.3 388
1732478069133 65.0 389
1732478079291 68.9 390
1732478089412 73.6 391
1732478099533 53.2 392
1732478109659 59.2 393
1732478119784 62.5 394
1732478129919 65.2 395
1732478140043 68.1 396
1732478150169 92.7 397
1732478160303 51.2 398
1732478170442 56.5 399
1732478180528 60.8 400
1732478190654 63.4 401
1732478200775 66.0 402
1732478210915 71.6 403
1732478221046 73.3 404
1732478231180 55.5 405
1732478241295 58.9 406
1732478251448 62.9 407
1732478261526 67.1 408
