1732474139975 12497.6 0
1732474150020 22567.3 1
1732474160087 25048.8 2
1732474170174 26692.2 3
1732474180236 28041.0 4
1732474190309 29393.0 5
1732474200364 30029.7 6
1732474210426 24350.4 7
1732474220487 16712.7 8
1732474230559 18655.3 9
1732474240619 18671.8 10
1732474250677 19561.2 11
1732474260763 20245.2 12
1732474270837 22315.5 13
1732474280916 23688.0 14
1732474290996 16969.7 15
1732474301071 18198.1 16
1732474311126 20266.3 17
1732474321229 20910.3 18
1732474331303 21844.2 19
1732474341382 24020.1 20
1732474351451 16119.6 21
1732474361518 16944.9 22
1732474371584 19151.3 23
1732474381673 20214.6 24
1732474391752 21292.0 25
1732474401833 26507.5 26
1732474411900 15744.6 27
1732474421978 17211.3 28
1732474432054 17836.5 29
1732474442134 20041.0 30
1732474452211 20919.6 31
1732474462289 22705.6 32
1732474472360 24121.8 33
1732474482463 17162.8 34
1732474492535 19140.0 35
1732474502611 20313.1 36
1732474512695 21317.1 37
1732474522773 28056.8 38
1732474532839 16016.2 39
1732474542914 17235.0 40
1732474552989 19183.4 41
1732474563045 21246.2 42
1732474573098 23143.1 43
1732474583168 23885.8 44
1732474593231 16877.2 45
1732474603303 19890.2 46
1732474613375 20366.9 47
1732474623472 22366.6 48
1732474633546 24069.9 49
1732474643623 17009.3 50
1732474653708 18100.0 51
1732474663780 19026.3 52
1732474673873 20742.5 53
1732474683947 22017.5 54
1732474694023 24327.4 55
1732474704098 16566.1 56
1732474714179 18522.5 57
1732474724257 19653.1 58
1732474734322 21599.1 59
1732474744386 22474.2 60
1732474754459 23743.6 61
1732474764528 16947.5 62
1732474774624 18185.9 63
1732474784716 20092.5 64
1732474794787 22213.9 65
1732474804850 23442.3 66
1732474814927 24314.4 67
1732474825005 17932.1 68
1732474835089 18893.0 69
1732474845182 20218.3 70
1732474855276 22184.4 71
1732474865364 23824.1 72
1732474875440 16872.6 73
1732474885544 18206.2 74
1732474895632 20174.9 75
1732474905722 22247.7 76
1732474915798 23339.0 77
1732474925869 23948.3 78
1732474935962 17064.4 79
1732474946040 18146.6 80
1732474956128 20118.8 81
1732474966607 22072.3 82
1732474976683 24249.1 83
1732474986771 16474.1 84
1732474996858 16954.9 85
1732475006953 18827.4 86
1732475017041 20418.1 87
1732475027123 21734.4 88
1732475037229 22452.6 89
1732475047308 24025.6 90
1732475057394 16954.1 91
1732475067473 18671.7 92
1732475077560 20200.1 93
1732475087653 21112.3 94
1732475097741 22364.8 95
1732475107828 25989.4 96
1732475117909 25005.8 97
1732475128005 18210.4 98
1732475138096 20293.1 99
1732475148189 21677.4 100
1732475158267 22666.6 101
1732475168333 25078.1 102
1732475178407 17554.5 103
1732475188503 18561.2 104
1732475198598 20607.8 105
1732475208690 22663.9 106
1732475218789 23541.3 107
1732475228862 23547.7 108
1732475238939 17414.8 109
1732475249038 18717.0 110
1732475259109 20823.3 111
1732475269204 22723.0 112
1732475279292 23751.4 113
1732475289369 16893.5 114
1732475299463 17971.5 115
1732475309552 19968.5 116
1732475319623 21262.0 117
1732475329697 23346.4 118
1732475339782 16139.7 119
1732475349854 17625.3 120
1732475359938 19249.7 121
1732475370018 20423.0 122
1732475380117 21888.6 123
1732475390207 22935.6 124
1732475400303 24775.4 125
1732475410397 17581.2 126
1732475420492 19190.4 127
1732475430580 20520.9 128
1732475440674 22646.7 129
1732475450759 23552.9 130
1732475460847 24567.5 131
1732475470929 17330.0 132
1732475481016 19277.5 133
1732475491107 20799.3 134
1732475501185 22051.8 135
1732475511275 22825.9 136
1732475521358 24636.8 137
1732475531452 17505.2 138
1732475541522 18816.6 139
1732475551609 19872.4 140
1732475561712 21810.5 141
1732475571805 23218.5 142
1732475581892 24347.1 143
1732475591973 18020.2 144
1732475602071 18376.4 145
1732475612163 20408.6 146
1732475622239 22330.0 147
1732475632309 23613.7 148
1732475642413 26078.6 149
1732475652509 24941.9 150
1732475662596 18365.1 151
1732475672668 20407.1 152
1732475682772 21811.7 153
1732475692889 23040.1 154
1732475702972 24229.8 155
1732475713069 25444.7 156
1732475723180 18004.5 157
1732475733283 19624.7 158
1732475743348 20875.9 159
1732475753448 21592.6 160
1732475763543 23432.0 161
1732475773631 25446.9 162
1732475783721 17756.7 163
1732475793805 19008.7 164
1732475803891 20919.7 165
1732475813993 21728.8 166
1732475824079 23738.3 167
1732475834178 25112.5 168
1732475844278 16605.5 169
1732475854363 18604.4 170
1732475864453 19711.0 171
1732475874534 21242.0 172
1732475884638 22644.6 173
1732475894738 22063.4 174
1732475904841 24595.3 175
1732475914946 16992.2 176
1732475925040 19147.3 177
1732475935124 20736.0 178
1732475945235 21949.1 179
1732475955333 25080.7 180
1732475965394 24179.9 181
1732475975496 25623.8 182
1732475985596 18565.0 183
1732475995702 19638.2 184
1732476005780 20948.0 185
1732476015894 22389.1 186
1732476025983 23857.6 187
1732476036083 25956.0 188
1732476046182 16857.7 189
1732476056279 18063.9 190
1732476066370 19290.7 191
1732476076485 20356.8 192
1732476086567 21334.1 193
1732476096662 22530.6 194
1732476106749 24666.7 195
1732476116830 16918.1 196
1732476126929 18494.2 197
1732476137016 17044.5 198
1732476147134 19314.0 199
1732476157239 19804.9 200
1732476167345 22465.2 201
1732476177435 29802.7 202
1732476187527 17372.0 203
1732476197628 17939.9 204
1732476207732 18003.4 205
1732476217831 20910.1 206
1732476227919 22754.9 207
1732476238024 23539.7 208
1732476248113 31339.0 209
1732476258218 17145.8 210
1732476268334 18198.1 211
1732476278433 20084.4 212
1732476288520 21293.0 213
1732476298625 22022.6 214
1732476308712 22899.4 215
1732476318813 25424.5 216
1732476328934 17705.1 217
1732476339029 18916.0 218
1732476349135 21043.2 219
1732476359234 21642.4 220
1732476369331 23421.9 221
1732476379420 25103.8 222
1732476389514 17643.4 223
1732476399619 19722.8 224
1732476409744 20481.6 225
1732476419866 22370.7 226
1732476429978 23249.4 227
1732476440087 24662.2 228
1732476450197 17798.7 229
1732476460306 18908.3 230
1732476470398 19780.4 231
1732476480514 21762.8 232
1732476490618 23350.2 233
1732476500720 31433.1 234
1732476510828 16932.4 235
1732476520935 18322.5 236
1732476531041 19318.8 237
1732476541145 19326.1 238
1732476551247 22242.3 239
1732476561352 23843.9 240
1732476571428 25169.2 241
1732476581517 18649.4 242
1732476591612 19863.6 243
1732476601703 20984.9 244
1732476611821 22732.1 245
1732476621909 24033.3 246
1732476632016 25433.1 247
1732476642108 17891.3 248
1732476652214 19243.2 249
1732476662329 20237.4 250
1732476672424 20566.3 251
1732476682511 23159.5 252
1732476692614 23435.8 253
1732476702722 24285.7 254
1732476712837 18127.7 255
1732476722946 20338.8 256
1732476733070 21673.7 257
1732476743179 22738.1 258
1732476753277 23509.3 259
1732476763373 24770.1 260
1732476773493 17154.0 261
1732476783599 19149.3 262
1732476793698 20356.9 263
1732476803804 21831.6 264
1732476814500 24503.6 265
1732476824609 24663.5 266
1732476834711 17233.0 267
1732476844820 18432.6 268
1732476854925 20303.1 269
1732476865032 21671.5 270
1732476875150 23678.2 271
1732476885250 24518.2 272
1732476895354 18119.0 273
1732476905464 18222.1 274
1732476915574 19330.7 275
1732476925650 21273.4 276
1732476935748 22508.6 277
1732476945837 31152.6 278
1732476955954 17265.9 279
1732476966070 18750.7 280
1732476976182 19733.6 281
1732476986285 21192.6 282
1732476996392 23075.3 283
1732477006502 26471.7 284
1732477016602 17027.6 285
1732477026719 18468.6 286
1732477036818 20305.1 287
1732477046949 21058.4 288
1732477057059 22617.2 289
1732477067176 23764.3 290
1732477077270 24583.4 291
1732477087369 17301.1 292
1732477097491 19108.2 293
1732477107612 20931.8 294
1732477117726 22101.8 295
1732477127866 24033.1 296
1732477137980 16769.9 297
1732477148101 18276.7 298
1732477158186 19350.6 299
1732477168312 20570.1 300
1732477178402 22628.5 301
1732477188512 25054.1 302
1732477198637 16882.1 303
1732477208724 17555.7 304
1732477218834 19648.3 305
1732477228957 21324.6 306
1732477239091 22705.6 307
1732477249212 24327.8 308
1732477259310 24937.8 309
1732477269405 20271.0 310
1732477279492 19702.9 311
1732477289599 21039.2 312
1732477299739 22947.0 313
1732477309848 23436.4 314
1732477319971 24354.9 315
1732477330090 24796.3 316
1732477340215 18828.4 317
1732477350334 20242.7 318
1732477360456 21967.7 319
1732477370571 22632.9 320
1732477380694 24344.9 321
1732477390812 25163.0 322
1732477400943 18132.4 323
1732477411056 19503.2 324
1732477421180 21341.0 325
1732477431319 22440.8 326
1732477441451 23331.9 327
1732477451540 24744.5 328
1732477461659 18005.3 329
1732477471758 20009.6 330
1732477481890 22492.3 331
1732477492011 22187.7 332
1732477502132 23962.8 333
1732477512252 25617.8 334
1732477522387 18704.5 335
1732477532523 19175.5 336
1732477542644 21755.2 337
1732477552763 24395.1 338
1732477562883 23885.4 339
1732477573004 26600.2 340
1732477583124 17467.1 341
1732477593252 18766.8 342
1732477603394 20607.6 343
1732477613517 22401.9 344
1732477623642 23105.3 345
1732477633773 24395.9 346
1732477643895 24881.0 347
1732477654010 17917.8 348
1732477664131 19855.3 349
1732477674250 20695.7 350
1732477684377 22275.2 351
1732477694531 24258.4 352
1732477704660 31756.1 353
1732477714797 17490.2 354
1732477724925 18706.7 355
1732477735031 20253.2 356
1732477745171 22302.1 357
1732477755308 23543.8 358
1732477765429 24636.7 359
1732477775559 17174.0 360
1732477785691 18053.8 361
1732477795820 20050.1 362
1732477805944 20988.5 363
1732477816044 22254.3 364
1732477826180 23755.6 365
1732477836296 25734.4 366
1732477846437 17292.7 367
1732477856561 19104.9 368
1732477866680 20897.2 369
1732477876802 22736.3 370
1732477886929 24063.5 371
1732477897046 24761.7 372
1732477907193 17863.7 373
1732477917322 19704.4 374
1732477927417 20667.3 375
1732477937552 22219.7 376
1732477947653 23442.2 377
1732477957780 24933.6 378
1732477967907 17479.3 379
1732477978021 19508.6 380
1732477988145 20848.6 381
1732477998292 21736.5 382
1732478008413 22083.4 383
1732478018532 23585.0 384
1732478028634 25433.6 385
1732478038777 17502.0 386
1732478048899 19505.7 387
1732478059004 21248.6 388
1732478069133 21791.8 389
1732478079291 23130.4 390
1732478089412 24704.4 391
1732478099533 17843.8 392
1732478109659 19857.0 393
1732478119784 20959.7 394
1732478129919 21871.0 395
1732478140043 22860.8 396
1732478150169 31099.8 397
1732478160303 17175.3 398
1732478170442 18970.4 399
1732478180528 20386.0 400
1732478190654 21256.4 401
1732478200775 22155.7 402
1732478210915 24016.8 403
1732478221046 24605.7 404
1732478231180 18616.3 405
1732478241295 19746.5 406
1732478251448 21103.4 407
1732478261526 22520.9 408
