1731087320913 60.0 3072
1731088784820 4.0 6144
1731088875332 5.0 9216
1731088959381 7.0 12288
1731089051909 8.0 15360
1731089149960 9.0 18432
1731089229487 10.0 21504
1731089316855 12.0 24576
1731089405603 12.0 27648
1731089499477 13.0 30720
1731089592164 14.0 33792
1731089675071 15.0 36864
1731089760647 16.0 39936
1731089842825 16.0 43008
1731089919539 17.0 46080
1731089988482 18.0 49152
1731090063428 18.0 52224
1731090140065 19.0 55296
1731090220259 19.0 58368
1731090301357 20.0 61440
1731090385959 20.0 64512
1731090446544 21.0 67584
1731090519026 21.0 70656
1731090590657 22.0 73728
1731090650501 22.0 76800
1731090719248 23.0 79872
1731090774471 23.0 82944
1731090832112 24.0 86016
1731090907803 24.0 89088
1731090993656 24.0 92160
1731091081999 24.0 95232
1731091153489 25.0 98304
1731091226677 25.0 101376
1731091322435 25.0 104448
1731091394721 26.0 107520
1731091489058 26.0 110592
1731091564978 26.0 113664
1731091651217 26.0 116736
1731091728673 26.0 119808
1731091816693 27.0 122880
1731091911657 27.0 125952
1731092005649 27.0 129024
1731092090734 27.0 132096
1731092218263 27.0 135168
1731092306709 27.0 138240
1731092404220 27.0 141312
1731092491398 27.0 144384
1731092583219 27.0 147456
1731092656847 27.0 150528
1731092742104 28.0 153600
1731092824424 28.0 156672
1731092909766 28.0 159744
1731092998839 28.0 162816
1731093097992 28.0 165888
1731093170146 28.0 168960
1731093262753 28.0 172032
1731093346392 28.0 175104
1731093428348 28.0 178176
1731093517332 29.0 181248
1731093596189 29.0 184320
1731093678869 29.0 187392
1731093765718 29.0 190464
1731093853154 29.0 193536
1731093941694 29.0 196608
1731094032684 29.0 199680
1731094121595 29.0 202752
