1731087320923 51.0 3072
1731088784828 1514.0 6144
1731088875340 1605.0 9216
1731088959393 1689.0 12288
1731089051916 1782.0 15360
1731089149969 1880.0 18432
1731089229496 1959.0 21504
1731089316861 2047.0 24576
1731089405617 2135.0 27648
1731089499490 2229.0 30720
1731089592172 2322.0 33792
1731089675079 2405.0 36864
1731089760658 2490.0 39936
1731089842832 2572.0 43008
1731089919546 2649.0 46080
1731089988490 2718.0 49152
1731090063436 2793.0 52224
1731090140075 2870.0 55296
1731090220269 2950.0 58368
1731090301365 3031.0 61440
1731090385969 3116.0 64512
1731090446553 3176.0 67584
1731090519036 3249.0 70656
1731090590668 3320.0 73728
1731090650508 3380.0 76800
1731090719255 3449.0 79872
1731090774480 3504.0 82944
1731090832122 3562.0 86016
1731090907821 3637.0 89088
1731090993668 3723.0 92160
1731091082011 3812.0 95232
1731091153496 3883.0 98304
1731091226686 3956.0 101376
1731091322446 4052.0 104448
1731091394730 4124.0 107520
1731091489065 4219.0 110592
1731091564989 4295.0 113664
1731091651225 4381.0 116736
1731091728681 4458.0 119808
1731091816699 4546.0 122880
1731091911668 4641.0 125952
1731092005656 4735.0 129024
1731092090745 4820.0 132096
1731092218283 4948.0 135168
1731092306718 5036.0 138240
1731092404228 5134.0 141312
1731092491407 5221.0 144384
1731092583231 5313.0 147456
1731092656853 5386.0 150528
1731092742111 5472.0 153600
1731092824433 5554.0 156672
1731092909771 5639.0 159744
1731092998860 5728.0 162816
1731093097999 5828.0 165888
1731093170154 5900.0 168960
1731093262763 5992.0 172032
1731093346403 6076.0 175104
1731093428355 6158.0 178176
1731093517338 6247.0 181248
1731093596199 6326.0 184320
1731093678876 6409.0 187392
1731093765729 6495.0 190464
1731093853163 6583.0 193536
1731093941701 6671.0 196608
1731094032692 6762.0 199680
1731094121603 6851.0 202752
