1733214020100 7.0 64
1733214022002 11.0 128
1733214027958 11.0 192
1733214029979 13.0 256
1733214033980 14.0 320
1733214039854 13.0 384
1733214043839 13.0 448
1733214047719 14.0 512
1733214049693 14.0 576
1733214051615 15.0 640
1733214053435 16.0 704
1733214055260 17.0 768
1733214057109 18.0 832
1733214060901 18.0 896
1733214062795 18.0 960
1733214066702 18.0 1024
1733214068699 18.0 1088
1733214072526 18.0 1152
1733214076525 18.0 1216
1733214080384 18.0 1280
1733214084276 18.0 1344
1733214086244 18.0 1408
1733214090103 18.0 1472
1733214093938 18.0 1536
1733214095953 18.0 1600
1733214097920 19.0 1664
1733214099794 19.0 1728
1733214101618 19.0 1792
1733214103433 20.0 1856
1733214107241 19.0 1920
1733214109186 20.0 1984
1733214111109 20.0 2048
1733214115014 20.0 2112
1733214116978 20.0 2176
1733214118887 20.0 2240
1733214122669 20.0 2304
1733214126437 20.0 2368
1733214130275 20.0 2432
1733214132223 20.0 2496
1733214136167 20.0 2560
1733214142029 20.0 2624
1733214143991 20.0 2688
1733214147900 20.0 2752
1733214149862 20.0 2816
1733214153722 20.0 2880
1733214159566 19.0 2944
1733214163437 19.0 3008
1733214165358 19.0 3072
1733214167196 20.0 3136
1733214169033 20.0 3200
1733214172798 20.0 3264
1733214176628 20.0 3328
1733214180500 20.0 3392
1733214186375 19.0 3456
1733214188385 19.0 3520
1733214190298 20.0 3584
1733214194174 19.0 3648
1733214198054 19.0 3712
1733214200057 19.0 3776
1733214201996 20.0 3840
1733214203824 20.0 3904
1733214207668 20.0 3968
1733214209720 20.0 4032
1733214211749 20.0 4096
1733214215529 20.0 4160
1733214217419 20.0 4224
1733214221208 20.0 4288
1733214225069 20.0 4352
1733214228832 20.0 4416
1733214232644 20.0 4480
1733214234564 20.0 4544
1733214238506 20.0 4608
1733214240562 20.0 4672
1733214242485 20.0 4736
1733214246239 20.0 4800
1733214248128 20.0 4864
1733214252186 20.0 4928
1733214254282 20.0 4992
1733214256226 20.0 5056
1733214258150 20.0 5120
1733214262023 20.0 5184
1733214264070 20.0 5248
1733214268136 20.0 5312
1733214272028 20.0 5376
1733214275791 20.0 5440
1733214277758 20.0 5504
1733214281651 20.0 5568
1733214283524 20.0 5632
1733214285352 20.0 5696
1733214289237 20.0 5760
1733214295083 20.0 5824
1733214297045 20.0 5888
1733214298901 20.0 5952
1733214302753 20.0 6016
1733214304691 20.0 6080
1733214308606 20.0 6144
1733214310703 20.0 6208
1733214314563 20.0 6272
1733214318388 20.0 6336
1733214324275 20.0 6400
1733214326226 20.0 6464
1733214332109 20.0 6528
1733214334248 20.0 6592
1733214336356 20.0 6656
1733214338311 20.0 6720
1733214342144 20.0 6784
1733214346022 20.0 6848
1733214351764 20.0 6912
1733214353743 20.0 6976
1733214355693 20.0 7040
1733214357539 20.0 7104
1733214361372 20.0 7168
1733214367373 20.0 7232
1733214369342 20.0 7296
1733214371273 20.0 7360
1733214373116 20.0 7424
1733214377026 20.0 7488
1733214380948 20.0 7552
1733214383015 20.0 7616
1733214386899 20.0 7680
1733214388836 20.0 7744
1733214390688 20.0 7808
1733214394709 20.0 7872
1733214398639 20.0 7936
1733214400518 20.0 8000
1733214402369 20.0 8064
1733214406315 20.0 8128
1733214408323 20.0 8192
1733214410150 20.0 8256
1733214414027 20.0 8320
1733214417899 20.0 8384
1733214419894 20.0 8448
1733214423810 20.0 8512
1733214427686 20.0 8576
1733214429669 20.0 8640
1733214433563 20.0 8704
1733214437558 20.0 8768
1733214439729 20.0 8832
1733214443787 20.0 8896
1733214445780 20.0 8960
1733214447720 20.0 9024
1733214451510 20.0 9088
1733214453403 20.0 9152
1733214457129 20.0 9216
1733214459126 20.0 9280
1733214461081 20.0 9344
1733214464886 20.0 9408
1733214468788 20.0 9472
1733214470916 20.0 9536
1733214472977 20.0 9600
1733214474901 20.0 9664
1733214478713 20.0 9728
1733214482705 20.0 9792
1733214484923 20.0 9856
1733214488737 20.0 9920
1733214492483 20.0 9984
1733214494439 20.0 10048
1733214496409 20.0 10112
1733214498254 20.0 10176
1733214500108 20.0 10240
1733214501947 20.0 10304
1733214503812 21.0 10368
1733214505668 21.0 10432
1733214509486 21.0 10496
1733214511540 21.0 10560
1733214515447 21.0 10624
1733214517428 21.0 10688
1733214521392 21.0 10752
1733214523366 21.0 10816
1733214527258 21.0 10880
1733214531169 21.0 10944
1733214533102 21.0 11008
1733214535028 21.0 11072
1733214536858 21.0 11136
1733214540760 21.0 11200
1733214542777 21.0 11264
1733214548622 21.0 11328
1733214552557 21.0 11392
1733214558413 20.0 11456
1733214560353 20.0 11520
1733214562248 21.0 11584
1733214566051 20.0 11648
1733214568045 21.0 11712
1733214569940 21.0 11776
1733214573698 21.0 11840
1733214575685 21.0 11904
1733214579602 21.0 11968
1733214581583 21.0 12032
1733214583506 21.0 12096
1733214587379 21.0 12160
1733214591363 21.0 12224
1733214593367 21.0 12288
1733214595293 21.0 12352
1733214599060 21.0 12416
1733214600988 21.0 12480
1733214602925 21.0 12544
1733214604761 21.0 12608
1733214608502 21.0 12672
1733214610438 21.0 12736
1733214614275 21.0 12800
1733214618117 21.0 12864
1733214623951 21.0 12928
1733214627810 21.0 12992
1733214629793 21.0 13056
1733214635620 21.0 13120
1733214637524 21.0 13184
1733214641395 21.0 13248
1733214645268 20.0 13312
1733214647301 21.0 13376
1733214651173 21.0 13440
1733214655012 20.0 13504
1733214656962 21.0 13568
1733214658840 21.0 13632
1733214662656 21.0 13696
1733214664706 21.0 13760
1733214668513 21.0 13824
1733214670466 21.0 13888
1733214672382 21.0 13952
1733214676289 21.0 14016
1733214680237 21.0 14080
1733214682254 21.0 14144
1733214686131 21.0 14208
1733214688163 21.0 14272
1733214691954 21.0 14336
1733214693900 21.0 14400
1733214697650 21.0 14464
1733214699567 21.0 14528
1733214703386 21.0 14592
1733214707284 21.0 14656
1733214711224 21.0 14720
1733214715024 21.0 14784
1733214717025 21.0 14848
1733214718996 21.0 14912
1733214722905 21.0 14976
1733214724925 21.0 15040
1733214728786 21.0 15104
1733214730793 21.0 15168
1733214732727 21.0 15232
1733214734658 21.0 15296
1733214736594 21.0 15360
1733214738498 21.0 15424
1733214740435 21.0 15488
1733214742376 21.0 15552
1733214748331 21.0 15616
1733214752319 21.0 15680
1733214756184 21.0 15744
1733214758116 21.0 15808
1733214762006 21.0 15872
1733214767792 21.0 15936
1733214769714 21.0 16000
1733214773566 21.0 16064
1733214775593 21.0 16128
1733214777539 21.0 16192
1733214781345 21.0 16256
1733214783233 21.0 16320
1733214787040 21.0 16384
1733214788951 21.0 16448
1733214792854 21.0 16512
1733214796688 21.0 16576
1733214798761 21.0 16640
1733214800726 21.0 16704
1733214802557 21.0 16768
1733214808249 21.0 16832
1733214812039 21.0 16896
