1732643211310 0.0 0
1732643221361 14.0 1
1732643231421 12.4 2
1732643241480 12.2 3
1732643251528 13.8 4
1732643261611 14.3 5
1732643271678 13.8 6
1732643281734 11.8 7
1732643292133 11.4 8
1732643302217 6.9 9
1732643312271 7.5 10
1732643322327 12.3 11
1732643332406 14.7 12
1732643342464 15.5 13
1732643352525 11.3 14
1732643362601 19.5 15
1732643372657 13.0 16
1732643382718 9.4 17
1732643392786 12.0 18
1732643402846 12.6 19
1732643412911 6.4 20
1732643422973 8.8 21
1732643433049 11.2 22
1732643443111 14.2 23
1732643453180 15.3 24
1732643463237 11.6 25
1732643473299 11.5 26
1732643483367 12.4 27
1732643493448 7.5 28
1732643503516 9.3 29
1732643513571 11.4 30
1732643523654 10.7 31
1732643533709 15.0 32
1732643543774 10.4 33
1732643553870 10.1 34
1732643563957 15.4 35
1732643574027 12.4 36
1732643584110 12.2 37
1732643594194 11.2 38
1732643604273 10.8 39
1732643614341 10.8 40
1732643624410 11.7 41
1732643634489 11.5 42
1732643644558 10.7 43
1732643654642 10.5 44
1732643664711 11.0 45
1732643674794 10.8 46
1732643684876 10.0 47
1732643694950 12.9 48
1732643705078 10.4 49
1732643715152 10.4 50
1732643725233 9.5 51
1732643735291 9.6 52
1732643745348 11.3 53
1732643755430 14.4 54
1732643765501 12.7 55
1732643775596 10.7 56
1732643785682 12.2 57
1732643795749 11.0 58
1732643805814 9.9 59
1732643815888 12.0 60
1732643825959 9.9 61
1732643836035 13.5 62
1732643846117 9.9 63
1732643856175 9.5 64
1732643866265 10.9 65
1732643876335 11.6 66
1732643886414 9.3 67
1732643896490 8.1 68
1732643906573 10.2 69
1732643916643 9.7 70
1732643926719 9.6 71
1732643936794 11.4 72
1732643946860 9.5 73
1732643956936 11.6 74
1732643967010 10.7 75
1732643977092 10.4 76
1732643987162 13.5 77
1732643997230 11.9 78
1732644007297 9.7 79
1732644017379 10.3 80
1732644027448 12.7 81
1732644037523 9.1 82
1732644047581 12.6 83
1732644057649 15.6 84
1732644067709 16.6 85
1732644077789 11.5 86
1732644087870 19.4 87
1732644097966 17.8 88
1732644108038 13.6 89
1732644118127 12.0 90
1732644128216 14.8 91
1732644138283 14.0 92
1732644148373 15.4 93
1732644158441 17.1 94
1732644168517 15.0 95
1732644178611 16.8 96
1732644188693 17.4 97
1732644198774 12.4 98
1732644208860 12.7 99
1732644218932 10.4 100
1732644229003 14.3 101
1732644239087 10.5 102
1732644249153 9.1 103
1732644259247 10.6 104
1732644269308 7.9 105
1732644279413 9.5 106
1732644289483 10.7 107
1732644299582 8.9 108
1732644309643 7.0 109
1732644319726 10.4 110
1732644329810 8.1 111
1732644339911 9.8 112
1732644349987 12.0 113
1732644360082 9.2 114
1732644370160 11.5 115
1732644380239 8.5 116
1732644390317 7.0 117
1732644400395 9.1 118
1732644410470 7.8 119
1732644420541 11.6 120
1732644430627 11.6 121
1732644440715 11.8 122
1732644450794 9.7 123
1732644460897 11.1 124
1732644470984 7.2 125
1732644481060 8.2 126
1732644491138 9.2 127
1732644501225 10.9 128
1732644511302 10.1 129
1732644521382 11.4 130
1732644531469 11.2 131
1732644541553 8.6 132
1732644551639 8.4 133
1732644561733 6.4 134
1732644571817 10.4 135
1732644581877 8.8 136
1732644591967 10.2 137
1732644602040 8.0 138
1732644612123 11.0 139
1732644622201 11.1 140
1732644632282 11.6 141
1732644642365 8.5 142
1732644652424 8.0 143
1732644662496 15.4 144
1732644672586 10.3 145
1732644682666 9.2 146
1732644692759 10.7 147
1732644702849 8.8 148
1732644712947 8.9 149
1732644723032 10.9 150
1732644733118 9.8 151
1732644743210 8.8 152
1732644753306 8.3 153
1732644763403 8.7 154
1732644773482 10.2 155
1732644783564 8.7 156
1732644793655 9.4 157
1732644803723 9.3 158
1732644813816 9.0 159
1732644823905 11.5 160
1732644833969 9.9 161
1732644844056 9.7 162
1732644854129 11.6 163
1732644864226 11.9 164
1732644874324 11.4 165
1732644884921 11.9 166
1732644895001 11.1 167
1732644905101 8.0 168
1732644915178 9.2 169
1732644925238 12.4 170
1732644935295 12.1 171
1732644945375 9.8 172
1732644955471 11.5 173
1732644965563 11.5 174
1732644975656 7.2 175
1732644985731 11.8 176
1732644995814 9.3 177
1732645005915 11.6 178
1732645015994 11.3 179
1732645026095 11.0 180
1732645036174 11.1 181
1732645046282 8.6 182
1732645056384 8.6 183
1732645066473 11.1 184
1732645076561 11.9 185
1732645086649 11.1 186
1732645096711 10.6 187
1732645106833 11.7 188
1732645116909 7.0 189
1732645127010 8.7 190
1732645137091 9.5 191
1732645147179 11.3 192
1732645157268 11.6 193
1732645167342 8.9 194
1732645177436 8.9 195
1732645187522 11.0 196
1732645197619 7.8 197
1732645207710 8.9 198
1732645217809 8.1 199
1732645227914 11.0 200
1732645237999 11.4 201
1732645248098 11.0 202
1732645258179 10.6 203
1732645268278 9.7 204
1732645278362 6.8 205
1732645288448 9.6 206
1732645298546 9.1 207
1732645308632 12.2 208
1732645318730 11.7 209
1732645328822 11.7 210
1732645338909 11.4 211
1732645349021 9.4 212
1732645359118 6.9 213
1732645369202 8.9 214
1732645379303 11.0 215
1732645389404 7.9 216
1732645399496 11.2 217
1732645409607 11.4 218
1732645419707 10.3 219
1732645429807 8.6 220
1732645439906 8.1 221
1732645450000 6.9 222
1732645460087 11.0 223
1732645470186 9.5 224
1732645480285 10.7 225
1732645490365 9.2 226
1732645500466 8.6 227
1732645510563 11.0 228
1732645520662 9.2 229
1732645530763 6.7 230
1732645540863 10.7 231
1732645550971 10.9 232
1732645561072 7.7 233
1732645571159 7.8 234
1732645581253 8.6 235
1732645591416 11.8 236
1732645601532 11.3 237
1732645611632 7.1 238
1732645621720 9.3 239
1732645631823 9.4 240
1732645641930 11.2 241
1732645652058 11.7 242
1732645662165 11.6 243
1732645672243 7.3 244
1732645682323 10.8 245
1732645692440 11.2 246
1732645702536 7.8 247
1732645712624 11.4 248
1732645722728 11.0 249
1732645732819 8.6 250
1732645742905 7.8 251
1732645753020 8.7 252
1732645763121 9.0 253
1732645773224 9.5 254
1732645783317 11.4 255
1732645793419 11.0 256
1732645803500 9.7 257
1732645813589 9.9 258
1732645823688 7.3 259
1732645833785 11.1 260
1732645843886 9.7 261
1732645853978 11.6 262
1732645864086 9.0 263
1732645874188 10.2 264
1732645884281 8.4 265
1732645894405 8.9 266
1732645904503 8.3 267
1732645914593 9.4 268
1732645924674 9.4 269
1732645934790 8.9 270
1732645944893 9.8 271
1732645954987 11.0 272
1732645965102 8.9 273
1732645975207 8.2 274
1732645985282 11.0 275
1732645995387 6.8 276
1732646005494 11.7 277
1732646015600 9.6 278
1732646025715 11.5 279
1732646035825 11.7 280
1732646045907 11.0 281
1732646056007 8.4 282
1732646066119 7.1 283
1732646076188 7.9 284
1732646086276 11.5 285
1732646096376 8.9 286
1732646106497 9.0 287
1732646116602 10.9 288
1732646126703 11.1 289
1732646136813 9.0 290
1732646146906 6.8 291
1732646157025 8.7 292
1732646167102 8.4 293
1732646177216 10.8 294
1732646187293 10.6 295
1732646197401 10.2 296
1732646207534 7.8 297
1732646217639 8.9 298
1732646227745 6.4 299
1732646237825 11.5 300
1732646247915 8.7 301
1732646258031 11.6 302
1732646268132 10.2 303
1732646278240 10.8 304
1732646288365 10.8 305
1732646298475 9.4 306
1732646308585 9.5 307
1732646318688 11.9 308
1732646328811 10.0 309
1732646338913 11.9 310
1732646349000 11.9 311
1732646359117 12.5 312
1732646369195 10.6 313
1732646379321 8.6 314
1732646389423 9.2 315
1732646399509 9.5 316
1732646409616 10.3 317
1732646419719 8.4 318
1732646429830 9.1 319
1732646439946 8.8 320
1732646450054 9.0 321
1732646460160 9.1 322
1732646470263 9.4 323
1732646480377 7.5 324
1732646490480 11.1 325
1732646500594 9.1 326
1732646510674 10.0 327
1732646520765 8.9 328
1732646530884 11.2 329
1732646540994 11.0 330
1732646551126 10.0 331
1732646561212 6.7 332
1732646571285 12.4 333
1732646581386 12.0 334
1732646591494 12.1 335
1732646601594 12.1 336
1732646611699 12.3 337
1732646622171 12.1 338
1732646632277 8.5 339
1732646642389 8.0 340
1732646652483 11.4 341
1732646662602 8.8 342
1732646672723 9.1 343
1732646682849 8.9 344
1732646692977 11.1 345
1732646703073 10.9 346
1732646713202 10.9 347
1732646723323 7.8 348
1732646733438 14.5 349
1732646743566 12.6 350
1732646753685 13.5 351
1732646763798 14.9 352
1732646773917 11.1 353
1732646784024 16.1 354
1732646794125 14.8 355
1732646804261 8.8 356
1732646814385 11.8 357
1732646824475 10.8 358
1732646834590 12.8 359
1732646844707 10.4 360
1732646854824 12.6 361
1732646864926 12.5 362
1732646875004 9.5 363
1732646885095 10.3 364
1732646895208 8.1 365
1732646905337 8.1 366
1732646915435 12.3 367
1732646925540 15.3 368
1732646935652 14.4 369
1732646945736 11.3 370
1732646955851 13.4 371
1732646965977 14.5 372
1732646976099 11.7 373
1732646986214 12.8 374
1732646996331 13.0 375
1732647006453 11.6 376
1732647016574 12.6 377
1732647026680 15.4 378
1732647036798 12.2 379
1732647046912 16.1 380
1732647057032 16.9 381
1732647067138 15.5 382
1732647077248 15.1 383
1732647087357 13.5 384
1732647097459 13.4 385
1732647107570 15.9 386
1732647117654 21.6 387
1732647127728 19.3 388
1732647137808 14.2 389
1732647147940 20.1 390
1732647158019 19.0 391
1732647168150 12.1 392
1732647178268 8.9 393
1732647188344 9.0 394
1732647198460 12.4 395
1732647208578 7.4 396
1732647218691 13.0 397
1732647228817 11.4 398
1732647238933 8.2 399
1732647249046 12.2 400
1732647259168 11.6 401
1732647269294 9.0 402
1732647279377 11.7 403
1732647289997 12.0 404
1732647300129 10.9 405
1732647310238 7.1 406
1732647320363 7.4 407
1732647330487 10.5 408
1732647340605 11.9 409
1732647350729 8.9 410
1732647360850 10.1 411
1732647370977 11.6 412
1732647381093 16.3 413
1732647391219 11.4 414
1732647401324 14.0 415
1732647411454 8.6 416
1732647421544 11.3 417
1732647431637 10.2 418
1732647441754 10.9 419
1732647451864 12.7 420
1732647461975 9.2 421
1732647472083 12.4 422
1732647482165 10.8 423
1732647492249 12.7 424
1732647502370 8.0 425
1732647512481 9.0 426
1732647522601 9.7 427
1732647532716 9.7 428
1732647542828 10.3 429
1732647552907 10.6 430
1732647563001 9.7 431
1732647573104 9.5 432
1732647583217 8.1 433
1732647593377 11.5 434
1732647603500 8.7 435
1732647613610 8.3 436
1732647623732 6.9 437
1732647633828 11.5 438
1732647643947 8.5 439
1732647654044 8.7 440
1732647664131 10.2 441
1732647674259 8.7 442
1732647684390 10.7 443
1732647694508 10.0 444
1732647704633 9.8 445
1732647714758 5.9 446
1732647724881 9.1 447
1732647735007 10.0 448
1732647745126 11.3 449
1732647755242 10.1 450
1732647765376 10.1 451
1732647775505 9.0 452
1732647785631 8.2 453
1732647795753 12.0 454
1732647805880 5.0 455
1732647816016 9.7 456
1732647826142 9.7 457
1732647836273 8.9 458
1732647846418 9.0 459
1732647856537 8.2 460
1732647866660 8.6 461
1732647876769 10.3 462
1732647886911 7.3 463
1732647896993 10.9 464
1732647907110 9.1 465
1732647917234 11.5 466
1732647927368 9.3 467
1732647937485 8.5 468
1732647947606 9.0 469
1732647957733 9.6 470
1732647967869 11.2 471
1732647977989 10.6 472
1732647988114 8.6 473
1732647998242 7.9 474
1732648008375 11.3 475
1732648018506 9.1 476
1732648028651 8.3 477
1732648038797 9.7 478
1732648048925 12.9 479
1732648059051 8.6 480
1732648069157 7.6 481
1732648079283 9.5 482
1732648089406 14.3 483
1732648099544 9.9 484
1732648109672 8.9 485
1732648119795 11.3 486
1732648129924 11.4 487
1732648140046 8.4 488
1732648150176 7.6 489
1732648160269 9.3 490
1732648170392 8.5 491
1732648180526 9.6 492
1732648190668 9.0 493
1732648200799 9.7 494
1732648210925 9.9 495
1732648221024 9.3 496
1732648231144 10.2 497
1732648241262 9.0 498
1732648251342 8.6 499
1732648261466 8.2 500
1732648271594 9.6 501
1732648281732 12.4 502
1732648291857 9.8 503
1732648301986 9.9 504
1732648312116 9.2 505
1732648322234 8.2 506
1732648332329 7.5 507
1732648342455 9.4 508
1732648352586 9.5 509
1732648362717 8.9 510
1732648372853 7.1 511
1732648382989 11.1 512
1732648393123 9.0 513
1732648403204 8.7 514
1732648413328 10.1 515
1732648423458 9.5 516
1732648433572 10.3 517
1732648443692 9.6 518
1732648453830 10.5 519
1732648463932 8.4 520
1732648474077 8.5 521
1732648484206 13.6 522
1732648494341 11.1 523
1732648504475 8.4 524
1732648514600 11.1 525
1732648524731 12.2 526
1732648534882 10.0 527
1732648545008 7.5 528
1732648555479 8.9 529
1732648565605 12.0 530
1732648575719 9.1 531
1732648585847 10.6 532
1732648595992 12.3 533
1732648606118 6.3 534
1732648616216 8.1 535
1732648626340 12.1 536
1732648636471 11.1 537
1732648646607 8.3 538
1732648656754 9.0 539
1732648666903 10.7 540
1732648677042 11.0 541
1732648687180 11.7 542
1732648697288 10.8 543
1732648707439 13.3 544
1732648717574 13.1 545
1732648727708 13.3 546
1732648737839 7.0 547
1732648747975 8.0 548
1732648758058 11.5 549
1732648768185 16.7 550
1732648778312 24.3 551
1732648788450 28.9 552
1732648798598 24.1 553
1732648808743 24.0 554
1732648818884 24.7 555
1732648829035 26.4 556
1732648839174 20.4 557
1732648849315 9.8 558
1732648859454 8.5 559
1732648869577 8.9 560
1732648879714 7.2 561
1732648889854 10.8 562
1732648899994 9.9 563
1732648910125 10.9 564
1732648920259 8.8 565
1732648930397 11.9 566
1732648940532 9.0 567
1732648950671 10.6 568
1732648960811 9.4 569
1732648970960 7.5 570
1732648981091 10.3 571
1732648991233 8.8 572
1732649001363 9.4 573
1732649011501 11.2 574
1732649021639 7.8 575
1732649031793 9.3 576
1732649041932 11.6 577
1732649052048 9.1 578
1732649062183 7.6 579
1732649072323 9.7 580
1732649082463 10.8 581
1732649092587 9.3 582
1732649102715 11.4 583
1732649112846 10.1 584
1732649122980 8.3 585
1732649133119 8.4 586
1732649143295 11.9 587
1732649153434 9.0 588
1732649163576 7.6 589
1732649173720 9.6 590
1732649183861 11.9 591
1732649194006 9.4 592
1732649204143 8.1 593
1732649214280 9.0 594
1732649224422 11.4 595
1732649234560 9.5 596
1732649244699 9.0 597
1732649254837 9.5 598
