1732643211310 46.8 0
1732643221361 46.8 1
1732643231421 46.8 2
1732643241480 46.8 3
1732643251528 46.8 4
1732643261611 46.8 5
1732643271678 46.8 6
1732643281734 46.8 7
1732643292133 46.8 8
1732643302217 46.8 9
1732643312271 46.8 10
1732643322327 46.8 11
1732643332406 46.8 12
1732643342464 46.8 13
1732643352525 46.8 14
1732643362601 46.8 15
1732643372657 46.8 16
1732643382718 46.8 17
1732643392786 46.8 18
1732643402846 46.8 19
1732643412911 46.8 20
1732643422973 46.8 21
1732643433049 46.8 22
1732643443111 46.8 23
1732643453180 46.8 24
1732643463237 46.8 25
1732643473299 46.8 26
1732643483367 46.8 27
1732643493448 46.8 28
1732643503516 46.8 29
1732643513571 46.8 30
1732643523654 46.8 31
1732643533709 46.8 32
1732643543774 46.8 33
1732643553870 46.8 34
1732643563957 46.8 35
1732643574027 46.8 36
1732643584110 46.8 37
1732643594194 46.8 38
1732643604273 46.8 39
1732643614341 46.8 40
1732643624410 46.8 41
1732643634489 46.8 42
1732643644558 46.8 43
1732643654642 46.8 44
1732643664711 46.8 45
1732643674794 46.8 46
1732643684876 46.8 47
1732643694950 46.8 48
1732643705078 46.8 49
1732643715152 46.8 50
1732643725233 46.8 51
1732643735291 46.8 52
1732643745348 46.8 53
1732643755430 46.8 54
1732643765501 46.8 55
1732643775596 46.8 56
1732643785682 46.8 57
1732643795749 46.8 58
1732643805814 46.8 59
1732643815888 46.8 60
1732643825959 46.8 61
1732643836035 46.8 62
1732643846117 46.8 63
1732643856175 46.8 64
1732643866265 46.8 65
1732643876335 46.8 66
1732643886414 46.8 67
1732643896490 46.8 68
1732643906573 46.8 69
1732643916643 46.8 70
1732643926719 46.8 71
1732643936794 46.8 72
1732643946860 46.8 73
1732643956936 46.8 74
1732643967010 46.8 75
1732643977092 46.8 76
1732643987162 46.8 77
1732643997230 46.8 78
1732644007297 46.8 79
1732644017379 46.8 80
1732644027448 46.8 81
1732644037523 46.8 82
1732644047581 46.8 83
1732644057649 46.8 84
1732644067709 46.8 85
1732644077789 46.8 86
1732644087870 46.8 87
1732644097966 46.8 88
1732644108038 46.8 89
1732644118127 46.8 90
1732644128216 46.8 91
1732644138283 46.8 92
1732644148373 46.8 93
1732644158441 46.8 94
1732644168517 46.8 95
1732644178611 46.8 96
1732644188693 46.8 97
1732644198774 46.8 98
1732644208860 46.8 99
1732644218932 46.8 100
1732644229003 46.8 101
1732644239087 46.8 102
1732644249153 46.8 103
1732644259247 46.8 104
1732644269308 46.8 105
1732644279413 46.8 106
1732644289483 46.8 107
1732644299582 46.8 108
1732644309643 46.8 109
1732644319726 46.8 110
1732644329810 46.8 111
1732644339911 46.8 112
1732644349987 46.8 113
1732644360082 46.8 114
1732644370160 46.8 115
1732644380239 46.8 116
1732644390317 46.8 117
1732644400395 46.8 118
1732644410470 46.8 119
1732644420541 46.8 120
1732644430627 46.8 121
1732644440715 46.8 122
1732644450794 46.8 123
1732644460897 46.8 124
1732644470984 46.8 125
1732644481060 46.8 126
1732644491138 46.8 127
1732644501225 46.8 128
1732644511302 46.8 129
1732644521382 46.8 130
1732644531469 46.8 131
1732644541553 46.8 132
1732644551639 46.8 133
1732644561733 46.8 134
1732644571817 46.8 135
1732644581877 46.8 136
1732644591967 46.8 137
1732644602040 46.8 138
1732644612123 46.8 139
1732644622201 46.8 140
1732644632282 46.8 141
1732644642365 46.8 142
1732644652424 46.8 143
1732644662496 46.8 144
1732644672586 46.8 145
1732644682666 46.8 146
1732644692759 46.8 147
1732644702849 46.8 148
1732644712947 46.8 149
1732644723032 46.8 150
1732644733118 46.8 151
1732644743210 46.8 152
1732644753306 46.8 153
1732644763403 46.8 154
1732644773482 46.8 155
1732644783564 46.8 156
1732644793655 46.8 157
1732644803723 46.8 158
1732644813816 46.8 159
1732644823905 46.8 160
1732644833969 46.8 161
1732644844056 46.8 162
1732644854129 46.8 163
1732644864226 46.8 164
1732644874324 46.8 165
1732644884921 46.8 166
1732644895001 46.8 167
1732644905101 46.8 168
1732644915178 46.8 169
1732644925238 46.8 170
1732644935295 46.8 171
1732644945375 46.8 172
1732644955471 46.8 173
1732644965563 46.8 174
1732644975656 46.8 175
1732644985731 46.8 176
1732644995814 46.8 177
1732645005915 46.8 178
1732645015994 46.8 179
1732645026095 46.8 180
1732645036174 46.8 181
1732645046282 46.8 182
1732645056384 46.8 183
1732645066473 46.8 184
1732645076561 46.8 185
1732645086649 46.8 186
1732645096711 46.8 187
1732645106833 46.8 188
1732645116909 46.8 189
1732645127010 46.8 190
1732645137091 46.8 191
1732645147179 46.8 192
1732645157268 46.8 193
1732645167342 46.8 194
1732645177436 46.8 195
1732645187522 46.8 196
1732645197619 46.8 197
1732645207710 46.8 198
1732645217809 46.8 199
1732645227914 46.8 200
1732645237999 46.8 201
1732645248098 46.8 202
1732645258179 46.8 203
1732645268278 46.8 204
1732645278362 46.8 205
1732645288448 46.8 206
1732645298546 46.8 207
1732645308632 46.8 208
1732645318730 46.8 209
1732645328822 46.8 210
1732645338909 46.8 211
1732645349021 46.8 212
1732645359118 46.8 213
1732645369202 46.8 214
1732645379303 46.8 215
1732645389404 46.8 216
1732645399496 46.8 217
1732645409607 46.8 218
1732645419707 46.8 219
1732645429807 46.8 220
1732645439906 46.8 221
1732645450000 46.8 222
1732645460087 46.8 223
1732645470186 46.8 224
1732645480285 46.8 225
1732645490365 46.8 226
1732645500466 46.8 227
1732645510563 46.8 228
1732645520662 46.8 229
1732645530763 46.8 230
1732645540863 46.8 231
1732645550971 46.8 232
1732645561072 46.8 233
1732645571159 46.8 234
1732645581253 46.8 235
1732645591416 46.8 236
1732645601532 46.8 237
1732645611632 46.8 238
1732645621720 46.8 239
1732645631823 46.8 240
1732645641930 46.8 241
1732645652058 46.8 242
1732645662165 46.8 243
1732645672243 46.8 244
1732645682323 46.8 245
1732645692440 46.8 246
1732645702536 46.8 247
1732645712624 46.8 248
1732645722728 46.8 249
1732645732819 46.8 250
1732645742905 46.8 251
1732645753020 46.8 252
1732645763121 46.8 253
1732645773224 46.8 254
1732645783317 46.8 255
1732645793419 46.8 256
1732645803500 46.8 257
1732645813589 46.8 258
1732645823688 46.8 259
1732645833785 46.8 260
1732645843886 46.8 261
1732645853978 46.8 262
1732645864086 46.8 263
1732645874188 46.8 264
1732645884281 46.8 265
1732645894405 46.8 266
1732645904503 46.8 267
1732645914593 46.8 268
1732645924674 46.8 269
1732645934790 46.8 270
1732645944893 46.8 271
1732645954987 46.8 272
1732645965102 46.8 273
1732645975207 46.8 274
1732645985282 46.8 275
1732645995387 46.8 276
1732646005494 46.8 277
1732646015600 46.8 278
1732646025715 46.8 279
1732646035825 46.8 280
1732646045907 46.8 281
1732646056007 46.8 282
1732646066119 46.8 283
1732646076188 46.8 284
1732646086276 46.8 285
1732646096376 46.8 286
1732646106497 46.8 287
1732646116602 46.8 288
1732646126703 46.8 289
1732646136813 46.8 290
1732646146906 46.8 291
1732646157025 46.8 292
1732646167102 46.8 293
1732646177216 46.8 294
1732646187293 46.8 295
1732646197401 46.8 296
1732646207534 46.8 297
1732646217639 46.8 298
1732646227745 46.8 299
1732646237825 46.8 300
1732646247915 46.8 301
1732646258031 46.8 302
1732646268132 46.8 303
1732646278240 46.8 304
1732646288365 46.8 305
1732646298475 46.8 306
1732646308585 46.8 307
1732646318688 46.8 308
1732646328811 46.8 309
1732646338913 46.8 310
1732646349000 46.8 311
1732646359117 46.8 312
1732646369195 46.8 313
1732646379321 46.8 314
1732646389423 46.8 315
1732646399509 46.8 316
1732646409616 46.8 317
1732646419719 46.8 318
1732646429830 46.8 319
1732646439946 46.8 320
1732646450054 46.8 321
1732646460160 46.8 322
1732646470263 46.8 323
1732646480377 46.8 324
1732646490480 46.8 325
1732646500594 46.8 326
1732646510674 46.8 327
1732646520765 46.8 328
1732646530884 46.8 329
1732646540994 46.8 330
1732646551126 46.8 331
1732646561212 46.8 332
1732646571285 46.8 333
1732646581386 46.8 334
1732646591494 46.8 335
1732646601594 46.8 336
1732646611699 46.8 337
1732646622171 46.8 338
1732646632277 46.8 339
1732646642389 46.8 340
1732646652483 46.8 341
1732646662602 46.8 342
1732646672723 46.8 343
1732646682849 46.8 344
1732646692977 46.8 345
1732646703073 46.8 346
1732646713202 46.8 347
1732646723323 46.8 348
1732646733438 46.8 349
1732646743566 46.8 350
1732646753685 46.8 351
1732646763798 46.8 352
1732646773917 46.8 353
1732646784024 46.8 354
1732646794125 46.8 355
1732646804261 46.8 356
1732646814385 46.8 357
1732646824475 46.8 358
1732646834590 46.8 359
1732646844707 46.8 360
1732646854824 46.8 361
1732646864926 46.8 362
1732646875004 46.8 363
1732646885095 46.8 364
1732646895208 46.8 365
1732646905337 46.8 366
1732646915435 46.8 367
1732646925540 46.8 368
1732646935652 46.8 369
1732646945736 46.8 370
1732646955851 46.8 371
1732646965977 46.8 372
1732646976099 46.8 373
1732646986214 46.8 374
1732646996331 46.8 375
1732647006453 46.8 376
1732647016574 46.8 377
1732647026680 46.8 378
1732647036798 46.8 379
1732647046912 46.8 380
1732647057032 46.8 381
1732647067138 46.8 382
1732647077248 46.8 383
1732647087357 46.8 384
1732647097459 46.8 385
1732647107570 46.8 386
1732647117654 46.8 387
1732647127728 46.8 388
1732647137808 46.8 389
1732647147940 46.8 390
1732647158019 46.8 391
1732647168150 46.8 392
1732647178268 46.8 393
1732647188344 46.8 394
1732647198460 46.8 395
1732647208578 46.8 396
1732647218691 46.8 397
1732647228817 46.8 398
1732647238933 46.8 399
1732647249046 46.8 400
1732647259168 46.8 401
1732647269294 46.8 402
1732647279377 46.8 403
1732647289997 46.8 404
1732647300129 46.8 405
1732647310238 46.8 406
1732647320363 46.8 407
1732647330487 46.8 408
1732647340605 46.8 409
1732647350729 46.8 410
1732647360850 46.8 411
1732647370977 46.8 412
1732647381093 46.8 413
1732647391219 46.8 414
1732647401324 46.8 415
1732647411454 46.8 416
1732647421544 46.8 417
1732647431637 46.8 418
1732647441754 46.8 419
1732647451864 46.8 420
1732647461975 46.8 421
1732647472083 46.8 422
1732647482165 46.8 423
1732647492249 46.8 424
1732647502370 46.8 425
1732647512481 46.8 426
1732647522601 46.8 427
1732647532716 46.8 428
1732647542828 46.8 429
1732647552907 46.8 430
1732647563001 46.8 431
1732647573104 46.8 432
1732647583217 46.8 433
1732647593377 46.8 434
1732647603500 46.8 435
1732647613610 46.8 436
1732647623732 46.8 437
1732647633828 46.8 438
1732647643947 46.8 439
1732647654044 46.8 440
1732647664131 46.8 441
1732647674259 46.8 442
1732647684390 46.8 443
1732647694508 46.8 444
1732647704633 46.8 445
1732647714758 46.8 446
1732647724881 46.8 447
1732647735007 46.8 448
1732647745126 46.8 449
1732647755242 46.8 450
1732647765376 46.8 451
1732647775505 46.8 452
1732647785631 46.8 453
1732647795753 46.8 454
1732647805880 46.8 455
1732647816016 46.8 456
1732647826142 46.8 457
1732647836273 46.8 458
1732647846418 46.8 459
1732647856537 46.8 460
1732647866660 46.8 461
1732647876769 46.8 462
1732647886911 46.8 463
1732647896993 46.8 464
1732647907110 46.8 465
1732647917234 46.8 466
1732647927368 46.8 467
1732647937485 46.8 468
1732647947606 46.8 469
1732647957733 46.8 470
1732647967869 46.8 471
1732647977989 46.8 472
1732647988114 46.8 473
1732647998242 46.8 474
1732648008375 46.8 475
1732648018506 46.8 476
1732648028651 46.8 477
1732648038797 46.8 478
1732648048925 46.8 479
1732648059051 46.8 480
1732648069157 46.8 481
1732648079283 46.8 482
1732648089406 46.8 483
1732648099544 46.8 484
1732648109672 46.8 485
1732648119795 46.8 486
1732648129924 46.8 487
1732648140046 46.8 488
1732648150176 46.8 489
1732648160269 46.8 490
1732648170392 46.8 491
1732648180526 46.8 492
1732648190668 46.8 493
1732648200799 46.8 494
1732648210925 46.8 495
1732648221024 46.8 496
1732648231144 46.8 497
1732648241262 46.8 498
1732648251342 46.8 499
1732648261466 46.8 500
1732648271594 46.8 501
1732648281732 46.8 502
1732648291857 46.8 503
1732648301986 46.8 504
1732648312116 46.8 505
1732648322234 46.8 506
1732648332329 46.8 507
1732648342455 46.8 508
1732648352586 46.8 509
1732648362717 46.8 510
1732648372853 46.8 511
1732648382989 46.8 512
1732648393123 46.8 513
1732648403204 46.8 514
1732648413328 46.8 515
1732648423458 46.8 516
1732648433572 46.8 517
1732648443692 46.8 518
1732648453830 46.8 519
1732648463932 46.8 520
1732648474077 46.8 521
1732648484206 46.8 522
1732648494341 46.8 523
1732648504475 46.8 524
1732648514600 46.8 525
1732648524731 46.8 526
1732648534882 46.8 527
1732648545008 46.8 528
1732648555479 46.8 529
1732648565605 46.8 530
1732648575719 46.8 531
1732648585847 46.8 532
1732648595992 46.8 533
1732648606118 46.8 534
1732648616216 46.8 535
1732648626340 46.8 536
1732648636471 46.8 537
1732648646607 46.8 538
1732648656754 46.8 539
1732648666903 46.8 540
1732648677042 46.8 541
1732648687180 46.8 542
1732648697288 46.8 543
1732648707439 46.8 544
1732648717574 46.8 545
1732648727708 46.8 546
1732648737839 46.8 547
1732648747975 46.8 548
1732648758058 46.8 549
1732648768185 46.8 550
1732648778312 46.8 551
1732648788450 46.8 552
1732648798598 46.8 553
1732648808743 46.8 554
1732648818884 46.8 555
1732648829035 46.8 556
1732648839174 46.8 557
1732648849315 46.8 558
1732648859454 46.8 559
1732648869577 46.8 560
1732648879714 46.8 561
1732648889854 46.8 562
1732648899994 46.8 563
1732648910125 46.8 564
1732648920259 46.8 565
1732648930397 46.8 566
1732648940532 46.8 567
1732648950671 46.8 568
1732648960811 46.8 569
1732648970960 46.8 570
1732648981091 46.8 571
1732648991233 46.8 572
1732649001363 46.8 573
1732649011501 46.8 574
1732649021639 46.8 575
1732649031793 46.8 576
1732649041932 46.8 577
1732649052048 46.8 578
1732649062183 46.8 579
1732649072323 46.8 580
1732649082463 46.8 581
1732649092587 46.8 582
1732649102715 46.8 583
1732649112846 46.8 584
1732649122980 46.8 585
1732649133119 46.8 586
1732649143295 46.8 587
1732649153434 46.8 588
1732649163576 46.8 589
1732649173720 46.8 590
1732649183861 46.8 591
1732649194006 46.8 592
1732649204143 46.8 593
1732649214280 46.8 594
1732649224422 46.8 595
1732649234560 46.8 596
1732649244699 46.8 597
1732649254837 46.8 598
