1732643211310 139659.4 0
1732643221361 139659.4 1
1732643231421 139661.7 2
1732643241480 139661.8 3
1732643251528 139661.8 4
1732643261611 139661.8 5
1732643271678 139661.7 6
1732643281734 139661.7 7
1732643292133 139661.7 8
1732643302217 139661.7 9
1732643312271 139661.6 10
1732643322327 139663.0 11
1732643332406 139644.9 12
1732643342464 139656.5 13
1732643352525 139658.8 14
1732643362601 139653.6 15
1732643372657 139652.1 16
1732643382718 139651.0 17
1732643392786 139649.8 18
1732643402846 139649.1 19
1732643412911 139649.2 20
1732643422973 139649.1 21
1732643433049 139648.7 22
1732643443111 139648.5 23
1732643453180 139648.5 24
1732643463237 139648.5 25
1732643473299 139648.4 26
1732643483367 139648.3 27
1732643493448 139648.2 28
1732643503516 139647.4 29
1732643513571 139647.2 30
1732643523654 139647.0 31
1732643533709 139648.2 32
1732643543774 139648.1 33
1732643553870 139648.0 34
1732643563957 139647.9 35
1732643574027 139647.9 36
1732643584110 139647.7 37
1732643594194 139647.7 38
1732643604273 139647.7 39
1732643614341 139647.5 40
1732643624410 139647.5 41
1732643634489 139647.4 42
1732643644558 139647.4 43
1732643654642 139649.9 44
1732643664711 139650.5 45
1732643674794 139650.5 46
1732643684876 139650.4 47
1732643694950 139650.4 48
1732643705078 139650.3 49
1732643715152 139650.3 50
1732643725233 139650.3 51
1732643735291 139650.1 52
1732643745348 139647.0 53
1732643755430 139640.7 54
1732643765501 139654.1 55
1732643775596 139652.9 56
1732643785682 139653.6 57
1732643795749 139653.0 58
1732643805814 139652.4 59
1732643815888 139650.2 60
1732643825959 139646.3 61
1732643836035 139641.5 62
1732643846117 139637.9 63
1732643856175 139653.4 64
1732643866265 139653.2 65
1732643876335 139652.7 66
1732643886414 139652.9 67
1732643896490 139651.6 68
1732643906573 139649.6 69
1732643916643 139649.5 70
1732643926719 139649.5 71
1732643936794 139649.4 72
1732643946860 139649.3 73
1732643956936 139649.3 74
1732643967010 139649.3 75
1732643977092 139649.2 76
1732643987162 139649.2 77
1732643997230 139649.2 78
1732644007297 139648.6 79
1732644017379 139649.3 80
1732644027448 139649.0 81
1732644037523 139648.1 82
1732644047581 139640.2 83
1732644057649 139654.0 84
1732644067709 139650.5 85
1732644077789 139646.4 86
1732644087870 139632.1 87
1732644097966 139640.5 88
1732644108038 139632.9 89
1732644118127 139641.7 90
1732644128216 139634.0 91
1732644138283 139631.4 92
1732644148373 139628.5 93
1732644158441 139628.2 94
1732644168517 139628.2 95
1732644178611 139628.2 96
1732644188693 139628.2 97
1732644198774 139628.2 98
1732644208860 139628.1 99
1732644218932 139648.2 100
1732644229003 139653.1 101
1732644239087 139653.1 102
1732644249153 139653.1 103
1732644259247 139653.1 104
1732644269308 139653.1 105
1732644279413 139653.0 106
1732644289483 139653.0 107
1732644299582 139652.9 108
1732644309643 139652.9 109
1732644319726 139652.8 110
1732644329810 139652.8 111
1732644339911 139652.9 112
1732644349987 139652.8 113
1732644360082 139652.7 114
1732644370160 139652.7 115
1732644380239 139652.7 116
1732644390317 139652.7 117
1732644400395 139652.7 118
1732644410470 139652.7 119
1732644420541 139652.7 120
1732644430627 139652.7 121
1732644440715 139652.6 122
1732644450794 139652.6 123
1732644460897 139652.6 124
1732644470984 139652.6 125
1732644481060 139652.6 126
1732644491138 139652.6 127
1732644501225 139652.6 128
1732644511302 139652.5 129
1732644521382 139652.5 130
1732644531469 139652.5 131
1732644541553 139652.5 132
1732644551639 139652.5 133
1732644561733 139652.5 134
1732644571817 139652.5 135
1732644581877 139652.4 136
1732644591967 139652.4 137
1732644602040 139652.4 138
1732644612123 139652.4 139
1732644622201 139652.4 140
1732644632282 139652.4 141
1732644642365 139652.3 142
1732644652424 139652.3 143
1732644662496 139652.2 144
1732644672586 139652.2 145
1732644682666 139652.1 146
1732644692759 139652.1 147
1732644702849 139652.1 148
1732644712947 139652.0 149
1732644723032 139652.0 150
1732644733118 139652.0 151
1732644743210 139652.0 152
1732644753306 139651.9 153
1732644763403 139651.9 154
1732644773482 139651.9 155
1732644783564 139651.9 156
1732644793655 139651.9 157
1732644803723 139651.9 158
1732644813816 139651.8 159
1732644823905 139651.8 160
1732644833969 139651.8 161
1732644844056 139651.8 162
1732644854129 139651.7 163
1732644864226 139651.7 164
1732644874324 139651.7 165
1732644884921 139651.7 166
1732644895001 139651.7 167
1732644905101 139651.7 168
1732644915178 139651.6 169
1732644925238 139651.6 170
1732644935295 139651.5 171
1732644945375 139651.5 172
1732644955471 139651.5 173
1732644965563 139651.5 174
1732644975656 139651.6 175
1732644985731 139651.6 176
1732644995814 139651.5 177
1732645005915 139651.5 178
1732645015994 139651.5 179
1732645026095 139651.5 180
1732645036174 139651.5 181
1732645046282 139651.5 182
1732645056384 139651.4 183
1732645066473 139651.4 184
1732645076561 139651.4 185
1732645086649 139651.4 186
1732645096711 139651.4 187
1732645106833 139651.3 188
1732645116909 139651.3 189
1732645127010 139651.2 190
1732645137091 139651.2 191
1732645147179 139651.2 192
1732645157268 139651.2 193
1732645167342 139651.1 194
1732645177436 139651.1 195
1732645187522 139651.1 196
1732645197619 139651.1 197
1732645207710 139651.1 198
1732645217809 139651.1 199
1732645227914 139651.0 200
1732645237999 139651.0 201
1732645248098 139651.0 202
1732645258179 139650.9 203
1732645268278 139650.9 204
1732645278362 139650.9 205
1732645288448 139650.9 206
1732645298546 139650.9 207
1732645308632 139650.9 208
1732645318730 139650.9 209
1732645328822 139650.9 210
1732645338909 139650.9 211
1732645349021 139650.8 212
1732645359118 139650.8 213
1732645369202 139650.7 214
1732645379303 139650.7 215
1732645389404 139650.7 216
1732645399496 139650.7 217
1732645409607 139650.6 218
1732645419707 139650.6 219
1732645429807 139650.7 220
1732645439906 139650.6 221
1732645450000 139650.6 222
1732645460087 139650.6 223
1732645470186 139650.6 224
1732645480285 139650.6 225
1732645490365 139650.5 226
1732645500466 139650.5 227
1732645510563 139650.5 228
1732645520662 139650.5 229
1732645530763 139650.5 230
1732645540863 139650.5 231
1732645550971 139650.4 232
1732645561072 139650.4 233
1732645571159 139650.4 234
1732645581253 139650.4 235
1732645591416 139650.4 236
1732645601532 139650.3 237
1732645611632 139650.3 238
1732645621720 139650.3 239
1732645631823 139650.3 240
1732645641930 139650.3 241
1732645652058 139650.2 242
1732645662165 139650.2 243
1732645672243 139650.2 244
1732645682323 139650.2 245
1732645692440 139650.2 246
1732645702536 139650.2 247
1732645712624 139650.2 248
1732645722728 139650.1 249
1732645732819 139650.1 250
1732645742905 139650.1 251
1732645753020 139647.7 252
1732645763121 139647.7 253
1732645773224 139647.6 254
1732645783317 139647.6 255
1732645793419 139647.6 256
1732645803500 139647.6 257
1732645813589 139647.5 258
1732645823688 139647.5 259
1732645833785 139647.5 260
1732645843886 139647.5 261
1732645853978 139647.4 262
1732645864086 139647.5 263
1732645874188 139647.5 264
1732645884281 139647.4 265
1732645894405 139647.4 266
1732645904503 139647.4 267
1732645914593 139647.4 268
1732645924674 139647.4 269
1732645934790 139647.3 270
1732645944893 139647.3 271
1732645954987 139647.3 272
1732645965102 139647.3 273
1732645975207 139647.3 274
1732645985282 139647.3 275
1732645995387 139647.2 276
1732646005494 139647.2 277
1732646015600 139647.4 278
1732646025715 139647.3 279
1732646035825 139647.3 280
1732646045907 139647.3 281
1732646056007 139647.3 282
1732646066119 139647.3 283
1732646076188 139647.2 284
1732646086276 139647.2 285
1732646096376 139647.2 286
1732646106497 139647.2 287
1732646116602 139647.2 288
1732646126703 139647.2 289
1732646136813 139647.1 290
1732646146906 139647.1 291
1732646157025 139647.1 292
1732646167102 139647.1 293
1732646177216 139647.1 294
1732646187293 139647.1 295
1732646197401 139647.0 296
1732646207534 139647.0 297
1732646217639 139647.0 298
1732646227745 139647.0 299
1732646237825 139647.0 300
1732646247915 139646.9 301
1732646258031 139646.9 302
1732646268132 139646.9 303
1732646278240 139646.9 304
1732646288365 139646.9 305
1732646298475 139646.8 306
1732646308585 139646.8 307
1732646318688 139646.8 308
1732646328811 139646.8 309
1732646338913 139646.8 310
1732646349000 139646.8 311
1732646359117 139646.7 312
1732646369195 139646.7 313
1732646379321 139646.7 314
1732646389423 139646.7 315
1732646399509 139646.7 316
1732646409616 139646.7 317
1732646419719 139646.7 318
1732646429830 139646.6 319
1732646439946 139646.6 320
1732646450054 139646.6 321
1732646460160 139646.6 322
1732646470263 139646.6 323
1732646480377 139646.6 324
1732646490480 139646.5 325
1732646500594 139646.5 326
1732646510674 139646.5 327
1732646520765 139646.5 328
1732646530884 139646.5 329
1732646540994 139646.4 330
1732646551126 139646.4 331
1732646561212 139646.4 332
1732646571285 139646.4 333
1732646581386 139646.3 334
1732646591494 139646.3 335
1732646601594 139646.3 336
1732646611699 139646.3 337
1732646622171 139646.3 338
1732646632277 139646.3 339
1732646642389 139646.2 340
1732646652483 139646.3 341
1732646662602 139646.2 342
1732646672723 139646.2 343
1732646682849 139646.2 344
1732646692977 139646.2 345
1732646703073 139646.2 346
1732646713202 139646.2 347
1732646723323 139646.1 348
1732646733438 139646.1 349
1732646743566 139646.0 350
1732646753685 139646.0 351
1732646763798 139646.0 352
1732646773917 139646.0 353
1732646784024 139668.0 354
1732646794125 139651.7 355
1732646804261 139651.7 356
1732646814385 139650.0 357
1732646824475 139648.4 358
1732646834590 139673.4 359
1732646844707 139673.4 360
1732646854824 139662.6 361
1732646864926 139662.6 362
1732646875004 139661.3 363
1732646885095 139660.6 364
1732646895208 139660.6 365
1732646905337 139660.5 366
1732646915435 139660.7 367
1732646925540 139660.6 368
1732646935652 139661.0 369
1732646945736 139660.2 370
1732646955851 139660.1 371
1732646965977 139659.7 372
1732646976099 139658.7 373
1732646986214 139658.2 374
1732646996331 139656.6 375
1732647006453 139654.1 376
1732647016574 139652.9 377
1732647026680 139651.3 378
1732647036798 139651.1 379
1732647046912 139657.5 380
1732647057032 139655.1 381
1732647067138 139658.6 382
1732647077248 139658.4 383
1732647087357 139657.5 384
1732647097459 139657.2 385
1732647107570 139658.9 386
1732647117654 139653.9 387
1732647127728 139652.8 388
1732647137808 139656.4 389
1732647147940 139650.7 390
1732647158019 139652.4 391
1732647168150 139652.7 392
1732647178268 139652.5 393
1732647188344 139652.4 394
1732647198460 139652.4 395
1732647208578 139652.2 396
1732647218691 139652.2 397
1732647228817 139652.5 398
1732647238933 139652.3 399
1732647249046 139652.3 400
1732647259168 139652.6 401
1732647269294 139652.5 402
1732647279377 139647.6 403
1732647289997 139647.3 404
1732647300129 139647.3 405
1732647310238 139647.2 406
1732647320363 139647.1 407
1732647330487 139647.1 408
1732647340605 139647.0 409
1732647350729 139647.3 410
1732647360850 139647.3 411
1732647370977 139646.8 412
1732647381093 139646.9 413
1732647391219 139646.4 414
1732647401324 139646.0 415
1732647411454 139645.5 416
1732647421544 139645.0 417
1732647431637 139644.8 418
1732647441754 139636.5 419
1732647451864 139632.3 420
1732647461975 139632.5 421
1732647472083 139630.8 422
1732647482165 139629.4 423
1732647492249 139629.1 424
1732647502370 139629.1 425
1732647512481 139629.1 426
1732647522601 139629.0 427
1732647532716 139629.0 428
1732647542828 139628.9 429
1732647552907 139628.8 430
1732647563001 139628.8 431
1732647573104 139628.3 432
1732647583217 139628.6 433
1732647593377 139628.6 434
1732647603500 139628.5 435
1732647613610 139628.4 436
1732647623732 139628.4 437
1732647633828 139628.4 438
1732647643947 139628.3 439
1732647654044 139628.3 440
1732647664131 139628.3 441
1732647674259 139628.2 442
1732647684390 139628.1 443
1732647694508 139628.1 444
1732647704633 139627.9 445
1732647714758 139627.8 446
1732647724881 139627.8 447
1732647735007 139627.5 448
1732647745126 139626.1 449
1732647755242 139627.5 450
1732647765376 139627.4 451
1732647775505 139627.5 452
1732647785631 139627.4 453
1732647795753 139627.4 454
1732647805880 139627.3 455
1732647816016 139627.3 456
1732647826142 139627.2 457
1732647836273 139627.2 458
1732647846418 139627.2 459
1732647856537 139627.4 460
1732647866660 139627.4 461
1732647876769 139627.4 462
1732647886911 139627.4 463
1732647896993 139627.4 464
1732647907110 139627.4 465
1732647917234 139627.3 466
1732647927368 139627.3 467
1732647937485 139627.3 468
1732647947606 139627.3 469
1732647957733 139627.3 470
1732647967869 139627.3 471
1732647977989 139627.2 472
1732647988114 139627.1 473
1732647998242 139627.1 474
1732648008375 139627.0 475
1732648018506 139627.0 476
1732648028651 139627.0 477
1732648038797 139627.0 478
1732648048925 139625.1 479
1732648059051 139625.2 480
1732648069157 139625.0 481
1732648079283 139624.3 482
1732648089406 139622.3 483
1732648099544 139622.1 484
1732648109672 139622.0 485
1732648119795 139621.5 486
1732648129924 139621.8 487
1732648140046 139621.9 488
1732648150176 139621.9 489
1732648160269 139622.1 490
1732648170392 139622.0 491
1732648180526 139622.0 492
1732648190668 139621.9 493
1732648200799 139622.0 494
1732648210925 139621.9 495
1732648221024 139621.9 496
1732648231144 139621.9 497
1732648241262 139621.9 498
1732648251342 139621.9 499
1732648261466 139621.8 500
1732648271594 139621.8 501
1732648281732 139621.8 502
1732648291857 139621.8 503
1732648301986 139621.8 504
1732648312116 139621.7 505
1732648322234 139621.6 506
1732648332329 139621.6 507
1732648342455 139621.6 508
1732648352586 139621.6 509
1732648362717 139621.5 510
1732648372853 139621.5 511
1732648382989 139621.3 512
1732648393123 139621.3 513
1732648403204 139621.3 514
1732648413328 139621.2 515
1732648423458 139623.5 516
1732648433572 139623.4 517
1732648443692 139623.2 518
1732648453830 139623.0 519
1732648463932 139626.1 520
1732648474077 139626.3 521
1732648484206 139622.8 522
1732648494341 139636.7 523
1732648504475 139632.9 524
1732648514600 139629.4 525
1732648524731 139623.3 526
1732648534882 139637.5 527
1732648545008 139633.0 528
1732648555479 139630.1 529
1732648565605 139617.1 530
1732648575719 139592.3 531
1732648585847 139598.2 532
1732648595992 139594.3 533
1732648606118 139606.2 534
1732648616216 139603.5 535
1732648626340 139602.9 536
1732648636471 139644.7 537
1732648646607 139644.7 538
1732648656754 139644.6 539
1732648666903 139644.5 540
1732648677042 139642.5 541
1732648687180 139640.1 542
1732648697288 139638.8 543
1732648707439 139637.3 544
1732648717574 139636.1 545
1732648727708 139636.1 546
1732648737839 139636.0 547
1732648747975 139636.1 548
1732648758058 139636.2 549
1732648768185 139639.8 550
1732648778312 139634.7 551
1732648788450 139639.5 552
1732648798598 139637.1 553
1732648808743 139639.1 554
1732648818884 139638.0 555
1732648829035 139637.5 556
1732648839174 139643.2 557
1732648849315 139643.5 558
1732648859454 139643.5 559
1732648869577 139647.4 560
1732648879714 139647.3 561
1732648889854 139647.3 562
1732648899994 139647.0 563
1732648910125 139646.6 564
1732648920259 139646.6 565
1732648930397 139644.9 566
1732648940532 139644.9 567
1732648950671 139644.8 568
1732648960811 139644.2 569
1732648970960 139644.1 570
1732648981091 139644.1 571
1732648991233 139644.1 572
1732649001363 139644.1 573
1732649011501 139644.0 574
1732649021639 139644.0 575
1732649031793 139644.0 576
1732649041932 139644.0 577
1732649052048 139644.0 578
1732649062183 139643.9 579
1732649072323 139643.9 580
1732649082463 139643.9 581
1732649092587 139643.9 582
1732649102715 139643.9 583
1732649112846 139643.9 584
1732649122980 139643.9 585
1732649133119 139643.8 586
1732649143295 139643.8 587
1732649153434 139643.8 588
1732649163576 139643.8 589
1732649173720 139643.8 590
1732649183861 139643.8 591
1732649194006 139643.8 592
1732649204143 139643.8 593
1732649214280 139635.4 594
1732649224422 139635.4 595
1732649234560 139635.4 596
1732649244699 139635.4 597
1732649254837 139635.3 598
