1732643211310 94.3 0
1732643221361 118.2 1
1732643231421 176.0 2
1732643241480 175.3 3
1732643251528 175.0 4
1732643261611 173.1 5
1732643271678 170.4 6
1732643281734 168.7 7
1732643292133 156.8 8
1732643302217 116.3 9
1732643312271 150.8 10
1732643322327 172.9 11
1732643332406 115.5 12
1732643342464 118.8 13
1732643352525 174.9 14
1732643362601 174.0 15
1732643372657 114.8 16
1732643382718 114.5 17
1732643392786 174.3 18
1732643402846 115.3 19
1732643412911 115.9 20
1732643422973 143.2 21
1732643433049 114.0 22
1732643443111 172.3 23
1732643453180 170.5 24
1732643463237 132.8 25
1732643473299 173.5 26
1732643483367 175.5 27
1732643493448 114.3 28
1732643503516 114.2 29
1732643513571 116.1 30
1732643523654 178.0 31
1732643533709 173.3 32
1732643543774 172.7 33
1732643553870 173.5 34
1732643563957 174.2 35
1732643574027 117.9 36
1732643584110 119.1 37
1732643594194 174.5 38
1732643604273 175.4 39
1732643614341 119.5 40
1732643624410 169.0 41
1732643634489 117.3 42
1732643644558 139.1 43
1732643654642 181.9 44
1732643664711 115.3 45
1732643674794 115.2 46
1732643684876 142.3 47
1732643694950 171.3 48
1732643705078 121.5 49
1732643715152 154.6 50
1732643725233 170.6 51
1732643735291 114.2 52
1732643745348 177.7 53
1732643755430 171.8 54
1732643765501 142.0 55
1732643775596 140.5 56
1732643785682 161.7 57
1732643795749 181.8 58
1732643805814 116.6 59
1732643815888 155.4 60
1732643825959 132.2 61
1732643836035 138.4 62
1732643846117 151.4 63
1732643856175 167.9 64
1732643866265 112.7 65
1732643876335 128.0 66
1732643886414 113.0 67
1732643896490 112.8 68
1732643906573 115.7 69
1732643916643 178.0 70
1732643926719 113.5 71
1732643936794 130.6 72
1732643946860 113.1 73
1732643956936 171.3 74
1732643967010 113.2 75
1732643977092 171.2 76
1732643987162 169.8 77
1732643997230 161.0 78
1732644007297 117.9 79
1732644017379 171.0 80
1732644027448 132.6 81
1732644037523 117.7 82
1732644047581 172.9 83
1732644057649 171.1 84
1732644067709 149.1 85
1732644077789 140.4 86
1732644087870 180.6 87
1732644097966 122.8 88
1732644108038 118.8 89
1732644118127 122.3 90
1732644128216 179.4 91
1732644138283 183.4 92
1732644148373 179.3 93
1732644158441 153.0 94
1732644168517 179.3 95
1732644178611 177.8 96
1732644188693 164.0 97
1732644198774 118.8 98
1732644208860 136.2 99
1732644218932 114.7 100
1732644229003 163.4 101
1732644239087 133.1 102
1732644249153 139.3 103
1732644259247 139.0 104
1732644269308 125.0 105
1732644279413 140.5 106
1732644289483 113.3 107
1732644299582 140.4 108
1732644309643 114.9 109
1732644319726 142.7 110
1732644329810 112.6 111
1732644339911 146.6 112
1732644349987 139.4 113
1732644360082 139.7 114
1732644370160 138.9 115
1732644380239 113.2 116
1732644390317 114.2 117
1732644400395 159.8 118
1732644410470 111.4 119
1732644420541 176.7 120
1732644430627 141.7 121
1732644440715 137.9 122
1732644450794 112.0 123
1732644460897 173.7 124
1732644470984 114.8 125
1732644481060 143.2 126
1732644491138 173.7 127
1732644501225 154.2 128
1732644511302 113.1 129
1732644521382 145.2 130
1732644531469 139.2 131
1732644541553 112.6 132
1732644551639 128.4 133
1732644561733 117.1 134
1732644571817 142.9 135
1732644581877 133.1 136
1732644591967 134.3 137
1732644602040 167.0 138
1732644612123 172.9 139
1732644622201 164.5 140
1732644632282 169.1 141
1732644642365 114.4 142
1732644652424 131.8 143
1732644662496 170.5 144
1732644672586 130.5 145
1732644682666 112.2 146
1732644692759 132.4 147
1732644702849 132.7 148
1732644712947 111.8 149
1732644723032 144.6 150
1732644733118 140.9 151
1732644743210 113.9 152
1732644753306 111.2 153
1732644763403 110.8 154
1732644773482 136.5 155
1732644783564 136.0 156
1732644793655 110.7 157
1732644803723 135.1 158
1732644813816 135.5 159
1732644823905 135.6 160
1732644833969 113.5 161
1732644844056 134.9 162
1732644854129 135.4 163
1732644864226 134.0 164
1732644874324 134.7 165
1732644884921 133.6 166
1732644895001 110.0 167
1732644905101 134.4 168
1732644915178 135.2 169
1732644925238 134.5 170
1732644935295 134.8 171
1732644945375 134.1 172
1732644955471 134.8 173
1732644965563 135.0 174
1732644975656 112.6 175
1732644985731 132.9 176
1732644995814 117.8 177
1732645005915 154.6 178
1732645015994 136.0 179
1732645026095 132.6 180
1732645036174 133.0 181
1732645046282 113.3 182
1732645056384 110.5 183
1732645066473 137.1 184
1732645076561 135.8 185
1732645086649 134.1 186
1732645096711 133.9 187
1732645106833 133.9 188
1732645116909 113.6 189
1732645127010 111.2 190
1732645137091 134.7 191
1732645147179 135.7 192
1732645157268 135.9 193
1732645167342 110.3 194
1732645177436 135.7 195
1732645187522 134.4 196
1732645197619 112.5 197
1732645207710 112.7 198
1732645217809 133.1 199
1732645227914 133.2 200
1732645237999 132.9 201
1732645248098 134.6 202
1732645258179 130.1 203
1732645268278 132.5 204
1732645278362 110.6 205
1732645288448 107.7 206
1732645298546 166.9 207
1732645308632 148.6 208
1732645318730 142.6 209
1732645328822 145.0 210
1732645338909 135.1 211
1732645349021 169.3 212
1732645359118 111.5 213
1732645369202 145.9 214
1732645379303 139.4 215
1732645389404 144.5 216
1732645399496 169.0 217
1732645409607 134.1 218
1732645419707 109.1 219
1732645429807 136.1 220
1732645439906 109.0 221
1732645450000 133.3 222
1732645460087 126.0 223
1732645470186 132.9 224
1732645480285 108.0 225
1732645490365 133.0 226
1732645500466 116.4 227
1732645510563 135.0 228
1732645520662 108.0 229
1732645530763 110.0 230
1732645540863 134.1 231
1732645550971 119.3 232
1732645561072 131.7 233
1732645571159 136.8 234
1732645581253 121.3 235
1732645591416 134.3 236
1732645601532 131.8 237
1732645611632 133.7 238
1732645621720 138.6 239
1732645631823 134.3 240
1732645641930 135.2 241
1732645652058 136.0 242
1732645662165 134.9 243
1732645672243 110.5 244
1732645682323 135.1 245
1732645692440 134.7 246
1732645702536 132.9 247
1732645712624 131.1 248
1732645722728 129.9 249
1732645732819 108.1 250
1732645742905 107.6 251
1732645753020 110.0 252
1732645763121 134.1 253
1732645773224 134.4 254
1732645783317 136.0 255
1732645793419 134.7 256
1732645803500 107.7 257
1732645813589 160.6 258
1732645823688 110.5 259
1732645833785 137.4 260
1732645843886 152.2 261
1732645853978 155.9 262
1732645864086 132.7 263
1732645874188 131.1 264
1732645884281 141.3 265
1732645894405 138.2 266
1732645904503 110.5 267
1732645914593 133.4 268
1732645924674 108.2 269
1732645934790 107.9 270
1732645944893 133.5 271
1732645954987 130.6 272
1732645965102 107.6 273
1732645975207 135.8 274
1732645985282 126.5 275
1732645995387 132.5 276
1732646005494 133.3 277
1732646015600 107.7 278
1732646025715 132.0 279
1732646035825 134.0 280
1732646045907 129.5 281
1732646056007 130.3 282
1732646066119 110.7 283
1732646076188 108.1 284
1732646086276 133.1 285
1732646096376 135.3 286
1732646106497 132.9 287
1732646116602 131.0 288
1732646126703 134.2 289
1732646136813 121.3 290
1732646146906 110.0 291
1732646157025 107.5 292
1732646167102 136.2 293
1732646177216 133.9 294
1732646187293 131.7 295
1732646197401 137.1 296
1732646207534 136.3 297
1732646217639 110.3 298
1732646227745 107.5 299
1732646237825 125.9 300
1732646247915 135.7 301
1732646258031 131.8 302
1732646268132 113.1 303
1732646278240 132.9 304
1732646288365 132.8 305
1732646298475 112.2 306
1732646308585 134.5 307
1732646318688 123.5 308
1732646328811 167.3 309
1732646338913 133.8 310
1732646349000 133.9 311
1732646359117 133.9 312
1732646369195 112.9 313
1732646379321 117.7 314
1732646389423 150.4 315
1732646399509 109.8 316
1732646409616 135.1 317
1732646419719 151.9 318
1732646429830 115.4 319
1732646439946 128.2 320
1732646450054 135.7 321
1732646460160 137.1 322
1732646470263 112.5 323
1732646480377 110.2 324
1732646490480 138.7 325
1732646500594 147.4 326
1732646510674 111.1 327
1732646520765 168.6 328
1732646530884 172.2 329
1732646540994 169.7 330
1732646551126 165.0 331
1732646561212 114.0 332
1732646571285 171.5 333
1732646581386 170.4 334
1732646591494 170.7 335
1732646601594 173.5 336
1732646611699 133.9 337
1732646622171 150.6 338
1732646632277 114.1 339
1732646642389 159.1 340
1732646652483 142.5 341
1732646662602 137.9 342
1732646672723 133.8 343
1732646682849 146.4 344
1732646692977 134.6 345
1732646703073 135.4 346
1732646713202 133.6 347
1732646723323 115.6 348
1732646733438 174.7 349
1732646743566 114.8 350
1732646753685 171.1 351
1732646763798 169.0 352
1732646773917 135.8 353
1732646784024 166.2 354
1732646794125 141.3 355
1732646804261 114.2 356
1732646814385 115.2 357
1732646824475 150.2 358
1732646834590 137.6 359
1732646844707 136.9 360
1732646854824 137.2 361
1732646864926 138.6 362
1732646875004 112.1 363
1732646885095 120.1 364
1732646895208 127.5 365
1732646905337 113.2 366
1732646915435 134.6 367
1732646925540 134.6 368
1732646935652 122.2 369
1732646945736 111.9 370
1732646955851 176.0 371
1732646965977 115.0 372
1732646976099 139.6 373
1732646986214 172.1 374
1732646996331 112.7 375
1732647006453 172.6 376
1732647016574 174.9 377
1732647026680 153.5 378
1732647036798 137.0 379
1732647046912 132.9 380
1732647057032 166.9 381
1732647067138 165.7 382
1732647077248 140.6 383
1732647087357 135.3 384
1732647097459 159.5 385
1732647107570 115.5 386
1732647117654 113.2 387
1732647127728 112.7 388
1732647137808 128.1 389
1732647147940 168.8 390
1732647158019 165.2 391
1732647168150 115.6 392
1732647178268 136.6 393
1732647188344 166.8 394
1732647198460 154.4 395
1732647208578 113.8 396
1732647218691 155.3 397
1732647228817 133.7 398
1732647238933 110.5 399
1732647249046 136.0 400
1732647259168 112.3 401
1732647269294 169.0 402
1732647279377 176.9 403
1732647289997 138.5 404
1732647300129 111.7 405
1732647310238 111.4 406
1732647320363 111.4 407
1732647330487 130.9 408
1732647340605 134.9 409
1732647350729 133.6 410
1732647360850 130.3 411
1732647370977 126.9 412
1732647381093 127.5 413
1732647391219 111.2 414
1732647401324 144.6 415
1732647411454 112.9 416
1732647421544 134.3 417
1732647431637 136.7 418
1732647441754 164.8 419
1732647451864 137.1 420
1732647461975 112.2 421
1732647472083 135.4 422
1732647482165 172.1 423
1732647492249 110.6 424
1732647502370 135.0 425
1732647512481 166.3 426
1732647522601 169.5 427
1732647532716 110.7 428
1732647542828 110.8 429
1732647552907 134.5 430
1732647563001 167.0 431
1732647573104 114.0 432
1732647583217 155.0 433
1732647593377 133.9 434
1732647603500 110.3 435
1732647613610 121.7 436
1732647623732 112.4 437
1732647633828 135.9 438
1732647643947 110.3 439
1732647654044 109.9 440
1732647664131 109.9 441
1732647674259 109.8 442
1732647684390 133.7 443
1732647694508 123.2 444
1732647704633 110.0 445
1732647714758 110.0 446
1732647724881 111.2 447
1732647735007 136.3 448
1732647745126 113.7 449
1732647755242 140.0 450
1732647765376 134.0 451
1732647775505 109.8 452
1732647785631 155.7 453
1732647795753 174.3 454
1732647805880 110.5 455
1732647816016 110.2 456
1732647826142 131.7 457
1732647836273 112.1 458
1732647846418 123.0 459
1732647856537 136.0 460
1732647866660 110.0 461
1732647876769 122.0 462
1732647886911 109.5 463
1732647896993 132.7 464
1732647907110 132.7 465
1732647917234 133.6 466
1732647927368 138.0 467
1732647937485 111.2 468
1732647947606 130.7 469
1732647957733 131.4 470
1732647967869 136.9 471
1732647977989 130.1 472
1732647988114 130.0 473
1732647998242 128.6 474
1732648008375 131.6 475
1732648018506 110.0 476
1732648028651 127.0 477
1732648038797 136.6 478
1732648048925 111.0 479
1732648059051 146.3 480
1732648069157 124.6 481
1732648079283 171.2 482
1732648089406 172.9 483
1732648099544 113.7 484
1732648109672 167.9 485
1732648119795 132.7 486
1732648129924 111.3 487
1732648140046 110.7 488
1732648150176 110.4 489
1732648160269 111.2 490
1732648170392 134.6 491
1732648180526 137.2 492
1732648190668 110.1 493
1732648200799 143.1 494
1732648210925 136.7 495
1732648221024 109.8 496
1732648231144 136.9 497
1732648241262 135.4 498
1732648251342 109.9 499
1732648261466 112.6 500
1732648271594 170.3 501
1732648281732 136.9 502
1732648291857 139.8 503
1732648301986 136.5 504
1732648312116 145.1 505
1732648322234 110.5 506
1732648332329 117.7 507
1732648342455 137.5 508
1732648352586 118.2 509
1732648362717 127.6 510
1732648372853 120.3 511
1732648382989 132.9 512
1732648393123 132.2 513
1732648403204 138.6 514
1732648413328 122.6 515
1732648423458 110.2 516
1732648433572 134.8 517
1732648443692 129.6 518
1732648453830 110.1 519
1732648463932 112.8 520
1732648474077 141.2 521
1732648484206 171.8 522
1732648494341 110.5 523
1732648504475 113.7 524
1732648514600 166.6 525
1732648524731 148.7 526
1732648534882 111.0 527
1732648545008 110.9 528
1732648555479 177.3 529
1732648565605 110.8 530
1732648575719 133.9 531
1732648585847 137.4 532
1732648595992 118.9 533
1732648606118 110.9 534
1732648616216 152.8 535
1732648626340 139.3 536
1732648636471 110.0 537
1732648646607 119.3 538
1732648656754 134.4 539
1732648666903 113.8 540
1732648677042 168.0 541
1732648687180 111.8 542
1732648697288 116.0 543
1732648707439 181.5 544
1732648717574 174.5 545
1732648727708 133.4 546
1732648737839 110.1 547
1732648747975 110.3 548
1732648758058 161.9 549
1732648768185 147.0 550
1732648778312 169.8 551
1732648788450 175.4 552
1732648798598 123.6 553
1732648808743 128.6 554
1732648818884 124.6 555
1732648829035 120.0 556
1732648839174 112.7 557
1732648849315 137.0 558
1732648859454 167.0 559
1732648869577 114.1 560
1732648879714 111.1 561
1732648889854 135.9 562
1732648899994 139.3 563
1732648910125 127.8 564
1732648920259 148.8 565
1732648930397 131.5 566
1732648940532 164.7 567
1732648950671 111.2 568
1732648960811 110.3 569
1732648970960 111.1 570
1732648981091 134.8 571
1732648991233 110.8 572
1732649001363 134.5 573
1732649011501 125.9 574
1732649021639 138.0 575
1732649031793 146.3 576
1732649041932 134.0 577
1732649052048 149.1 578
1732649062183 154.8 579
1732649072323 140.3 580
1732649082463 132.2 581
1732649092587 168.4 582
1732649102715 117.7 583
1732649112846 134.4 584
1732649122980 134.2 585
1732649133119 132.7 586
1732649143295 132.7 587
1732649153434 128.7 588
1732649163576 125.5 589
1732649173720 131.2 590
1732649183861 131.4 591
1732649194006 110.1 592
1732649204143 110.0 593
1732649214280 114.7 594
1732649224422 132.5 595
1732649234560 110.0 596
1732649244699 170.1 597
1732649254837 134.2 598
