1732643211310 25.5 0
1732643221361 32.0 1
1732643231421 47.6 2
1732643241480 47.4 3
1732643251528 47.3 4
1732643261611 46.8 5
1732643271678 46.1 6
1732643281734 45.6 7
1732643292133 42.4 8
1732643302217 31.4 9
1732643312271 40.7 10
1732643322327 46.7 11
1732643332406 31.2 12
1732643342464 32.1 13
1732643352525 47.3 14
1732643362601 47.0 15
1732643372657 31.0 16
1732643382718 30.9 17
1732643392786 47.1 18
1732643402846 31.2 19
1732643412911 31.3 20
1732643422973 38.7 21
1732643433049 30.8 22
1732643443111 46.6 23
1732643453180 46.1 24
1732643463237 35.9 25
1732643473299 46.9 26
1732643483367 47.4 27
1732643493448 30.9 28
1732643503516 30.9 29
1732643513571 31.4 30
1732643523654 48.1 31
1732643533709 46.8 32
1732643543774 46.7 33
1732643553870 46.9 34
1732643563957 47.1 35
1732643574027 31.9 36
1732643584110 32.2 37
1732643594194 47.2 38
1732643604273 47.4 39
1732643614341 32.3 40
1732643624410 45.7 41
1732643634489 31.7 42
1732643644558 37.6 43
1732643654642 49.2 44
1732643664711 31.2 45
1732643674794 31.1 46
1732643684876 38.5 47
1732643694950 46.3 48
1732643705078 32.8 49
1732643715152 41.8 50
1732643725233 46.1 51
1732643735291 30.9 52
1732643745348 48.0 53
1732643755430 46.4 54
1732643765501 38.4 55
1732643775596 38.0 56
1732643785682 43.7 57
1732643795749 49.1 58
1732643805814 31.5 59
1732643815888 42.0 60
1732643825959 35.7 61
1732643836035 37.4 62
1732643846117 40.9 63
1732643856175 45.4 64
1732643866265 30.5 65
1732643876335 34.6 66
1732643886414 30.5 67
1732643896490 30.5 68
1732643906573 31.3 69
1732643916643 48.1 70
1732643926719 30.7 71
1732643936794 35.3 72
1732643946860 30.6 73
1732643956936 46.3 74
1732643967010 30.6 75
1732643977092 46.3 76
1732643987162 45.9 77
1732643997230 43.5 78
1732644007297 31.9 79
1732644017379 46.2 80
1732644027448 35.8 81
1732644037523 31.8 82
1732644047581 46.7 83
1732644057649 46.2 84
1732644067709 40.3 85
1732644077789 37.9 86
1732644087870 48.8 87
1732644097966 33.2 88
1732644108038 32.1 89
1732644118127 33.0 90
1732644128216 48.5 91
1732644138283 49.6 92
1732644148373 48.4 93
1732644158441 41.4 94
1732644168517 48.5 95
1732644178611 48.1 96
1732644188693 44.3 97
1732644198774 32.1 98
1732644208860 36.8 99
1732644218932 31.0 100
1732644229003 44.2 101
1732644239087 36.0 102
1732644249153 37.6 103
1732644259247 37.6 104
1732644269308 33.8 105
1732644279413 38.0 106
1732644289483 30.6 107
1732644299582 37.9 108
1732644309643 31.1 109
1732644319726 38.6 110
1732644329810 30.4 111
1732644339911 39.6 112
1732644349987 37.7 113
1732644360082 37.7 114
1732644370160 37.6 115
1732644380239 30.6 116
1732644390317 30.9 117
1732644400395 43.2 118
1732644410470 30.1 119
1732644420541 47.8 120
1732644430627 38.3 121
1732644440715 37.3 122
1732644450794 30.3 123
1732644460897 46.9 124
1732644470984 31.0 125
1732644481060 38.7 126
1732644491138 47.0 127
1732644501225 41.7 128
1732644511302 30.6 129
1732644521382 39.2 130
1732644531469 37.6 131
1732644541553 30.4 132
1732644551639 34.7 133
1732644561733 31.7 134
1732644571817 38.6 135
1732644581877 36.0 136
1732644591967 36.3 137
1732644602040 45.1 138
1732644612123 46.7 139
1732644622201 44.5 140
1732644632282 45.7 141
1732644642365 30.9 142
1732644652424 35.6 143
1732644662496 46.1 144
1732644672586 35.3 145
1732644682666 30.3 146
1732644692759 35.8 147
1732644702849 35.9 148
1732644712947 30.2 149
1732644723032 39.1 150
1732644733118 38.1 151
1732644743210 30.8 152
1732644753306 30.1 153
1732644763403 29.9 154
1732644773482 36.9 155
1732644783564 36.8 156
1732644793655 29.9 157
1732644803723 36.5 158
1732644813816 36.6 159
1732644823905 36.6 160
1732644833969 30.7 161
1732644844056 36.4 162
1732644854129 36.6 163
1732644864226 36.2 164
1732644874324 36.4 165
1732644884921 36.1 166
1732644895001 29.7 167
1732644905101 36.3 168
1732644915178 36.5 169
1732644925238 36.3 170
1732644935295 36.4 171
1732644945375 36.3 172
1732644955471 36.4 173
1732644965563 36.5 174
1732644975656 30.4 175
1732644985731 35.9 176
1732644995814 31.8 177
1732645005915 41.8 178
1732645015994 36.8 179
1732645026095 35.8 180
1732645036174 35.9 181
1732645046282 30.6 182
1732645056384 29.9 183
1732645066473 37.1 184
1732645076561 36.7 185
1732645086649 36.2 186
1732645096711 36.2 187
1732645106833 36.2 188
1732645116909 30.7 189
1732645127010 30.1 190
1732645137091 36.4 191
1732645147179 36.7 192
1732645157268 36.7 193
1732645167342 29.8 194
1732645177436 36.7 195
1732645187522 36.3 196
1732645197619 30.4 197
1732645207710 30.5 198
1732645217809 36.0 199
1732645227914 36.0 200
1732645237999 35.9 201
1732645248098 36.4 202
1732645258179 35.2 203
1732645268278 35.8 204
1732645278362 29.9 205
1732645288448 29.1 206
1732645298546 45.1 207
1732645308632 40.2 208
1732645318730 38.6 209
1732645328822 39.2 210
1732645338909 36.5 211
1732645349021 45.8 212
1732645359118 30.1 213
1732645369202 39.4 214
1732645379303 37.7 215
1732645389404 39.1 216
1732645399496 45.7 217
1732645409607 36.3 218
1732645419707 29.5 219
1732645429807 36.8 220
1732645439906 29.5 221
1732645450000 36.0 222
1732645460087 34.0 223
1732645470186 35.9 224
1732645480285 29.2 225
1732645490365 36.0 226
1732645500466 31.5 227
1732645510563 36.5 228
1732645520662 29.2 229
1732645530763 29.7 230
1732645540863 36.2 231
1732645550971 32.2 232
1732645561072 35.6 233
1732645571159 37.0 234
1732645581253 32.8 235
1732645591416 36.3 236
1732645601532 35.6 237
1732645611632 36.1 238
1732645621720 37.5 239
1732645631823 36.3 240
1732645641930 36.5 241
1732645652058 36.8 242
1732645662165 36.4 243
1732645672243 29.9 244
1732645682323 36.5 245
1732645692440 36.4 246
1732645702536 35.9 247
1732645712624 35.4 248
1732645722728 35.1 249
1732645732819 29.2 250
1732645742905 29.1 251
1732645753020 29.7 252
1732645763121 36.2 253
1732645773224 36.3 254
1732645783317 36.8 255
1732645793419 36.4 256
1732645803500 29.1 257
1732645813589 43.4 258
1732645823688 29.9 259
1732645833785 37.1 260
1732645843886 41.1 261
1732645853978 42.1 262
1732645864086 35.9 263
1732645874188 35.4 264
1732645884281 38.2 265
1732645894405 37.4 266
1732645904503 29.9 267
1732645914593 36.0 268
1732645924674 29.3 269
1732645934790 29.2 270
1732645944893 36.1 271
1732645954987 35.3 272
1732645965102 29.1 273
1732645975207 36.7 274
1732645985282 34.2 275
1732645995387 35.8 276
1732646005494 36.0 277
1732646015600 29.1 278
1732646025715 35.7 279
1732646035825 36.2 280
1732646045907 35.0 281
1732646056007 35.2 282
1732646066119 29.9 283
1732646076188 29.2 284
1732646086276 36.0 285
1732646096376 36.6 286
1732646106497 35.9 287
1732646116602 35.4 288
1732646126703 36.3 289
1732646136813 32.8 290
1732646146906 29.7 291
1732646157025 29.1 292
1732646167102 36.8 293
1732646177216 36.2 294
1732646187293 35.6 295
1732646197401 37.1 296
1732646207534 36.8 297
1732646217639 29.8 298
1732646227745 29.1 299
1732646237825 34.0 300
1732646247915 36.7 301
1732646258031 35.6 302
1732646268132 30.6 303
1732646278240 35.9 304
1732646288365 35.9 305
1732646298475 30.3 306
1732646308585 36.4 307
1732646318688 33.4 308
1732646328811 45.2 309
1732646338913 36.2 310
1732646349000 36.2 311
1732646359117 36.2 312
1732646369195 30.5 313
1732646379321 31.8 314
1732646389423 40.6 315
1732646399509 29.7 316
1732646409616 36.5 317
1732646419719 41.0 318
1732646429830 31.2 319
1732646439946 34.6 320
1732646450054 36.7 321
1732646460160 37.1 322
1732646470263 30.4 323
1732646480377 29.8 324
1732646490480 37.5 325
1732646500594 39.8 326
1732646510674 30.0 327
1732646520765 45.6 328
1732646530884 46.5 329
1732646540994 45.9 330
1732646551126 44.6 331
1732646561212 30.8 332
1732646571285 46.3 333
1732646581386 46.0 334
1732646591494 46.1 335
1732646601594 46.9 336
1732646611699 36.2 337
1732646622171 40.7 338
1732646632277 30.8 339
1732646642389 43.0 340
1732646652483 38.5 341
1732646662602 37.3 342
1732646672723 36.2 343
1732646682849 39.6 344
1732646692977 36.4 345
1732646703073 36.6 346
1732646713202 36.1 347
1732646723323 31.2 348
1732646733438 47.2 349
1732646743566 31.0 350
1732646753685 46.2 351
1732646763798 45.7 352
1732646773917 36.7 353
1732646784024 44.9 354
1732646794125 38.2 355
1732646804261 30.9 356
1732646814385 31.1 357
1732646824475 40.6 358
1732646834590 37.2 359
1732646844707 37.0 360
1732646854824 37.1 361
1732646864926 37.4 362
1732646875004 30.3 363
1732646885095 32.5 364
1732646895208 34.5 365
1732646905337 30.6 366
1732646915435 36.4 367
1732646925540 36.4 368
1732646935652 33.0 369
1732646945736 30.3 370
1732646955851 47.6 371
1732646965977 31.1 372
1732646976099 37.7 373
1732646986214 46.5 374
1732646996331 30.4 375
1732647006453 46.6 376
1732647016574 47.3 377
1732647026680 41.5 378
1732647036798 37.0 379
1732647046912 35.9 380
1732647057032 45.1 381
1732647067138 44.8 382
1732647077248 38.0 383
1732647087357 36.6 384
1732647097459 43.1 385
1732647107570 31.2 386
1732647117654 30.6 387
1732647127728 30.5 388
1732647137808 34.6 389
1732647147940 45.6 390
1732647158019 44.7 391
1732647168150 31.3 392
1732647178268 36.9 393
1732647188344 45.1 394
1732647198460 41.7 395
1732647208578 30.7 396
1732647218691 42.0 397
1732647228817 36.1 398
1732647238933 29.9 399
1732647249046 36.8 400
1732647259168 30.4 401
1732647269294 45.7 402
1732647279377 47.8 403
1732647289997 37.4 404
1732647300129 30.2 405
1732647310238 30.1 406
1732647320363 30.1 407
1732647330487 35.4 408
1732647340605 36.5 409
1732647350729 36.1 410
1732647360850 35.2 411
1732647370977 34.3 412
1732647381093 34.5 413
1732647391219 30.0 414
1732647401324 39.1 415
1732647411454 30.5 416
1732647421544 36.3 417
1732647431637 36.9 418
1732647441754 44.5 419
1732647451864 37.0 420
1732647461975 30.3 421
1732647472083 36.6 422
1732647482165 46.5 423
1732647492249 29.9 424
1732647502370 36.5 425
1732647512481 44.9 426
1732647522601 45.8 427
1732647532716 29.9 428
1732647542828 30.0 429
1732647552907 36.4 430
1732647563001 45.1 431
1732647573104 30.8 432
1732647583217 41.9 433
1732647593377 36.2 434
1732647603500 29.8 435
1732647613610 32.9 436
1732647623732 30.4 437
1732647633828 36.7 438
1732647643947 29.8 439
1732647654044 29.7 440
1732647664131 29.7 441
1732647674259 29.7 442
1732647684390 36.1 443
1732647694508 33.3 444
1732647704633 29.7 445
1732647714758 29.7 446
1732647724881 30.0 447
1732647735007 36.8 448
1732647745126 30.7 449
1732647755242 37.8 450
1732647765376 36.2 451
1732647775505 29.7 452
1732647785631 42.1 453
1732647795753 47.1 454
1732647805880 29.9 455
1732647816016 29.8 456
1732647826142 35.6 457
1732647836273 30.3 458
1732647846418 33.2 459
1732647856537 36.8 460
1732647866660 29.7 461
1732647876769 33.0 462
1732647886911 29.6 463
1732647896993 35.9 464
1732647907110 35.9 465
1732647917234 36.1 466
1732647927368 37.3 467
1732647937485 30.1 468
1732647947606 35.3 469
1732647957733 35.5 470
1732647967869 37.0 471
1732647977989 35.1 472
1732647988114 35.1 473
1732647998242 34.8 474
1732648008375 35.6 475
1732648018506 29.7 476
1732648028651 34.3 477
1732648038797 36.9 478
1732648048925 30.0 479
1732648059051 39.5 480
1732648069157 33.7 481
1732648079283 46.3 482
1732648089406 46.7 483
1732648099544 30.7 484
1732648109672 45.4 485
1732648119795 35.9 486
1732648129924 30.1 487
1732648140046 29.9 488
1732648150176 29.8 489
1732648160269 30.1 490
1732648170392 36.4 491
1732648180526 37.1 492
1732648190668 29.8 493
1732648200799 38.7 494
1732648210925 36.9 495
1732648221024 29.7 496
1732648231144 37.0 497
1732648241262 36.6 498
1732648251342 29.7 499
1732648261466 30.4 500
1732648271594 46.0 501
1732648281732 37.0 502
1732648291857 37.8 503
1732648301986 36.9 504
1732648312116 39.2 505
1732648322234 29.9 506
1732648332329 31.8 507
1732648342455 37.2 508
1732648352586 32.0 509
1732648362717 34.5 510
1732648372853 32.5 511
1732648382989 35.9 512
1732648393123 35.7 513
1732648403204 37.5 514
1732648413328 33.1 515
1732648423458 29.8 516
1732648433572 36.4 517
1732648443692 35.0 518
1732648453830 29.7 519
1732648463932 30.5 520
1732648474077 38.2 521
1732648484206 46.4 522
1732648494341 29.9 523
1732648504475 30.7 524
1732648514600 45.0 525
1732648524731 40.2 526
1732648534882 30.0 527
1732648545008 30.0 528
1732648555479 47.9 529
1732648565605 30.0 530
1732648575719 36.2 531
1732648585847 37.1 532
1732648595992 32.1 533
1732648606118 30.0 534
1732648616216 41.3 535
1732648626340 37.6 536
1732648636471 29.7 537
1732648646607 32.2 538
1732648656754 36.3 539
1732648666903 30.7 540
1732648677042 45.4 541
1732648687180 30.2 542
1732648697288 31.4 543
1732648707439 49.0 544
1732648717574 47.2 545
1732648727708 36.0 546
1732648737839 29.8 547
1732648747975 29.8 548
1732648758058 43.8 549
1732648768185 39.7 550
1732648778312 45.9 551
1732648788450 47.4 552
1732648798598 33.4 553
1732648808743 34.8 554
1732648818884 33.7 555
1732648829035 32.4 556
1732648839174 30.5 557
1732648849315 37.0 558
1732648859454 45.1 559
1732648869577 30.8 560
1732648879714 30.0 561
1732648889854 36.7 562
1732648899994 37.6 563
1732648910125 34.5 564
1732648920259 40.2 565
1732648930397 35.5 566
1732648940532 44.5 567
1732648950671 30.1 568
1732648960811 29.8 569
1732648970960 30.0 570
1732648981091 36.4 571
1732648991233 29.9 572
1732649001363 36.3 573
1732649011501 34.0 574
1732649021639 37.3 575
1732649031793 39.5 576
1732649041932 36.2 577
1732649052048 40.3 578
1732649062183 41.8 579
1732649072323 37.9 580
1732649082463 35.7 581
1732649092587 45.5 582
1732649102715 31.8 583
1732649112846 36.3 584
1732649122980 36.3 585
1732649133119 35.9 586
1732649143295 35.9 587
1732649153434 34.8 588
1732649163576 33.9 589
1732649173720 35.5 590
1732649183861 35.5 591
1732649194006 29.7 592
1732649204143 29.7 593
1732649214280 31.0 594
1732649224422 35.8 595
1732649234560 29.7 596
1732649244699 46.0 597
1732649254837 36.3 598
