1732643211310 2544.4 0
1732643221361 5131.1 1
1732643231421 6840.3 2
1732643241480 7018.8 3
1732643251528 7126.6 4
1732643261611 7058.2 5
1732643271678 6979.1 6
1732643281734 6935.0 7
1732643292133 6912.5 8
1732643302217 6911.5 9
1732643312271 9362.5 10
1732643322327 9284.3 11
1732643332406 9171.8 12
1732643342464 9179.0 13
1732643352525 9158.5 14
1732643362601 9167.2 15
1732643372657 9163.4 16
1732643382718 9174.8 17
1732643392786 9179.7 18
1732643402846 9191.6 19
1732643412911 9133.5 20
1732643422973 9151.6 21
1732643433049 9149.9 22
1732643443111 9182.3 23
1732643453180 9210.4 24
1732643463237 9187.0 25
1732643473299 9198.7 26
1732643483367 9169.6 27
1732643493448 9167.5 28
1732643503516 9177.3 29
1732643513571 9166.4 30
1732643523654 9183.3 31
1732643533709 9195.4 32
1732643543774 9176.9 33
1732643553870 9170.4 34
1732643563957 9197.3 35
1732643574027 9201.9 36
1732643584110 9167.0 37
1732643594194 9168.9 38
1732643604273 9172.9 39
1732643614341 9212.7 40
1732643624410 9176.3 41
1732643634489 9202.2 42
1732643644558 9186.4 43
1732643654642 9188.4 44
1732643664711 9195.7 45
1732643674794 9184.2 46
1732643684876 9201.6 47
1732643694950 9527.2 48
1732643705078 9561.2 49
1732643715152 9648.9 50
1732643725233 9641.4 51
1732643735291 9468.6 52
1732643745348 9178.8 53
1732643755430 9504.6 54
1732643765501 9216.0 55
1732643775596 9447.8 56
1732643785682 9206.8 57
1732643795749 9367.1 58
1732643805814 9167.4 59
1732643815888 9170.9 60
1732643825959 9178.4 61
1732643836035 9178.2 62
1732643846117 9180.6 63
1732643856175 9182.1 64
1732643866265 9169.1 65
1732643876335 9175.0 66
1732643886414 9212.7 67
1732643896490 9190.0 68
1732643906573 9212.1 69
1732643916643 9178.4 70
1732643926719 9197.3 71
1732643936794 9200.7 72
1732643946860 9360.8 73
1732643956936 9557.4 74
1732643967010 9525.9 75
1732643977092 9519.1 76
1732643987162 9540.3 77
1732643997230 9525.9 78
1732644007297 9188.2 79
1732644017379 9133.7 80
1732644027448 9151.9 81
1732644037523 9138.1 82
1732644047581 9166.5 83
1732644057649 9207.3 84
1732644067709 9248.8 85
1732644077789 9267.2 86
1732644087870 9344.6 87
1732644097966 9468.8 88
1732644108038 9260.8 89
1732644118127 9313.5 90
1732644128216 9398.5 91
1732644138283 9252.6 92
1732644148373 9286.2 93
1732644158441 9282.5 94
1732644168517 9267.9 95
1732644178611 9268.9 96
1732644188693 9329.2 97
1732644198774 9310.8 98
1732644208860 9304.1 99
1732644218932 9197.1 100
1732644229003 9255.5 101
1732644239087 9366.9 102
1732644249153 9367.0 103
1732644259247 9351.0 104
1732644269308 9350.2 105
1732644279413 9350.1 106
1732644289483 9350.3 107
1732644299582 9350.0 108
1732644309643 9350.0 109
1732644319726 9357.8 110
1732644329810 9296.1 111
1732644339911 9295.6 112
1732644349987 9295.6 113
1732644360082 9295.6 114
1732644370160 9296.0 115
1732644380239 9296.0 116
1732644390317 9295.8 117
1732644400395 9295.8 118
1732644410470 9295.6 119
1732644420541 9295.6 120
1732644430627 9311.8 121
1732644440715 9295.7 122
1732644450794 9296.0 123
1732644460897 9295.7 124
1732644470984 9295.7 125
1732644481060 9296.0 126
1732644491138 9295.6 127
1732644501225 9295.7 128
1732644511302 9296.0 129
1732644521382 9295.7 130
1732644531469 9289.4 131
1732644541553 9253.9 132
1732644551639 9264.0 133
1732644561733 9263.9 134
1732644571817 9187.8 135
1732644581877 9182.3 136
1732644591967 9182.3 137
1732644602040 9182.3 138
1732644612123 9182.3 139
1732644622201 9182.3 140
1732644632282 9145.2 141
1732644642365 9145.0 142
1732644652424 9173.7 143
1732644662496 9298.6 144
1732644672586 9416.4 145
1732644682666 9409.9 146
1732644692759 9399.1 147
1732644702849 9399.1 148
1732644712947 9399.4 149
1732644723032 9399.1 150
1732644733118 9382.3 151
1732644743210 9382.2 152
1732644753306 9382.7 153
1732644763403 9382.5 154
1732644773482 9382.3 155
1732644783564 9382.2 156
1732644793655 9382.5 157
1732644803723 9382.2 158
1732644813816 9384.4 159
1732644823905 9384.3 160
1732644833969 9384.3 161
1732644844056 9382.2 162
1732644854129 9371.6 163
1732644864226 9371.8 164
1732644874324 9371.6 165
1732644884921 9371.6 166
1732644895001 9371.6 167
1732644905101 9371.6 168
1732644915178 9380.2 169
1732644925238 9321.4 170
1732644935295 9321.3 171
1732644945375 9321.4 172
1732644955471 9321.4 173
1732644965563 9321.4 174
1732644975656 9317.1 175
1732644985731 9317.3 176
1732644995814 9317.1 177
1732645005915 9255.5 178
1732645015994 9255.5 179
1732645026095 9255.5 180
1732645036174 9255.6 181
1732645046282 9255.6 182
1732645056384 9255.8 183
1732645066473 9255.5 184
1732645076561 9255.6 185
1732645086649 9255.6 186
1732645096711 9255.6 187
1732645106833 9255.7 188
1732645116909 9255.6 189
1732645127010 9255.9 190
1732645137091 9220.1 191
1732645147179 9220.1 192
1732645157268 9222.2 193
1732645167342 9226.9 194
1732645177436 9226.4 195
1732645187522 9226.4 196
1732645197619 9226.4 197
1732645207710 9226.4 198
1732645217809 9226.4 199
1732645227914 9204.5 200
1732645237999 9204.4 201
1732645248098 9204.5 202
1732645258179 9204.9 203
1732645268278 9179.4 204
1732645278362 9202.8 205
1732645288448 9192.4 206
1732645298546 9192.3 207
1732645308632 9192.3 208
1732645318730 9192.2 209
1732645328822 9192.2 210
1732645338909 9192.2 211
1732645349021 9192.3 212
1732645359118 9192.3 213
1732645369202 9192.2 214
1732645379303 9192.2 215
1732645389404 9192.9 216
1732645399496 9198.4 217
1732645409607 9198.5 218
1732645419707 9198.5 219
1732645429807 9198.5 220
1732645439906 9198.2 221
1732645450000 9198.2 222
1732645460087 9198.2 223
1732645470186 9198.4 224
1732645480285 9198.2 225
1732645490365 9198.2 226
1732645500466 9198.4 227
1732645510563 9198.2 228
1732645520662 9198.2 229
1732645530763 9198.4 230
1732645540863 9198.2 231
1732645550971 9198.4 232
1732645561072 9198.2 233
1732645571159 9198.2 234
1732645581253 9198.2 235
1732645591416 9198.4 236
1732645601532 9198.2 237
1732645611632 9198.4 238
1732645621720 9198.2 239
1732645631823 9198.2 240
1732645641930 9198.2 241
1732645652058 9198.4 242
1732645662165 9198.2 243
1732645672243 9198.2 244
1732645682323 9198.2 245
1732645692440 9198.2 246
1732645702536 9198.2 247
1732645712624 9198.4 248
1732645722728 9198.2 249
1732645732819 9198.2 250
1732645742905 9198.3 251
1732645753020 9198.2 252
1732645763121 9187.7 253
1732645773224 9187.8 254
1732645783317 9187.7 255
1732645793419 9187.7 256
1732645803500 9187.8 257
1732645813589 9187.7 258
1732645823688 9187.7 259
1732645833785 9189.0 260
1732645843886 9189.0 261
1732645853978 9188.9 262
1732645864086 9188.0 263
1732645874188 9187.8 264
1732645884281 9189.8 265
1732645894405 9188.0 266
1732645904503 9187.8 267
1732645914593 9187.8 268
1732645924674 9179.4 269
1732645934790 9174.4 270
1732645944893 9174.3 271
1732645954987 9174.4 272
1732645965102 9174.3 273
1732645975207 9174.3 274
1732645985282 9174.3 275
1732645995387 9174.4 276
1732646005494 9174.4 277
1732646015600 9174.4 278
1732646025715 9174.3 279
1732646035825 9174.3 280
1732646045907 9174.3 281
1732646056007 9174.3 282
1732646066119 9174.4 283
1732646076188 9174.6 284
1732646086276 9174.5 285
1732646096376 9174.5 286
1732646106497 9174.5 287
1732646116602 9174.5 288
1732646126703 9174.6 289
1732646136813 9174.5 290
1732646146906 9174.5 291
1732646157025 9174.5 292
1732646167102 9174.5 293
1732646177216 9174.5 294
1732646187293 9174.6 295
1732646197401 9174.6 296
1732646207534 9174.6 297
1732646217639 9174.6 298
1732646227745 9174.7 299
1732646237825 9174.6 300
1732646247915 9174.7 301
1732646258031 9174.7 302
1732646268132 9176.7 303
1732646278240 9176.7 304
1732646288365 9176.7 305
1732646298475 9236.5 306
1732646308585 9236.6 307
1732646318688 9241.0 308
1732646328811 9240.7 309
1732646338913 9236.0 310
1732646349000 9236.0 311
1732646359117 9232.7 312
1732646369195 9232.7 313
1732646379321 9237.1 314
1732646389423 9236.9 315
1732646399509 9237.1 316
1732646409616 9236.8 317
1732646419719 9236.8 318
1732646429830 9237.2 319
1732646439946 9241.6 320
1732646450054 9239.1 321
1732646460160 9238.7 322
1732646470263 9238.7 323
1732646480377 9239.1 324
1732646490480 9238.8 325
1732646500594 9238.8 326
1732646510674 9239.0 327
1732646520765 9238.8 328
1732646530884 9238.7 329
1732646540994 9238.7 330
1732646551126 9238.8 331
1732646561212 9238.8 332
1732646571285 9238.8 333
1732646581386 9238.7 334
1732646591494 9238.7 335
1732646601594 9238.7 336
1732646611699 9238.7 337
1732646622171 9239.1 338
1732646632277 9238.7 339
1732646642389 9238.7 340
1732646652483 9238.7 341
1732646662602 9238.5 342
1732646672723 9239.7 343
1732646682849 9238.6 344
1732646692977 9253.0 345
1732646703073 9238.5 346
1732646713202 9252.2 347
1732646723323 9124.2 348
1732646733438 9117.6 349
1732646743566 9154.5 350
1732646753685 9115.1 351
1732646763798 9128.8 352
1732646773917 9105.5 353
1732646784024 9211.9 354
1732646794125 9344.1 355
1732646804261 9367.3 356
1732646814385 9380.0 357
1732646824475 9388.4 358
1732646834590 9387.0 359
1732646844707 9349.1 360
1732646854824 9359.1 361
1732646864926 9349.1 362
1732646875004 9316.6 363
1732646885095 9322.0 364
1732646895208 9324.1 365
1732646905337 9315.2 366
1732646915435 9368.3 367
1732646925540 9330.4 368
1732646935652 9372.0 369
1732646945736 9329.3 370
1732646955851 9333.4 371
1732646965977 9330.9 372
1732646976099 9376.1 373
1732646986214 9380.0 374
1732646996331 9380.2 375
1732647006453 9392.8 376
1732647016574 9391.7 377
1732647026680 9367.3 378
1732647036798 9360.2 379
1732647046912 9382.3 380
1732647057032 9349.7 381
1732647067138 9341.1 382
1732647077248 9322.2 383
1732647087357 9315.7 384
1732647097459 9324.1 385
1732647107570 9355.1 386
1732647117654 9346.9 387
1732647127728 9432.0 388
1732647137808 9421.5 389
1732647147940 9361.6 390
1732647158019 9401.1 391
1732647168150 9356.7 392
1732647178268 9348.9 393
1732647188344 9340.6 394
1732647198460 9340.6 395
1732647208578 9356.7 396
1732647218691 9326.4 397
1732647228817 9320.9 398
1732647238933 9328.1 399
1732647249046 9339.6 400
1732647259168 9329.6 401
1732647269294 9330.4 402
1732647279377 9422.4 403
1732647289997 9457.8 404
1732647300129 9408.8 405
1732647310238 9409.1 406
1732647320363 9424.4 407
1732647330487 9408.8 408
1732647340605 9209.6 409
1732647350729 9213.2 410
1732647360850 9224.5 411
1732647370977 9260.8 412
1732647381093 9220.6 413
1732647391219 9235.0 414
1732647401324 9322.9 415
1732647411454 9291.8 416
1732647421544 9270.0 417
1732647431637 9294.6 418
1732647441754 9287.4 419
1732647451864 9291.8 420
1732647461975 9284.0 421
1732647472083 9259.0 422
1732647482165 9253.7 423
1732647492249 9210.5 424
1732647502370 9207.7 425
1732647512481 9206.6 426
1732647522601 9202.2 427
1732647532716 9202.8 428
1732647542828 9202.4 429
1732647552907 9202.0 430
1732647563001 9199.8 431
1732647573104 9197.5 432
1732647583217 9183.4 433
1732647593377 9172.7 434
1732647603500 9175.4 435
1732647613610 9175.4 436
1732647623732 9174.5 437
1732647633828 9174.5 438
1732647643947 9161.0 439
1732647654044 9164.7 440
1732647664131 9172.0 441
1732647674259 9175.7 442
1732647684390 9175.4 443
1732647694508 9177.5 444
1732647704633 9175.7 445
1732647714758 9177.7 446
1732647724881 9181.0 447
1732647735007 9190.5 448
1732647745126 9232.9 449
1732647755242 9172.4 450
1732647765376 9159.0 451
1732647775505 9159.4 452
1732647785631 9159.0 453
1732647795753 9159.2 454
1732647805880 9159.2 455
1732647816016 9159.4 456
1732647826142 9159.0 457
1732647836273 9159.0 458
1732647846418 9161.2 459
1732647856537 9158.8 460
1732647866660 9163.2 461
1732647876769 9162.7 462
1732647886911 9163.0 463
1732647896993 9162.7 464
1732647907110 9162.7 465
1732647917234 9162.9 466
1732647927368 9162.9 467
1732647937485 9162.7 468
1732647947606 9119.5 469
1732647957733 9119.9 470
1732647967869 9127.9 471
1732647977989 9128.1 472
1732647988114 9129.6 473
1732647998242 9127.6 474
1732648008375 9125.2 475
1732648018506 9133.0 476
1732648028651 9140.3 477
1732648038797 9140.2 478
1732648048925 9145.7 479
1732648059051 9136.4 480
1732648069157 9138.3 481
1732648079283 9142.6 482
1732648089406 9146.1 483
1732648099544 9164.7 484
1732648109672 9223.5 485
1732648119795 9247.7 486
1732648129924 9166.6 487
1732648140046 9164.2 488
1732648150176 9166.1 489
1732648160269 9161.5 490
1732648170392 9163.5 491
1732648180526 9159.8 492
1732648190668 9160.0 493
1732648200799 9159.7 494
1732648210925 9160.2 495
1732648221024 9160.0 496
1732648231144 9159.7 497
1732648241262 9159.7 498
1732648251342 9160.0 499
1732648261466 9133.6 500
1732648271594 9133.5 501
1732648281732 9146.5 502
1732648291857 9150.3 503
1732648301986 9150.3 504
1732648312116 9150.4 505
1732648322234 9168.2 506
1732648332329 9168.0 507
1732648342455 9167.8 508
1732648352586 9175.8 509
1732648362717 9173.5 510
1732648372853 9175.2 511
1732648382989 9173.9 512
1732648393123 9173.5 513
1732648403204 9171.2 514
1732648413328 9173.5 515
1732648423458 9173.7 516
1732648433572 9173.3 517
1732648443692 9178.8 518
1732648453830 9182.1 519
1732648463932 9183.2 520
1732648474077 9141.4 521
1732648484206 9183.1 522
1732648494341 9157.4 523
1732648504475 9163.4 524
1732648514600 9169.0 525
1732648524731 9170.7 526
1732648534882 9176.5 527
1732648545008 9154.1 528
1732648555479 9143.1 529
1732648565605 9154.5 530
1732648575719 9161.5 531
1732648585847 9148.6 532
1732648595992 9148.8 533
1732648606118 9163.6 534
1732648616216 9165.6 535
1732648626340 9161.8 536
1732648636471 9190.0 537
1732648646607 9187.6 538
1732648656754 9213.1 539
1732648666903 9224.1 540
1732648677042 9214.2 541
1732648687180 9214.1 542
1732648697288 9205.6 543
1732648707439 9205.4 544
1732648717574 9208.9 545
1732648727708 9223.1 546
1732648737839 9192.8 547
1732648747975 9181.3 548
1732648758058 9213.7 549
1732648768185 9277.4 550
1732648778312 9248.9 551
1732648788450 9261.2 552
1732648798598 9250.7 553
1732648808743 9266.7 554
1732648818884 9273.7 555
1732648829035 9258.6 556
1732648839174 9181.9 557
1732648849315 9171.2 558
1732648859454 9171.2 559
1732648869577 9151.8 560
1732648879714 9150.5 561
1732648889854 9155.9 562
1732648899994 9152.2 563
1732648910125 9160.2 564
1732648920259 9154.3 565
1732648930397 9165.3 566
1732648940532 9155.2 567
1732648950671 9182.9 568
1732648960811 9176.7 569
1732648970960 9191.9 570
1732648981091 9182.4 571
1732648991233 9187.6 572
1732649001363 9187.2 573
1732649011501 9195.5 574
1732649021639 9150.5 575
1732649031793 9150.2 576
1732649041932 9150.2 577
1732649052048 9150.2 578
1732649062183 9143.9 579
1732649072323 9150.5 580
1732649082463 9156.8 581
1732649092587 9156.4 582
1732649102715 9156.8 583
1732649112846 9156.4 584
1732649122980 9156.4 585
1732649133119 9150.1 586
1732649143295 9150.1 587
1732649153434 9150.1 588
1732649163576 9150.1 589
1732649173720 9150.1 590
1732649183861 9150.1 591
1732649194006 9124.3 592
1732649204143 9124.0 593
1732649214280 9124.4 594
1732649224422 9124.1 595
1732649234560 9124.4 596
1732649244699 9126.2 597
1732649254837 9126.1 598
