1732643211310 0.0003460000000359287 0
1732643221361 0.029224999999996726 1
1732643231421 0.05862200000001394 2
1732643241480 0.06844500000011067 3
1732643251528 0.11691700000005767 4
1732643261611 0.1583130000001347 5
1732643271678 0.16876200000001518 6
1732643281734 0.19368099999996957 7
1732643292133 0.20489599999996244 8
1732643302217 0.21452300000009927 9
1732643312271 0.24183300000004238 10
1732643322327 0.2738550000001396 11
1732643332406 3.502854999999954 12
1732643342464 3.691629000000148 13
1732643352525 3.836881000000176 14
1732643362601 6.449309999999969 15
1732643372657 6.503505000000132 16
1732643382718 6.5211289999999735 17
1732643392786 6.777057000000013 18
1732643402846 6.829807999999957 19
1732643412911 6.869181000000026 20
1732643422973 6.890671000000111 21
1732643433049 6.920579000000089 22
1732643443111 6.999968999999965 23
1732643453180 7.43674400000009 24
1732643463237 7.474777000000131 25
1732643473299 7.4950209999999515 26
1732643483367 7.5108560000001034 27
1732643493448 7.54404999999997 28
1732643503516 8.322392000000036 29
1732643513571 8.676157999999987 30
1732643523654 8.706793000000062 31
1732643533709 9.229897000000165 32
1732643543774 9.323700000000144 33
1732643553870 9.420969000000014 34
1732643563957 9.668948 35
1732643574027 9.707294000000047 36
1732643584110 9.730523000000176 37
1732643594194 9.740040000000135 38
1732643604273 9.766560000000027 39
1732643614341 9.793837000000167 40
1732643624410 9.815972999999985 41
1732643634489 9.859901000000036 42
1732643644558 9.918106999999964 43
1732643654642 10.206222000000025 44
1732643664711 10.490966999999955 45
1732643674794 10.508878000000095 46
1732643684876 10.529929000000038 47
1732643694950 10.55033000000003 48
1732643705078 10.565814000000046 49
1732643715152 10.577656000000161 50
1732643725233 10.605270000000019 51
1732643735291 10.650659000000132 52
1732643745348 14.207317000000103 53
1732643755430 20.90917400000012 54
1732643765501 24.851722999999993 55
1732643775596 26.07543899999996 56
1732643785682 26.363890000000083 57
1732643795749 26.645958000000064 58
1732643805814 27.136081999999988 59
1732643815888 29.339513000000125 60
1732643825959 33.470616000000064 61
1732643836035 36.851618000000144 62
1732643846117 40.71298300000012 63
1732643856175 43.274973000000045 64
1732643866265 43.29956200000015 65
1732643876335 43.54476599999998 66
1732643886414 43.64208400000007 67
1732643896490 44.7684670000001 68
1732643906573 47.17224699999997 69
1732643916643 47.19614700000011 70
1732643926719 47.217370000000074 71
1732643936794 47.243135000000166 72
1732643946860 47.26582500000018 73
1732643956936 47.28786000000014 74
1732643967010 47.31905700000016 75
1732643977092 47.326598000000104 76
1732643987162 47.35386400000016 77
1732643997230 47.368596000000025 78
1732644007297 47.71861899999999 79
1732644017379 48.009651000000076 80
1732644027448 48.16829000000007 81
1732644037523 49.23624500000005 82
1732644047581 57.07657600000016 83
1732644057649 62.99513300000012 84
1732644067709 66.77594599999998 85
1732644077789 69.834071 86
1732644087870 75.36695400000008 87
1732644097966 82.76807099999996 88
1732644108038 90.282645 89
1732644118127 99.36923100000013 90
1732644128216 105.46914300000003 91
1732644138283 105.77483200000006 92
1732644148373 105.78895299999999 93
1732644158441 105.80281800000012 94
1732644168517 105.82321999999999 95
1732644178611 105.83684700000003 96
1732644188693 105.85509000000002 97
1732644198774 105.86436500000013 98
1732644208860 105.89416700000015 99
1732644218932 105.95034200000009 100
1732644229003 106.0235130000001 101
1732644239087 106.05034799999999 102
1732644249153 106.058315 103
1732644259247 106.06813299999999 104
1732644269308 106.10787900000014 105
1732644279413 106.13483600000018 106
1732644289483 106.16054099999997 107
1732644299582 106.17876799999999 108
1732644309643 106.18581100000006 109
1732644319726 106.19449900000018 110
1732644329810 106.20716000000016 111
1732644339911 106.22351300000014 112
1732644349987 106.24017900000013 113
1732644360082 106.28240500000015 114
1732644370160 106.30611500000009 115
1732644380239 106.31638700000008 116
1732644390317 106.33940800000005 117
1732644400395 106.34877200000005 118
1732644410470 106.36615500000016 119
1732644420541 106.44132300000001 120
1732644430627 106.45508900000004 121
1732644440715 106.46302100000003 122
1732644450794 106.47306700000013 123
1732644460897 106.65198299999997 124
1732644470984 106.66695400000003 125
1732644481060 106.67963800000007 126
1732644491138 106.69407799999999 127
1732644501225 106.71473100000003 128
1732644511302 106.73796300000004 129
1732644521382 106.74603900000011 130
1732644531469 106.76236200000017 131
1732644541553 106.7742740000001 132
1732644551639 106.78912400000013 133
1732644561733 106.79688099999998 134
1732644571817 106.81503999999995 135
1732644581877 106.84247200000004 136
1732644591967 106.85766200000012 137
1732644602040 106.86957300000017 138
1732644612123 106.88374599999997 139
1732644622201 106.89247399999999 140
1732644632282 106.9031050000001 141
1732644642365 106.95225400000004 142
1732644652424 106.97748700000011 143
1732644662496 107.04529100000013 144
1732644672586 107.07149000000004 145
1732644682666 107.0795270000001 146
1732644692759 107.10278200000016 147
1732644702849 107.11121200000002 148
1732644712947 107.18309799999997 149
1732644723032 107.20116000000007 150
1732644733118 107.23642400000017 151
1732644743210 107.24426600000015 152
1732644753306 107.26060900000016 153
1732644763403 107.27451600000018 154
1732644773482 107.2903040000001 155
1732644783564 107.30230300000017 156
1732644793655 107.31744400000002 157
1732644803723 107.33513600000015 158
1732644813816 107.35812099999998 159
1732644823905 107.36700600000017 160
1732644833969 107.38146300000017 161
1732644844056 107.40871900000002 162
1732644854129 107.42178000000013 163
1732644864226 107.43847600000004 164
1732644874324 107.45330100000001 165
1732644884921 107.47384899999997 166
1732644895001 107.48929999999996 167
1732644905101 107.50265000000013 168
1732644915178 107.51919999999996 169
1732644925238 107.53252399999997 170
1732644935295 107.57051000000001 171
1732644945375 107.58432500000004 172
1732644955471 107.59868200000005 173
1732644965563 107.64465900000005 174
1732644975656 107.6583700000001 175
1732644985731 107.69698700000004 176
1732644995814 107.73373800000013 177
1732645005915 107.74391700000001 178
1732645015994 107.81427700000017 179
1732645026095 107.82559000000015 180
1732645036174 107.84147200000007 181
1732645046282 107.85965099999999 182
1732645056384 107.88843599999996 183
1732645066473 107.90124300000002 184
1732645076561 107.91397000000006 185
1732645086649 107.92873099999997 186
1732645096711 107.94235400000002 187
1732645106833 107.95692299999996 188
1732645116909 107.99263300000007 189
1732645127010 108.00338699999998 190
1732645137091 108.01074700000004 191
1732645147179 108.02911100000006 192
1732645157268 108.04369199999996 193
1732645167342 108.0780870000001 194
1732645177436 108.09086100000013 195
1732645187522 108.10430199999996 196
1732645197619 108.13781200000017 197
1732645207710 108.15670999999998 198
1732645217809 108.17046100000016 199
1732645227914 108.1940340000001 200
1732645237999 108.20220000000018 201
1732645248098 108.21896400000014 202
1732645258179 108.24028999999996 203
1732645268278 108.28269100000011 204
1732645278362 108.32768499999997 205
1732645288448 108.34846500000003 206
1732645298546 108.35868800000003 207
1732645308632 108.38125200000013 208
1732645318730 108.44335000000001 209
1732645328822 108.45627200000013 210
1732645338909 108.47471199999995 211
1732645349021 108.53503 212
1732645359118 108.54664000000002 213
1732645369202 108.567767 214
1732645379303 108.57623899999999 215
1732645389404 108.59011400000009 216
1732645399496 108.61503200000016 217
1732645409607 108.6353610000001 218
1732645419707 108.64323400000012 219
1732645429807 108.66270800000007 220
1732645439906 108.679077 221
1732645450000 108.71182900000008 222
1732645460087 108.72646099999997 223
1732645470186 108.74720900000011 224
1732645480285 108.76699800000006 225
1732645490365 108.78058299999998 226
1732645500466 108.79624100000001 227
1732645510563 108.82303900000011 228
1732645520662 108.83860700000014 229
1732645530763 108.85505899999998 230
1732645540863 108.86396500000001 231
1732645550971 108.87612200000012 232
1732645561072 108.88903300000015 233
1732645571159 108.93370300000015 234
1732645581253 108.96082700000011 235
1732645591416 108.97576100000015 236
1732645601532 108.984148 237
1732645611632 108.99379900000008 238
1732645621720 109.05966699999999 239
1732645631823 109.07422599999995 240
1732645641930 109.08970999999997 241
1732645652058 109.11518100000012 242
1732645662165 109.14209300000016 243
1732645672243 109.17558600000007 244
1732645682323 109.18338300000005 245
1732645692440 109.19733800000017 246
1732645702536 109.22561800000017 247
1732645712624 109.25344600000017 248
1732645722728 109.27275000000009 249
1732645732819 109.29793100000006 250
1732645742905 109.32756800000016 251
1732645753020 109.34089300000005 252
1732645763121 109.34818900000005 253
1732645773224 109.37528700000007 254
1732645783317 109.38241400000015 255
1732645793419 109.39275700000007 256
1732645803500 109.43107000000009 257
1732645813589 109.45277400000009 258
1732645823688 109.46530900000016 259
1732645833785 109.49255500000004 260
1732645843886 109.52071799999999 261
1732645853978 109.58367500000008 262
1732645864086 109.60220100000015 263
1732645874188 109.62592700000005 264
1732645884281 109.66693400000008 265
1732645894405 109.70435900000007 266
1732645904503 109.71147399999995 267
1732645914593 109.78176600000006 268
1732645924674 109.79553699999997 269
1732645934790 109.81041700000014 270
1732645944893 109.82715500000018 271
1732645954987 109.84564599999999 272
1732645965102 109.8578030000001 273
1732645975207 109.876217 274
1732645985282 109.88515600000005 275
1732645995387 109.89925300000004 276
1732646005494 109.915389 277
1732646015600 109.92971200000011 278
1732646025715 109.96292600000015 279
1732646035825 109.98049700000001 280
1732646045907 110.00419800000009 281
1732646056007 110.02155400000015 282
1732646066119 110.05799500000012 283
1732646076188 110.22404100000017 284
1732646086276 110.24525400000016 285
1732646096376 110.25486999999998 286
1732646106497 110.26325800000018 287
1732646116602 110.27755000000002 288
1732646126703 110.29596000000015 289
1732646136813 110.32311700000014 290
1732646146906 110.35160900000005 291
1732646157025 110.35906900000009 292
1732646167102 110.38740400000006 293
1732646177216 110.40119300000015 294
1732646187293 110.42673400000012 295
1732646197401 110.44165500000008 296
1732646207534 110.48812900000007 297
1732646217639 110.55188599999997 298
1732646227745 110.56821200000013 299
1732646237825 110.62201600000003 300
1732646247915 110.64277600000014 301
1732646258031 110.6617020000001 302
1732646268132 110.681601 303
1732646278240 110.69059900000002 304
1732646288365 110.70832400000018 305
1732646298475 110.74622799999997 306
1732646308585 110.76647400000002 307
1732646318688 110.78034900000011 308
1732646328811 110.79271700000004 309
1732646338913 110.81198700000004 310
1732646349000 110.836456 311
1732646359117 110.8799590000001 312
1732646369195 110.927142 313
1732646379321 110.95061800000008 314
1732646389423 110.9645660000001 315
1732646399509 110.97511299999996 316
1732646409616 110.983113 317
1732646419719 111.0088760000001 318
1732646429830 111.02992900000004 319
1732646439946 111.07259900000008 320
1732646450054 111.09692900000005 321
1732646460160 111.10464900000011 322
1732646470263 111.13145499999996 323
1732646480377 111.14633000000003 324
1732646490480 111.16062800000009 325
1732646500594 111.190652 326
1732646510674 111.23737100000017 327
1732646520765 111.30540399999995 328
1732646530884 111.31243700000005 329
1732646540994 111.32950600000004 330
1732646551126 111.34946100000002 331
1732646561212 111.37800400000015 332
1732646571285 111.41223200000013 333
1732646581386 111.42595900000015 334
1732646591494 111.44310199999995 335
1732646601594 111.45748700000013 336
1732646611699 111.48879299999999 337
1732646622171 111.502522 338
1732646632277 111.51367600000003 339
1732646642389 111.52662800000007 340
1732646652483 111.53743099999997 341
1732646662602 111.55521900000008 342
1732646672723 111.61684000000014 343
1732646682849 111.65365300000008 344
1732646692977 111.69920400000001 345
1732646703073 111.72101399999997 346
1732646713202 111.77479500000004 347
1732646723323 111.850101 348
1732646733438 111.9260690000001 349
1732646743566 111.97461700000008 350
1732646753685 111.99929700000007 351
1732646763798 112.01405900000009 352
1732646773917 112.02968299999998 353
1732646784024 114.9202150000001 354
1732646794125 121.98104699999999 355
1732646804261 122.2622080000001 356
1732646814385 124.14124800000013 357
1732646824475 125.759589 358
1732646834590 127.07036700000003 359
1732646844707 127.09455300000013 360
1732646854824 127.12138500000015 361
1732646864926 127.15147400000001 362
1732646875004 127.18014700000003 363
1732646885095 127.20120199999997 364
1732646895208 127.21999700000015 365
1732646905337 127.259683 366
1732646915435 127.29302200000006 367
1732646925540 127.33044100000006 368
1732646935652 128.19000400000004 369
1732646945736 129.422458 370
1732646955851 131.22949200000016 371
1732646965977 132.49016700000016 372
1732646976099 135.09540300000003 373
1732646986214 137.89299900000015 374
1732646996331 139.238879 375
1732647006453 141.27618700000016 376
1732647016574 144.0517910000001 377
1732647026680 145.4575460000001 378
1732647036798 147.5236850000001 379
1732647046912 147.54776900000002 380
1732647057032 151.22034800000006 381
1732647067138 154.30590700000016 382
1732647077248 156.0423720000001 383
1732647087357 157.80229900000018 384
1732647097459 159.92417100000011 385
1732647107570 163.12328300000013 386
1732647117654 166.34517500000015 387
1732647127728 170.91232200000013 388
1732647137808 172.41227000000003 389
1732647147940 174.56819700000005 390
1732647158019 174.66801099999998 391
1732647168150 175.1515730000001 392
1732647178268 175.186729 393
1732647188344 175.21312899999998 394
1732647198460 175.23844800000006 395
1732647208578 175.26153799999997 396
1732647218691 175.3073690000001 397
1732647228817 175.34695499999998 398
1732647238933 175.50778300000002 399
1732647249046 175.56192899999996 400
1732647259168 175.58244600000012 401
1732647269294 175.61562900000013 402
1732647279377 178.23358600000006 403
1732647289997 178.27176699999995 404
1732647300129 178.29487900000004 405
1732647310238 178.30922800000008 406
1732647320363 178.33104200000002 407
1732647330487 178.35822500000017 408
1732647340605 178.37582199999997 409
1732647350729 178.41750300000012 410
1732647360850 178.43841300000008 411
1732647370977 178.94509600000015 412
1732647381093 191.30788400000006 413
1732647391219 199.69822 414
1732647401324 200.04545600000006 415
1732647411454 200.08670800000004 416
1732647421544 200.34408800000006 417
1732647431637 200.360408 418
1732647441754 200.37422100000003 419
1732647451864 200.41123900000002 420
1732647461975 200.42762100000004 421
1732647472083 201.34986000000004 422
1732647482165 201.74903600000016 423
1732647492249 201.87606600000004 424
1732647502370 201.89254000000005 425
1732647512481 201.915387 426
1732647522601 201.93953899999997 427
1732647532716 201.97866199999999 428
1732647542828 202.00692500000014 429
1732647552907 202.0474610000001 430
1732647563001 202.06330000000003 431
1732647573104 202.335466 432
1732647583217 202.41235900000015 433
1732647593377 202.45292100000006 434
1732647603500 202.49529200000006 435
1732647613610 202.53306700000007 436
1732647623732 202.57368300000007 437
1732647633828 202.646843 438
1732647643947 202.7063310000001 439
1732647654044 202.77811100000008 440
1732647664131 202.83993499999997 441
1732647674259 202.86724600000002 442
1732647684390 202.95805500000006 443
1732647694508 202.99749800000018 444
1732647704633 203.01618400000007 445
1732647714758 203.14699700000006 446
1732647724881 203.23331400000006 447
1732647735007 203.50196700000015 448
1732647745126 204.54618100000016 449
1732647755242 204.62124600000016 450
1732647765376 204.65474500000005 451
1732647775505 204.67461400000002 452
1732647785631 204.70124299999998 453
1732647795753 204.71638700000017 454
1732647805880 204.73265700000002 455
1732647816016 204.76441 456
1732647826142 204.78482900000017 457
1732647836273 204.8119630000001 458
1732647846418 204.857395 459
1732647856537 204.88642100000015 460
1732647866660 204.89740900000015 461
1732647876769 204.91747099999998 462
1732647886911 204.938357 463
1732647896993 204.9475500000001 464
1732647907110 204.96162400000003 465
1732647917234 204.98635400000012 466
1732647927368 204.998779 467
1732647937485 205.01592400000004 468
1732647947606 205.06211500000018 469
1732647957733 205.098025 470
1732647967869 205.1568010000001 471
1732647977989 205.17595000000006 472
1732647988114 205.30233500000008 473
1732647998242 205.31037400000014 474
1732648008375 205.32490400000006 475
1732648018506 205.39011000000005 476
1732648028651 205.41708800000015 477
1732648038797 205.43220100000008 478
1732648048925 206.44469600000002 479
1732648059051 206.45357000000013 480
1732648069157 206.69985900000006 481
1732648079283 207.1078540000001 482
1732648089406 208.9127800000001 483
1732648099544 208.92996200000016 484
1732648109672 208.94023700000002 485
1732648119795 209.03691700000013 486
1732648129924 209.16263400000003 487
1732648140046 209.17222700000002 488
1732648150176 209.22650799999997 489
1732648160269 209.24267099999997 490
1732648170392 209.25187700000015 491
1732648180526 209.28091000000018 492
1732648190668 209.29420300000015 493
1732648200799 209.30362400000013 494
1732648210925 209.32761300000016 495
1732648221024 209.3523070000001 496
1732648231144 209.36837800000012 497
1732648241262 209.37638400000014 498
1732648251342 209.39097700000002 499
1732648261466 209.40451600000006 500
1732648271594 209.417997 501
1732648281732 209.43189500000017 502
1732648291857 209.44828700000016 503
1732648301986 209.46526400000016 504
1732648312116 209.50393200000008 505
1732648322234 209.61890100000005 506
1732648332329 209.65845600000011 507
1732648342455 209.67382799999996 508
1732648352586 209.70046000000002 509
1732648362717 209.73643700000002 510
1732648372853 209.74983399999996 511
1732648382989 210.001489 512
1732648393123 210.06807100000015 513
1732648403204 210.11659900000018 514
1732648413328 210.17158400000017 515
1732648423458 210.19658900000013 516
1732648433572 210.31789400000002 517
1732648443692 210.48800000000006 518
1732648453830 210.57032700000013 519
1732648463932 211.08349999999996 520
1732648474077 211.114644 521
1732648484206 214.80460400000015 522
1732648494341 217.14614300000017 523
1732648504475 221.22895500000004 524
1732648514600 224.9712360000001 525
1732648524731 230.7282580000001 526
1732648534882 234.84018700000001 527
1732648545008 237.32896400000004 528
1732648555479 239.21122100000002 529
1732648565605 251.86729300000002 530
1732648575719 268.2713550000001 531
1732648585847 280.56839000000014 532
1732648595992 284.7491030000001 533
1732648606118 291.12259400000016 534
1732648616216 293.96263999999996 535
1732648626340 296.17002100000013 536
1732648636471 299.9425570000001 537
1732648646607 299.96837000000005 538
1732648656754 300.0993330000001 539
1732648666903 300.2824330000001 540
1732648677042 302.34225800000013 541
1732648687180 304.92734700000005 542
1732648697288 306.28239900000017 543
1732648707439 307.8905340000001 544
1732648717574 309.1579300000001 545
1732648727708 309.168453 546
1732648737839 309.18111999999996 547
1732648747975 309.201227 548
1732648758058 309.23682099999996 549
1732648768185 309.697862 550
1732648778312 312.59404500000005 551
1732648788450 314.7509150000001 552
1732648798598 318.576409 553
1732648808743 324.7362740000001 554
1732648818884 330.6224550000002 555
1732648829035 333.77163199999995 556
1732648839174 337.53378599999996 557
1732648849315 337.5570560000001 558
1732648859454 337.5652500000001 559
1732648869577 337.6066760000001 560
1732648879714 337.703121 561
1732648889854 337.72962400000006 562
1732648899994 337.791522 563
1732648910125 337.80242 564
1732648920259 337.8765370000001 565
1732648930397 338.9551920000001 566
1732648940532 338.96873300000016 567
1732648950671 338.98816899999997 568
1732648960811 339.001759 569
1732648970960 339.04442500000005 570
1732648981091 339.051602 571
1732648991233 339.0613840000001 572
1732649001363 339.10574599999995 573
1732649011501 339.12597000000005 574
1732649021639 339.13556600000015 575
1732649031793 339.1441380000001 576
1732649041932 339.15168100000005 577
1732649052048 339.19126900000015 578
1732649062183 339.2148480000001 579
1732649072323 339.240313 580
1732649082463 339.25101700000005 581
1732649092587 339.26186500000017 582
1732649102715 339.2704900000001 583
1732649112846 339.2784280000001 584
1732649122980 339.29266700000016 585
1732649133119 339.326816 586
1732649143295 339.3368230000001 587
1732649153434 339.38700200000017 588
1732649163576 339.459034 589
1732649173720 339.49344900000006 590
1732649183861 339.51629300000013 591
1732649194006 339.54175899999996 592
1732649204143 339.5576040000001 593
1732649214280 339.58504800000014 594
1732649224422 339.6641730000001 595
1732649234560 339.69190100000014 596
1732649244699 339.72138700000005 597
1732649254837 339.7388900000001 598
