1732643211310 0.00034600000000750697 0
1732643221361 0.027753000000018346 1
1732643231421 0.05576600000000553 2
1732643241480 0.12614500000000817 3
1732643251528 0.1731460000000027 4
1732643261611 0.21261900000001788 5
1732643271678 0.22471300000000838 6
1732643281734 0.24881600000000503 7
1732643292133 0.2615520000000231 8
1732643302217 0.2697770000000048 9
1732643312271 0.2948920000000044 10
1732643322327 0.32571200000001 11
1732643332406 0.7572100000000148 12
1732643342464 1.146821000000017 13
1732643352525 1.4381079999999997 14
1732643362601 2.245297000000022 15
1732643372657 2.6999859999999956 16
1732643382718 2.7177460000000053 17
1732643392786 2.933747000000011 18
1732643402846 3.0101610000000107 19
1732643412911 3.0751060000000052 20
1732643422973 3.1196180000000027 21
1732643433049 3.146938000000006 22
1732643443111 3.242131999999998 23
1732643453180 3.521727999999996 24
1732643463237 3.559287000000012 25
1732643473299 3.576642000000021 26
1732643483367 3.612936000000019 27
1732643493448 3.633949000000001 28
1732643503516 4.408489000000003 29
1732643513571 4.526939999999996 30
1732643523654 4.557296000000008 31
1732643533709 5.082912000000022 32
1732643543774 5.190107000000012 33
1732643553870 5.28294600000001 34
1732643563957 5.527084000000002 35
1732643574027 5.575561000000022 36
1732643584110 5.597824000000003 37
1732643594194 5.6071520000000135 38
1732643604273 5.640895999999998 39
1732643614341 5.663223000000016 40
1732643624410 5.685178000000008 41
1732643634489 5.726469000000009 42
1732643644558 5.775652000000008 43
1732643654642 6.090666999999996 44
1732643664711 6.782358000000016 45
1732643674794 6.804938000000021 46
1732643684876 6.840346000000011 47
1732643694950 6.857529999999997 48
1732643705078 6.881000999999998 49
1732643715152 6.891124000000019 50
1732643725233 6.91682400000002 51
1732643735291 6.979593000000023 52
1732643745348 7.196303999999998 53
1732643755430 7.3329800000000205 54
1732643765501 7.516461000000021 55
1732643775596 7.635857000000016 56
1732643785682 7.743479000000008 57
1732643795749 7.807594000000023 58
1732643805814 7.935743000000002 59
1732643815888 8.015881000000007 60
1732643825959 8.109143000000017 61
1732643836035 8.233472000000006 62
1732643846117 8.34535600000001 63
1732643856175 8.42938700000002 64
1732643866265 8.469639999999998 65
1732643876335 8.58962200000002 66
1732643886414 8.64472600000002 67
1732643896490 8.695259000000021 68
1732643906573 8.767913000000021 69
1732643916643 8.80085200000002 70
1732643926719 8.819792000000007 71
1732643936794 8.840762000000012 72
1732643946860 8.854759000000001 73
1732643956936 8.871226000000007 74
1732643967010 8.916468000000009 75
1732643977092 8.923186000000015 76
1732643987162 8.956184000000007 77
1732643997230 8.966514000000018 78
1732644007297 9.21098600000002 79
1732644017379 9.335707000000014 80
1732644027448 9.378467 81
1732644037523 9.499138000000016 82
1732644047581 9.751430999999997 83
1732644057649 9.946713000000017 84
1732644067709 10.039581999999996 85
1732644077789 10.185202000000004 86
1732644087870 10.390689000000009 87
1732644097966 10.594127000000015 88
1732644108038 10.774991 89
1732644118127 10.996937000000003 90
1732644128216 11.098239000000007 91
1732644138283 11.11859800000002 92
1732644148373 11.131881000000021 93
1732644158441 11.149688999999995 94
1732644168517 11.169067000000013 95
1732644178611 11.178667000000019 96
1732644188693 11.192372000000006 97
1732644198774 11.200732000000016 98
1732644208860 11.239766000000003 99
1732644218932 11.275416000000007 100
1732644229003 11.313029 101
1732644239087 11.334933000000007 102
1732644249153 11.342545999999999 103
1732644259247 11.352747000000022 104
1732644269308 11.384304000000014 105
1732644279413 11.41271500000002 106
1732644289483 11.448431 107
1732644299582 11.462871000000007 108
1732644309643 11.469835000000018 109
1732644319726 11.47812300000001 110
1732644329810 11.500977000000006 111
1732644339911 11.511965000000004 112
1732644349987 11.523761000000007 113
1732644360082 11.564105000000012 114
1732644370160 11.58099900000002 115
1732644380239 11.590707000000009 116
1732644390317 11.619396000000023 117
1732644400395 11.627426000000014 118
1732644410470 11.642336 119
1732644420541 11.663955000000016 120
1732644430627 11.673904000000022 121
1732644440715 11.681563000000011 122
1732644450794 11.690978999999999 123
1732644460897 12.014156000000014 124
1732644470984 12.024267000000009 125
1732644481060 12.037275000000022 126
1732644491138 12.047185000000013 127
1732644501225 12.060409000000021 128
1732644511302 12.086950000000002 129
1732644521382 12.094565000000017 130
1732644531469 12.107977000000005 131
1732644541553 12.120242000000019 132
1732644551639 12.131093000000021 133
1732644561733 12.138875000000013 134
1732644571817 12.157735000000002 135
1732644581877 12.177475000000015 136
1732644591967 12.19580400000001 137
1732644602040 12.208114000000023 138
1732644612123 12.217443000000003 139
1732644622201 12.224935000000016 140
1732644632282 12.239641000000006 141
1732644642365 12.281196000000023 142
1732644652424 12.299464 143
1732644662496 12.37558900000002 144
1732644672586 12.402057000000013 145
1732644682666 12.409586000000019 146
1732644692759 12.441589000000022 147
1732644702849 12.449615000000023 148
1732644712947 12.466889000000009 149
1732644723032 12.486364000000009 150
1732644733118 12.514365999999995 151
1732644743210 12.521971000000008 152
1732644753306 12.542113 153
1732644763403 12.560199000000011 154
1732644773482 12.572856999999999 155
1732644783564 12.585351000000003 156
1732644793655 12.596001999999999 157
1732644803723 12.612505999999996 158
1732644813816 12.636520000000019 159
1732644823905 12.643878 160
1732644833969 12.653682000000003 161
1732644844056 12.684179 162
1732644854129 12.69335000000001 163
1732644864226 12.71856600000001 164
1732644874324 12.734124000000008 165
1732644884921 12.750775000000004 166
1732644895001 12.763218000000023 167
1732644905101 12.774265000000014 168
1732644915178 12.78554200000002 169
1732644925238 12.800542000000007 170
1732644935295 12.839189000000005 171
1732644945375 12.857216000000022 172
1732644955471 12.867098999999996 173
1732644965563 12.899865000000005 174
1732644975656 12.909728000000001 175
1732644985731 12.941994000000022 176
1732644995814 12.980478000000005 177
1732645005915 12.991337000000016 178
1732645015994 13.007725000000022 179
1732645026095 13.019159000000002 180
1732645036174 13.08893900000001 181
1732645046282 13.104019000000022 182
1732645056384 13.131192999999996 183
1732645066473 13.148033999999996 184
1732645076561 13.156727000000018 185
1732645086649 13.169500999999997 186
1732645096711 13.179153000000014 187
1732645106833 13.192178000000013 188
1732645116909 13.222293000000008 189
1732645127010 13.234769999999997 190
1732645137091 13.241899000000018 191
1732645147179 13.255749000000009 192
1732645157268 13.265894000000003 193
1732645167342 13.307849000000004 194
1732645177436 13.32259400000001 195
1732645187522 13.340240000000023 196
1732645197619 13.368653000000023 197
1732645207710 13.384107 198
1732645217809 13.393646000000018 199
1732645227914 13.428927000000016 200
1732645237999 13.436627000000016 201
1732645248098 13.457267000000002 202
1732645258179 13.482085000000012 203
1732645268278 13.520098000000019 204
1732645278362 13.553213 205
1732645288448 13.574917 206
1732645298546 13.58585500000001 207
1732645308632 13.613515000000007 208
1732645318730 13.63231300000001 209
1732645328822 13.640983000000006 210
1732645338909 13.655984000000018 211
1732645349021 13.72981200000001 212
1732645359118 13.740508000000005 213
1732645369202 13.768461000000002 214
1732645379303 13.776508000000007 215
1732645389404 13.78632300000001 216
1732645399496 13.803303 217
1732645409607 13.827143000000007 218
1732645419707 13.834843000000006 219
1732645429807 13.853440000000006 220
1732645439906 13.86773100000002 221
1732645450000 13.894560000000013 222
1732645460087 13.905299000000014 223
1732645470186 13.925241999999997 224
1732645480285 13.950738000000001 225
1732645490365 13.968643000000014 226
1732645500466 13.981673999999998 227
1732645510563 14.008199000000019 228
1732645520662 14.018982000000022 229
1732645530763 14.03732100000002 230
1732645540863 14.045580999999999 231
1732645550971 14.065213 232
1732645561072 14.075679000000008 233
1732645571159 14.112025000000017 234
1732645581253 14.132584000000008 235
1732645591416 14.149426000000005 236
1732645601532 14.157504000000017 237
1732645611632 14.168042000000014 238
1732645621720 14.182863999999995 239
1732645631823 14.19344700000002 240
1732645641930 14.203125999999997 241
1732645652058 14.237693000000007 242
1732645662165 14.256149000000022 243
1732645672243 14.282272000000006 244
1732645682323 14.289771000000002 245
1732645692440 14.299293000000006 246
1732645702536 14.314605 247
1732645712624 14.345132000000007 248
1732645722728 14.358520999999996 249
1732645732819 14.39542400000002 250
1732645742905 14.420086999999995 251
1732645753020 14.42952200000002 252
1732645763121 14.436442 253
1732645773224 14.460929000000021 254
1732645783317 14.467804000000001 255
1732645793419 14.48422500000001 256
1732645803500 14.540868000000017 257
1732645813589 14.553834000000023 258
1732645823688 14.57519400000001 259
1732645833785 14.59843600000002 260
1732645843886 14.61949100000001 261
1732645853978 14.681003000000004 262
1732645864086 14.696567000000016 263
1732645874188 14.712733000000014 264
1732645884281 14.738393000000002 265
1732645894405 14.775936000000002 266
1732645904503 14.782870000000003 267
1732645914593 14.805410000000023 268
1732645924674 14.815754999999996 269
1732645934790 14.826042999999999 270
1732645944893 14.839916000000017 271
1732645954987 14.862400000000008 272
1732645965102 14.876276000000018 273
1732645975207 14.890765000000016 274
1732645985282 14.898018000000008 275
1732645995387 14.908266999999995 276
1732646005494 14.925847000000005 277
1732646015600 14.93553300000002 278
1732646025715 14.989167000000009 279
1732646035825 15.003105000000005 280
1732646045907 15.021467000000001 281
1732646056007 15.035333000000008 282
1732646066119 15.074888000000016 283
1732646076188 15.184753999999998 284
1732646086276 15.216864000000015 285
1732646096376 15.226354000000015 286
1732646106497 15.236435999999998 287
1732646116602 15.246779000000004 288
1732646126703 15.268257000000006 289
1732646136813 15.288194000000004 290
1732646146906 15.323144000000013 291
1732646157025 15.330433999999997 292
1732646167102 15.353877000000011 293
1732646177216 15.363597999999996 294
1732646187293 15.388590000000022 295
1732646197401 15.399671000000012 296
1732646207534 15.443566000000004 297
1732646217639 15.457668000000012 298
1732646227745 15.476005000000015 299
1732646237825 15.49885500000002 300
1732646247915 15.527196000000004 301
1732646258031 15.546206000000012 302
1732646268132 15.570045000000022 303
1732646278240 15.579858999999999 304
1732646288365 15.59016600000001 305
1732646298475 15.630119000000008 306
1732646308585 15.663485000000009 307
1732646318688 15.674025 308
1732646328811 15.688507000000016 309
1732646338913 15.696425000000005 310
1732646349000 15.721102000000002 311
1732646359117 15.761967999999996 312
1732646369195 15.813226000000014 313
1732646379321 15.828264000000019 314
1732646389423 15.853161999999998 315
1732646399509 15.870548000000014 316
1732646409616 15.878332999999998 317
1732646419719 15.905519999999996 318
1732646429830 15.947435000000013 319
1732646439946 15.973490999999996 320
1732646450054 15.996385000000004 321
1732646460160 16.003984000000003 322
1732646470263 16.025059 323
1732646480377 16.035939000000013 324
1732646490480 16.064914000000016 325
1732646500594 16.097981000000004 326
1732646510674 16.151386000000002 327
1732646520765 16.168097000000017 328
1732646530884 16.17498600000002 329
1732646540994 16.193815 330
1732646551126 16.224567000000008 331
1732646561212 16.253078000000016 332
1732646571285 16.287500000000023 333
1732646581386 16.297829000000007 334
1732646591494 16.31660500000001 335
1732646601594 16.326786 336
1732646611699 16.37062800000001 337
1732646622171 16.38109800000001 338
1732646632277 16.392560000000003 339
1732646642389 16.406098000000014 340
1732646652483 16.415084000000007 341
1732646662602 16.434894000000014 342
1732646672723 16.49999200000002 343
1732646682849 16.552508000000017 344
1732646692977 16.594605 345
1732646703073 16.627939999999995 346
1732646713202 16.691311000000013 347
1732646723323 16.781948999999997 348
1732646733438 16.86913100000001 349
1732646743566 16.914701000000008 350
1732646753685 16.946965000000006 351
1732646763798 16.978454 352
1732646773917 16.990522999999996 353
1732646784024 17.397851000000003 354
1732646794125 18.997308000000004 355
1732646804261 19.16370600000002 356
1732646814385 19.733776000000006 357
1732646824475 20.124291999999997 358
1732646834590 20.161248 359
1732646844707 20.21658400000001 360
1732646854824 20.27088900000001 361
1732646864926 20.299418000000003 362
1732646875004 20.343747000000008 363
1732646885095 20.36385900000002 364
1732646895208 20.388687000000004 365
1732646905337 20.465608000000003 366
1732646915435 20.551811000000015 367
1732646925540 20.631237999999996 368
1732646935652 20.815134999999998 369
1732646945736 20.93775100000002 370
1732646955851 21.01143000000002 371
1732646965977 21.135610000000014 372
1732646976099 21.27556800000002 373
1732646986214 21.364224000000007 374
1732646996331 21.46049400000001 375
1732647006453 21.597572000000014 376
1732647016574 21.745678999999996 377
1732647026680 21.885379 378
1732647036798 21.995363999999995 379
1732647046912 22.023863000000006 380
1732647057032 22.132457000000016 381
1732647067138 22.212151000000006 382
1732647077248 22.27570400000002 383
1732647087357 22.349944000000022 384
1732647097459 22.426106000000004 385
1732647107570 22.787470000000013 386
1732647117654 23.092262000000005 387
1732647127728 23.238117000000017 388
1732647137808 23.31335900000002 389
1732647147940 23.398093000000017 390
1732647158019 23.42542400000002 391
1732647168150 23.611598000000015 392
1732647178268 23.646479999999997 393
1732647188344 23.67282400000002 394
1732647198460 23.71419800000001 395
1732647208578 23.745829000000015 396
1732647218691 23.787795000000017 397
1732647228817 23.830915000000005 398
1732647238933 23.879807 399
1732647249046 23.924109000000016 400
1732647259168 23.943829000000022 401
1732647269294 23.998239000000012 402
1732647279377 24.086742000000015 403
1732647289997 24.125383999999997 404
1732647300129 24.150727000000018 405
1732647310238 24.16016000000002 406
1732647320363 24.188248000000016 407
1732647330487 24.234752000000015 408
1732647340605 24.251743000000005 409
1732647350729 24.296908000000002 410
1732647360850 24.320036000000016 411
1732647370977 24.384603999999996 412
1732647381093 24.690855999999997 413
1732647391219 24.869650000000007 414
1732647401324 24.913555000000002 415
1732647411454 24.950176999999996 416
1732647421544 24.998148000000015 417
1732647431637 25.032218999999998 418
1732647441754 25.046763 419
1732647451864 25.097465 420
1732647461975 25.108283999999998 421
1732647472083 25.217640000000017 422
1732647482165 25.246222000000017 423
1732647492249 25.269076000000013 424
1732647502370 25.29191400000002 425
1732647512481 25.340756 426
1732647522601 25.361830999999995 427
1732647532716 25.391931 428
1732647542828 25.43316200000001 429
1732647552907 25.472335000000015 430
1732647563001 25.489565999999996 431
1732647573104 25.583709999999996 432
1732647583217 25.63626400000001 433
1732647593377 25.671919000000003 434
1732647603500 25.705411999999995 435
1732647613610 25.75206700000001 436
1732647623732 25.802078000000023 437
1732647633828 25.891670000000005 438
1732647643947 25.970076000000006 439
1732647654044 26.07883800000002 440
1732647664131 26.13629500000002 441
1732647674259 26.17421300000001 442
1732647684390 26.268416000000002 443
1732647694508 26.324951999999996 444
1732647704633 26.341814 445
1732647714758 26.381798000000003 446
1732647724881 26.428898000000004 447
1732647735007 26.550547000000023 448
1732647745126 26.653787000000023 449
1732647755242 26.744396000000023 450
1732647765376 26.817754000000008 451
1732647775505 26.842028 452
1732647785631 26.857189000000005 453
1732647795753 26.88563000000002 454
1732647805880 26.897988999999995 455
1732647816016 26.94582600000001 456
1732647826142 26.976711000000023 457
1732647836273 26.999291 458
1732647846418 27.033037000000007 459
1732647856537 27.065589000000017 460
1732647866660 27.079114000000004 461
1732647876769 27.09639100000001 462
1732647886911 27.139290000000017 463
1732647896993 27.148153000000008 464
1732647907110 27.158180000000016 465
1732647917234 27.181285000000003 466
1732647927368 27.197244000000012 467
1732647937485 27.223461000000015 468
1732647947606 27.26163600000001 469
1732647957733 27.29795200000001 470
1732647967869 27.366008000000022 471
1732647977989 27.37811100000002 472
1732647988114 27.40972500000001 473
1732647998242 27.417392000000007 474
1732648008375 27.43875700000001 475
1732648018506 27.45352700000001 476
1732648028651 27.484736999999996 477
1732648038797 27.49608600000002 478
1732648048925 27.71219000000002 479
1732648059051 27.726488000000018 480
1732648069157 27.77469400000001 481
1732648079283 27.83133000000001 482
1732648089406 27.884772999999996 483
1732648099544 27.896873999999997 484
1732648109672 27.917827000000017 485
1732648119795 27.948531000000003 486
1732648129924 27.989631000000003 487
1732648140046 27.998582999999996 488
1732648150176 28.049661000000015 489
1732648160269 28.060487000000023 490
1732648170392 28.07151300000001 491
1732648180526 28.108225000000004 492
1732648190668 28.126925999999997 493
1732648200799 28.142955 494
1732648210925 28.17278300000001 495
1732648221024 28.188662000000022 496
1732648231144 28.206938000000008 497
1732648241262 28.21473800000001 498
1732648251342 28.237082000000015 499
1732648261466 28.254914000000014 500
1732648271594 28.26459700000001 501
1732648281732 28.274419000000023 502
1732648291857 28.298438000000004 503
1732648301986 28.310944000000006 504
1732648312116 28.36631300000002 505
1732648322234 28.440668000000016 506
1732648332329 28.481527999999997 507
1732648342455 28.492642000000018 508
1732648352586 28.528463000000016 509
1732648362717 28.578409000000022 510
1732648372853 28.598996999999997 511
1732648382989 28.640995000000004 512
1732648393123 28.690573999999998 513
1732648403204 28.748892000000012 514
1732648413328 28.810761000000014 515
1732648423458 28.848085999999995 516
1732648433572 28.87522100000001 517
1732648443692 29.065095000000014 518
1732648453830 29.138327000000004 519
1732648463932 29.298077000000006 520
1732648474077 29.32816200000002 521
1732648484206 29.532209000000023 522
1732648494341 29.638815000000022 523
1732648504475 29.76102400000002 524
1732648514600 29.90665200000001 525
1732648524731 30.078529000000003 526
1732648534882 30.207048000000015 527
1732648545008 30.285928000000013 528
1732648555479 30.354904000000005 529
1732648565605 30.69784100000001 530
1732648575719 31.12372400000001 531
1732648585847 31.480372000000017 532
1732648595992 31.607203 533
1732648606118 31.793183999999997 534
1732648616216 31.888644999999997 535
1732648626340 31.977052000000015 536
1732648636471 32.15750200000002 537
1732648646607 32.182226000000014 538
1732648656754 32.19784200000001 539
1732648666903 32.224316000000016 540
1732648677042 32.28660000000002 541
1732648687180 32.357427 542
1732648697288 32.39927900000001 543
1732648707439 32.44911000000002 544
1732648717574 32.48624800000002 545
1732648727708 32.497792000000004 546
1732648737839 32.516031 547
1732648747975 32.53459700000002 548
1732648758058 32.56137700000002 549
1732648768185 32.609395000000006 550
1732648778312 32.684590000000014 551
1732648788450 32.74761000000001 552
1732648798598 32.80778700000002 553
1732648808743 32.907353 554
1732648818884 32.982448000000005 555
1732648829035 33.04744600000001 556
1732648839174 33.156904 557
1732648849315 33.181308 558
1732648859454 33.189396000000016 559
1732648869577 33.23412400000001 560
1732648879714 33.264599000000004 561
1732648889854 33.29185100000001 562
1732648899994 33.34837000000002 563
1732648910125 33.358384 564
1732648920259 33.37848100000002 565
1732648930397 33.42086500000002 566
1732648940532 33.43038200000001 567
1732648950671 33.45415300000002 568
1732648960811 33.468231 569
1732648970960 33.485693 570
1732648981091 33.49234900000002 571
1732648991233 33.50174100000001 572
1732649001363 33.52680000000001 573
1732649011501 33.55166200000002 574
1732649021639 33.560282 575
1732649031793 33.56802000000002 576
1732649041932 33.575264000000004 577
1732649052048 33.60871300000002 578
1732649062183 33.62455300000002 579
1732649072323 33.65109700000002 580
1732649082463 33.660998000000006 581
1732649092587 33.67266000000001 582
1732649102715 33.680912000000006 583
1732649112846 33.68870800000002 584
1732649122980 33.698824 585
1732649133119 33.74532500000001 586
1732649143295 33.75335700000002 587
1732649153434 33.80219600000001 588
1732649163576 33.88372000000001 589
1732649173720 33.90916800000002 590
1732649183861 33.935457000000014 591
1732649194006 33.962598000000014 592
1732649204143 33.988495 593
1732649214280 34.01734000000002 594
1732649224422 34.040576000000016 595
1732649234560 34.053777 596
1732649244699 34.08773000000002 597
1732649254837 34.10817900000001 598
