1732643211310 27.0 0
1732643221361 56.3 1
1732643231421 63.1 2
1732643241480 66.5 3
1732643251528 70.0 4
1732643261611 73.5 5
1732643271678 75.6 6
1732643281734 78.4 7
1732643292133 81.5 8
1732643302217 74.0 9
1732643312271 51.6 10
1732643322327 55.1 11
1732643332406 58.3 12
1732643342464 54.1 13
1732643352525 62.1 14
1732643362601 66.3 15
1732643372657 68.9 16
1732643382718 70.4 17
1732643392786 73.4 18
1732643402846 91.5 19
1732643412911 73.4 20
1732643422973 50.1 21
1732643433049 58.1 22
1732643443111 55.5 23
1732643453180 58.7 24
1732643463237 62.8 25
1732643473299 65.0 26
1732643483367 69.3 27
1732643493448 74.4 28
1732643503516 67.0 29
1732643513571 72.5 30
1732643523654 50.3 31
1732643533709 54.2 32
1732643543774 55.7 33
1732643553870 57.8 34
1732643563957 61.3 35
1732643574027 64.5 36
1732643584110 66.5 37
1732643594194 68.6 38
1732643604273 70.8 39
1732643614341 74.3 40
1732643624410 51.7 41
1732643634489 53.8 42
1732643644558 56.4 43
1732643654642 58.7 44
1732643664711 61.5 45
1732643674794 65.1 46
1732643684876 67.8 47
1732643694950 72.9 48
1732643705078 51.6 49
1732643715152 52.1 50
1732643725233 53.3 51
1732643735291 56.4 52
1732643745348 57.1 53
1732643755430 61.9 54
1732643765501 64.4 55
1732643775596 67.0 56
1732643785682 69.3 57
1732643795749 71.8 58
1732643805814 73.2 59
1732643815888 51.3 60
1732643825959 53.8 61
1732643836035 57.6 62
1732643846117 59.9 63
1732643856175 61.8 64
1732643866265 64.8 65
1732643876335 61.8 66
1732643886414 68.5 67
1732643896490 70.4 68
1732643906573 72.5 69
1732643916643 51.5 70
1732643926719 54.6 71
1732643936794 57.1 72
1732643946860 59.3 73
1732643956936 61.9 74
1732643967010 62.8 75
1732643977092 65.1 76
1732643987162 67.6 77
1732643997230 70.6 78
1732644007297 74.7 79
1732644017379 51.2 80
1732644027448 53.8 81
1732644037523 54.8 82
1732644047581 58.2 83
1732644057649 62.2 84
1732644067709 65.9 85
1732644077789 67.9 86
1732644087870 70.4 87
1732644097966 73.3 88
1732644108038 72.4 89
1732644118127 51.7 90
1732644128216 54.7 91
1732644138283 56.6 92
1732644148373 59.0 93
1732644158441 62.2 94
1732644168517 64.8 95
1732644178611 68.8 96
1732644188693 72.2 97
1732644198774 76.0 98
1732644208860 51.8 99
1732644218932 51.5 100
1732644229003 53.7 101
1732644239087 56.6 102
1732644249153 58.6 103
1732644259247 62.4 104
1732644269308 63.6 105
1732644279413 66.7 106
1732644289483 69.3 107
1732644299582 71.5 108
1732644309643 75.7 109
1732644319726 54.5 110
1732644329810 56.8 111
1732644339911 59.7 112
1732644349987 63.9 113
1732644360082 66.7 114
1732644370160 70.8 115
1732644380239 72.7 116
1732644390317 75.9 117
1732644400395 52.3 118
1732644410470 54.1 119
1732644420541 58.2 120
1732644430627 62.6 121
1732644440715 67.0 122
1732644450794 67.5 123
1732644460897 72.7 124
1732644470984 50.7 125
1732644481060 52.6 126
1732644491138 55.2 127
1732644501225 58.6 128
1732644511302 61.6 129
1732644521382 65.2 130
1732644531469 69.4 131
1732644541553 72.0 132
1732644551639 79.3 133
1732644561733 50.9 134
1732644571817 54.2 135
1732644581877 55.9 136
1732644591967 59.4 137
1732644602040 61.1 138
1732644612123 64.7 139
1732644622201 68.3 140
1732644632282 71.7 141
1732644642365 74.3 142
1732644652424 52.0 143
1732644662496 55.0 144
1732644672586 57.2 145
1732644682666 58.9 146
1732644692759 61.7 147
1732644702849 63.6 148
1732644712947 65.8 149
1732644723032 68.3 150
1732644733118 71.2 151
1732644743210 76.1 152
1732644753306 52.2 153
1732644763403 53.3 154
1732644773482 56.9 155
1732644783564 59.5 156
1732644793655 62.4 157
1732644803723 64.5 158
1732644813816 67.1 159
1732644823905 70.8 160
1732644833969 74.9 161
1732644844056 53.1 162
1732644854129 57.2 163
1732644864226 61.4 164
1732644874324 65.3 165
1732644884921 69.3 166
1732644895001 73.7 167
1732644905101 51.6 168
1732644915178 54.2 169
1732644925238 57.8 170
1732644935295 61.8 171
1732644945375 64.0 172
1732644955471 68.3 173
1732644965563 72.4 174
1732644975656 75.1 175
1732644985731 54.3 176
1732644995814 57.1 177
1732645005915 60.4 178
1732645015994 63.9 179
1732645026095 67.3 180
1732645036174 71.1 181
1732645046282 72.9 182
1732645056384 52.0 183
1732645066473 55.9 184
1732645076561 60.4 185
1732645086649 64.4 186
1732645096711 68.2 187
1732645106833 72.3 188
1732645116909 50.8 189
1732645127010 52.3 190
1732645137091 55.4 191
1732645147179 59.1 192
1732645157268 63.0 193
1732645167342 65.5 194
1732645177436 67.6 195
1732645187522 71.5 196
1732645197619 76.1 197
1732645207710 52.8 198
1732645217809 54.6 199
1732645227914 58.4 200
1732645237999 62.1 201
1732645248098 66.0 202
1732645258179 69.7 203
1732645268278 72.6 204
1732645278362 75.7 205
1732645288448 52.7 206
1732645298546 55.2 207
1732645308632 58.5 208
1732645318730 62.3 209
1732645328822 66.1 210
1732645338909 69.9 211
1732645349021 72.0 212
1732645359118 50.2 213
1732645369202 52.1 214
1732645379303 55.5 215
1732645389404 57.4 216
1732645399496 61.1 217
1732645409607 65.3 218
1732645419707 68.8 219
1732645429807 71.5 220
1732645439906 93.0 221
1732645450000 51.0 222
1732645460087 54.9 223
1732645470186 57.8 224
1732645480285 61.1 225
1732645490365 63.5 226
1732645500466 66.1 227
1732645510563 70.0 228
1732645520662 76.9 229
1732645530763 76.0 230
1732645540863 54.0 231
1732645550971 57.7 232
1732645561072 59.3 233
1732645571159 61.2 234
1732645581253 64.2 235
1732645591416 68.3 236
1732645601532 72.7 237
1732645611632 51.0 238
1732645621720 54.5 239
1732645631823 57.6 240
1732645641930 62.0 241
1732645652058 66.9 242
1732645662165 71.7 243
1732645672243 73.0 244
1732645682323 54.9 245
1732645692440 59.7 246
1732645702536 61.8 247
1732645712624 65.2 248
1732645722728 68.1 249
1732645732819 70.3 250
1732645742905 77.3 251
1732645753020 76.4 252
1732645763121 53.3 253
1732645773224 56.3 254
1732645783317 60.9 255
1732645793419 65.6 256
1732645803500 66.0 257
1732645813589 72.2 258
1732645823688 76.5 259
1732645833785 54.8 260
1732645843886 57.3 261
1732645853978 61.2 262
1732645864086 63.9 263
1732645874188 67.8 264
1732645884281 70.1 265
1732645894405 72.1 266
1732645904503 76.4 267
1732645914593 53.7 268
1732645924674 56.8 269
1732645934790 58.9 270
1732645944893 61.6 271
1732645954987 65.0 272
1732645965102 73.3 273
1732645975207 69.3 274
1732645985282 81.8 275
1732645995387 51.5 276
1732646005494 56.1 277
1732646015600 65.1 278
1732646025715 62.8 279
1732646035825 67.0 280
1732646045907 70.9 281
1732646056007 72.8 282
1732646066119 73.2 283
1732646076188 52.5 284
1732646086276 56.6 285
1732646096376 59.3 286
1732646106497 62.1 287
1732646116602 65.6 288
1732646126703 70.0 289
1732646136813 72.9 290
1732646146906 76.4 291
1732646157025 53.6 292
1732646167102 56.8 293
1732646177216 60.8 294
1732646187293 65.0 295
1732646197401 69.3 296
1732646207534 71.4 297
1732646217639 74.0 298
1732646227745 52.4 299
1732646237825 55.1 300
1732646247915 57.2 301
1732646258031 61.1 302
1732646268132 63.9 303
1732646278240 67.6 304
1732646288365 71.5 305
1732646298475 76.7 306
1732646308585 53.7 307
1732646318688 57.0 308
1732646328811 59.0 309
1732646338913 62.8 310
1732646349000 66.7 311
1732646359117 70.9 312
1732646369195 74.1 313
1732646379321 52.5 314
1732646389423 54.6 315
1732646399509 55.9 316
1732646409616 60.1 317
1732646419719 61.6 318
1732646429830 64.0 319
1732646439946 65.6 320
1732646450054 68.4 321
1732646460160 71.2 322
1732646470263 76.8 323
1732646480377 54.1 324
1732646490480 56.5 325
1732646500594 59.1 326
1732646510674 61.8 327
1732646520765 64.0 328
1732646530884 67.8 329
1732646540994 71.5 330
1732646551126 77.5 331
1732646561212 74.4 332
1732646571285 53.8 333
1732646581386 57.2 334
1732646591494 60.8 335
1732646601594 64.5 336
1732646611699 68.0 337
1732646622171 71.0 338
1732646632277 74.1 339
1732646642389 51.3 340
1732646652483 54.5 341
1732646662602 56.8 342
1732646672723 58.8 343
1732646682849 61.0 344
1732646692977 64.3 345
1732646703073 68.1 346
1732646713202 71.7 347
1732646723323 72.9 348
1732646733438 53.6 349
1732646743566 53.3 350
1732646753685 58.9 351
1732646763798 61.9 352
1732646773917 65.3 353
1732646784024 70.0 354
1732646794125 72.8 355
1732646804261 73.5 356
1732646814385 74.1 357
1732646824475 53.1 358
1732646834590 57.0 359
1732646844707 59.8 360
1732646854824 63.9 361
1732646864926 68.3 362
1732646875004 71.0 363
1732646885095 72.9 364
1732646895208 79.6 365
1732646905337 76.3 366
1732646915435 54.6 367
1732646925540 58.8 368
1732646935652 61.6 369
1732646945736 62.0 370
1732646955851 65.1 371
1732646965977 70.9 372
1732646976099 70.3 373
1732646986214 72.3 374
1732646996331 76.9 375
1732647006453 52.3 376
1732647016574 54.8 377
1732647026680 58.7 378
1732647036798 60.7 379
1732647046912 62.4 380
1732647057032 64.9 381
1732647067138 68.0 382
1732647077248 69.9 383
1732647087357 72.3 384
1732647097459 84.6 385
1732647107570 77.1 386
1732647117654 55.0 387
1732647127728 56.0 388
1732647137808 56.7 389
1732647147940 60.8 390
1732647158019 64.7 391
1732647168150 67.4 392
1732647178268 68.6 393
1732647188344 70.3 394
1732647198460 72.9 395
1732647208578 73.3 396
1732647218691 53.1 397
1732647228817 54.9 398
1732647238933 55.7 399
1732647249046 59.5 400
1732647259168 64.1 401
1732647269294 65.0 402
1732647279377 67.4 403
1732647289997 70.5 404
1732647300129 73.7 405
1732647310238 50.9 406
1732647320363 51.9 407
1732647330487 54.5 408
1732647340605 58.7 409
1732647350729 60.6 410
1732647360850 63.6 411
1732647370977 67.0 412
1732647381093 69.7 413
1732647391219 71.6 414
1732647401324 74.3 415
1732647411454 76.0 416
1732647421544 53.5 417
1732647431637 56.3 418
1732647441754 58.8 419
1732647451864 63.6 420
1732647461975 66.1 421
1732647472083 67.5 422
1732647482165 70.1 423
1732647492249 94.0 424
1732647502370 50.7 425
1732647512481 52.4 426
1732647522601 53.9 427
1732647532716 55.8 428
1732647542828 54.7 429
1732647552907 61.6 430
1732647563001 64.1 431
1732647573104 65.6 432
1732647583217 68.1 433
1732647593377 71.6 434
1732647603500 73.6 435
1732647613610 86.7 436
1732647623732 73.4 437
1732647633828 55.2 438
1732647643947 53.7 439
1732647654044 59.4 440
1732647664131 58.7 441
1732647674259 68.5 442
1732647684390 66.5 443
1732647694508 69.5 444
1732647704633 77.8 445
1732647714758 70.6 446
1732647724881 77.9 447
1732647735007 54.1 448
1732647745126 56.4 449
1732647755242 58.9 450
1732647765376 60.9 451
1732647775505 63.8 452
1732647785631 64.8 453
1732647795753 69.0 454
1732647805880 71.2 455
1732647816016 74.2 456
1732647826142 75.4 457
1732647836273 73.7 458
1732647846418 53.1 459
1732647856537 54.8 460
1732647866660 57.2 461
1732647876769 60.3 462
1732647886911 61.5 463
1732647896993 64.6 464
1732647907110 66.8 465
1732647917234 70.6 466
1732647927368 73.5 467
1732647937485 73.8 468
1732647947606 52.6 469
1732647957733 54.3 470
1732647967869 53.8 471
1732647977989 59.6 472
1732647988114 61.6 473
1732647998242 62.7 474
1732648008375 66.2 475
1732648018506 71.3 476
1732648028651 70.0 477
1732648038797 72.0 478
1732648048925 73.8 479
1732648059051 52.2 480
1732648069157 53.4 481
1732648079283 55.3 482
1732648089406 59.0 483
1732648099544 55.4 484
1732648109672 62.0 485
1732648119795 64.9 486
1732648129924 68.2 487
1732648140046 70.0 488
1732648150176 71.9 489
1732648160269 74.4 490
1732648170392 52.8 491
1732648180526 55.9 492
1732648190668 57.9 493
1732648200799 60.2 494
1732648210925 63.5 495
1732648221024 63.6 496
1732648231144 69.1 497
1732648241262 71.8 498
1732648251342 67.8 499
1732648261466 73.4 500
1732648271594 53.0 501
1732648281732 56.8 502
1732648291857 59.2 503
1732648301986 61.4 504
1732648312116 64.3 505
1732648322234 67.4 506
1732648332329 68.7 507
1732648342455 70.6 508
1732648352586 74.2 509
1732648362717 95.1 510
1732648372853 52.0 511
1732648382989 55.4 512
1732648393123 57.9 513
1732648403204 60.3 514
1732648413328 63.7 515
1732648423458 66.5 516
1732648433572 69.2 517
1732648443692 71.8 518
1732648453830 77.8 519
1732648463932 74.4 520
1732648474077 53.3 521
1732648484206 56.5 522
1732648494341 59.4 523
1732648504475 61.0 524
1732648514600 62.8 525
1732648524731 66.1 526
1732648534882 63.2 527
1732648545008 71.4 528
1732648555479 72.8 529
1732648565605 74.5 530
1732648575719 51.5 531
1732648585847 54.5 532
1732648595992 58.4 533
1732648606118 60.7 534
1732648616216 61.8 535
1732648626340 65.6 536
1732648636471 62.6 537
1732648646607 70.8 538
1732648656754 72.3 539
1732648666903 75.9 540
1732648677042 51.3 541
1732648687180 53.3 542
1732648697288 57.1 543
1732648707439 58.9 544
1732648717574 62.0 545
1732648727708 66.6 546
1732648737839 67.7 547
1732648747975 62.1 548
1732648758058 71.2 549
1732648768185 76.4 550
1732648778312 53.8 551
1732648788450 57.9 552
1732648798598 56.4 553
1732648808743 61.6 554
1732648818884 64.6 555
1732648829035 66.7 556
1732648839174 68.6 557
1732648849315 70.8 558
1732648859454 72.4 559
1732648869577 75.4 560
1732648879714 56.1 561
1732648889854 54.8 562
1732648899994 58.2 563
1732648910125 61.2 564
1732648920259 62.9 565
1732648930397 67.1 566
1732648940532 69.0 567
1732648950671 68.7 568
1732648960811 74.9 569
1732648970960 54.2 570
1732648981091 55.3 571
1732648991233 57.3 572
1732649001363 60.0 573
1732649011501 64.1 574
1732649021639 65.1 575
1732649031793 68.5 576
1732649041932 72.0 577
1732649052048 87.4 578
1732649062183 51.8 579
1732649072323 54.8 580
1732649082463 57.1 581
1732649092587 58.9 582
1732649102715 60.2 583
1732649112846 65.3 584
1732649122980 66.4 585
1732649133119 68.3 586
1732649143295 72.2 587
1732649153434 75.1 588
1732649163576 52.4 589
1732649173720 54.8 590
1732649183861 58.1 591
1732649194006 60.5 592
1732649204143 67.0 593
1732649214280 63.5 594
1732649224422 67.3 595
1732649234560 73.2 596
1732649244699 72.3 597
1732649254837 75.3 598
