1732643211310 9042.9 0
1732643221361 18891.9 1
1732643231421 21159.0 2
1732643241480 22311.5 3
1732643251528 23475.9 4
1732643261611 24653.0 5
1732643271678 25379.3 6
1732643281734 26318.4 7
1732643292133 27330.3 8
1732643302217 24816.7 9
1732643312271 17323.0 10
1732643322327 18488.0 11
1732643332406 19543.6 12
1732643342464 18146.9 13
1732643352525 20827.4 14
1732643362601 22253.5 15
1732643372657 23118.8 16
1732643382718 23612.1 17
1732643392786 24626.2 18
1732643402846 30697.0 19
1732643412911 24624.7 20
1732643422973 16801.6 21
1732643433049 19477.3 22
1732643443111 18623.2 23
1732643453180 19694.9 24
1732643463237 21058.5 25
1732643473299 21798.7 26
1732643483367 23234.8 27
1732643493448 24962.1 28
1732643503516 22466.9 29
1732643513571 24321.6 30
1732643523654 16864.3 31
1732643533709 18196.9 32
1732643543774 18690.5 33
1732643553870 19390.6 34
1732643563957 20568.1 35
1732643574027 21648.5 36
1732643584110 22308.4 37
1732643594194 23016.4 38
1732643604273 23748.2 39
1732643614341 24930.1 40
1732643624410 17357.5 41
1732643634489 18040.8 42
1732643644558 18917.4 43
1732643654642 19700.2 44
1732643664711 20646.8 45
1732643674794 21836.8 46
1732643684876 22743.0 47
1732643694950 24458.9 48
1732643705078 17308.6 49
1732643715152 17470.5 50
1732643725233 17879.3 51
1732643735291 18919.0 52
1732643745348 19154.6 53
1732643755430 20761.4 54
1732643765501 21592.2 55
1732643775596 22478.8 56
1732643785682 23250.0 57
1732643795749 24091.2 58
1732643805814 24556.8 59
1732643815888 17203.1 60
1732643825959 18065.9 61
1732643836035 19323.7 62
1732643846117 20094.9 63
1732643856175 20737.2 64
1732643866265 21746.3 65
1732643876335 20725.5 66
1732643886414 22966.1 67
1732643896490 23608.7 68
1732643906573 24324.9 69
1732643916643 17263.6 70
1732643926719 18303.3 71
1732643936794 19149.8 72
1732643946860 19889.0 73
1732643956936 20768.2 74
1732643967010 21053.1 75
1732643977092 21828.0 76
1732643987162 22692.6 77
1732643997230 23678.1 78
1732644007297 25045.6 79
1732644017379 17175.9 80
1732644027448 18059.8 81
1732644037523 18386.5 82
1732644047581 19524.8 83
1732644057649 20852.5 84
1732644067709 22124.5 85
1732644077789 22770.6 86
1732644087870 23631.7 87
1732644097966 24603.3 88
1732644108038 24296.4 89
1732644118127 17334.9 90
1732644128216 18363.9 91
1732644138283 18975.9 92
1732644148373 19792.8 93
1732644158441 20879.0 94
1732644168517 21735.5 95
1732644178611 23079.2 96
1732644188693 24218.4 97
1732644198774 25503.2 98
1732644208860 17373.7 99
1732644218932 17294.2 100
1732644229003 18028.8 101
1732644239087 18999.7 102
1732644249153 19649.7 103
1732644259247 20941.5 104
1732644269308 21351.7 105
1732644279413 22373.8 106
1732644289483 23239.8 107
1732644299582 23992.8 108
1732644309643 25391.2 109
1732644319726 18274.1 110
1732644329810 19048.3 111
1732644339911 20020.4 112
1732644349987 21427.6 113
1732644360082 22366.4 114
1732644370160 23764.5 115
1732644380239 24395.3 116
1732644390317 25472.9 117
1732644400395 17556.9 118
1732644410470 18164.8 119
1732644420541 19533.9 120
1732644430627 20992.8 121
1732644440715 22464.0 122
1732644450794 22660.0 123
1732644460897 24381.6 124
1732644470984 16994.0 125
1732644481060 17637.8 126
1732644491138 18513.3 127
1732644501225 19673.1 128
1732644511302 20656.4 129
1732644521382 21882.3 130
1732644531469 23269.1 131
1732644541553 24145.2 132
1732644551639 26603.3 133
1732644561733 17072.8 134
1732644571817 18192.3 135
1732644581877 18749.8 136
1732644591967 19938.5 137
1732644602040 20513.8 138
1732644612123 21698.8 139
1732644622201 22898.1 140
1732644632282 24041.5 141
1732644642365 24941.8 142
1732644652424 17457.5 143
1732644662496 18447.8 144
1732644672586 19181.0 145
1732644682666 19767.4 146
1732644692759 20694.9 147
1732644702849 21348.1 148
1732644712947 22085.6 149
1732644723032 22921.0 150
1732644733118 23902.0 151
1732644743210 25531.4 152
1732644753306 17516.1 153
1732644763403 17868.3 154
1732644773482 19094.5 155
1732644783564 19959.2 156
1732644793655 20924.3 157
1732644803723 21637.1 158
1732644813816 22503.4 159
1732644823905 23755.3 160
1732644833969 25128.7 161
1732644844056 17811.5 162
1732644854129 19206.2 163
1732644864226 20593.7 164
1732644874324 21891.6 165
1732644884921 23253.1 166
1732644895001 24716.5 167
1732644905101 17316.1 168
1732644915178 18167.6 169
1732644925238 19380.7 170
1732644935295 20733.0 171
1732644945375 21473.7 172
1732644955471 22926.4 173
1732644965563 24292.3 174
1732644975656 25183.5 175
1732644985731 18228.2 176
1732644995814 19141.3 177
1732645005915 20248.7 178
1732645015994 21421.2 179
1732645026095 22571.2 180
1732645036174 23849.9 181
1732645046282 24448.6 182
1732645056384 17443.2 183
1732645066473 18757.0 184
1732645076561 20252.6 185
1732645086649 21599.7 186
1732645096711 22891.3 187
1732645106833 24266.5 188
1732645116909 17034.8 189
1732645127010 17533.2 190
1732645137091 18576.8 191
1732645147179 19831.1 192
1732645157268 21147.4 193
1732645167342 21962.6 194
1732645177436 22694.1 195
1732645187522 23985.5 196
1732645197619 25523.3 197
1732645207710 17717.3 198
1732645217809 18309.5 199
1732645227914 19583.0 200
1732645237999 20821.2 201
1732645248098 22145.6 202
1732645258179 23400.0 203
1732645268278 24352.5 204
1732645278362 25385.1 205
1732645288448 17675.1 206
1732645298546 18525.0 207
1732645308632 19630.5 208
1732645318730 20912.5 209
1732645328822 22172.6 210
1732645338909 23459.7 211
1732645349021 24148.4 212
1732645359118 16827.1 213
1732645369202 17472.1 214
1732645379303 18611.4 215
1732645389404 19242.3 216
1732645399496 20500.0 217
1732645409607 21911.2 218
1732645419707 23098.2 219
1732645429807 23989.5 220
1732645439906 31200.8 221
1732645450000 17100.8 222
1732645460087 18422.8 223
1732645470186 19379.8 224
1732645480285 20503.4 225
1732645490365 21308.6 226
1732645500466 22167.5 227
1732645510563 23494.1 228
1732645520662 25793.4 229
1732645530763 25485.6 230
1732645540863 18124.2 231
1732645550971 19368.9 232
1732645561072 19882.3 233
1732645571159 20515.4 234
1732645581253 21541.2 235
1732645591416 22922.1 236
1732645601532 24392.2 237
1732645611632 17110.1 238
1732645621720 18284.1 239
1732645631823 19308.3 240
1732645641930 20806.7 241
1732645652058 22455.0 242
1732645662165 24058.8 243
1732645672243 24501.7 244
1732645682323 18424.3 245
1732645692440 20031.8 246
1732645702536 20740.9 247
1732645712624 21864.7 248
1732645722728 22858.7 249
1732645732819 23598.9 250
1732645742905 25942.5 251
1732645753020 25638.0 252
1732645763121 17895.6 253
1732645773224 18883.8 254
1732645783317 20436.1 255
1732645793419 22014.1 256
1732645803500 22155.5 257
1732645813589 24226.0 258
1732645823688 25671.9 259
1732645833785 18399.1 260
1732645843886 19220.0 261
1732645853978 20545.1 262
1732645864086 21428.9 263
1732645874188 22749.4 264
1732645884281 23510.8 265
1732645894405 24183.5 266
1732645904503 25622.9 267
1732645914593 18020.3 268
1732645924674 19064.4 269
1732645934790 19746.9 270
1732645944893 20681.3 271
1732645954987 21815.4 272
1732645965102 24597.3 273
1732645975207 23244.5 274
1732645985282 27458.9 275
1732645995387 17279.9 276
1732646005494 18835.3 277
1732646015600 21842.7 278
1732646025715 21068.6 279
1732646035825 22473.1 280
1732646045907 23795.6 281
1732646056007 24433.2 282
1732646066119 24557.6 283
1732646076188 17624.0 284
1732646086276 18979.7 285
1732646096376 19883.5 286
1732646106497 20841.7 287
1732646116602 22013.3 288
1732646126703 23471.1 289
1732646136813 24470.2 290
1732646146906 25641.2 291
1732646157025 17973.2 292
1732646167102 19043.6 293
1732646177216 20405.5 294
1732646187293 21810.1 295
1732646197401 23235.4 296
1732646207534 23967.2 297
1732646217639 24833.5 298
1732646227745 17565.3 299
1732646237825 18499.6 300
1732646247915 19177.5 301
1732646258031 20484.4 302
1732646268132 21440.0 303
1732646278240 22690.0 304
1732646288365 23979.0 305
1732646298475 25736.7 306
1732646308585 18022.0 307
1732646318688 19110.7 308
1732646328811 19803.0 309
1732646338913 21057.7 310
1732646349000 22388.2 311
1732646359117 23794.0 312
1732646369195 24861.5 313
1732646379321 17613.1 314
1732646389423 18322.0 315
1732646399509 18750.5 316
1732646409616 20156.4 317
1732646419719 20670.2 318
1732646429830 21471.8 319
1732646439946 22023.7 320
1732646450054 22945.3 321
1732646460160 23871.3 322
1732646470263 25752.4 323
1732646480377 18155.3 324
1732646490480 18957.1 325
1732646500594 19824.8 326
1732646510674 20738.7 327
1732646520765 21458.4 328
1732646530884 22735.9 329
1732646540994 23990.4 330
1732646551126 26006.5 331
1732646561212 24952.5 332
1732646571285 18066.2 333
1732646581386 19201.0 334
1732646591494 20404.3 335
1732646601594 21637.5 336
1732646611699 22813.1 337
1732646622171 23832.5 338
1732646632277 24867.4 339
1732646642389 17214.6 340
1732646652483 18300.2 341
1732646662602 19048.6 342
1732646672723 19737.5 343
1732646682849 20451.7 344
1732646692977 21588.8 345
1732646703073 22853.4 346
1732646713202 24043.9 347
1732646723323 24465.4 348
1732646733438 17978.9 349
1732646743566 17889.5 350
1732646753685 19763.8 351
1732646763798 20766.7 352
1732646773917 21922.8 353
1732646784024 23485.4 354
1732646794125 24414.3 355
1732646804261 24672.7 356
1732646814385 24862.4 357
1732646824475 17817.3 358
1732646834590 19138.1 359
1732646844707 20068.4 360
1732646854824 21453.7 361
1732646864926 22917.0 362
1732646875004 23820.4 363
1732646885095 24450.4 364
1732646895208 26699.5 365
1732646905337 25589.5 366
1732646915435 18308.9 367
1732646925540 19730.2 368
1732646935652 20676.6 369
1732646945736 20797.8 370
1732646955851 21825.0 371
1732646965977 23794.4 372
1732646976099 23586.3 373
1732646986214 24245.9 374
1732646996331 25789.0 375
1732647006453 17551.1 376
1732647016574 18400.0 377
1732647026680 19706.4 378
1732647036798 20380.3 379
1732647046912 20921.7 380
1732647057032 21770.9 381
1732647067138 22822.7 382
1732647077248 23460.4 383
1732647087357 24250.0 384
1732647097459 28372.4 385
1732647107570 25869.5 386
1732647117654 18458.5 387
1732647127728 18793.0 388
1732647137808 19033.0 389
1732647147940 20389.1 390
1732647158019 21712.1 391
1732647168150 22616.3 392
1732647178268 23009.3 393
1732647188344 23585.1 394
1732647198460 24454.7 395
1732647208578 24607.2 396
1732647218691 17825.1 397
1732647228817 18434.3 398
1732647238933 18703.1 399
1732647249046 19977.7 400
1732647259168 21510.0 401
1732647269294 21796.6 402
1732647279377 22597.2 403
1732647289997 23651.0 404
1732647300129 24741.8 405
1732647310238 17076.2 406
1732647320363 17402.7 407
1732647330487 18279.7 408
1732647340605 19699.3 409
1732647350729 20317.3 410
1732647360850 21348.2 411
1732647370977 22493.5 412
1732647381093 23380.5 413
1732647391219 24018.2 414
1732647401324 24931.1 415
1732647411454 25485.4 416
1732647421544 17958.9 417
1732647431637 18874.1 418
1732647441754 19712.3 419
1732647451864 21324.3 420
1732647461975 22172.8 421
1732647472083 22653.2 422
1732647482165 23504.3 423
1732647492249 31539.4 424
1732647502370 16998.9 425
1732647512481 17565.7 426
1732647522601 18082.6 427
1732647532716 18721.0 428
1732647542828 18362.9 429
1732647552907 20650.3 430
1732647563001 21497.6 431
1732647573104 22024.8 432
1732647583217 22851.6 433
1732647593377 24015.2 434
1732647603500 24706.5 435
1732647613610 29084.1 436
1732647623732 24639.4 437
1732647633828 18507.4 438
1732647643947 18007.7 439
1732647654044 19943.0 440
1732647664131 19696.8 441
1732647674259 22981.0 442
1732647684390 22319.7 443
1732647694508 23316.6 444
1732647704633 26112.7 445
1732647714758 23701.3 446
1732647724881 26129.5 447
1732647735007 18158.1 448
1732647745126 18909.0 449
1732647755242 19768.9 450
1732647765376 20440.3 451
1732647775505 21392.6 452
1732647785631 21725.7 453
1732647795753 23138.1 454
1732647805880 23888.7 455
1732647816016 24893.2 456
1732647826142 25290.1 457
1732647836273 24718.0 458
1732647846418 17817.4 459
1732647856537 18377.7 460
1732647866660 19198.3 461
1732647876769 20225.7 462
1732647886911 20622.3 463
1732647896993 21677.6 464
1732647907110 22404.4 465
1732647917234 23692.1 466
1732647927368 24646.7 467
1732647937485 24744.9 468
1732647947606 17651.8 469
1732647957733 18210.9 470
1732647967869 18065.9 471
1732647977989 20007.6 472
1732647988114 20665.2 473
1732647998242 21035.0 474
1732648008375 22209.1 475
1732648018506 23926.2 476
1732648028651 23468.0 477
1732648038797 24160.3 478
1732648048925 24745.6 479
1732648059051 17519.3 480
1732648069157 17906.6 481
1732648079283 18539.0 482
1732648089406 19782.3 483
1732648099544 18602.4 484
1732648109672 20786.7 485
1732648119795 21778.4 486
1732648129924 22869.5 487
1732648140046 23496.5 488
1732648150176 24108.5 489
1732648160269 24944.6 490
1732648170392 17711.5 491
1732648180526 18757.8 492
1732648190668 19427.1 493
1732648200799 20212.7 494
1732648210925 21318.0 495
1732648221024 21343.3 496
1732648231144 23189.1 497
1732648241262 24077.3 498
1732648251342 22759.1 499
1732648261466 24623.8 500
1732648271594 17773.7 501
1732648281732 19057.1 502
1732648291857 19857.9 503
1732648301986 20597.9 504
1732648312116 21565.0 505
1732648322234 22621.4 506
1732648332329 23041.7 507
1732648342455 23671.2 508
1732648352586 24880.1 509
1732648362717 31915.7 510
1732648372853 17461.0 511
1732648382989 18585.1 512
1732648393123 19409.5 513
1732648403204 20225.5 514
1732648413328 21358.3 515
1732648423458 22297.2 516
1732648433572 23206.5 517
1732648443692 24076.3 518
1732648453830 26114.1 519
1732648463932 24948.1 520
1732648474077 17893.7 521
1732648484206 18972.1 522
1732648494341 19934.6 523
1732648504475 20480.5 524
1732648514600 21069.9 525
1732648524731 22165.3 526
1732648534882 21201.1 527
1732648545008 23968.3 528
1732648555479 24434.4 529
1732648565605 24994.7 530
1732648575719 17261.2 531
1732648585847 18279.7 532
1732648595992 19588.1 533
1732648606118 20350.8 534
1732648616216 20721.4 535
1732648626340 21994.9 536
1732648636471 20997.0 537
1732648646607 23739.1 538
1732648656754 24264.3 539
1732648666903 25448.9 540
1732648677042 17224.8 541
1732648687180 17894.7 542
1732648697288 19158.3 543
1732648707439 19762.3 544
1732648717574 20786.9 545
1732648727708 22345.8 546
1732648737839 22696.2 547
1732648747975 20849.4 548
1732648758058 23900.6 549
1732648768185 25631.7 550
1732648778312 18064.1 551
1732648788450 19429.2 552
1732648798598 18937.8 553
1732648808743 20676.2 554
1732648818884 21679.4 555
1732648829035 22361.7 556
1732648839174 23013.4 557
1732648849315 23738.8 558
1732648859454 24298.3 559
1732648869577 25306.8 560
1732648879714 18813.8 561
1732648889854 18388.9 562
1732648899994 19516.2 563
1732648910125 20536.7 564
1732648920259 21111.2 565
1732648930397 22513.2 566
1732648940532 23140.3 567
1732648950671 23060.0 568
1732648960811 25115.9 569
1732648970960 18190.9 570
1732648981091 18554.7 571
1732648991233 19234.7 572
1732649001363 20139.6 573
1732649011501 21511.5 574
1732649021639 21826.6 575
1732649031793 22978.1 576
1732649041932 24167.7 577
1732649052048 29328.7 578
1732649062183 17381.8 579
1732649072323 18372.9 580
1732649082463 19158.1 581
1732649092587 19772.0 582
1732649102715 20199.8 583
1732649112846 21897.0 584
1732649122980 22265.0 585
1732649133119 22914.5 586
1732649143295 24215.0 587
1732649153434 25206.0 588
1732649163576 17571.4 589
1732649173720 18368.6 590
1732649183861 19482.6 591
1732649194006 20300.9 592
1732649204143 22461.6 593
1732649214280 21314.3 594
1732649224422 22568.6 595
1732649234560 24569.7 596
1732649244699 24272.6 597
1732649254837 25264.4 598
