1732474262488 0.01874730922281742 6144
1732474329019 0.001484404900111258 9216
1732474391300 0.002867949428036809 12288
1732474455518 0.005499495659023523 15360
1732474512016 0.001972218044102192 18432
1732474568253 0.00881951954215765 21504
1732474618076 0.006330081727355719 24576
1732474681716 0.007346400525420904 27648
1732474740598 0.00627341540530324 30720
1732474795711 0.0017024591797962785 33792
1732474852924 0.00463719479739666 36864
1732474912432 0.0035469094291329384 39936
1732474964468 0.004832827020436525 43008
1732475034569 0.004572955425828695 46080
1732475098885 0.0035108134616166353 49152
1732475154217 0.0017846798291429877 52224
1732475213624 0.0014002228854224086 55296
1732475262727 0.0013902768259868026 58368
1732475320409 0.0047571673057973385 61440
1732475384459 0.004458711016923189 64512
1732475441922 0.0002319649647688493 67584
1732475507718 0.0022757689002901316 70656
1732475567027 0.0027489166241139174 73728
1732475634653 0.0010362423490732908 76800
1732475694089 0.000866797287017107 79872
1732475759725 0.0004589033778756857 82944
1732475817498 0.00015031453222036362 86016
1732475895052 9.444289753446355e-05 89088
1732475957910 1.3813454415867454e-06 92160
1732476025763 1.529817564005498e-05 95232
1732476096549 2.298950448675896e-06 98304
1732476166617 7.363346867350629e-06 101376
1732476237142 2.0325533114373684e-06 104448
1732476306235 1.7234959159395657e-05 107520
1732476364267 8.675968274474144e-06 110592
1732476426128 0.00012323060946073383 113664
1732476489436 0.0013378500007092953 116736
1732476553244 7.5917923822999e-06 119808
1732476616619 1.7670701708993874e-05 122880
1732476685979 4.6847020712448284e-05 125952
1732476750783 5.044706631451845e-05 129024
1732476812709 4.9094087444245815e-06 132096
1732476867563 1.2971382830073708e-06 135168
1732476934850 1.6472729839733802e-05 138240
1732476996079 1.354364212602377e-05 141312
1732477060294 0.00018322531832382083 144384
1732477119068 1.038634218275547e-05 147456
1732477176718 8.665956556797028e-07 150528
1732477240392 9.582766324456315e-06 153600
1732477311568 3.9424823626177385e-05 156672
1732477376923 0.0002520715061109513 159744
1732477438074 0.0003334585053380579 162816
1732477495436 5.161661533747974e-07 165888
1732477562615 4.6472609938064124e-06 168960
1732477625985 8.191724919015542e-05 172032
1732477692697 8.484302088618279e-05 175104
1732477755601 4.2230705730617046e-05 178176
1732477819884 6.41161250314326e-06 181248
1732477882943 5.041640906711109e-05 184320
1732477943877 2.5776971597224474e-05 187392
1732478016691 7.1172253228724e-06 190464
1732478075379 3.778511427299236e-06 193536
1732478139125 8.857459761202335e-07 196608
1732478202476 7.154788818297675e-06 199680
1732478261249 8.391992309952911e-07 202752
