1732474262494 0.29954427083333335 6144
1732474329022 0.0521484375 9216
1732474391305 0.08723958333333333 12288
1732474455523 0.030403645833333333 15360
1732474512021 0.047526041666666664 18432
1732474568256 0.0814453125 21504
1732474618082 0.1146484375 24576
1732474681721 0.1033203125 27648
1732474740603 0.03131510416666667 30720
1732474795715 0.033463541666666666 33792
1732474852930 0.0873046875 36864
1732474912435 0.0767578125 39936
1732474964473 0.077734375 43008
1732475034575 0.12259114583333333 46080
1732475098889 0.08697916666666666 49152
1732475154222 0.0533203125 52224
1732475213629 0.05846354166666667 55296
1732475262731 0.015755208333333333 58368
1732475320414 0.071875 61440
1732475384464 0.07044270833333334 64512
1732475441927 0.04798177083333333 67584
1732475507723 0.07688802083333333 70656
1732475567031 0.08046875 73728
1732475634657 0.07662760416666667 76800
1732475694094 0.03170572916666667 79872
1732475759742 0.00026041666666666666 82944
1732475817503 0.0 86016
1732475895056 0.0 89088
1732475957915 0.0 92160
1732476025767 0.0 95232
1732476096554 0.0 98304
1732476166621 0.0 101376
1732476237148 0.0 104448
1732476306237 0.0 107520
1732476364272 0.0 110592
1732476426133 0.0 113664
1732476489441 0.0482421875 116736
1732476553249 0.0 119808
1732476616624 0.0 122880
1732476685984 0.0 125952
1732476750789 0.0 129024
1732476812714 0.0 132096
1732476867570 0.0 135168
1732476934855 0.0 138240
1732476996084 0.0 141312
1732477060300 0.000390625 144384
1732477119073 0.0 147456
1732477176724 0.0 150528
1732477240397 0.0 153600
1732477311574 0.0 156672
1732477376927 0.026171875 159744
1732477438079 0.03138020833333333 162816
1732477495441 0.0 165888
1732477562620 0.0 168960
1732477625989 0.00234375 172032
1732477692703 0.004622395833333333 175104
1732477755606 0.0009765625 178176
1732477819889 0.0 181248
1732477882953 0.0533203125 184320
1732477943883 0.0027994791666666667 187392
1732478016696 0.0 190464
1732478075385 6.510416666666667e-05 193536
1732478139130 0.0 196608
1732478202481 0.14108072916666667 199680
1732478261255 0.02578125 202752
