1732474262505 0.9847935999999999 6144
1732474329029 0.9695872 9216
1732474391314 0.9543808 12288
1732474455534 0.9391744 15360
1732474512030 0.923968 18432
1732474568264 0.9087616 21504
1732474618092 0.8935552 24576
1732474681731 0.8783488 27648
1732474740614 0.8631424 30720
1732474795724 0.847936 33792
1732474852941 0.8327296 36864
1732474912443 0.8175232 39936
1732474964483 0.8023168 43008
1732475034597 0.7871104 46080
1732475098896 0.771904 49152
1732475154233 0.7566976 52224
1732475213639 0.7414912 55296
1732475262739 0.7262848 58368
1732475320424 0.7110784 61440
1732475384474 0.695872 64512
1732475441938 0.6806656000000001 67584
1732475507734 0.6654592 70656
1732475567043 0.6502528 73728
1732475634664 0.6350463999999999 76800
1732475694104 0.61984 79872
1732475759754 0.6046336000000001 82944
1732475817513 0.5894272 86016
1732475895076 0.5742208 89088
1732475957926 0.5590143999999999 92160
1732476025777 0.5438080000000001 95232
1732476096577 0.5286016 98304
1732476166629 0.5133952 101376
1732476237158 0.4981888 104448
1732476306243 0.4829824 107520
1732476364283 0.467776 110592
1732476426144 0.4525696 113664
1732476489450 0.43736319999999995 116736
1732476553258 0.42215680000000005 119808
1732476616634 0.4069504 122880
1732476685996 0.39174400000000004 125952
1732476750800 0.37653760000000003 129024
1732476812724 0.36133119999999996 132096
1732476867595 0.34612480000000007 135168
1732476934865 0.3309184 138240
1732476996094 0.315712 141312
1732477060310 0.30050560000000004 144384
1732477119084 0.2852992 147456
1732477176735 0.27009279999999997 150528
1732477240406 0.2548864 153600
1732477311596 0.23968 156672
1732477376934 0.22447360000000005 159744
1732477438090 0.20926720000000001 162816
1732477495464 0.19406079999999998 165888
1732477562631 0.17885440000000005 168960
1732477625997 0.16364800000000002 172032
1732477692713 0.14844159999999998 175104
1732477755617 0.13323520000000003 178176
1732477819899 0.11802879999999999 181248
1732477882964 0.10282239999999995 184320
1732477943893 0.08761600000000001 187392
1732478016707 0.07240959999999998 190464
1732478075396 0.05720319999999995 193536
1732478139141 0.041996800000000015 196608
1732478202506 0.026790399999999978 199680
1732478261265 0.011584000000000046 202752
