1732474262499 0.19695872 6144
1732474329026 0.19391744000000002 9216
1732474391310 0.19087616000000002 12288
1732474455529 0.18783488 15360
1732474512025 0.1847936 18432
1732474568261 0.18175232 21504
1732474618087 0.17871104 24576
1732474681726 0.17566976 27648
1732474740609 0.17262848 30720
1732474795720 0.16958720000000002 33792
1732474852936 0.16654592000000001 36864
1732474912439 0.16350464 39936
1732474964478 0.16046336000000003 43008
1732475034580 0.15742208000000002 46080
1732475098893 0.1543808 49152
1732475154228 0.15133952 52224
1732475213634 0.14829824 55296
1732475262735 0.14525696 58368
1732475320419 0.14221568 61440
1732475384469 0.13917440000000003 64512
1732475441932 0.13613312000000002 67584
1732475507728 0.13309184000000002 70656
1732475567036 0.13005056 73728
1732475634661 0.12700928 76800
1732475694099 0.12396800000000001 79872
1732475759748 0.12092672000000002 82944
1732475817508 0.11788544000000001 86016
1732475895059 0.11484416 89088
1732475957921 0.11180288 92160
1732476025772 0.10876160000000001 95232
1732476096560 0.10572032 98304
1732476166625 0.10267904000000001 101376
1732476237153 0.09963776 104448
1732476306240 0.09659648 107520
1732476364278 0.09355520000000002 110592
1732476426139 0.09051392 113664
1732476489445 0.08747263999999999 116736
1732476553254 0.08443136000000001 119808
1732476616629 0.08139008 122880
1732476685990 0.07834880000000001 125952
1732476750794 0.07530752 129024
1732476812719 0.07226624 132096
1732476867577 0.06922496000000002 135168
1732476934860 0.06618368000000001 138240
1732476996089 0.06314239999999999 141312
1732477060305 0.06010112000000001 144384
1732477119078 0.05705984 147456
1732477176729 0.05401855999999999 150528
1732477240401 0.05097728000000001 153600
1732477311579 0.047936 156672
1732477376930 0.04489472000000001 159744
1732477438084 0.041853440000000006 162816
1732477495447 0.03881216 165888
1732477562626 0.03577088000000001 168960
1732477625993 0.032729600000000005 172032
1732477692708 0.029688319999999997 175104
1732477755612 0.02664704000000001 178176
1732477819894 0.023605760000000003 181248
1732477882958 0.02056447999999999 184320
1732477943888 0.017523200000000006 187392
1732478016702 0.014481919999999997 190464
1732478075390 0.01144063999999999 193536
1732478139136 0.008399360000000003 196608
1732478202487 0.005358079999999995 199680
1732478261260 0.002316800000000009 202752
