1732474262510 -2.847884941101074 6144
1732474329032 -2.8665836652119956 9216
1732474391319 -2.882528877258301 12288
1732474455539 -2.8995033502578735 15360
1732474512035 -2.919967246055603 18432
1732474568268 -2.937323808670044 21504
1732474618097 -2.957078798611959 24576
1732474681736 -2.9763204574584963 27648
1732474740619 -2.9969677130381265 30720
1732474795729 -3.010405906041463 33792
1732474852947 -3.0288681268692015 36864
1732474912446 -3.0460198481877643 39936
1732474964500 -3.059044679005941 43008
1732475034602 -3.0756645679473875 46080
1732475098900 -3.091383131345113 49152
1732475154237 -3.1056074062983194 52224
1732475213643 -3.1191168149312336 55296
1732475262743 -3.1317009131113687 58368
1732475320428 -3.1414309183756512 61440
1732475384479 -3.1515898942947387 64512
1732475441943 -3.160772522290548 67584
1732475507739 -3.1699978351593017 70656
1732475567050 -3.1876269419987997 73728
1732475634668 -3.20527069568634 76800
1732475694110 -3.2219074964523315 79872
1732475759760 -3.236530613899231 82944
1732475817517 -3.2414050658543903 86016
1732475895081 -3.2420472462972003 89088
1732475957931 -3.2422334988911947 92160
1732476025781 -3.242454187075297 95232
1732476096584 -3.2429455598195394 98304
1732476166632 -3.243199666341146 101376
1732476237164 -3.2433386564254763 104448
1732476306246 -3.243565821647644 107520
1732476364288 -3.2439069747924805 110592
1732476426149 -3.244072612126668 113664
1732476489454 -3.2457505146662395 116736
1732476553263 -3.246756347020467 119808
1732476616638 -3.247267238299052 122880
1732476686002 -3.247494173049927 125952
1732476750805 -3.2477664868036906 129024
1732476812729 -3.2480597734451293 132096
1732476867601 -3.2482596397399903 135168
1732476934870 -3.2484086592992147 138240
1732476996099 -3.248660620053609 141312
1732477060316 -3.249543889363607 144384
1732477119089 -3.2500855127970376 147456
1732477176740 -3.2505214770634967 150528
1732477240411 -3.250893982251485 153600
1732477311601 -3.251144289970398 156672
1732477376937 -3.2525108893712362 159744
1732477438095 -3.2578965425491333 162816
1732477495470 -3.2592685222625732 165888
1732477562636 -3.259775145848592 168960
1732477626000 -3.2599788904190063 172032
1732477692719 -3.2604856570561727 175104
1732477755623 -3.2612326939900718 178176
1732477819904 -3.2614840269088745 181248
1732477882969 -3.262113086382548 184320
1732477943899 -3.262518040339152 187392
1732478016712 -3.2627737124760947 190464
1732478075401 -3.2630301475524903 193536
1732478139148 -3.2631858507792155 196608
1732478202512 -3.263321789105733 199680
1732478261271 -3.263460357983907 202752
