1732474262516 -0.0019309520721435547 6144
1732474329036 -0.0002467632293701172 9216
1732474391323 0.0002582073211669922 12288
1732474455544 0.00033211708068847656 15360
1732474512039 0.0004279017448425293 18432
1732474568272 0.00017213821411132812 21504
1732474618103 0.00034171342849731445 24576
1732474681741 8.213520050048828e-05 27648
1732474740625 7.56382942199707e-05 30720
1732474795733 6.955862045288086e-05 33792
1732474852953 0.0007908344268798828 36864
1732474912450 0.000376284122467041 39936
1732474964505 0.0007748603820800781 43008
1732475034608 -0.0004391670227050781 46080
1732475098904 0.0009669065475463867 49152
1732475154243 0.0016272664070129395 52224
1732475213647 0.00380098819732666 55296
1732475262748 0.007141292095184326 58368
1732475320433 0.008976221084594727 61440
1732475384484 0.007485389709472656 64512
1732475441948 0.014454782009124756 67584
1732475507744 0.11310464143753052 70656
1732475567056 -0.008434534072875977 73728
1732475634672 0.0016024112701416016 76800
1732475694115 0.01246708631515503 79872
1732475759766 0.01479250192642212 82944
1732475817522 0.05061221122741699 86016
1732475895086 0.17789745330810547 89088
1732475957937 0.24913865327835083 92160
1732476025797 0.250995934009552 95232
1732476096591 0.2518284320831299 98304
1732476166636 0.358650267124176 101376
1732476237169 0.4055027961730957 104448
1732476306249 0.3872759938240051 107520
1732476364294 0.41976481676101685 110592
1732476426154 0.39502477645874023 113664
1732476489459 0.10501009225845337 116736
1732476553268 0.27871888875961304 119808
1732476616644 0.4398406744003296 122880
1732476686007 0.34592193365097046 125952
1732476750810 0.3853558897972107 129024
1732476812734 0.4529643654823303 132096
1732476867608 0.38893938064575195 135168
1732476934875 0.5277512073516846 138240
1732476996104 0.4058130979537964 141312
1732477060321 0.09279024600982666 144384
1732477119094 0.27792054414749146 147456
1732477176745 0.40088438987731934 150528
1732477240426 0.4392085075378418 153600
1732477311606 0.4160272479057312 156672
1732477376940 0.47925835847854614 159744
1732477438101 0.08056223392486572 162816
1732477495475 0.21808338165283203 165888
1732477562642 0.2247726321220398 168960
1732477626004 0.323017954826355 172032
1732477692724 0.4501693844795227 175104
1732477755628 0.4000926613807678 178176
1732477819908 0.40111660957336426 181248
1732477882975 0.23404687643051147 184320
1732477943905 0.21384406089782715 187392
1732478016718 0.38119447231292725 190464
1732478075407 0.3104570508003235 193536
1732478139153 0.42407476902008057 196608
1732478202518 0.40084463357925415 199680
1732478261276 0.4463231563568115 202752
