1732474262521 0.00039391744 6144
1732474329039 0.00038783488000000005 9216
1732474391328 0.00038175232000000004 12288
1732474455550 0.00037566976 15360
1732474512044 0.0003695872 18432
1732474568276 0.00036350464 21504
1732474618108 0.00035742208 24576
1732474681746 0.00035133952000000003 27648
1732474740630 0.00034525696 30720
1732474795738 0.00033917440000000006 33792
1732474852958 0.00033309184 36864
1732474912453 0.00032700928 39936
1732474964510 0.00032092672 43008
1732475034614 0.00031484416 46080
1732475098907 0.00030876160000000005 49152
1732475154248 0.00030267904000000004 52224
1732475213651 0.00029659648 55296
1732475262753 0.00029051392 58368
1732475320449 0.00028443136 61440
1732475384489 0.00027834880000000004 64512
1732475441954 0.00027226624000000003 67584
1732475507749 0.00026618368 70656
1732475567063 0.00026010112 73728
1732475634685 0.00025401856 76800
1732475694121 0.00024793600000000003 79872
1732475759772 0.00024185344000000002 82944
1732475817527 0.00023577088 86016
1732475895090 0.00022968832 89088
1732475957942 0.00022360575999999998 92160
1732476025802 0.0002175232 95232
1732476096600 0.00021144063999999999 98304
1732476166653 0.00020535808000000003 101376
1732476237175 0.00019927552000000001 104448
1732476306252 0.00019319295999999998 107520
1732476364299 0.00018711040000000002 110592
1732476426159 0.00018102784 113664
1732476489463 0.00017494528 116736
1732476553272 0.00016886272 119808
1732476616649 0.00016278016 122880
1732476686012 0.0001566976 125952
1732476750816 0.00015061504 129024
1732476812739 0.00014453247999999998 132096
1732476867613 0.00013844992000000003 135168
1732476934880 0.00013236736 138240
1732476996109 0.00012628479999999997 141312
1732477060326 0.00012020224000000003 144384
1732477119100 0.00011411968 147456
1732477176751 0.00010803711999999999 150528
1732477240432 0.00010195456000000002 153600
1732477311612 9.5872e-05 156672
1732477376943 8.978944000000003e-05 159744
1732477438106 8.370688000000001e-05 162816
1732477495481 7.762432e-05 165888
1732477562647 7.154176000000002e-05 168960
1732477626008 6.545920000000001e-05 172032
1732477692730 5.937663999999999e-05 175104
1732477755633 5.329408000000002e-05 178176
1732477819911 4.721152e-05 181248
1732477882980 4.112895999999999e-05 184320
1732477943910 3.504640000000002e-05 187392
1732478016723 2.8963839999999998e-05 190464
1732478075412 2.288127999999998e-05 193536
1732478139157 1.6798720000000007e-05 196608
1732478202524 1.0716159999999991e-05 199680
1732478261282 4.633600000000019e-06 202752
