1732474262527 -0.2686927020549774 6144
1732474329042 6.346887588500977 9216
1732474391332 6.668484687805176 12288
1732474455555 4.773624897003174 15360
1732474512048 3.6344568729400635 18432
1732474568280 2.766119956970215 21504
1732474618113 4.056085586547852 24576
1732474681751 1.4675923585891724 27648
1732474740635 5.880068778991699 30720
1732474795742 2.849562168121338 33792
1732474852964 1.5425478219985962 36864
1732474912469 4.920088768005371 39936
1732474964517 5.458296775817871 43008
1732475034619 0.7050380706787109 46080
1732475098911 7.2722673416137695 49152
1732475154253 6.699437141418457 52224
1732475213654 0.6357612013816833 55296
1732475262757 5.519857883453369 58368
1732475320454 3.2344300746917725 61440
1732475384494 2.012716770172119 64512
1732475441959 6.834657669067383 67584
1732475507755 2.151655912399292 70656
1732475567068 7.661825656890869 73728
1732475634690 10.842703819274902 76800
1732475694127 9.062943458557129 79872
1732475759778 4.190239429473877 82944
1732475817533 6.688875675201416 86016
1732475895095 2.140082836151123 89088
1732475957947 10.396337509155273 92160
1732476025807 6.037449836730957 95232
1732476096617 7.118059158325195 98304
1732476166659 10.66451644897461 101376
1732476237180 3.7340893745422363 104448
1732476306254 8.72324275970459 107520
1732476364305 9.545243263244629 110592
1732476426164 5.708458423614502 113664
1732476489468 4.229472637176514 116736
1732476553285 4.884025573730469 119808
1732476616654 8.735780715942383 122880
1732476686018 3.693965435028076 125952
1732476750821 3.952317953109741 129024
1732476812744 6.255472660064697 132096
1732476867619 3.710571765899658 135168
1732476934885 3.5142436027526855 138240
1732476996114 6.160593509674072 141312
1732477060331 3.3433377742767334 144384
1732477119105 6.255866527557373 147456
1732477176756 4.219444751739502 150528
1732477240437 1.7537586688995361 153600
1732477311617 8.568920135498047 156672
1732477376946 8.929224967956543 159744
1732477438111 6.9352288246154785 162816
1732477495486 3.1835546493530273 165888
1732477562653 3.8445961475372314 168960
1732477626012 3.2121801376342773 172032
1732477692735 4.643441677093506 175104
1732477755639 2.4351985454559326 178176
1732477819914 6.591984748840332 181248
1732477882985 5.1523661613464355 184320
1732477943916 4.763912200927734 187392
1732478016729 3.7333035469055176 190464
1732478075418 4.766324520111084 193536
1732478139162 5.250926971435547 196608
1732478202530 2.675278902053833 199680
1732478261288 2.6494574546813965 202752
