1732474262538 -0.023865860576430958 6144
1732474329049 0.00127651736450692 9216
1732474391341 -0.00028050540325542294 12288
1732474455566 0.0004294170998036861 15360
1732474512057 -0.00019034184515476227 18432
1732474568288 -0.0010506649191180865 21504
1732474618136 -0.00047847431463499866 24576
1732474681761 -0.0013021993528430662 27648
1732474740646 0.0002726848858098189 30720
1732474795752 0.000313442200422287 33792
1732474852975 -0.001648050732910633 36864
1732474912478 -0.00013412690411011377 39936
1732474964529 -0.002178627469887336 43008
1732475034630 -0.0018314990215003491 46080
1732475098918 -0.0016857896465808154 49152
1732475154264 -0.0003351595097531875 52224
1732475213661 -0.0001420518383383751 55296
1732475262767 7.700218508640924e-05 58368
1732475320465 -0.0007443930643300215 61440
1732475384503 -0.00019409310383101304 64512
1732475441970 0.0003166418988257647 67584
1732475507766 -0.0007505634178717931 70656
1732475567079 -0.000931954151019454 73728
1732475634699 -0.0007845820393413306 76800
1732475694138 -0.0003200913468996684 79872
1732475759790 5.248867285748323e-05 82944
1732475817543 -0.00014978368611385425 86016
1732475895105 -0.00018205285693208376 89088
1732475957958 4.539724128941695e-05 92160
1732476025817 -1.4146417379379273e-05 95232
1732476096637 1.9751411552230518e-05 98304
1732476166669 -1.5648920089006425e-05 101376
1732476237191 -6.647842625776927e-06 104448
1732476306261 -4.9536023288965227e-05 107520
1732476364316 -2.498505637049675e-05 110592
1732476426174 -0.0001315951192130645 113664
1732476489477 -0.00026542684063315394 116736
1732476553295 -1.914286985993385e-06 119808
1732476616664 -8.732769638299941e-05 122880
1732476686029 -0.00016746909047166508 125952
1732476750832 -8.308556862175464e-05 129024
1732476812754 -3.2491888850927354e-05 132096
1732476867630 -7.1588282783826194e-06 135168
1732476934895 -6.0883692155281704e-05 138240
1732476996124 -1.0723527520895004e-05 141312
1732477060342 -0.00013189800083637237 144384
1732477119116 -1.68079665551583e-05 147456
1732477176767 -3.0935431520144146e-08 150528
1732477240448 -3.231344744563103e-05 153600
1732477311628 -0.00019167439701656502 156672
1732477376951 -3.6040848741928735e-05 159744
1732477438122 -0.0001878649229183793 162816
1732477495497 2.8145406395196916e-05 165888
1732477562664 -2.3944505179921786e-05 168960
1732477626032 -0.00019812130679686864 172032
1732477692746 -8.936612090716759e-05 175104
1732477755650 -9.941128082573414e-05 178176
1732477819923 6.037717685103416e-06 181248
1732477882996 -5.4136523976922037e-05 184320
1732477943926 -0.00010039291034142176 187392
1732478016740 9.136848772565524e-06 190464
1732478075428 -2.8497229019800823e-06 193536
1732478139186 -7.389842843015989e-06 196608
1732478202541 -4.856640783449014e-05 199680
1732478261298 -3.658196267982324e-06 202752
