1732474262543 1.010686993598938 6144
1732474329053 1.0187363624572754 9216
1732474391346 1.027021884918213 12288
1732474455571 1.0374574661254883 15360
1732474512076 1.0465670824050903 18432
1732474568292 1.0570440292358398 21504
1732474618141 1.0659420490264893 24576
1732474681766 1.0787967443466187 27648
1732474740652 1.0859235525131226 30720
1732474795770 1.0950868129730225 33792
1732474852981 1.1057567596435547 36864
1732474912483 1.113401174545288 39936
1732474964535 1.1216273307800293 43008
1732475034635 1.130976915359497 46080
1732475098935 1.1396344900131226 49152
1732475154268 1.147200584411621 52224
1732475213664 1.1547690629959106 55296
1732475262773 1.161473274230957 58368
1732475320470 1.1670961380004883 61440
1732475384508 1.1725287437438965 64512
1732475441975 1.1774884462356567 67584
1732475507771 1.1860785484313965 70656
1732475567084 1.19691801071167 73728
1732475634703 1.2072958946228027 76800
1732475694143 1.2171924114227295 79872
1732475759796 1.222908854484558 82944
1732475817549 1.2238645553588867 86016
1732475895109 1.2240349054336548 89088
1732475957963 1.2240967750549316 92160
1732476025822 1.2243714332580566 95232
1732476096644 1.2246050834655762 98304
1732476166675 1.224701166152954 101376
1732476237197 1.2247896194458008 104448
1732476306276 1.2250211238861084 107520
1732476364321 1.2251324653625488 110592
1732476426179 1.2255465984344482 113664
1732476489481 1.2266230583190918 116736
1732476553300 1.2270596027374268 119808
1732476616669 1.2272197008132935 122880
1732476686033 1.2273774147033691 125952
1732476750849 1.22756028175354 129024
1732476812759 1.227713942527771 132096
1732476867636 1.2278066873550415 135168
1732476934899 1.2279093265533447 138240
1732476996129 1.2282781600952148 141312
1732477060347 1.228761911392212 144384
1732477119121 1.229023814201355 147456
1732477176772 1.229286551475525 150528
1732477240454 1.229463815689087 153600
1732477311633 1.2295953035354614 156672
1732477376953 1.232468605041504 159744
1732477438128 1.2343062162399292 162816
1732477495502 1.2347662448883057 165888
1732477562669 1.2349090576171875 168960
1732477626036 1.2351040840148926 172032
1732477692751 1.2355947494506836 175104
1732477755655 1.2358394861221313 178176
1732477819929 1.236072063446045 181248
1732477883002 1.2364673614501953 184320
1732477943932 1.236624002456665 187392
1732478016745 1.2368041276931763 190464
1732478075434 1.2369201183319092 193536
1732478139191 1.236997127532959 196608
1732478202547 1.2371106147766113 199680
1732478261304 1.2371459007263184 202752
