1732474262548 0.0633123379200697 6144
1732474329056 6.986622420946757 9216
1732474391351 6.379934863249461 12288
1732474455576 6.120338344573975 15360
1732474512082 6.048684406280517 18432
1732474568295 3.807967801888784 21504
1732474618147 3.80150363445282 24576
1732474681772 1.9766264274716376 27648
1732474740657 5.5499865452448525 30720
1732474795776 3.575709009170532 33792
1732474852998 3.646686327457428 36864
1732474912487 3.5784210205078124 39936
1732474964541 5.316230471928915 43008
1732475034640 1.8277718330423036 46080
1732475098939 7.487323792775472 49152
1732475154273 7.014201386769613 52224
1732475213668 3.555551509062449 55296
1732475262779 5.314748652776083 58368
1732475320475 1.8408204689621925 61440
1732475384513 5.461095929145813 64512
1732475441981 5.360474936167399 67584
1732475507776 3.7291739106178285 70656
1732475567089 8.569180019696553 73728
1732475634708 7.035569302241007 76800
1732475694149 10.002468045552572 79872
1732475759802 5.685137406984965 82944
1732475817554 7.289835294087728 86016
1732475895114 3.6354629158973695 89088
1732475957969 9.838288386662802 92160
1732476025827 5.151192220052083 95232
1732476096650 6.843772888183594 98304
1732476166680 6.565573247273763 101376
1732476237202 5.064679543177287 104448
1732476306280 8.604039621353149 107520
1732476364326 6.847689739863077 110592
1732476426184 5.243899989128113 113664
1732476489486 6.318421880404155 116736
1732476553305 4.7311887661616 119808
1732476616674 6.590744519233704 122880
1732476686037 4.831370822588602 125952
1732476750854 6.252400159835815 129024
1732476812764 4.9204265832901 132096
1732476867641 5.152670621871948 135168
1732476934904 3.2895404656728107 138240
1732476996134 6.7632137854894 141312
1732477060353 6.282377401987712 144384
1732477119126 6.073968784014384 147456
1732477176778 3.120011631647746 150528
1732477240460 4.558032917976379 153600
1732477311639 6.201498134930929 156672
1732477376955 6.437403114636739 159744
1732477438133 4.929989854494731 162816
1732477495508 4.735429430007935 165888
1732477562674 4.785409021377563 168960
1732477626042 4.696638298034668 172032
1732477692757 4.602427768707275 175104
1732477755661 6.085314353307088 178176
1732477819935 6.198194265365601 181248
1732477883007 4.73430601755778 184320
1732477943937 6.299574510256449 187392
1732478016751 4.638332804044087 190464
1732478075439 4.662481212615967 193536
1732478139196 4.641256765524546 196608
1732478202553 4.640599306424459 199680
1732478261321 4.636431547005971 202752
