1731009387234 0.03291795775294304 6144
1731009437393 0.017474940046668053 9216
1731009504092 0.0139966094866395 12288
1731009567764 0.011124133132398129 15360
1731009633621 0.006707748863846064 18432
1731009702673 0.007435237523168325 21504
1731009771854 0.005895035807043314 24576
1731009852643 0.004600717220455408 27648
1731009940861 0.0055091045796871185 30720
1731010014064 0.006208912003785372 33792
1731010082498 0.005442196037620306 36864
1731010160933 0.005893892142921686 39936
1731010214479 0.005484036635607481 43008
1731010291605 0.009714797139167786 46080
1731010353017 0.007916013710200787 49152
1731010407252 0.011846874840557575 52224
1731010461037 0.007755611091852188 55296
1731010530189 0.008812830783426762 58368
1731010599414 0.004431102424860001 61440
1731010663945 0.03265848755836487 64512
1731010719118 0.006731528788805008 67584
1731010770094 0.016639074310660362 70656
1731010838688 0.02616899646818638 73728
1731010928436 0.032934654504060745 76800
1731011044364 0.1127292588353157 79872
1731011120768 0.06811148673295975 82944
1731011177722 0.046357735991477966 86016
1731011238264 0.013794091530144215 89088
1731011304469 0.038080956786870956 92160
1731011368049 0.012722781859338284 95232
1731011435705 0.01125266682356596 98304
1731011492353 0.06630468368530273 101376
1731011553407 0.055325914174318314 104448
1731011614715 0.01476327609270811 107520
1731011672039 0.029888160526752472 110592
1731011741752 0.022947579622268677 113664
1731011839134 0.0385931096971035 116736
1731011934660 0.013982784003019333 119808
1731012017506 0.02446172945201397 122880
1731012099639 0.011634573340415955 125952
1731012213183 0.01309558842331171 129024
1731012293616 0.031684573739767075 132096
1731012373883 0.013094556517899036 135168
1731012447286 0.01329000387340784 138240
1731012513943 0.009051716886460781 141312
1731012590345 0.007206157315522432 144384
1731012662188 0.012875868938863277 147456
1731012739586 0.014547375030815601 150528
1731012808468 0.010477269999682903 153600
1731012886160 0.024717217311263084 156672
1731013006723 0.008981303311884403 159744
1731013102249 0.027914419770240784 162816
1731013185833 0.011616185307502747 165888
1731013268155 0.021788446232676506 168960
1731013333267 0.018936442211270332 172032
1731013393102 0.00526038184762001 175104
1731013469383 0.00687623955309391 178176
1731013532437 0.00521320104598999 181248
1731013608459 0.004800293128937483 184320
1731013680021 0.00368276028893888 187392
1731013746741 0.0059287878684699535 190464
1731013827266 0.0012832947541028261 193536
1731013922201 0.0017688205698505044 196608
1731014005784 0.0007120844093151391 199680
1731014077546 0.0007142426329664886 202752
