1731009387253 0.4171006944444444 6144
1731009437396 0.2712673611111111 9216
1731009504115 0.2824435763888889 12288
1731009567769 0.1115451388888889 15360
1731009633626 0.08213975694444445 18432
1731009702678 0.04405381944444445 21504
1731009771859 0.03982204861111111 24576
1731009852646 0.03732638888888889 27648
1731009940866 0.0625 30720
1731010014069 0.06228298611111111 33792
1731010082502 0.08138020833333333 36864
1731010160938 0.08430989583333333 39936
1731010214484 0.07020399305555555 43008
1731010291610 0.10319010416666667 46080
1731010353022 0.1169704861111111 49152
1731010407257 0.09071180555555555 52224
1731010461042 0.109375 55296
1731010530193 0.06391059027777778 58368
1731010599418 0.0710720486111111 61440
1731010663948 0.1652560763888889 64512
1731010719122 0.09071180555555555 67584
1731010770098 0.1929253472222222 70656
1731010838693 0.2569444444444444 73728
1731010928441 0.3948567708333333 76800
1731011044368 0.22960069444444445 79872
1731011120773 0.14127604166666666 82944
1731011177727 0.2618272569444444 86016
1731011238268 0.1277126736111111 89088
1731011304474 0.2548828125 92160
1731011368054 0.1123046875 95232
1731011435708 0.09917534722222222 98304
1731011492359 0.4099392361111111 101376
1731011553413 0.3033854166666667 104448
1731011614720 0.22547743055555555 107520
1731011672044 0.2165798611111111 110592
1731011741757 0.13899739583333334 113664
1731011839138 0.22623697916666666 116736
1731011934666 0.07855902777777778 119808
1731012017510 0.13661024305555555 122880
1731012099644 0.08365885416666667 125952
1731012213187 0.08138020833333333 129024
1731012293620 0.16026475694444445 132096
1731012373888 0.1025390625 135168
1731012447291 0.08832465277777778 138240
1731012513949 0.10698784722222222 141312
1731012590350 0.04025607638888889 144384
1731012662192 0.10091145833333333 147456
1731012739590 0.06315104166666667 150528
1731012808473 0.087890625 153600
1731012886164 0.1509331597222222 156672
1731013006728 0.036566840277777776 159744
1731013102253 0.1003689236111111 162816
1731013185852 0.06770833333333333 165888
1731013268158 0.09049479166666667 168960
1731013333273 0.0925564236111111 172032
1731013393107 0.0400390625 175104
1731013469389 0.04296875 178176
1731013532442 0.030598958333333332 181248
1731013608462 0.023871527777777776 184320
1731013680026 0.021701388888888888 187392
1731013746746 0.030164930555555556 190464
1731013827271 0.004991319444444444 193536
1731013922206 0.0028211805555555555 196608
1731014005789 0.0035807291666666665 199680
1731014077550 0.0032552083333333335 202752
