1731009387258 0.2 6144
1731009437399 0.2 9216
1731009504120 0.2 12288
1731009567774 0.2 15360
1731009633636 0.2 18432
1731009702683 0.2 21504
1731009771876 0.2 24576
1731009852650 0.2 27648
1731009940871 0.2 30720
1731010014073 0.2 33792
1731010082505 0.2 36864
1731010160943 0.2 39936
1731010214489 0.2 43008
1731010291615 0.2 46080
1731010353026 0.2 49152
1731010407262 0.2 52224
1731010461047 0.2 55296
1731010530198 0.2 58368
1731010599421 0.2 61440
1731010663958 0.2 64512
1731010719138 0.2 67584
1731010770115 0.2 70656
1731010838698 0.2 73728
1731010928446 0.2 76800
1731011044383 0.2 79872
1731011120789 0.2 82944
1731011177733 0.2 86016
1731011238271 0.2 89088
1731011304479 0.2 92160
1731011368059 0.2 95232
1731011435712 0.2 98304
1731011492364 0.2 101376
1731011553418 0.2 104448
1731011614724 0.2 107520
1731011672050 0.2 110592
1731011741762 0.2 113664
1731011839143 0.2 116736
1731011934671 0.2 119808
1731012017515 0.2 122880
1731012099648 0.2 125952
1731012213192 0.2 129024
1731012293626 0.2 132096
1731012373893 0.2 135168
1731012447296 0.2 138240
1731012513954 0.2 141312
1731012590355 0.2 144384
1731012662197 0.2 147456
1731012739607 0.2 150528
1731012808477 0.2 153600
1731012886169 0.2 156672
1731013006733 0.2 159744
1731013102257 0.2 162816
1731013185858 0.2 165888
1731013268162 0.2 168960
1731013333278 0.2 172032
1731013393113 0.2 175104
1731013469395 0.2 178176
1731013532448 0.2 181248
1731013608466 0.2 184320
1731013680030 0.2 187392
1731013746751 0.2 190464
1731013827275 0.2 193536
1731013922211 0.2 196608
1731014005795 0.2 199680
1731014077555 0.2 202752
