1731009387264 10.0 6144
1731009437402 10.0 9216
1731009504125 10.0 12288
1731009567779 10.0 15360
1731009633642 10.0 18432
1731009702689 10.0 21504
1731009771882 10.0 24576
1731009852653 10.0 27648
1731009940876 10.0 30720
1731010014078 10.0 33792
1731010082509 10.0 36864
1731010160948 10.0 39936
1731010214495 10.0 43008
1731010291620 10.0 46080
1731010353030 10.0 49152
1731010407267 10.0 52224
1731010461053 10.0 55296
1731010530202 10.0 58368
1731010599424 10.0 61440
1731010663966 10.0 64512
1731010719144 10.0 67584
1731010770120 10.0 70656
1731010838703 10.0 73728
1731010928451 10.0 76800
1731011044388 10.0 79872
1731011120795 10.0 82944
1731011177738 10.0 86016
1731011238275 10.0 89088
1731011304484 10.0 92160
1731011368065 10.0 95232
1731011435716 10.0 98304
1731011492381 10.0 101376
1731011553423 10.0 104448
1731011614729 10.0 107520
1731011672066 10.0 110592
1731011741767 10.0 113664
1731011839147 10.0 116736
1731011934676 10.0 119808
1731012017520 10.0 122880
1731012099653 10.0 125952
1731012213196 10.0 129024
1731012293631 10.0 132096
1731012373898 10.0 135168
1731012447302 10.0 138240
1731012513959 10.0 141312
1731012590360 10.0 144384
1731012662202 10.0 147456
1731012739613 10.0 150528
1731012808481 10.0 153600
1731012886173 10.0 156672
1731013006739 10.0 159744
1731013102262 10.0 162816
1731013185864 10.0 165888
1731013268165 10.0 168960
1731013333284 10.0 172032
1731013393118 10.0 175104
1731013469411 10.0 178176
1731013532453 10.0 181248
1731013608469 10.0 184320
1731013680035 10.0 187392
1731013746756 10.0 190464
1731013827280 10.0 193536
1731013922217 10.0 196608
1731014005800 10.0 199680
1731014077559 10.0 202752
