1731009387269 -2.837877035140991 6144
1731009437405 -2.837877035140991 9216
1731009504130 -2.837877035140991 12288
1731009567784 -2.837877035140991 15360
1731009633647 -2.837877035140991 18432
1731009702694 -2.837877035140991 21504
1731009771887 -2.837877035140991 24576
1731009852657 -2.837877035140991 27648
1731009940881 -2.837877035140991 30720
1731010014083 -2.837877035140991 33792
1731010082513 -2.837877035140991 36864
1731010160953 -2.837877035140991 39936
1731010214500 -2.837877035140991 43008
1731010291625 -2.837877035140991 46080
1731010353035 -2.837877035140991 49152
1731010407285 -2.837877035140991 52224
1731010461058 -2.837877035140991 55296
1731010530206 -2.837877035140991 58368
1731010599428 -2.837877035140991 61440
1731010663970 -2.837877035140991 64512
1731010719149 -2.837877035140991 67584
1731010770125 -2.837877035140991 70656
1731010838708 -2.837877035140991 73728
1731010928455 -2.837877035140991 76800
1731011044393 -2.837877035140991 79872
1731011120800 -2.837877035140991 82944
1731011177743 -2.837877035140991 86016
1731011238278 -2.837877035140991 89088
1731011304490 -2.837877035140991 92160
1731011368070 -2.837877035140991 95232
1731011435719 -2.837877035140991 98304
1731011492386 -2.837877035140991 101376
1731011553428 -2.837877035140991 104448
1731011614740 -2.837877035140991 107520
1731011672071 -2.837877035140991 110592
1731011741773 -2.837877035140991 113664
1731011839151 -2.837877035140991 116736
1731011934681 -2.837877035140991 119808
1731012017524 -2.837877035140991 122880
1731012099657 -2.837877035140991 125952
1731012213201 -2.837877035140991 129024
1731012293650 -2.837877035140991 132096
1731012373903 -2.837877035140991 135168
1731012447307 -2.837877035140991 138240
1731012513964 -2.837877035140991 141312
1731012590364 -2.837877035140991 144384
1731012662207 -2.837877035140991 147456
1731012739618 -2.837877035140991 150528
1731012808486 -2.837877035140991 153600
1731012886178 -2.837877035140991 156672
1731013006744 -2.837877035140991 159744
1731013102266 -2.837877035140991 162816
1731013185869 -2.837877035140991 165888
1731013268169 -2.837877035140991 168960
1731013333289 -2.837877035140991 172032
1731013393123 -2.837877035140991 175104
1731013469417 -2.837877035140991 178176
1731013532458 -2.837877035140991 181248
1731013608473 -2.837877035140991 184320
1731013680040 -2.837877035140991 187392
1731013746761 -2.837877035140991 190464
1731013827285 -2.837877035140991 193536
1731013922222 -2.837877035140991 196608
1731014005804 -2.837877035140991 199680
1731014077564 -2.837877035140991 202752
