1731009387275 0.02411341667175293 6144
1731009437408 0.008748233318328857 9216
1731009504135 1.5974044799804688e-05 12288
1731009567789 0.039843082427978516 15360
1731009633652 0.1455974578857422 18432
1731009702699 0.18118131160736084 21504
1731009771892 0.2943726181983948 24576
1731009852660 0.36814045906066895 27648
1731009940887 0.3781428933143616 30720
1731010014088 0.3526546359062195 33792
1731010082518 0.5854651927947998 36864
1731010160957 0.5675445795059204 39936
1731010214505 0.5556907653808594 43008
1731010291629 0.7402591109275818 46080
1731010353051 0.6859042644500732 49152
1731010407290 0.78877854347229 52224
1731010461063 0.7447526454925537 55296
1731010530211 0.49089503288269043 58368
1731010599431 0.4942396879196167 61440
1731010663974 0.4435529112815857 64512
1731010719154 0.870363712310791 67584
1731010770130 0.8695753812789917 70656
1731010838713 0.8383753299713135 73728
1731010928460 -0.04505348205566406 76800
1731011044397 0.06767421960830688 79872
1731011120805 0.3263337016105652 82944
1731011177760 0.2936331629753113 86016
1731011238282 0.7692742347717285 89088
1731011304495 0.2409144639968872 92160
1731011368075 0.8945654034614563 95232
1731011435723 0.9209185242652893 98304
1731011492392 0.0470355749130249 101376
1731011553434 0.28390687704086304 104448
1731011614751 0.7574572563171387 107520
1731011672076 0.3318011164665222 110592
1731011741790 0.27681201696395874 113664
1731011839167 0.524442195892334 116736
1731011934686 0.6498050689697266 119808
1731012017529 0.5976437330245972 122880
1731012099668 0.727980375289917 125952
1731012213205 0.8540453910827637 129024
1731012293655 0.5339243412017822 132096
1731012373908 0.8498595952987671 135168
1731012447314 0.8261246681213379 138240
1731012513969 0.7880260944366455 141312
1731012590369 0.652340829372406 144384
1731012662212 0.6240814924240112 147456
1731012739623 0.6076520681381226 150528
1731012808490 0.8005940914154053 153600
1731012886182 0.6707113981246948 156672
1731013006749 0.7268202304840088 159744
1731013102271 0.779775083065033 162816
1731013185875 0.8684331178665161 165888
1731013268172 0.740204393863678 168960
1731013333294 0.6682544350624084 172032
1731013393128 0.8278148174285889 175104
1731013469425 0.7823746204376221 178176
1731013532464 0.5543999075889587 181248
1731013608477 0.5223647356033325 184320
1731013680045 0.7239729166030884 187392
1731013746767 0.7549939155578613 190464
1731013827295 0.6095322370529175 193536
1731013922227 0.8213868737220764 196608
1731014005809 0.8089118599891663 199680
1731014077568 0.6006588935852051 202752
