1731009387280 0.00039391744 6144
1731009437412 0.00038783488000000005 9216
1731009504140 0.00038175232000000004 12288
1731009567795 0.00037566976 15360
1731009633657 0.0003695872 18432
1731009702704 0.00036350464 21504
1731009771897 0.00035742208 24576
1731009852664 0.00035133952000000003 27648
1731009940892 0.00034525696 30720
1731010014103 0.00033917440000000006 33792
1731010082522 0.00033309184 36864
1731010160962 0.00032700928 39936
1731010214510 0.00032092672 43008
1731010291634 0.00031484416 46080
1731010353056 0.00030876160000000005 49152
1731010407295 0.00030267904000000004 52224
1731010461068 0.00029659648 55296
1731010530215 0.00029051392 58368
1731010599434 0.00028443136 61440
1731010663977 0.00027834880000000004 64512
1731010719159 0.00027226624000000003 67584
1731010770134 0.00026618368 70656
1731010838717 0.00026010112 73728
1731010928465 0.00025401856 76800
1731011044401 0.00024793600000000003 79872
1731011120810 0.00024185344000000002 82944
1731011177765 0.00023577088 86016
1731011238285 0.00022968832 89088
1731011304500 0.00022360575999999998 92160
1731011368080 0.0002175232 95232
1731011435726 0.00021144063999999999 98304
1731011492397 0.00020535808000000003 101376
1731011553439 0.00019927552000000001 104448
1731011614757 0.00019319295999999998 107520
1731011672082 0.00018711040000000002 110592
1731011741795 0.00018102784 113664
1731011839173 0.00017494528 116736
1731011934692 0.00016886272 119808
1731012017546 0.00016278016 122880
1731012099674 0.0001566976 125952
1731012213220 0.00015061504 129024
1731012293660 0.00014453247999999998 132096
1731012373914 0.00013844992000000003 135168
1731012447320 0.00013236736 138240
1731012513975 0.00012628479999999997 141312
1731012590374 0.00012020224000000003 144384
1731012662216 0.00011411968 147456
1731012739628 0.00010803711999999999 150528
1731012808495 0.00010195456000000002 153600
1731012886198 9.5872e-05 156672
1731013006754 8.978944000000003e-05 159744
1731013102275 8.370688000000001e-05 162816
1731013185880 7.762432e-05 165888
1731013268176 7.154176000000002e-05 168960
1731013333300 6.545920000000001e-05 172032
1731013393133 5.937663999999999e-05 175104
1731013469431 5.329408000000002e-05 178176
1731013532469 4.721152e-05 181248
1731013608481 4.112895999999999e-05 184320
1731013680050 3.504640000000002e-05 187392
1731013746772 2.8963839999999998e-05 190464
1731013827301 2.288127999999998e-05 193536
1731013922232 1.6798720000000007e-05 196608
1731014005813 1.0716159999999991e-05 199680
1731014077573 4.633600000000019e-06 202752
