1731009387290 3.0 6144
1731009437420 6.0 9216
1731009504150 9.0 12288
1731009567805 12.0 15360
1731009633668 15.0 18432
1731009702715 18.0 21504
1731009771908 21.0 24576
1731009852680 24.0 27648
1731009940902 27.0 30720
1731010014114 30.0 33792
1731010082544 33.0 36864
1731010160972 36.0 39936
1731010214521 39.0 43008
1731010291645 42.0 46080
1731010353066 45.0 49152
1731010407306 48.0 52224
1731010461078 51.0 55296
1731010530224 54.0 58368
1731010599442 57.0 61440
1731010663985 60.0 64512
1731010719169 63.0 67584
1731010770143 66.0 70656
1731010838727 69.0 73728
1731010928475 72.0 76800
1731011044410 75.0 79872
1731011120821 78.0 82944
1731011177775 81.0 86016
1731011238292 84.0 89088
1731011304510 87.0 92160
1731011368090 90.0 95232
1731011435733 93.0 98304
1731011492407 96.0 101376
1731011553449 99.0 104448
1731011614768 102.0 107520
1731011672092 105.0 110592
1731011741806 108.0 113664
1731011839183 111.0 116736
1731011934702 114.0 119808
1731012017556 117.0 122880
1731012099684 120.0 125952
1731012213231 123.0 129024
1731012293671 126.0 132096
1731012373924 129.0 135168
1731012447332 132.0 138240
1731012513985 135.0 141312
1731012590383 138.0 144384
1731012662226 141.0 147456
1731012739638 144.0 150528
1731012808503 147.0 153600
1731012886209 150.0 156672
1731013006764 153.0 159744
1731013102284 156.0 162816
1731013185892 159.0 165888
1731013268183 162.0 168960
1731013333310 165.0 172032
1731013393143 168.0 175104
1731013469442 171.0 178176
1731013532480 174.0 181248
1731013608489 177.0 184320
1731013680060 180.0 187392
1731013746782 183.0 190464
1731013827313 186.0 193536
1731013922243 189.0 196608
1731014005822 192.0 199680
1731014077582 195.0 202752
