1731009387296 0.009117324758941928 6144
1731009437424 -0.02233941198533608 9216
1731009504154 0.0008654636072201862 12288
1731009567810 -0.0004947392476929559 15360
1731009633673 -0.0021455572504136297 18432
1731009702729 0.0013455980612585943 21504
1731009771913 -0.002343073784787622 24576
1731009852685 -0.003202155568740434 27648
1731009940907 -0.0058722057276301915 30720
1731010014120 -0.0022727938291306296 33792
1731010082549 -0.004609428436702324 36864
1731010160977 0.003869730203102032 39936
1731010214538 -0.0062966747726831175 43008
1731010291651 -0.0018416597611374324 46080
1731010353071 -0.006080711713164217 49152
1731010407311 -0.004365735842535893 52224
1731010461095 0.0010116886890803773 55296
1731010530229 -0.0035723395024736724 58368
1731010599446 -0.00056938242374195 61440
1731010663989 0.024878886450702947 64512
1731010719175 -0.0019763728551980522 67584
1731010770148 -0.0030368423451566035 70656
1731010838732 0.002192435837868187 73728
1731010928481 0.024106563043056264 76800
1731011044415 0.046952810500644974 79872
1731011120826 0.02119828955942972 82944
1731011177781 0.019650883636333875 86016
1731011238296 0.008981031313952472 89088
1731011304514 0.021084738119194906 92160
1731011368095 0.0020167219530170164 95232
1731011435744 -0.003973763280858596 98304
1731011492412 0.05438877546435429 101376
1731011553454 0.04552658896945003 104448
1731011614773 0.005051473259098 107520
1731011672097 0.03160031551184753 110592
1731011741811 -0.0008094354222218195 113664
1731011839188 0.0342590987501252 116736
1731011934707 0.017247686097915802 119808
1731012017562 0.02043228555056784 122880
1731012099689 0.004805924758935968 125952
1731012213236 0.006278855027630925 129024
1731012293676 0.009316170251824789 132096
1731012373940 0.006441022088337276 135168
1731012447349 0.0009828803595155478 138240
1731012513996 -0.0008799975556838843 141312
1731012590388 0.0063284421986382865 144384
1731012662231 -0.0005719454752074347 147456
1731012739643 0.013755958009925153 150528
1731012808508 0.0047690739544729395 153600
1731012886214 0.0198455099016428 156672
1731013006770 0.010305415373295546 159744
1731013102288 0.019300046415689092 162816
1731013185897 -0.0009322899730048246 165888
1731013268187 0.012972748605534434 168960
1731013333315 0.0027771458068552115 172032
1731013393148 -0.0004826081373418371 175104
1731013469448 0.007042512025994559 178176
1731013532485 0.004778365475229091 181248
1731013608508 0.0012413756663186683 184320
1731013680065 0.002856197249558237 187392
1731013746799 0.0020401545075906646 190464
1731013827318 0.0005613198089930746 193536
1731013922248 -0.0007196333026513457 196608
1731014005827 -0.00021203322749998834 199680
1731014077586 -0.0016983335113359822 202752
