1731009387301 1.0 6144
1731009437429 1.0 9216
1731009504159 1.0 12288
1731009567815 1.0 15360
1731009633678 1.0 18432
1731009702734 1.0 21504
1731009771918 1.0 24576
1731009852690 1.0 27648
1731009940913 1.0 30720
1731010014125 1.0 33792
1731010082554 1.0 36864
1731010160994 1.0 39936
1731010214544 1.0 43008
1731010291656 1.0 46080
1731010353076 1.0 49152
1731010407316 1.0 52224
1731010461100 1.0 55296
1731010530233 1.0 58368
1731010599451 1.0 61440
1731010663993 1.0 64512
1731010719180 1.0 67584
1731010770153 1.0 70656
1731010838748 1.0 73728
1731010928486 1.0 76800
1731011044420 1.0 79872
1731011120831 1.0 82944
1731011177786 1.0 86016
1731011238300 1.0 89088
1731011304518 1.0 92160
1731011368100 1.0 95232
1731011435754 1.0 98304
1731011492418 1.0 101376
1731011553459 1.0 104448
1731011614779 1.0 107520
1731011672102 1.0 110592
1731011741816 1.0 113664
1731011839193 1.0 116736
1731011934712 1.0 119808
1731012017567 1.0 122880
1731012099695 1.0 125952
1731012213241 1.0 129024
1731012293681 1.0 132096
1731012373945 1.0 135168
1731012447355 1.0 138240
1731012514002 1.0 141312
1731012590393 1.0 144384
1731012662236 1.0 147456
1731012739649 1.0 150528
1731012808513 1.0 153600
1731012886219 1.0 156672
1731013006775 1.0 159744
1731013102293 1.0 162816
1731013185903 1.0 165888
1731013268190 1.0 168960
1731013333331 1.0 172032
1731013393154 1.0 175104
1731013469453 1.0 178176
1731013532490 1.0 181248
1731013608513 1.0 184320
1731013680070 1.0 187392
1731013746804 1.0 190464
1731013827324 1.0 193536
1731013922253 1.0 196608
1731014005832 1.0 199680
1731014077590 1.0 202752
