1731009387306 0.0946734248039623 6144
1731009437433 0.06814982778289252 9216
1731009504164 2.1393104332188764 12288
1731009567820 9.704742583963606 15360
1731009633684 5.545867361956173 18432
1731009702739 6.741753922568427 21504
1731009771923 6.338410092724694 24576
1731009852695 5.877271056175232 27648
1731009940918 8.82953299747573 30720
1731010014130 10.410385409990946 33792
1731010082560 6.029850357108646 36864
1731010160999 4.590145336257087 39936
1731010214549 6.31412394841512 43008
1731010291661 2.0381867308169603 46080
1731010353081 5.792102807097965 49152
1731010407321 2.7480978816747665 52224
1731010461105 1.8015550047987037 55296
1731010530237 1.8094292382399242 58368
1731010599467 3.410185585419337 61440
1731010663998 25.5346909099155 64512
1731010719185 2.5025962740182877 67584
1731010770159 2.4277997977203793 70656
1731010838753 2.202402409580019 73728
1731010928492 14.331197645929125 76800
1731011044424 52.60539102554321 79872
1731011120836 24.908810483084785 82944
1731011177791 504.18956756591797 86016
1731011238303 7.562724312146504 89088
1731011304522 181.67905786302356 92160
1731011368105 5.745221800274319 95232
1731011435759 3.585075967841678 98304
1731011492423 485.7241422865126 101376
1731011553465 136.32790840996637 104448
1731011614784 7.943999846776326 107520
1731011672108 518.7307815551758 110592
1731011741821 40.84499533971151 113664
1731011839198 131.0820829603407 116736
1731011934717 18.32796573638916 119808
1731012017572 47.813255892859566 122880
1731012099700 48.292373710208466 125952
1731012213246 14.19200521045261 129024
1731012293686 31.593566364712185 132096
1731012373950 10.69967265923818 135168
1731012447361 16.293301264444988 138240
1731012514007 17.42377225557963 141312
1731012590398 62.19626707500882 144384
1731012662241 81.33260515001085 147456
1731012739654 22.656822469499375 150528
1731012808517 21.653186559677124 153600
1731012886224 102.42678186628554 156672
1731013006780 23.77873208787706 159744
1731013102297 34.724852085113525 162816
1731013185908 25.59952751795451 165888
1731013268194 27.291433228386772 168960
1731013333336 27.021011458502876 172032
1731013393159 20.943057749006485 175104
1731013469458 19.800147612889607 178176
1731013532496 143.0692637231615 181248
1731013608517 25.675067954593235 184320
1731013680075 21.473387294345432 187392
1731013746809 17.090052286783855 190464
1731013827330 60.5325108634101 193536
1731013922258 26.465332481596207 196608
1731014005837 24.22810771730211 199680
1731014077595 32.928108321295845 202752
