1732569223130 0.0 0
1732569233178 13.5 1
1732569243237 11.6 2
1732569253289 11.8 3
1732569263333 11.4 4
1732569273433 10.6 5
1732569283501 6.7 6
1732569293550 7.6 7
1732569303597 13.4 8
1732569313663 9.0 9
1732569323708 8.0 10
1732569333757 10.6 11
1732569343815 7.6 12
1732569353887 7.7 13
1732569363956 7.9 14
1732569374038 9.9 15
1732569384113 10.0 16
1732569394191 10.3 17
1732569404261 9.3 18
1732569414326 6.4 19
1732569424384 5.6 20
1732569434462 7.4 21
1732569444549 10.1 22
1732569454618 10.1 23
1732569464691 7.6 24
1732569474772 8.3 25
1732569484954 6.8 26
1732569495029 13.1 27
1732569505095 6.6 28
1732569515156 10.5 29
1732569525224 13.1 30
1732569535286 10.5 31
1732569545351 9.6 32
1732569555417 6.9 33
1732569565495 9.2 34
1732569575576 8.7 35
1732569585641 9.2 36
1732569595720 9.3 37
1732569605804 10.8 38
1732569615889 8.9 39
1732569625959 10.3 40
1732569636036 9.1 41
1732569646100 6.9 42
1732569656162 10.1 43
1732569666235 10.7 44
1732569676308 8.5 45
1732569686380 8.0 46
1732569696473 8.5 47
1732569706556 7.8 48
1732569716628 11.9 49
1732569726710 8.5 50
1732569736783 10.2 51
1732569746848 6.5 52
1732569756932 10.5 53
1732569767008 7.2 54
1732569777100 11.2 55
1732569787177 9.9 56
1732569797268 9.6 57
1732569807354 7.4 58
1732569817430 9.6 59
1732569827509 8.9 60
1732569837601 10.4 61
1732569847685 8.1 62
1732569857768 10.3 63
1732569867863 6.4 64
1732569877953 8.9 65
1732569888023 9.9 66
1732569898077 10.3 67
1732569908125 8.0 68
1732569918193 8.9 69
1732569928275 8.6 70
1732569938360 9.2 71
1732569948427 8.9 72
1732569958518 8.3 73
1732569968608 9.8 74
1732569978687 7.3 75
1732569988747 7.7 76
1732569998825 8.5 77
1732570008905 7.7 78
1732570018977 9.4 79
1732570029052 8.0 80
1732570039145 8.8 81
1732570049227 10.4 82
1732570059297 6.8 83
1732570069365 6.5 84
1732570079423 10.8 85
1732570089486 9.2 86
1732570099545 8.1 87
1732570109605 9.4 88
1732570119670 9.0 89
1732570129727 7.4 90
1732570139811 9.4 91
1732570149874 7.4 92
1732570159964 9.8 93
1732570170050 8.9 94
1732570180116 10.0 95
1732570190208 6.4 96
1732570200294 6.2 97
1732570210386 8.0 98
1732570220465 10.5 99
1732570230563 8.9 100
1732570240629 8.4 101
1732570250706 10.8 102
1732570260796 8.0 103
1732570270884 8.8 104
1732570280960 11.0 105
1732570291056 8.3 106
1732570301141 9.5 107
1732570311216 11.5 108
1732570321306 6.8 109
1732570331385 9.1 110
1732570341492 8.6 111
1732570351591 8.3 112
1732570361672 10.3 113
1732570371763 8.4 114
1732570381875 8.5 115
1732570391954 10.0 116
1732570402039 7.1 117
1732570412141 7.0 118
1732570422236 11.9 119
1732570432323 8.3 120
1732570442416 9.7 121
1732570452508 9.3 122
1732570462602 11.0 123
1732570472697 7.3 124
1732570482781 12.4 125
1732570492876 8.8 126
1732570502983 8.2 127
1732570513043 10.1 128
1732570523140 11.7 129
1732570533232 13.7 130
1732570543320 10.6 131
1732570553413 11.6 132
1732570563493 9.2 133
1732570573606 11.2 134
1732570583708 11.1 135
1732570593805 10.0 136
1732570603893 9.6 137
1732570613968 6.9 138
1732570624057 12.0 139
1732570634131 10.1 140
1732570644220 12.0 141
1732570654317 8.8 142
1732570664416 8.9 143
1732570674487 8.0 144
1732570684580 9.2 145
1732570694667 9.9 146
1732570704760 13.4 147
1732570714860 9.4 148
1732570724947 11.0 149
1732570735030 9.5 150
1732570745121 8.1 151
1732570755215 7.6 152
1732570765300 10.7 153
1732570775395 7.7 154
1732570785503 9.7 155
1732570795594 8.8 156
1732570805673 9.9 157
1732570815764 8.2 158
1732570825844 10.8 159
1732570835937 8.9 160
1732570846041 7.7 161
1732570856137 10.1 162
1732570866255 11.0 163
1732570876315 7.7 164
1732570886414 6.0 165
1732570896507 7.7 166
1732570906584 8.0 167
1732570916671 8.1 168
1732570926759 8.2 169
1732570936849 9.0 170
1732570946950 8.0 171
1732570957048 7.5 172
1732570967141 7.5 173
1732570977247 8.0 174
1732570987341 9.9 175
1732570997420 8.4 176
1732571007516 8.7 177
1732571017610 7.1 178
1732571027717 8.6 179
1732571037799 6.9 180
1732571047910 9.5 181
1732571058014 8.6 182
1732571068104 7.7 183
1732571078191 10.3 184
1732571088265 7.9 185
1732571098359 6.9 186
1732571108433 6.5 187
1732571118509 8.9 188
1732571128600 9.9 189
1732571138681 10.1 190
1732571148795 7.9 191
1732571158887 7.6 192
1732571168975 6.2 193
1732571179065 9.1 194
1732571189142 13.8 195
1732571199229 12.7 196
1732571209344 10.3 197
1732571219438 8.9 198
1732571229524 10.5 199
1732571239622 10.2 200
1732571249694 12.8 201
1732571259786 13.6 202
1732571269891 16.4 203
1732571279992 13.2 204
1732571290095 12.0 205
1732571300195 13.5 206
1732571310282 12.1 207
1732571320405 14.3 208
1732571330514 12.4 209
1732571340627 16.7 210
1732571350738 13.0 211
1732571360842 13.7 212
1732571370951 12.7 213
1732571381068 12.6 214
1732571391175 14.5 215
1732571401285 14.1 216
1732571411390 8.4 217
1732571421504 12.5 218
1732571431600 15.1 219
1732571441695 13.8 220
1732571451785 12.2 221
1732571461887 10.5 222
1732571471977 10.9 223
1732571482078 12.3 224
1732571492164 11.8 225
1732571502236 9.4 226
1732571512318 13.4 227
1732571522418 9.8 228
1732571532519 13.3 229
1732571542621 14.7 230
1732571552717 14.9 231
1732571562825 14.5 232
1732571572923 17.2 233
1732571583024 16.3 234
1732571593128 13.3 235
1732571603235 11.4 236
1732571613330 17.0 237
1732571623442 13.6 238
1732571633513 14.0 239
1732571643610 11.2 240
1732571653702 12.3 241
1732571663816 9.9 242
1732571673918 12.9 243
1732571684002 11.7 244
1732571694097 11.8 245
1732571704197 12.7 246
1732571714307 10.0 247
1732571724400 13.7 248
1732571734510 13.0 249
1732571744613 15.1 250
1732571754725 12.6 251
1732571764830 10.3 252
1732571774917 11.0 253
1732571785033 13.2 254
1732571795131 13.1 255
1732571805229 9.7 256
1732571815341 10.5 257
1732571825443 10.0 258
1732571835557 12.0 259
1732571845665 11.3 260
1732571855772 11.1 261
1732571865867 13.5 262
1732571875982 13.8 263
1732571886067 11.0 264
1732571896172 10.5 265
1732571906286 13.3 266
1732571916380 13.0 267
1732571926511 15.0 268
1732571936624 15.6 269
1732571946739 14.4 270
1732571956846 14.8 271
1732571966965 11.9 272
1732571977075 14.4 273
1732571987169 17.9 274
1732571997291 14.2 275
1732572007409 17.9 276
1732572017530 14.8 277
1732572027631 12.6 278
1732572037726 11.5 279
1732572047829 11.6 280
1732572057918 17.5 281
1732572068013 15.9 282
1732572078117 9.7 283
1732572088197 10.5 284
1732572098281 18.5 285
1732572108384 16.5 286
1732572118484 15.5 287
1732572128600 14.7 288
1732572138696 14.6 289
1732572148813 16.8 290
1732572158914 20.3 291
1732572168992 15.4 292
1732572179087 15.4 293
1732572189180 17.4 294
1732572199274 15.8 295
1732572209379 16.8 296
1732572219505 16.9 297
1732572229622 16.0 298
1732572239749 16.0 299
1732572249846 15.5 300
1732572259955 15.3 301
1732572270045 14.2 302
1732572280144 13.4 303
1732572290254 12.8 304
1732572300366 14.4 305
1732572310475 13.3 306
1732572320588 12.5 307
1732572330687 20.5 308
1732572340773 8.8 309
1732572350845 15.0 310
1732572360916 14.3 311
1732572371024 11.8 312
1732572381178 8.6 313
1732572391274 16.9 314
1732572401380 13.8 315
1732572411486 17.3 316
1732572421605 14.5 317
1732572431724 19.5 318
1732572441846 16.8 319
1732572451968 12.8 320
1732572462095 14.8 321
1732572472210 13.4 322
1732572482325 17.0 323
1732572492437 14.5 324
1732572502512 15.5 325
1732572512623 12.3 326
1732572522745 11.0 327
1732572532824 10.4 328
1732572542927 10.0 329
1732572553041 16.1 330
1732572563159 16.4 331
1732572573270 14.3 332
1732572583363 15.5 333
1732572593480 12.2 334
1732572603581 16.5 335
1732572613689 13.5 336
1732572623774 13.3 337
1732572633879 16.0 338
1732572643964 19.1 339
1732572654058 12.4 340
1732572664135 8.8 341
1732572674250 13.8 342
1732572684354 11.7 343
1732572694458 12.4 344
1732572704561 12.4 345
1732572714649 14.4 346
1732572724714 11.4 347
1732572734818 11.7 348
1732572744909 11.5 349
1732572755021 9.6 350
1732572765129 13.1 351
1732572775253 10.8 352
1732572785366 16.3 353
1732572795488 12.6 354
1732572805606 10.1 355
1732572815722 12.1 356
1732572825844 14.5 357
1732572835950 14.1 358
1732572846070 16.6 359
1732572856208 13.1 360
1732572866334 15.5 361
1732572876448 14.0 362
1732572886592 15.5 363
1732572896702 15.4 364
1732572906776 13.5 365
1732572916863 10.0 366
1732572926953 9.6 367
1732572937029 10.9 368
1732572947118 12.9 369
1732572957244 7.9 370
1732572967368 12.0 371
1732572977471 12.2 372
1732572987570 15.2 373
1732572997703 12.2 374
1732573007835 10.5 375
1732573017986 13.2 376
1732573028102 14.9 377
1732573038224 11.0 378
1732573048313 11.2 379
1732573058445 12.9 380
1732573068551 10.2 381
1732573078659 8.5 382
1732573088772 12.1 383
1732573098864 16.3 384
1732573108983 14.8 385
1732573119093 14.5 386
1732573129199 19.4 387
1732573139276 16.8 388
1732573149392 14.5 389
1732573159534 13.5 390
1732573169653 13.0 391
1732573179772 14.4 392
1732573189895 14.8 393
1732573200008 13.2 394
1732573210090 15.6 395
1732573220208 14.5 396
1732573230324 14.3 397
1732573240460 16.6 398
1732573250577 17.2 399
1732573260694 16.0 400
1732573270815 11.3 401
1732573280937 6.7 402
1732573291053 10.3 403
1732573301148 11.5 404
1732573311273 16.0 405
1732573321375 13.6 406
1732573331496 14.0 407
1732573341646 14.1 408
1732573351794 16.0 409
1732573361916 15.1 410
1732573372001 16.4 411
1732573382139 12.5 412
1732573392224 12.5 413
1732573402314 13.4 414
1732573412422 16.1 415
1732573422536 12.7 416
1732573432654 12.1 417
1732573442771 14.7 418
1732573452900 14.2 419
1732573463042 13.6 420
1732573473178 17.9 421
1732573483289 14.7 422
1732573493426 15.8 423
1732573503554 14.4 424
1732573514275 14.7 425
1732573524409 14.2 426
1732573534525 13.8 427
1732573544655 16.8 428
1732573554781 13.5 429
1732573564912 15.5 430
1732573575029 14.1 431
1732573585131 17.3 432
1732573595228 14.3 433
1732573605312 16.1 434
1732573615435 12.5 435
1732573625529 13.4 436
1732573635644 13.3 437
1732573645741 14.0 438
1732573655862 17.1 439
1732573665991 14.2 440
1732573676107 16.1 441
1732573686255 12.4 442
1732573696366 15.3 443
1732573706517 15.5 444
1732573716663 16.7 445
1732573726796 15.2 446
1732573736935 17.4 447
1732573747062 12.5 448
1732573757190 13.2 449
1732573767316 11.7 450
1732573777465 13.5 451
1732573787591 14.7 452
1732573797720 14.8 453
1732573807848 14.2 454
1732573817929 13.8 455
1732573828055 14.9 456
1732573838181 15.8 457
1732573848306 13.6 458
1732573858435 13.0 459
1732573868556 14.3 460
1732573878671 10.0 461
1732573888767 15.2 462
1732573898916 16.6 463
1732573909047 11.4 464
1732573919188 16.2 465
1732573929330 14.8 466
1732573939469 15.5 467
1732573949602 12.7 468
1732573959699 13.0 469
