1732569223130 122621.4 0
1732569233178 122621.4 1
1732569243237 122621.4 2
1732569253289 122621.4 3
1732569263333 122621.9 4
1732569273433 122622.0 5
1732569283501 122622.0 6
1732569293550 122622.1 7
1732569303597 122622.2 8
1732569313663 122622.2 9
1732569323708 122622.2 10
1732569333757 122622.2 11
1732569343815 122622.4 12
1732569353887 122622.5 13
1732569363956 122622.6 14
1732569374038 122614.3 15
1732569384113 122614.4 16
1732569394191 122614.4 17
1732569404261 122614.4 18
1732569414326 122614.4 19
1732569424384 122614.4 20
1732569434462 122614.4 21
1732569444549 122614.4 22
1732569454618 122614.4 23
1732569464691 122614.4 24
1732569474772 122614.5 25
1732569484954 122614.5 26
1732569495029 122603.2 27
1732569505095 122603.5 28
1732569515156 122603.5 29
1732569525224 122603.6 30
1732569535286 122603.6 31
1732569545351 122603.7 32
1732569555417 122603.6 33
1732569565495 122603.6 34
1732569575576 122603.6 35
1732569585641 122603.6 36
1732569595720 122603.6 37
1732569605804 122603.6 38
1732569615889 122602.7 39
1732569625959 122604.2 40
1732569636036 122604.1 41
1732569646100 122604.1 42
1732569656162 122604.1 43
1732569666235 122604.2 44
1732569676308 122604.2 45
1732569686380 122604.2 46
1732569696473 122604.2 47
1732569706556 122604.2 48
1732569716628 122604.2 49
1732569726710 122604.2 50
1732569736783 122604.2 51
1732569746848 122604.2 52
1732569756932 122604.3 53
1732569767008 122603.8 54
1732569777100 122603.8 55
1732569787177 122603.8 56
1732569797268 122603.8 57
1732569807354 122603.9 58
1732569817430 122612.2 59
1732569827509 122612.2 60
1732569837601 122612.2 61
1732569847685 122612.2 62
1732569857768 122612.2 63
1732569867863 122612.3 64
1732569877953 122612.3 65
1732569888023 122612.3 66
1732569898077 122612.3 67
1732569908125 122612.3 68
1732569918193 122612.4 69
1732569928275 122612.5 70
1732569938360 122612.5 71
1732569948427 122612.5 72
1732569958518 122612.5 73
1732569968608 122612.5 74
1732569978687 122612.6 75
1732569988747 122612.6 76
1732569998825 122612.6 77
1732570008905 122612.6 78
1732570018977 122612.6 79
1732570029052 122612.6 80
1732570039145 122612.6 81
1732570049227 122612.7 82
1732570059297 122612.7 83
1732570069365 122612.7 84
1732570079423 122612.7 85
1732570089486 122614.4 86
1732570099545 122614.3 87
1732570109605 122614.3 88
1732570119670 122614.4 89
1732570129727 122614.4 90
1732570139811 122614.4 91
1732570149874 122614.4 92
1732570159964 122614.4 93
1732570170050 122614.4 94
1732570180116 122614.4 95
1732570190208 122614.5 96
1732570200294 122614.5 97
1732570210386 122614.5 98
1732570220465 122614.5 99
1732570230563 122614.5 100
1732570240629 122614.0 101
1732570250706 122613.9 102
1732570260796 122613.9 103
1732570270884 122614.0 104
1732570280960 122614.0 105
1732570291056 122614.0 106
1732570301141 122614.0 107
1732570311216 122614.1 108
1732570321306 122614.1 109
1732570331385 122614.1 110
1732570341492 122614.2 111
1732570351591 122614.2 112
1732570361672 122614.2 113
1732570371763 122614.2 114
1732570381875 122614.2 115
1732570391954 122614.3 116
1732570402039 122614.3 117
1732570412141 122614.3 118
1732570422236 122614.3 119
1732570432323 122614.3 120
1732570442416 122614.3 121
1732570452508 122614.3 122
1732570462602 122614.3 123
1732570472697 122614.3 124
1732570482781 122614.4 125
1732570492876 122614.4 126
1732570502983 122614.5 127
1732570513043 122614.4 128
1732570523140 122614.5 129
1732570533232 122614.5 130
1732570543320 122614.6 131
1732570553413 122614.6 132
1732570563493 122614.6 133
1732570573606 122614.6 134
1732570583708 122614.7 135
1732570593805 122617.6 136
1732570603893 122617.6 137
1732570613968 122617.6 138
1732570624057 122617.6 139
1732570634131 122617.6 140
1732570644220 122614.9 141
1732570654317 122614.8 142
1732570664416 122614.8 143
1732570674487 122615.0 144
1732570684580 122615.1 145
1732570694667 122615.1 146
1732570704760 122615.7 147
1732570714860 122621.0 148
1732570724947 122621.2 149
1732570735030 122621.2 150
1732570745121 122621.2 151
1732570755215 122621.3 152
1732570765300 122621.3 153
1732570775395 122621.3 154
1732570785503 122621.3 155
1732570795594 122621.3 156
1732570805673 122621.3 157
1732570815764 122621.3 158
1732570825844 122621.4 159
1732570835937 122621.4 160
1732570846041 122621.4 161
1732570856137 122621.5 162
1732570866255 122621.5 163
1732570876315 122621.5 164
1732570886414 122621.5 165
1732570896507 122621.5 166
1732570906584 122621.5 167
1732570916671 122621.6 168
1732570926759 122621.6 169
1732570936849 122621.6 170
1732570946950 122621.6 171
1732570957048 122621.6 172
1732570967141 122621.6 173
1732570977247 122621.6 174
1732570987341 122621.6 175
1732570997420 122621.6 176
1732571007516 122621.6 177
1732571017610 122621.6 178
1732571027717 122621.7 179
1732571037799 122621.7 180
1732571047910 122621.7 181
1732571058014 122621.7 182
1732571068104 122621.7 183
1732571078191 122621.7 184
1732571088265 122621.7 185
1732571098359 122621.7 186
1732571108433 122621.7 187
1732571118509 122621.8 188
1732571128600 122621.8 189
1732571138681 122630.2 190
1732571148795 122630.2 191
1732571158887 122630.2 192
1732571168975 122630.2 193
1732571179065 122630.2 194
1732571189142 122621.8 195
1732571199229 122622.2 196
1732571209344 122622.2 197
1732571219438 122622.3 198
1732571229524 122622.3 199
1732571239622 122622.7 200
1732571249694 122624.5 201
1732571259786 122612.4 202
1732571269891 122620.7 203
1732571279992 122622.2 204
1732571290095 122627.8 205
1732571300195 122631.4 206
1732571310282 122618.9 207
1732571320405 122618.9 208
1732571330514 122626.5 209
1732571340627 122628.0 210
1732571350738 122627.8 211
1732571360842 122616.8 212
1732571370951 122619.6 213
1732571381068 122624.0 214
1732571391175 122628.2 215
1732571401285 122628.4 216
1732571411390 122628.5 217
1732571421504 122629.0 218
1732571431600 122630.2 219
1732571441695 122620.9 220
1732571451785 122627.0 221
1732571461887 122627.1 222
1732571471977 122627.1 223
1732571482078 122627.1 224
1732571492164 122627.2 225
1732571502236 122627.2 226
1732571512318 122627.6 227
1732571522418 122627.7 228
1732571532519 122627.7 229
1732571542621 122627.8 230
1732571552717 122627.8 231
1732571562825 122632.1 232
1732571572923 122630.0 233
1732571583024 122632.2 234
1732571593128 122632.9 235
1732571603235 122616.5 236
1732571613330 122617.2 237
1732571623442 122623.6 238
1732571633513 122624.3 239
1732571643610 122624.8 240
1732571653702 122624.8 241
1732571663816 122624.8 242
1732571673918 122625.3 243
1732571684002 122633.6 244
1732571694097 122633.7 245
1732571704197 122633.8 246
1732571714307 122633.9 247
1732571724400 122620.0 248
1732571734510 122621.0 249
1732571744613 122624.5 250
1732571754725 122633.7 251
1732571764830 122633.7 252
1732571774917 122633.8 253
1732571785033 122633.9 254
1732571795131 122633.9 255
1732571805229 122634.0 256
1732571815341 122634.0 257
1732571825443 122634.0 258
1732571835557 122634.1 259
1732571845665 122634.1 260
1732571855772 122621.2 261
1732571865867 122622.5 262
1732571875982 122622.4 263
1732571886067 122625.4 264
1732571896172 122625.5 265
1732571906286 122625.7 266
1732571916380 122597.0 267
1732571926511 122598.5 268
1732571936624 122603.2 269
1732571946739 122603.2 270
1732571956846 122603.2 271
1732571966965 122603.3 272
1732571977075 122603.3 273
1732571987169 122606.5 274
1732571997291 122607.4 275
1732572007409 122628.8 276
1732572017530 122625.1 277
1732572027631 122604.4 278
1732572037726 122605.3 279
1732572047829 122609.3 280
1732572057918 122609.8 281
1732572068013 122609.8 282
1732572078117 122609.9 283
1732572088197 122616.2 284
1732572098281 122618.3 285
1732572108384 122609.3 286
1732572118484 122611.4 287
1732572128600 122611.4 288
1732572138696 122613.9 289
1732572148813 122614.1 290
1732572158914 122616.2 291
1732572168992 122624.4 292
1732572179087 122629.4 293
1732572189180 122631.9 294
1732572199274 122618.5 295
1732572209379 122637.0 296
1732572219505 122644.8 297
1732572229622 122644.8 298
1732572239749 122645.2 299
1732572249846 122645.3 300
1732572259955 122645.3 301
1732572270045 122645.3 302
1732572280144 122654.0 303
1732572290254 122654.8 304
1732572300366 122643.6 305
1732572310475 122646.0 306
1732572320588 122630.4 307
1732572330687 122612.8 308
1732572340773 122614.1 309
1732572350845 122614.4 310
1732572360916 122613.0 311
1732572371024 122622.9 312
1732572381178 122623.0 313
1732572391274 122645.0 314
1732572401380 122603.1 315
1732572411486 122603.3 316
1732572421605 122610.6 317
1732572431724 122614.6 318
1732572441846 122614.7 319
1732572451968 122615.6 320
1732572462095 122617.9 321
1732572472210 122618.1 322
1732572482325 122622.7 323
1732572492437 122622.7 324
1732572502512 122624.5 325
1732572512623 122624.5 326
1732572522745 122624.8 327
1732572532824 122625.5 328
1732572542927 122632.6 329
1732572553041 122645.0 330
1732572563159 122612.4 331
1732572573270 122612.7 332
1732572583363 122612.7 333
1732572593480 122612.8 334
1732572603581 122612.8 335
1732572613689 122617.1 336
1732572623774 122617.3 337
1732572633879 122625.0 338
1732572643964 122625.0 339
1732572654058 122625.1 340
1732572664135 122625.1 341
1732572674250 122629.2 342
1732572684354 122630.9 343
1732572694458 122635.3 344
1732572704561 122641.6 345
1732572714649 122646.2 346
1732572724714 122646.4 347
1732572734818 122646.5 348
1732572744909 122646.5 349
1732572755021 122646.2 350
1732572765129 122646.7 351
1732572775253 122646.9 352
1732572785366 122651.2 353
1732572795488 122652.4 354
1732572805606 122652.5 355
1732572815722 122652.7 356
1732572825844 122653.5 357
1732572835950 122655.5 358
1732572846070 122657.4 359
1732572856208 122657.5 360
1732572866334 122651.3 361
1732572876448 122646.9 362
1732572886592 122650.9 363
1732572896702 122651.5 364
1732572906776 122651.5 365
1732572916863 122651.6 366
1732572926953 122651.6 367
1732572937029 122651.7 368
1732572947118 122651.7 369
1732572957244 122651.7 370
1732572967368 122651.8 371
1732572977471 122651.8 372
1732572987570 122652.0 373
1732572997703 122652.1 374
1732573007835 122652.2 375
1732573017986 122652.3 376
1732573028102 122652.6 377
1732573038224 122652.7 378
1732573048313 122652.8 379
1732573058445 122652.8 380
1732573068551 122652.9 381
1732573078659 122653.0 382
1732573088772 122653.0 383
1732573098864 122652.1 384
1732573108983 122659.5 385
1732573119093 122650.1 386
1732573129199 122642.3 387
1732573139276 122653.6 388
1732573149392 122653.7 389
1732573159534 122664.2 390
1732573169653 122661.4 391
1732573179772 122656.5 392
1732573189895 122652.6 393
1732573200008 122657.8 394
1732573210090 122660.2 395
1732573220208 122660.2 396
1732573230324 122663.4 397
1732573240460 122666.5 398
1732573250577 122652.0 399
1732573260694 122652.2 400
1732573270815 122652.9 401
1732573280937 122653.0 402
1732573291053 122653.4 403
1732573301148 122654.0 404
1732573311273 122660.6 405
1732573321375 122687.3 406
1732573331496 122687.1 407
1732573341646 122693.8 408
1732573351794 122693.9 409
1732573361916 122671.2 410
1732573372001 122679.8 411
1732573382139 122682.0 412
1732573392224 122684.1 413
1732573402314 122686.2 414
1732573412422 122688.3 415
1732573422536 122690.5 416
1732573432654 122694.7 417
1732573442771 122683.9 418
1732573452900 122669.0 419
1732573463042 122675.0 420
1732573473178 122690.5 421
1732573483289 122678.7 422
1732573493426 122681.9 423
1732573503554 122690.3 424
1732573514275 122664.1 425
1732573524409 122668.4 426
1732573534525 122675.7 427
1732573544655 122691.5 428
1732573554781 122661.2 429
1732573564912 122674.4 430
1732573575029 122680.1 431
1732573585131 122677.7 432
1732573595228 122684.8 433
1732573605312 122677.5 434
1732573615435 122677.5 435
1732573625529 122726.0 436
1732573635644 122815.5 437
1732573645741 122947.5 438
1732573655862 122990.5 439
1732573665991 122991.1 440
1732573676107 122993.1 441
1732573686255 122992.0 442
1732573696366 123004.2 443
1732573706517 123001.1 444
1732573716663 123003.6 445
1732573726796 123003.9 446
1732573736935 122980.4 447
1732573747062 122980.8 448
1732573757190 122981.0 449
1732573767316 122981.1 450
1732573777465 122981.2 451
1732573787591 122981.2 452
1732573797720 122981.3 453
1732573807848 122981.4 454
1732573817929 122981.5 455
1732573828055 122980.6 456
1732573838181 122978.7 457
1732573848306 122979.1 458
1732573858435 122979.2 459
1732573868556 122979.3 460
1732573878671 122980.8 461
1732573888767 122981.4 462
1732573898916 123002.0 463
1732573909047 122996.7 464
1732573919188 122996.8 465
1732573929330 123009.3 466
1732573939469 123011.6 467
1732573949602 123012.0 468
1732573959699 123012.4 469
