1732569223130 46.7 0
1732569233178 46.7 1
1732569243237 46.7 2
1732569253289 46.7 3
1732569263333 46.7 4
1732569273433 46.7 5
1732569283501 46.7 6
1732569293550 46.7 7
1732569303597 46.7 8
1732569313663 46.7 9
1732569323708 46.7 10
1732569333757 46.7 11
1732569343815 46.7 12
1732569353887 46.7 13
1732569363956 46.7 14
1732569374038 46.7 15
1732569384113 46.7 16
1732569394191 46.7 17
1732569404261 46.7 18
1732569414326 46.7 19
1732569424384 46.7 20
1732569434462 46.7 21
1732569444549 46.7 22
1732569454618 46.7 23
1732569464691 46.7 24
1732569474772 46.7 25
1732569484954 46.7 26
1732569495029 46.7 27
1732569505095 46.7 28
1732569515156 46.7 29
1732569525224 46.7 30
1732569535286 46.7 31
1732569545351 46.7 32
1732569555417 46.7 33
1732569565495 46.7 34
1732569575576 46.7 35
1732569585641 46.7 36
1732569595720 46.7 37
1732569605804 46.7 38
1732569615889 46.7 39
1732569625959 46.7 40
1732569636036 46.7 41
1732569646100 46.7 42
1732569656162 46.7 43
1732569666235 46.7 44
1732569676308 46.7 45
1732569686380 46.7 46
1732569696473 46.7 47
1732569706556 46.7 48
1732569716628 46.7 49
1732569726710 46.7 50
1732569736783 46.7 51
1732569746848 46.7 52
1732569756932 46.7 53
1732569767008 46.7 54
1732569777100 46.7 55
1732569787177 46.7 56
1732569797268 46.7 57
1732569807354 46.7 58
1732569817430 46.7 59
1732569827509 46.7 60
1732569837601 46.7 61
1732569847685 46.7 62
1732569857768 46.7 63
1732569867863 46.7 64
1732569877953 46.7 65
1732569888023 46.7 66
1732569898077 46.7 67
1732569908125 46.7 68
1732569918193 46.7 69
1732569928275 46.7 70
1732569938360 46.7 71
1732569948427 46.7 72
1732569958518 46.7 73
1732569968608 46.7 74
1732569978687 46.7 75
1732569988747 46.7 76
1732569998825 46.7 77
1732570008905 46.7 78
1732570018977 46.7 79
1732570029052 46.7 80
1732570039145 46.7 81
1732570049227 46.7 82
1732570059297 46.7 83
1732570069365 46.7 84
1732570079423 46.7 85
1732570089486 46.7 86
1732570099545 46.7 87
1732570109605 46.7 88
1732570119670 46.7 89
1732570129727 46.7 90
1732570139811 46.7 91
1732570149874 46.7 92
1732570159964 46.7 93
1732570170050 46.7 94
1732570180116 46.7 95
1732570190208 46.7 96
1732570200294 46.7 97
1732570210386 46.7 98
1732570220465 46.7 99
1732570230563 46.7 100
1732570240629 46.7 101
1732570250706 46.7 102
1732570260796 46.7 103
1732570270884 46.7 104
1732570280960 46.7 105
1732570291056 46.7 106
1732570301141 46.7 107
1732570311216 46.7 108
1732570321306 46.7 109
1732570331385 46.7 110
1732570341492 46.7 111
1732570351591 46.7 112
1732570361672 46.7 113
1732570371763 46.7 114
1732570381875 46.7 115
1732570391954 46.7 116
1732570402039 46.7 117
1732570412141 46.7 118
1732570422236 46.7 119
1732570432323 46.7 120
1732570442416 46.7 121
1732570452508 46.7 122
1732570462602 46.7 123
1732570472697 46.7 124
1732570482781 46.7 125
1732570492876 46.7 126
1732570502983 46.7 127
1732570513043 46.7 128
1732570523140 46.7 129
1732570533232 46.7 130
1732570543320 46.7 131
1732570553413 46.7 132
1732570563493 46.7 133
1732570573606 46.7 134
1732570583708 46.7 135
1732570593805 46.7 136
1732570603893 46.7 137
1732570613968 46.7 138
1732570624057 46.7 139
1732570634131 46.7 140
1732570644220 46.7 141
1732570654317 46.7 142
1732570664416 46.7 143
1732570674487 46.7 144
1732570684580 46.7 145
1732570694667 46.7 146
1732570704760 46.7 147
1732570714860 46.7 148
1732570724947 46.7 149
1732570735030 46.7 150
1732570745121 46.7 151
1732570755215 46.7 152
1732570765300 46.7 153
1732570775395 46.7 154
1732570785503 46.7 155
1732570795594 46.7 156
1732570805673 46.7 157
1732570815764 46.7 158
1732570825844 46.7 159
1732570835937 46.7 160
1732570846041 46.7 161
1732570856137 46.7 162
1732570866255 46.7 163
1732570876315 46.7 164
1732570886414 46.7 165
1732570896507 46.7 166
1732570906584 46.7 167
1732570916671 46.7 168
1732570926759 46.7 169
1732570936849 46.7 170
1732570946950 46.7 171
1732570957048 46.7 172
1732570967141 46.7 173
1732570977247 46.7 174
1732570987341 46.7 175
1732570997420 46.7 176
1732571007516 46.7 177
1732571017610 46.7 178
1732571027717 46.7 179
1732571037799 46.7 180
1732571047910 46.7 181
1732571058014 46.7 182
1732571068104 46.7 183
1732571078191 46.7 184
1732571088265 46.7 185
1732571098359 46.7 186
1732571108433 46.7 187
1732571118509 46.7 188
1732571128600 46.7 189
1732571138681 46.7 190
1732571148795 46.7 191
1732571158887 46.7 192
1732571168975 46.7 193
1732571179065 46.7 194
1732571189142 46.7 195
1732571199229 46.7 196
1732571209344 46.7 197
1732571219438 46.7 198
1732571229524 46.7 199
1732571239622 46.7 200
1732571249694 46.7 201
1732571259786 46.7 202
1732571269891 46.7 203
1732571279992 46.7 204
1732571290095 46.7 205
1732571300195 46.7 206
1732571310282 46.7 207
1732571320405 46.7 208
1732571330514 46.7 209
1732571340627 46.7 210
1732571350738 46.7 211
1732571360842 46.7 212
1732571370951 46.7 213
1732571381068 46.7 214
1732571391175 46.7 215
1732571401285 46.7 216
1732571411390 46.7 217
1732571421504 46.7 218
1732571431600 46.7 219
1732571441695 46.7 220
1732571451785 46.7 221
1732571461887 46.7 222
1732571471977 46.7 223
1732571482078 46.7 224
1732571492164 46.7 225
1732571502236 46.7 226
1732571512318 46.7 227
1732571522418 46.7 228
1732571532519 46.7 229
1732571542621 46.7 230
1732571552717 46.7 231
1732571562825 46.7 232
1732571572923 46.7 233
1732571583024 46.7 234
1732571593128 46.7 235
1732571603235 46.7 236
1732571613330 46.7 237
1732571623442 46.7 238
1732571633513 46.7 239
1732571643610 46.7 240
1732571653702 46.7 241
1732571663816 46.7 242
1732571673918 46.7 243
1732571684002 46.7 244
1732571694097 46.7 245
1732571704197 46.7 246
1732571714307 46.7 247
1732571724400 46.7 248
1732571734510 46.7 249
1732571744613 46.7 250
1732571754725 46.7 251
1732571764830 46.7 252
1732571774917 46.7 253
1732571785033 46.7 254
1732571795131 46.7 255
1732571805229 46.7 256
1732571815341 46.7 257
1732571825443 46.7 258
1732571835557 46.7 259
1732571845665 46.7 260
1732571855772 46.7 261
1732571865867 46.7 262
1732571875982 46.7 263
1732571886067 46.7 264
1732571896172 46.7 265
1732571906286 46.7 266
1732571916380 46.7 267
1732571926511 46.7 268
1732571936624 46.7 269
1732571946739 46.7 270
1732571956846 46.7 271
1732571966965 46.7 272
1732571977075 46.7 273
1732571987169 46.7 274
1732571997291 46.7 275
1732572007409 46.7 276
1732572017530 46.7 277
1732572027631 46.7 278
1732572037726 46.7 279
1732572047829 46.7 280
1732572057918 46.7 281
1732572068013 46.7 282
1732572078117 46.7 283
1732572088197 46.7 284
1732572098281 46.7 285
1732572108384 46.7 286
1732572118484 46.7 287
1732572128600 46.7 288
1732572138696 46.7 289
1732572148813 46.7 290
1732572158914 46.7 291
1732572168992 46.7 292
1732572179087 46.7 293
1732572189180 46.7 294
1732572199274 46.7 295
1732572209379 46.7 296
1732572219505 46.7 297
1732572229622 46.7 298
1732572239749 46.7 299
1732572249846 46.7 300
1732572259955 46.7 301
1732572270045 46.7 302
1732572280144 46.7 303
1732572290254 46.7 304
1732572300366 46.7 305
1732572310475 46.7 306
1732572320588 46.7 307
1732572330687 46.7 308
1732572340773 46.7 309
1732572350845 46.7 310
1732572360916 46.7 311
1732572371024 46.7 312
1732572381178 46.7 313
1732572391274 46.7 314
1732572401380 46.7 315
1732572411486 46.7 316
1732572421605 46.7 317
1732572431724 46.7 318
1732572441846 46.7 319
1732572451968 46.7 320
1732572462095 46.7 321
1732572472210 46.7 322
1732572482325 46.7 323
1732572492437 46.7 324
1732572502512 46.7 325
1732572512623 46.7 326
1732572522745 46.7 327
1732572532824 46.7 328
1732572542927 46.7 329
1732572553041 46.7 330
1732572563159 46.7 331
1732572573270 46.7 332
1732572583363 46.7 333
1732572593480 46.7 334
1732572603581 46.7 335
1732572613689 46.7 336
1732572623774 46.7 337
1732572633879 46.7 338
1732572643964 46.7 339
1732572654058 46.7 340
1732572664135 46.7 341
1732572674250 46.7 342
1732572684354 46.7 343
1732572694458 46.7 344
1732572704561 46.7 345
1732572714649 46.7 346
1732572724714 46.7 347
1732572734818 46.7 348
1732572744909 46.7 349
1732572755021 46.7 350
1732572765129 46.7 351
1732572775253 46.7 352
1732572785366 46.7 353
1732572795488 46.7 354
1732572805606 46.7 355
1732572815722 46.7 356
1732572825844 46.7 357
1732572835950 46.7 358
1732572846070 46.7 359
1732572856208 46.7 360
1732572866334 46.7 361
1732572876448 46.7 362
1732572886592 46.7 363
1732572896702 46.7 364
1732572906776 46.7 365
1732572916863 46.7 366
1732572926953 46.7 367
1732572937029 46.7 368
1732572947118 46.7 369
1732572957244 46.7 370
1732572967368 46.7 371
1732572977471 46.7 372
1732572987570 46.7 373
1732572997703 46.7 374
1732573007835 46.7 375
1732573017986 46.7 376
1732573028102 46.7 377
1732573038224 46.7 378
1732573048313 46.7 379
1732573058445 46.7 380
1732573068551 46.7 381
1732573078659 46.7 382
1732573088772 46.7 383
1732573098864 46.7 384
1732573108983 46.7 385
1732573119093 46.7 386
1732573129199 46.7 387
1732573139276 46.7 388
1732573149392 46.7 389
1732573159534 46.8 390
1732573169653 46.7 391
1732573179772 46.7 392
1732573189895 46.7 393
1732573200008 46.7 394
1732573210090 46.7 395
1732573220208 46.7 396
1732573230324 46.8 397
1732573240460 46.8 398
1732573250577 46.7 399
1732573260694 46.7 400
1732573270815 46.7 401
1732573280937 46.7 402
1732573291053 46.7 403
1732573301148 46.7 404
1732573311273 46.7 405
1732573321375 46.8 406
1732573331496 46.8 407
1732573341646 46.8 408
1732573351794 46.8 409
1732573361916 46.8 410
1732573372001 46.8 411
1732573382139 46.8 412
1732573392224 46.8 413
1732573402314 46.8 414
1732573412422 46.8 415
1732573422536 46.8 416
1732573432654 46.8 417
1732573442771 46.8 418
1732573452900 46.8 419
1732573463042 46.8 420
1732573473178 46.8 421
1732573483289 46.8 422
1732573493426 46.8 423
1732573503554 46.8 424
1732573514275 46.8 425
1732573524409 46.8 426
1732573534525 46.8 427
1732573544655 46.8 428
1732573554781 46.7 429
1732573564912 46.8 430
1732573575029 46.8 431
1732573585131 46.8 432
1732573595228 46.8 433
1732573605312 46.8 434
1732573615435 46.8 435
1732573625529 46.8 436
1732573635644 46.8 437
1732573645741 46.9 438
1732573655862 46.9 439
1732573665991 46.9 440
1732573676107 46.9 441
1732573686255 46.9 442
1732573696366 46.9 443
1732573706517 46.9 444
1732573716663 46.9 445
1732573726796 46.9 446
1732573736935 46.9 447
1732573747062 46.9 448
1732573757190 46.9 449
1732573767316 46.9 450
1732573777465 46.9 451
1732573787591 46.9 452
1732573797720 46.9 453
1732573807848 46.9 454
1732573817929 46.9 455
1732573828055 46.9 456
1732573838181 46.9 457
1732573848306 46.9 458
1732573858435 46.9 459
1732573868556 46.9 460
1732573878671 46.9 461
1732573888767 46.9 462
1732573898916 46.9 463
1732573909047 46.9 464
1732573919188 46.9 465
1732573929330 46.9 466
1732573939469 46.9 467
1732573949602 46.9 468
1732573959699 46.9 469
