1732569223130 139756.3 0
1732569233178 139756.3 1
1732569243237 139756.3 2
1732569253289 139756.2 3
1732569263333 139755.7 4
1732569273433 139755.7 5
1732569283501 139755.7 6
1732569293550 139755.5 7
1732569303597 139755.5 8
1732569313663 139755.5 9
1732569323708 139755.5 10
1732569333757 139755.5 11
1732569343815 139755.3 12
1732569353887 139755.1 13
1732569363956 139755.1 14
1732569374038 139763.3 15
1732569384113 139763.3 16
1732569394191 139763.3 17
1732569404261 139763.3 18
1732569414326 139763.3 19
1732569424384 139763.2 20
1732569434462 139763.2 21
1732569444549 139763.2 22
1732569454618 139763.2 23
1732569464691 139763.2 24
1732569474772 139763.2 25
1732569484954 139763.2 26
1732569495029 139774.4 27
1732569505095 139774.2 28
1732569515156 139774.1 29
1732569525224 139774.0 30
1732569535286 139774.0 31
1732569545351 139774.0 32
1732569555417 139774.1 33
1732569565495 139774.1 34
1732569575576 139774.1 35
1732569585641 139774.1 36
1732569595720 139774.1 37
1732569605804 139774.1 38
1732569615889 139774.9 39
1732569625959 139773.5 40
1732569636036 139773.5 41
1732569646100 139773.6 42
1732569656162 139773.5 43
1732569666235 139773.5 44
1732569676308 139773.5 45
1732569686380 139773.5 46
1732569696473 139773.5 47
1732569706556 139773.5 48
1732569716628 139773.4 49
1732569726710 139773.4 50
1732569736783 139773.4 51
1732569746848 139773.4 52
1732569756932 139773.4 53
1732569767008 139773.9 54
1732569777100 139773.9 55
1732569787177 139773.8 56
1732569797268 139773.8 57
1732569807354 139773.8 58
1732569817430 139765.4 59
1732569827509 139765.5 60
1732569837601 139765.5 61
1732569847685 139765.5 62
1732569857768 139765.4 63
1732569867863 139765.4 64
1732569877953 139765.4 65
1732569888023 139765.4 66
1732569898077 139765.4 67
1732569908125 139765.3 68
1732569918193 139765.3 69
1732569928275 139765.2 70
1732569938360 139765.2 71
1732569948427 139765.1 72
1732569958518 139765.1 73
1732569968608 139765.1 74
1732569978687 139765.1 75
1732569988747 139765.1 76
1732569998825 139765.1 77
1732570008905 139765.1 78
1732570018977 139765.1 79
1732570029052 139765.1 80
1732570039145 139765.0 81
1732570049227 139765.0 82
1732570059297 139765.0 83
1732570069365 139765.0 84
1732570079423 139765.0 85
1732570089486 139763.3 86
1732570099545 139763.3 87
1732570109605 139763.3 88
1732570119670 139763.3 89
1732570129727 139763.3 90
1732570139811 139763.2 91
1732570149874 139763.3 92
1732570159964 139763.2 93
1732570170050 139763.2 94
1732570180116 139763.2 95
1732570190208 139763.2 96
1732570200294 139763.2 97
1732570210386 139763.2 98
1732570220465 139763.2 99
1732570230563 139763.1 100
1732570240629 139763.7 101
1732570250706 139763.7 102
1732570260796 139763.7 103
1732570270884 139763.7 104
1732570280960 139763.7 105
1732570291056 139763.6 106
1732570301141 139763.6 107
1732570311216 139763.6 108
1732570321306 139763.6 109
1732570331385 139763.6 110
1732570341492 139763.5 111
1732570351591 139763.5 112
1732570361672 139763.4 113
1732570371763 139763.4 114
1732570381875 139763.4 115
1732570391954 139763.4 116
1732570402039 139763.4 117
1732570412141 139763.4 118
1732570422236 139763.4 119
1732570432323 139763.4 120
1732570442416 139763.4 121
1732570452508 139763.3 122
1732570462602 139763.3 123
1732570472697 139763.3 124
1732570482781 139763.3 125
1732570492876 139763.3 126
1732570502983 139763.2 127
1732570513043 139763.2 128
1732570523140 139763.2 129
1732570533232 139763.1 130
1732570543320 139763.1 131
1732570553413 139763.0 132
1732570563493 139763.0 133
1732570573606 139763.0 134
1732570583708 139763.0 135
1732570593805 139760.1 136
1732570603893 139760.1 137
1732570613968 139760.1 138
1732570624057 139760.1 139
1732570634131 139760.0 140
1732570644220 139762.8 141
1732570654317 139762.9 142
1732570664416 139762.8 143
1732570674487 139762.6 144
1732570684580 139762.6 145
1732570694667 139762.6 146
1732570704760 139762.0 147
1732570714860 139756.6 148
1732570724947 139756.5 149
1732570735030 139756.4 150
1732570745121 139756.4 151
1732570755215 139756.4 152
1732570765300 139756.4 153
1732570775395 139756.4 154
1732570785503 139756.4 155
1732570795594 139756.3 156
1732570805673 139756.3 157
1732570815764 139756.3 158
1732570825844 139756.3 159
1732570835937 139756.2 160
1732570846041 139756.2 161
1732570856137 139756.2 162
1732570866255 139756.2 163
1732570876315 139756.2 164
1732570886414 139756.2 165
1732570896507 139756.2 166
1732570906584 139756.1 167
1732570916671 139756.1 168
1732570926759 139756.1 169
1732570936849 139756.1 170
1732570946950 139756.1 171
1732570957048 139756.1 172
1732570967141 139756.1 173
1732570977247 139756.0 174
1732570987341 139756.1 175
1732570997420 139756.0 176
1732571007516 139756.0 177
1732571017610 139756.0 178
1732571027717 139756.0 179
1732571037799 139756.0 180
1732571047910 139756.0 181
1732571058014 139756.0 182
1732571068104 139756.0 183
1732571078191 139755.9 184
1732571088265 139755.9 185
1732571098359 139755.9 186
1732571108433 139755.9 187
1732571118509 139755.9 188
1732571128600 139755.9 189
1732571138681 139747.5 190
1732571148795 139747.5 191
1732571158887 139747.5 192
1732571168975 139747.5 193
1732571179065 139747.4 194
1732571189142 139755.9 195
1732571199229 139755.4 196
1732571209344 139755.5 197
1732571219438 139755.4 198
1732571229524 139755.4 199
1732571239622 139755.0 200
1732571249694 139753.2 201
1732571259786 139765.3 202
1732571269891 139756.9 203
1732571279992 139755.5 204
1732571290095 139749.9 205
1732571300195 139746.3 206
1732571310282 139758.8 207
1732571320405 139758.8 208
1732571330514 139751.1 209
1732571340627 139749.6 210
1732571350738 139749.8 211
1732571360842 139760.9 212
1732571370951 139758.0 213
1732571381068 139753.6 214
1732571391175 139749.5 215
1732571401285 139749.2 216
1732571411390 139749.1 217
1732571421504 139748.6 218
1732571431600 139747.5 219
1732571441695 139756.8 220
1732571451785 139750.7 221
1732571461887 139750.6 222
1732571471977 139750.6 223
1732571482078 139750.5 224
1732571492164 139750.5 225
1732571502236 139750.4 226
1732571512318 139750.0 227
1732571522418 139750.0 228
1732571532519 139749.9 229
1732571542621 139749.9 230
1732571552717 139749.9 231
1732571562825 139745.6 232
1732571572923 139747.6 233
1732571583024 139745.5 234
1732571593128 139744.7 235
1732571603235 139761.2 236
1732571613330 139760.5 237
1732571623442 139754.0 238
1732571633513 139753.3 239
1732571643610 139752.9 240
1732571653702 139752.9 241
1732571663816 139752.8 242
1732571673918 139752.4 243
1732571684002 139744.1 244
1732571694097 139744.0 245
1732571704197 139743.8 246
1732571714307 139743.8 247
1732571724400 139757.7 248
1732571734510 139756.7 249
1732571744613 139753.1 250
1732571754725 139744.0 251
1732571764830 139744.0 252
1732571774917 139743.9 253
1732571785033 139743.8 254
1732571795131 139743.7 255
1732571805229 139743.7 256
1732571815341 139743.7 257
1732571825443 139743.6 258
1732571835557 139743.6 259
1732571845665 139743.6 260
1732571855772 139756.5 261
1732571865867 139755.2 262
1732571875982 139755.3 263
1732571886067 139752.3 264
1732571896172 139752.2 265
1732571906286 139751.9 266
1732571916380 139780.7 267
1732571926511 139779.1 268
1732571936624 139774.5 269
1732571946739 139774.5 270
1732571956846 139774.4 271
1732571966965 139774.3 272
1732571977075 139774.3 273
1732571987169 139771.1 274
1732571997291 139770.3 275
1732572007409 139748.8 276
1732572017530 139752.6 277
1732572027631 139773.2 278
1732572037726 139772.4 279
1732572047829 139768.4 280
1732572057918 139767.9 281
1732572068013 139767.9 282
1732572078117 139767.8 283
1732572088197 139761.5 284
1732572098281 139759.3 285
1732572108384 139768.4 286
1732572118484 139766.2 287
1732572128600 139766.2 288
1732572138696 139763.7 289
1732572148813 139763.6 290
1732572158914 139761.5 291
1732572168992 139753.3 292
1732572179087 139748.3 293
1732572189180 139745.7 294
1732572199274 139759.1 295
1732572209379 139740.6 296
1732572219505 139732.9 297
1732572229622 139732.8 298
1732572239749 139732.4 299
1732572249846 139732.4 300
1732572259955 139732.3 301
1732572270045 139732.3 302
1732572280144 139723.6 303
1732572290254 139722.8 304
1732572300366 139734.1 305
1732572310475 139731.7 306
1732572320588 139747.3 307
1732572330687 139764.8 308
1732572340773 139763.6 309
1732572350845 139763.3 310
1732572360916 139764.6 311
1732572371024 139754.7 312
1732572381178 139754.6 313
1732572391274 139732.7 314
1732572401380 139774.6 315
1732572411486 139774.4 316
1732572421605 139767.1 317
1732572431724 139763.1 318
1732572441846 139763.0 319
1732572451968 139762.0 320
1732572462095 139759.7 321
1732572472210 139759.6 322
1732572482325 139755.0 323
1732572492437 139754.9 324
1732572502512 139753.2 325
1732572512623 139753.2 326
1732572522745 139752.9 327
1732572532824 139752.1 328
1732572542927 139745.1 329
1732572553041 139732.6 330
1732572563159 139765.2 331
1732572573270 139765.0 332
1732572583363 139764.9 333
1732572593480 139764.9 334
1732572603581 139764.8 335
1732572613689 139760.6 336
1732572623774 139760.4 337
1732572633879 139752.7 338
1732572643964 139752.6 339
1732572654058 139752.6 340
1732572664135 139752.5 341
1732572674250 139748.5 342
1732572684354 139746.7 343
1732572694458 139742.4 344
1732572704561 139736.1 345
1732572714649 139731.5 346
1732572724714 139731.2 347
1732572734818 139731.2 348
1732572744909 139731.1 349
1732572755021 139731.4 350
1732572765129 139731.0 351
1732572775253 139730.7 352
1732572785366 139726.5 353
1732572795488 139725.3 354
1732572805606 139725.2 355
1732572815722 139725.0 356
1732572825844 139724.2 357
1732572835950 139722.1 358
1732572846070 139720.2 359
1732572856208 139720.2 360
1732572866334 139726.4 361
1732572876448 139730.7 362
1732572886592 139726.8 363
1732572896702 139726.2 364
1732572906776 139726.1 365
1732572916863 139726.1 366
1732572926953 139726.0 367
1732572937029 139726.0 368
1732572947118 139726.0 369
1732572957244 139726.0 370
1732572967368 139725.9 371
1732572977471 139725.8 372
1732572987570 139725.6 373
1732572997703 139725.5 374
1732573007835 139725.5 375
1732573017986 139725.4 376
1732573028102 139725.1 377
1732573038224 139724.9 378
1732573048313 139724.9 379
1732573058445 139724.8 380
1732573068551 139724.7 381
1732573078659 139724.7 382
1732573088772 139724.7 383
1732573098864 139725.5 384
1732573108983 139718.2 385
1732573119093 139727.6 386
1732573129199 139735.4 387
1732573139276 139724.1 388
1732573149392 139723.9 389
1732573159534 139713.5 390
1732573169653 139716.3 391
1732573179772 139721.1 392
1732573189895 139725.0 393
1732573200008 139719.9 394
1732573210090 139717.5 395
1732573220208 139717.5 396
1732573230324 139714.2 397
1732573240460 139711.1 398
1732573250577 139725.6 399
1732573260694 139725.4 400
1732573270815 139724.8 401
1732573280937 139724.6 402
1732573291053 139724.3 403
1732573301148 139723.7 404
1732573311273 139717.1 405
1732573321375 139690.3 406
1732573331496 139690.6 407
1732573341646 139683.8 408
1732573351794 139683.8 409
1732573361916 139706.5 410
1732573372001 139697.9 411
1732573382139 139695.7 412
1732573392224 139693.6 413
1732573402314 139691.4 414
1732573412422 139689.3 415
1732573422536 139687.2 416
1732573432654 139683.0 417
1732573442771 139693.8 418
1732573452900 139708.6 419
1732573463042 139702.6 420
1732573473178 139687.1 421
1732573483289 139699.0 422
1732573493426 139695.8 423
1732573503554 139687.3 424
1732573514275 139713.5 425
1732573524409 139709.3 426
1732573534525 139701.9 427
1732573544655 139686.1 428
1732573554781 139716.5 429
1732573564912 139703.2 430
1732573575029 139697.6 431
1732573585131 139700.0 432
1732573595228 139692.8 433
1732573605312 139700.2 434
1732573615435 139700.1 435
1732573625529 139651.7 436
1732573635644 139562.2 437
1732573645741 139430.2 438
1732573655862 139387.1 439
1732573665991 139386.6 440
1732573676107 139384.6 441
1732573686255 139385.7 442
1732573696366 139373.4 443
1732573706517 139376.6 444
1732573716663 139374.0 445
1732573726796 139373.8 446
1732573736935 139397.3 447
1732573747062 139396.9 448
1732573757190 139396.7 449
1732573767316 139396.6 450
1732573777465 139396.5 451
1732573787591 139396.5 452
1732573797720 139396.4 453
1732573807848 139396.2 454
1732573817929 139396.2 455
1732573828055 139397.0 456
1732573838181 139399.0 457
1732573848306 139398.6 458
1732573858435 139398.5 459
1732573868556 139398.4 460
1732573878671 139396.9 461
1732573888767 139396.3 462
1732573898916 139375.7 463
1732573909047 139380.9 464
1732573919188 139380.9 465
1732573929330 139368.3 466
1732573939469 139366.0 467
1732573949602 139365.7 468
1732573959699 139365.2 469
