1732569223130 12.0 0
1732569233178 2.0 1
1732569243237 36.0 2
1732569253289 39.0 3
1732569263333 37.0 4
1732569273433 31.0 5
1732569283501 25.0 6
1732569293550 36.0 7
1732569303597 1.0 8
1732569313663 35.0 9
1732569323708 40.0 10
1732569333757 17.0 11
1732569343815 42.0 12
1732569353887 13.0 13
1732569363956 38.0 14
1732569374038 40.0 15
1732569384113 39.0 16
1732569394191 39.0 17
1732569404261 1.0 18
1732569414326 1.0 19
1732569424384 2.0 20
1732569434462 35.0 21
1732569444549 35.0 22
1732569454618 38.0 23
1732569464691 1.0 24
1732569474772 36.0 25
1732569484954 1.0 26
1732569495029 32.0 27
1732569505095 1.0 28
1732569515156 36.0 29
1732569525224 44.0 30
1732569535286 41.0 31
1732569545351 1.0 32
1732569555417 26.0 33
1732569565495 37.0 34
1732569575576 49.0 35
1732569585641 13.0 36
1732569595720 47.0 37
1732569605804 40.0 38
1732569615889 22.0 39
1732569625959 1.0 40
1732569636036 1.0 41
1732569646100 1.0 42
1732569656162 47.0 43
1732569666235 38.0 44
1732569676308 14.0 45
1732569686380 38.0 46
1732569696473 39.0 47
1732569706556 38.0 48
1732569716628 32.0 49
1732569726710 38.0 50
1732569736783 34.0 51
1732569746848 39.0 52
1732569756932 11.0 53
1732569767008 61.0 54
1732569777100 34.0 55
1732569787177 35.0 56
1732569797268 23.0 57
1732569807354 33.0 58
1732569817430 33.0 59
1732569827509 2.0 60
1732569837601 41.0 61
1732569847685 44.0 62
1732569857768 2.0 63
1732569867863 37.0 64
1732569877953 31.0 65
1732569888023 29.0 66
1732569898077 31.0 67
1732569908125 35.0 68
1732569918193 46.0 69
1732569928275 21.0 70
1732569938360 37.0 71
1732569948427 1.0 72
1732569958518 35.0 73
1732569968608 34.0 74
1732569978687 1.0 75
1732569988747 27.0 76
1732569998825 37.0 77
1732570008905 36.0 78
1732570018977 1.0 79
1732570029052 14.0 80
1732570039145 39.0 81
1732570049227 39.0 82
1732570059297 1.0 83
1732570069365 32.0 84
1732570079423 36.0 85
1732570089486 1.0 86
1732570099545 36.0 87
1732570109605 1.0 88
1732570119670 39.0 89
1732570129727 26.0 90
1732570139811 39.0 91
1732570149874 1.0 92
1732570159964 35.0 93
1732570170050 1.0 94
1732570180116 1.0 95
1732570190208 37.0 96
1732570200294 27.0 97
1732570210386 25.0 98
1732570220465 34.0 99
1732570230563 1.0 100
1732570240629 31.0 101
1732570250706 43.0 102
1732570260796 26.0 103
1732570270884 1.0 104
1732570280960 38.0 105
1732570291056 1.0 106
1732570301141 44.0 107
1732570311216 36.0 108
1732570321306 41.0 109
1732570331385 32.0 110
1732570341492 1.0 111
1732570351591 37.0 112
1732570361672 37.0 113
1732570371763 40.0 114
1732570381875 5.0 115
1732570391954 34.0 116
1732570402039 1.0 117
1732570412141 44.0 118
1732570422236 35.0 119
1732570432323 38.0 120
1732570442416 19.0 121
1732570452508 54.0 122
1732570462602 35.0 123
1732570472697 25.0 124
1732570482781 38.0 125
1732570492876 32.0 126
1732570502983 37.0 127
1732570513043 37.0 128
1732570523140 39.0 129
1732570533232 32.0 130
1732570543320 17.0 131
1732570553413 29.0 132
1732570563493 18.0 133
1732570573606 36.0 134
1732570583708 36.0 135
1732570593805 2.0 136
1732570603893 30.0 137
1732570613968 6.0 138
1732570624057 2.0 139
1732570634131 38.0 140
1732570644220 39.0 141
1732570654317 1.0 142
1732570664416 2.0 143
1732570674487 33.0 144
1732570684580 25.0 145
1732570694667 37.0 146
1732570704760 40.0 147
1732570714860 2.0 148
1732570724947 13.0 149
1732570735030 34.0 150
1732570745121 1.0 151
1732570755215 43.0 152
1732570765300 35.0 153
1732570775395 38.0 154
1732570785503 1.0 155
1732570795594 40.0 156
1732570805673 1.0 157
1732570815764 33.0 158
1732570825844 31.0 159
1732570835937 15.0 160
1732570846041 10.0 161
1732570856137 39.0 162
1732570866255 37.0 163
1732570876315 14.0 164
1732570886414 35.0 165
1732570896507 32.0 166
1732570906584 1.0 167
1732570916671 34.0 168
1732570926759 2.0 169
1732570936849 31.0 170
1732570946950 1.0 171
1732570957048 25.0 172
1732570967141 36.0 173
1732570977247 34.0 174
1732570987341 40.0 175
1732570997420 1.0 176
1732571007516 1.0 177
1732571017610 2.0 178
1732571027717 1.0 179
1732571037799 39.0 180
1732571047910 1.0 181
1732571058014 35.0 182
1732571068104 34.0 183
1732571078191 39.0 184
1732571088265 37.0 185
1732571098359 8.0 186
1732571108433 1.0 187
1732571118509 37.0 188
1732571128600 32.0 189
1732571138681 32.0 190
1732571148795 25.0 191
1732571158887 2.0 192
1732571168975 1.0 193
1732571179065 44.0 194
1732571189142 41.0 195
1732571199229 2.0 196
1732571209344 3.0 197
1732571219438 44.0 198
1732571229524 27.0 199
1732571239622 4.0 200
1732571249694 36.0 201
1732571259786 50.0 202
1732571269891 36.0 203
1732571279992 1.0 204
1732571290095 35.0 205
1732571300195 52.0 206
1732571310282 37.0 207
1732571320405 49.0 208
1732571330514 15.0 209
1732571340627 45.0 210
1732571350738 8.0 211
1732571360842 45.0 212
1732571370951 42.0 213
1732571381068 38.0 214
1732571391175 14.0 215
1732571401285 50.0 216
1732571411390 4.0 217
1732571421504 37.0 218
1732571431600 39.0 219
1732571441695 13.0 220
1732571451785 2.0 221
1732571461887 10.0 222
1732571471977 4.0 223
1732571482078 37.0 224
1732571492164 4.0 225
1732571502236 40.0 226
1732571512318 9.0 227
1732571522418 14.0 228
1732571532519 47.0 229
1732571542621 40.0 230
1732571552717 6.0 231
1732571562825 4.0 232
1732571572923 44.0 233
1732571583024 5.0 234
1732571593128 21.0 235
1732571603235 14.0 236
1732571613330 42.0 237
1732571623442 44.0 238
1732571633513 4.0 239
1732571643610 39.0 240
1732571653702 32.0 241
1732571663816 5.0 242
1732571673918 6.0 243
1732571684002 27.0 244
1732571694097 5.0 245
1732571704197 34.0 246
1732571714307 37.0 247
1732571724400 48.0 248
1732571734510 4.0 249
1732571744613 16.0 250
1732571754725 43.0 251
1732571764830 37.0 252
1732571774917 50.0 253
1732571785033 46.0 254
1732571795131 5.0 255
1732571805229 51.0 256
1732571815341 36.0 257
1732571825443 25.0 258
1732571835557 43.0 259
1732571845665 9.0 260
1732571855772 9.0 261
1732571865867 39.0 262
1732571875982 39.0 263
1732571886067 4.0 264
1732571896172 43.0 265
1732571906286 8.0 266
1732571916380 40.0 267
1732571926511 35.0 268
1732571936624 45.0 269
1732571946739 7.0 270
1732571956846 7.0 271
1732571966965 36.0 272
1732571977075 40.0 273
1732571987169 40.0 274
1732571997291 10.0 275
1732572007409 45.0 276
1732572017530 40.0 277
1732572027631 38.0 278
1732572037726 7.0 279
1732572047829 51.0 280
1732572057918 46.0 281
1732572068013 40.0 282
1732572078117 4.0 283
1732572088197 44.0 284
1732572098281 44.0 285
1732572108384 17.0 286
1732572118484 17.0 287
1732572128600 14.0 288
1732572138696 44.0 289
1732572148813 44.0 290
1732572158914 49.0 291
1732572168992 17.0 292
1732572179087 51.0 293
1732572189180 38.0 294
1732572199274 13.0 295
1732572209379 45.0 296
1732572219505 50.0 297
1732572229622 18.0 298
1732572239749 44.0 299
1732572249846 43.0 300
1732572259955 8.0 301
1732572270045 14.0 302
1732572280144 23.0 303
1732572290254 11.0 304
1732572300366 41.0 305
1732572310475 35.0 306
1732572320588 37.0 307
1732572330687 7.0 308
1732572340773 4.0 309
1732572350845 42.0 310
1732572360916 15.0 311
1732572371024 9.0 312
1732572381178 11.0 313
1732572391274 49.0 314
1732572401380 51.0 315
1732572411486 11.0 316
1732572421605 43.0 317
1732572431724 52.0 318
1732572441846 13.0 319
1732572451968 15.0 320
1732572462095 45.0 321
1732572472210 45.0 322
1732572482325 51.0 323
1732572492437 4.0 324
1732572502512 4.0 325
1732572512623 41.0 326
1732572522745 20.0 327
1732572532824 5.0 328
1732572542927 47.0 329
1732572553041 49.0 330
1732572563159 45.0 331
1732572573270 27.0 332
1732572583363 14.0 333
1732572593480 44.0 334
1732572603581 14.0 335
1732572613689 46.0 336
1732572623774 39.0 337
1732572633879 55.0 338
1732572643964 50.0 339
1732572654058 5.0 340
1732572664135 5.0 341
1732572674250 43.0 342
1732572684354 35.0 343
1732572694458 5.0 344
1732572704561 36.0 345
1732572714649 46.0 346
1732572724714 5.0 347
1732572734818 45.0 348
1732572744909 4.0 349
1732572755021 43.0 350
1732572765129 33.0 351
1732572775253 39.0 352
1732572785366 57.0 353
1732572795488 34.0 354
1732572805606 4.0 355
1732572815722 48.0 356
1732572825844 16.0 357
1732572835950 41.0 358
1732572846070 16.0 359
1732572856208 27.0 360
1732572866334 44.0 361
1732572876448 3.0 362
1732572886592 56.0 363
1732572896702 33.0 364
1732572906776 6.0 365
1732572916863 7.0 366
1732572926953 31.0 367
1732572937029 35.0 368
1732572947118 19.0 369
1732572957244 36.0 370
1732572967368 36.0 371
1732572977471 43.0 372
1732572987570 29.0 373
1732572997703 27.0 374
1732573007835 7.0 375
1732573017986 45.0 376
1732573028102 47.0 377
1732573038224 8.0 378
1732573048313 38.0 379
1732573058445 38.0 380
1732573068551 7.0 381
1732573078659 3.0 382
1732573088772 18.0 383
1732573098864 55.0 384
1732573108983 42.0 385
1732573119093 44.0 386
1732573129199 15.0 387
1732573139276 15.0 388
1732573149392 3.0 389
1732573159534 26.0 390
1732573169653 43.0 391
1732573179772 43.0 392
1732573189895 7.0 393
1732573200008 46.0 394
1732573210090 41.0 395
1732573220208 45.0 396
1732573230324 14.0 397
1732573240460 51.0 398
1732573250577 15.0 399
1732573260694 2.0 400
1732573270815 36.0 401
1732573280937 3.0 402
1732573291053 44.0 403
1732573301148 14.0 404
1732573311273 48.0 405
1732573321375 28.0 406
1732573331496 40.0 407
1732573341646 16.0 408
1732573351794 49.0 409
1732573361916 42.0 410
1732573372001 14.0 411
1732573382139 36.0 412
1732573392224 5.0 413
1732573402314 39.0 414
1732573412422 44.0 415
1732573422536 6.0 416
1732573432654 45.0 417
1732573442771 7.0 418
1732573452900 15.0 419
1732573463042 33.0 420
1732573473178 48.0 421
1732573483289 10.0 422
1732573493426 9.0 423
1732573503554 7.0 424
1732573514275 8.0 425
1732573524409 11.0 426
1732573534525 38.0 427
1732573544655 6.0 428
1732573554781 51.0 429
1732573564912 7.0 430
1732573575029 43.0 431
1732573585131 44.0 432
1732573595228 27.0 433
1732573605312 3.0 434
1732573615435 40.0 435
1732573625529 34.0 436
1732573635644 34.0 437
1732573645741 14.0 438
1732573655862 45.0 439
1732573665991 32.0 440
1732573676107 45.0 441
1732573686255 15.0 442
1732573696366 9.0 443
1732573706517 40.0 444
1732573716663 44.0 445
1732573726796 53.0 446
1732573736935 45.0 447
1732573747062 15.0 448
1732573757190 35.0 449
1732573767316 7.0 450
1732573777465 41.0 451
1732573787591 41.0 452
1732573797720 35.0 453
1732573807848 39.0 454
1732573817929 41.0 455
1732573828055 15.0 456
1732573838181 45.0 457
1732573848306 52.0 458
1732573858435 4.0 459
1732573868556 2.0 460
1732573878671 43.0 461
1732573888767 36.0 462
1732573898916 35.0 463
1732573909047 5.0 464
1732573919188 13.0 465
1732573929330 6.0 466
1732573939469 34.0 467
1732573949602 8.0 468
1732573959699 6.0 469
