1732569223130 2741.5 0
1732569233178 4568.8 1
1732569243237 6895.4 2
1732569253289 6887.4 3
1732569263333 6886.0 4
1732569273433 6866.1 5
1732569283501 9342.9 6
1732569293550 9356.9 7
1732569303597 9389.3 8
1732569313663 9367.5 9
1732569323708 9378.1 10
1732569333757 9378.1 11
1732569343815 9378.1 12
1732569353887 9378.1 13
1732569363956 9392.1 14
1732569374038 9373.2 15
1732569384113 9373.4 16
1732569394191 9359.1 17
1732569404261 9359.1 18
1732569414326 9352.8 19
1732569424384 9352.8 20
1732569434462 9352.7 21
1732569444549 9352.7 22
1732569454618 9352.7 23
1732569464691 9352.7 24
1732569474772 9370.3 25
1732569484954 9352.6 26
1732569495029 9535.2 27
1732569505095 9547.0 28
1732569515156 9545.0 29
1732569525224 9551.3 30
1732569535286 9551.3 31
1732569545351 9531.2 32
1732569555417 9531.2 33
1732569565495 9535.4 34
1732569575576 9543.8 35
1732569585641 9539.6 36
1732569595720 9539.6 37
1732569605804 9505.0 38
1732569615889 9322.8 39
1732569625959 9371.6 40
1732569636036 9383.6 41
1732569646100 9489.7 42
1732569656162 9684.9 43
1732569666235 9643.5 44
1732569676308 9642.2 45
1732569686380 9642.0 46
1732569696473 9639.5 47
1732569706556 9585.8 48
1732569716628 9667.5 49
1732569726710 9757.1 50
1732569736783 9695.9 51
1732569746848 9680.4 52
1732569756932 9755.1 53
1732569767008 9631.1 54
1732569777100 9353.6 55
1732569787177 9343.7 56
1732569797268 9338.0 57
1732569807354 9337.6 58
1732569817430 9396.2 59
1732569827509 9497.5 60
1732569837601 9652.9 61
1732569847685 9618.5 62
1732569857768 9618.5 63
1732569867863 9618.6 64
1732569877953 9620.6 65
1732569888023 9620.6 66
1732569898077 9696.2 67
1732569908125 9745.9 68
1732569918193 9927.3 69
1732569928275 9891.7 70
1732569938360 9805.4 71
1732569948427 9805.4 72
1732569958518 9805.4 73
1732569968608 9804.5 74
1732569978687 9804.6 75
1732569988747 9804.5 76
1732569998825 9804.5 77
1732570008905 9741.7 78
1732570018977 9741.7 79
1732570029052 9816.9 80
1732570039145 9848.9 81
1732570049227 9890.8 82
1732570059297 9890.8 83
1732570069365 9890.8 84
1732570079423 9601.0 85
1732570089486 9568.1 86
1732570099545 9549.2 87
1732570109605 9644.5 88
1732570119670 9628.3 89
1732570129727 9667.1 90
1732570139811 9661.8 91
1732570149874 9466.0 92
1732570159964 9518.1 93
1732570170050 9503.4 94
1732570180116 9503.2 95
1732570190208 9503.2 96
1732570200294 9503.2 97
1732570210386 9522.6 98
1732570220465 9570.5 99
1732570230563 9428.5 100
1732570240629 9394.7 101
1732570250706 9540.9 102
1732570260796 9658.1 103
1732570270884 9636.0 104
1732570280960 9685.2 105
1732570291056 9589.9 106
1732570301141 9301.1 107
1732570311216 9594.4 108
1732570321306 9618.3 109
1732570331385 9666.4 110
1732570341492 9647.2 111
1732570351591 9647.2 112
1732570361672 9647.0 113
1732570371763 9720.5 114
1732570381875 9882.5 115
1732570391954 9938.0 116
1732570402039 9913.7 117
1732570412141 10058.9 118
1732570422236 9975.0 119
1732570432323 9984.7 120
1732570442416 9631.9 121
1732570452508 9691.1 122
1732570462602 9672.2 123
1732570472697 9687.1 124
1732570482781 9705.6 125
1732570492876 9691.8 126
1732570502983 9662.9 127
1732570513043 9668.2 128
1732570523140 9694.7 129
1732570533232 9694.7 130
1732570543320 9669.6 131
1732570553413 9655.4 132
1732570563493 9844.8 133
1732570573606 9795.0 134
1732570583708 9769.6 135
1732570593805 9785.4 136
1732570603893 9755.1 137
1732570613968 9731.8 138
1732570624057 9745.5 139
1732570634131 9719.3 140
1732570644220 9678.9 141
1732570654317 9662.1 142
1732570664416 9665.4 143
1732570674487 9605.5 144
1732570684580 9590.7 145
1732570694667 9543.0 146
1732570704760 9526.1 147
1732570714860 9490.7 148
1732570724947 9728.4 149
1732570735030 9752.4 150
1732570745121 9693.6 151
1732570755215 9678.7 152
1732570765300 9678.7 153
1732570775395 9678.7 154
1732570785503 9875.9 155
1732570795594 9875.9 156
1732570805673 9875.9 157
1732570815764 9963.0 158
1732570825844 9962.3 159
1732570835937 9794.3 160
1732570846041 9727.5 161
1732570856137 9701.4 162
1732570866255 9675.7 163
1732570876315 9673.2 164
1732570886414 9673.2 165
1732570896507 9673.2 166
1732570906584 9673.2 167
1732570916671 9673.4 168
1732570926759 9673.2 169
1732570936849 9673.2 170
1732570946950 9673.2 171
1732570957048 9673.2 172
1732570967141 9673.2 173
1732570977247 9673.2 174
1732570987341 9673.2 175
1732570997420 9673.4 176
1732571007516 9673.2 177
1732571017610 9673.2 178
1732571027717 9673.4 179
1732571037799 9673.2 180
1732571047910 9673.2 181
1732571058014 9361.9 182
1732571068104 9361.8 183
1732571078191 9361.8 184
1732571088265 9361.8 185
1732571098359 9361.8 186
1732571108433 9361.8 187
1732571118509 9354.8 188
1732571128600 9354.7 189
1732571138681 9354.7 190
1732571148795 9354.7 191
1732571158887 9354.7 192
1732571168975 9352.2 193
1732571179065 9356.0 194
1732571189142 9450.2 195
1732571199229 9441.4 196
1732571209344 9475.5 197
1732571219438 9470.8 198
1732571229524 9467.3 199
1732571239622 9495.6 200
1732571249694 9492.2 201
1732571259786 9516.7 202
1732571269891 9531.9 203
1732571279992 9605.3 204
1732571290095 9534.4 205
1732571300195 9503.5 206
1732571310282 9524.6 207
1732571320405 9509.1 208
1732571330514 9535.0 209
1732571340627 9506.8 210
1732571350738 9497.6 211
1732571360842 9555.2 212
1732571370951 9544.5 213
1732571381068 9538.9 214
1732571391175 9554.1 215
1732571401285 9569.3 216
1732571411390 9531.8 217
1732571421504 9511.9 218
1732571431600 9521.3 219
1732571441695 9520.9 220
1732571451785 9513.7 221
1732571461887 9535.6 222
1732571471977 9515.9 223
1732571482078 9397.5 224
1732571492164 9385.5 225
1732571502236 9398.0 226
1732571512318 9407.9 227
1732571522418 9329.7 228
1732571532519 9373.0 229
1732571542621 9400.1 230
1732571552717 9398.0 231
1732571562825 9431.2 232
1732571572923 9424.7 233
1732571583024 9431.9 234
1732571593128 9462.2 235
1732571603235 9420.9 236
1732571613330 9534.3 237
1732571623442 9546.2 238
1732571633513 9543.8 239
1732571643610 9530.8 240
1732571653702 9538.4 241
1732571663816 9538.4 242
1732571673918 9520.0 243
1732571684002 9609.2 244
1732571694097 9623.1 245
1732571704197 9605.3 246
1732571714307 9621.3 247
1732571724400 9621.3 248
1732571734510 9587.1 249
1732571744613 9602.3 250
1732571754725 9614.7 251
1732571764830 9598.3 252
1732571774917 9592.6 253
1732571785033 9486.9 254
1732571795131 9410.0 255
1732571805229 9411.8 256
1732571815341 9415.5 257
1732571825443 9414.4 258
1732571835557 9412.1 259
1732571845665 9415.8 260
1732571855772 9562.6 261
1732571865867 9592.0 262
1732571875982 9606.2 263
1732571886067 9570.1 264
1732571896172 9590.5 265
1732571906286 9598.3 266
1732571916380 9479.5 267
1732571926511 9432.1 268
1732571936624 9427.4 269
1732571946739 9414.9 270
1732571956846 9423.7 271
1732571966965 9396.5 272
1732571977075 9400.4 273
1732571987169 9414.1 274
1732571997291 9441.3 275
1732572007409 9489.2 276
1732572017530 9571.4 277
1732572027631 9550.6 278
1732572037726 9546.0 279
1732572047829 9572.3 280
1732572057918 9509.5 281
1732572068013 9441.0 282
1732572078117 9443.9 283
1732572088197 9446.6 284
1732572098281 9447.1 285
1732572108384 9448.0 286
1732572118484 9423.4 287
1732572128600 9421.7 288
1732572138696 9463.2 289
1732572148813 9455.0 290
1732572158914 9432.4 291
1732572168992 9431.5 292
1732572179087 9464.3 293
1732572189180 9428.8 294
1732572199274 9428.9 295
1732572209379 9473.4 296
1732572219505 9446.4 297
1732572229622 9426.8 298
1732572239749 9436.1 299
1732572249846 9436.1 300
1732572259955 9427.4 301
1732572270045 9426.2 302
1732572280144 9454.8 303
1732572290254 9455.1 304
1732572300366 9450.6 305
1732572310475 9442.8 306
1732572320588 9456.5 307
1732572330687 9518.4 308
1732572340773 9469.2 309
1732572350845 9500.4 310
1732572360916 9465.6 311
1732572371024 9666.8 312
1732572381178 9683.3 313
1732572391274 10158.1 314
1732572401380 10118.3 315
1732572411486 10064.2 316
1732572421605 9964.7 317
1732572431724 9958.1 318
1732572441846 9986.8 319
1732572451968 9929.6 320
1732572462095 9834.3 321
1732572472210 9606.6 322
1732572482325 9482.9 323
1732572492437 9453.6 324
1732572502512 9474.5 325
1732572512623 9451.5 326
1732572522745 9445.4 327
1732572532824 9471.9 328
1732572542927 9467.6 329
1732572553041 9500.0 330
1732572563159 9489.1 331
1732572573270 9479.6 332
1732572583363 9484.0 333
1732572593480 9485.9 334
1732572603581 9447.2 335
1732572613689 9453.8 336
1732572623774 9472.2 337
1732572633879 9448.3 338
1732572643964 9458.7 339
1732572654058 9450.1 340
1732572664135 9461.7 341
1732572674250 9473.4 342
1732572684354 9459.7 343
1732572694458 9439.9 344
1732572704561 9415.4 345
1732572714649 9501.1 346
1732572724714 9505.5 347
1732572734818 9502.6 348
1732572744909 9492.5 349
1732572755021 9440.3 350
1732572765129 9458.7 351
1732572775253 9469.0 352
1732572785366 9470.3 353
1732572795488 9447.0 354
1732572805606 9442.5 355
1732572815722 9454.6 356
1732572825844 9466.6 357
1732572835950 9452.3 358
1732572846070 9471.2 359
1732572856208 9472.8 360
1732572866334 9488.1 361
1732572876448 9534.3 362
1732572886592 9642.3 363
1732572896702 9614.5 364
1732572906776 9593.5 365
1732572916863 9595.1 366
1732572926953 9556.3 367
1732572937029 9466.0 368
1732572947118 9421.2 369
1732572957244 9428.3 370
1732572967368 9424.7 371
1732572977471 9452.8 372
1732572987570 9441.5 373
1732572997703 9460.1 374
1732573007835 9439.5 375
1732573017986 9524.0 376
1732573028102 9497.6 377
1732573038224 9495.4 378
1732573048313 9496.2 379
1732573058445 9490.9 380
1732573068551 9530.2 381
1732573078659 9498.9 382
1732573088772 9590.8 383
1732573098864 9608.6 384
1732573108983 9568.9 385
1732573119093 9575.2 386
1732573129199 9615.2 387
1732573139276 9631.0 388
1732573149392 9639.0 389
1732573159534 9654.8 390
1732573169653 9744.7 391
1732573179772 9706.5 392
1732573189895 9793.9 393
1732573200008 9722.3 394
1732573210090 9668.9 395
1732573220208 9661.6 396
1732573230324 9628.9 397
1732573240460 9545.5 398
1732573250577 9548.5 399
1732573260694 9534.0 400
1732573270815 9514.8 401
1732573280937 9505.2 402
1732573291053 9526.1 403
1732573301148 9515.4 404
1732573311273 9541.8 405
1732573321375 9579.3 406
1732573331496 9545.5 407
1732573341646 9466.2 408
1732573351794 9507.2 409
1732573361916 9528.5 410
1732573372001 9486.7 411
1732573382139 9467.8 412
1732573392224 9473.9 413
1732573402314 9490.0 414
1732573412422 9465.4 415
1732573422536 9472.2 416
1732573432654 9486.7 417
1732573442771 9509.6 418
1732573452900 9491.4 419
1732573463042 9486.5 420
1732573473178 9504.6 421
1732573483289 9504.1 422
1732573493426 9495.0 423
1732573503554 9493.9 424
1732573514275 9496.4 425
1732573524409 9486.3 426
1732573534525 9476.4 427
1732573544655 9490.3 428
1732573554781 9512.0 429
1732573564912 9525.8 430
1732573575029 9560.5 431
1732573585131 9572.3 432
1732573595228 9553.9 433
1732573605312 9564.5 434
1732573615435 9522.4 435
1732573625529 9541.1 436
1732573635644 9533.4 437
1732573645741 9537.5 438
1732573655862 9515.8 439
1732573665991 9528.7 440
1732573676107 9532.7 441
1732573686255 9531.4 442
1732573696366 9574.5 443
1732573706517 9656.7 444
1732573716663 9613.0 445
1732573726796 9651.5 446
1732573736935 9605.3 447
1732573747062 9572.5 448
1732573757190 9585.7 449
1732573767316 9594.9 450
1732573777465 9546.9 451
1732573787591 9536.9 452
1732573797720 9523.0 453
1732573807848 9532.2 454
1732573817929 9526.7 455
1732573828055 9403.9 456
1732573838181 9407.9 457
1732573848306 9436.5 458
1732573858435 9412.0 459
1732573868556 9363.7 460
1732573878671 9432.9 461
1732573888767 9557.4 462
1732573898916 9633.2 463
1732573909047 9636.5 464
1732573919188 9616.0 465
1732573929330 9614.7 466
1732573939469 9510.6 467
1732573949602 9481.8 468
1732573959699 9461.4 469
