1732569223130 21.5 0
1732569233178 29.0 1
1732569243237 47.9 2
1732569253289 37.7 3
1732569263333 37.2 4
1732569273433 38.3 5
1732569283501 30.1 6
1732569293550 47.6 7
1732569303597 40.7 8
1732569313663 51.2 9
1732569323708 39.7 10
1732569333757 49.3 11
1732569343815 44.7 12
1732569353887 32.2 13
1732569363956 49.5 14
1732569374038 40.8 15
1732569384113 45.1 16
1732569394191 50.7 17
1732569404261 34.3 18
1732569414326 31.5 19
1732569424384 31.3 20
1732569434462 40.2 21
1732569444549 40.9 22
1732569454618 39.2 23
1732569464691 31.0 24
1732569474772 50.2 25
1732569484954 30.9 26
1732569495029 31.3 27
1732569505095 31.0 28
1732569515156 50.3 29
1732569525224 50.9 30
1732569535286 51.6 31
1732569545351 31.4 32
1732569555417 31.5 33
1732569565495 52.2 34
1732569575576 53.0 35
1732569585641 31.4 36
1732569595720 39.5 37
1732569605804 43.7 38
1732569615889 31.4 39
1732569625959 31.1 40
1732569636036 35.3 41
1732569646100 31.0 42
1732569656162 51.0 43
1732569666235 43.0 44
1732569676308 31.6 45
1732569686380 48.9 46
1732569696473 50.0 47
1732569706556 48.9 48
1732569716628 50.9 49
1732569726710 49.9 50
1732569736783 39.2 51
1732569746848 32.7 52
1732569756932 31.4 53
1732569767008 32.9 54
1732569777100 49.8 55
1732569787177 42.5 56
1732569797268 31.4 57
1732569807354 39.7 58
1732569817430 43.2 59
1732569827509 31.2 60
1732569837601 49.7 61
1732569847685 49.8 62
1732569857768 47.6 63
1732569867863 41.0 64
1732569877953 42.7 65
1732569888023 38.8 66
1732569898077 51.3 67
1732569908125 38.5 68
1732569918193 51.6 69
1732569928275 31.5 70
1732569938360 39.5 71
1732569948427 35.5 72
1732569958518 41.0 73
1732569968608 39.8 74
1732569978687 31.1 75
1732569988747 31.4 76
1732569998825 51.3 77
1732570008905 50.6 78
1732570018977 39.1 79
1732570029052 37.7 80
1732570039145 44.4 81
1732570049227 42.3 82
1732570059297 30.9 83
1732570069365 48.7 84
1732570079423 40.1 85
1732570089486 30.9 86
1732570099545 34.1 87
1732570109605 30.9 88
1732570119670 45.2 89
1732570129727 31.4 90
1732570139811 43.2 91
1732570149874 31.0 92
1732570159964 50.8 93
1732570170050 31.4 94
1732570180116 49.0 95
1732570190208 38.0 96
1732570200294 31.3 97
1732570210386 32.1 98
1732570220465 47.5 99
1732570230563 31.0 100
1732570240629 51.2 101
1732570250706 51.5 102
1732570260796 31.5 103
1732570270884 31.1 104
1732570280960 50.1 105
1732570291056 38.1 106
1732570301141 52.9 107
1732570311216 51.0 108
1732570321306 32.5 109
1732570331385 31.5 110
1732570341492 44.4 111
1732570351591 42.6 112
1732570361672 40.1 113
1732570371763 49.7 114
1732570381875 31.2 115
1732570391954 46.4 116
1732570402039 35.7 117
1732570412141 47.3 118
1732570422236 49.3 119
1732570432323 49.7 120
1732570442416 32.7 121
1732570452508 52.7 122
1732570462602 40.8 123
1732570472697 31.5 124
1732570482781 41.2 125
1732570492876 48.2 126
1732570502983 31.8 127
1732570513043 38.6 128
1732570523140 48.5 129
1732570533232 40.1 130
1732570543320 31.6 131
1732570553413 40.6 132
1732570563493 37.0 133
1732570573606 50.9 134
1732570583708 39.5 135
1732570593805 31.3 136
1732570603893 32.9 137
1732570613968 32.4 138
1732570624057 31.2 139
1732570634131 39.7 140
1732570644220 41.1 141
1732570654317 31.3 142
1732570664416 35.2 143
1732570674487 50.1 144
1732570684580 31.6 145
1732570694667 51.0 146
1732570704760 51.0 147
1732570714860 31.3 148
1732570724947 38.3 149
1732570735030 49.9 150
1732570745121 33.3 151
1732570755215 46.4 152
1732570765300 50.5 153
1732570775395 39.4 154
1732570785503 31.3 155
1732570795594 40.2 156
1732570805673 36.6 157
1732570815764 41.7 158
1732570825844 50.7 159
1732570835937 37.9 160
1732570846041 31.4 161
1732570856137 49.0 162
1732570866255 51.1 163
1732570876315 39.4 164
1732570886414 42.2 165
1732570896507 48.1 166
1732570906584 31.1 167
1732570916671 46.9 168
1732570926759 31.2 169
1732570936849 49.2 170
1732570946950 31.1 171
1732570957048 31.3 172
1732570967141 39.7 173
1732570977247 45.7 174
1732570987341 50.1 175
1732570997420 31.0 176
1732571007516 38.2 177
1732571017610 31.0 178
1732571027717 40.6 179
1732571037799 44.8 180
1732571047910 33.5 181
1732571058014 42.3 182
1732571068104 39.4 183
1732571078191 51.8 184
1732571088265 43.0 185
1732571098359 31.2 186
1732571108433 31.1 187
1732571118509 51.3 188
1732571128600 39.4 189
1732571138681 38.3 190
1732571148795 39.1 191
1732571158887 33.9 192
1732571168975 31.7 193
1732571179065 50.3 194
1732571189142 50.4 195
1732571199229 31.1 196
1732571209344 43.9 197
1732571219438 50.6 198
1732571229524 31.8 199
1732571239622 36.2 200
1732571249694 51.4 201
1732571259786 52.7 202
1732571269891 51.6 203
1732571279992 31.8 204
1732571290095 50.3 205
1732571300195 41.3 206
1732571310282 33.3 207
1732571320405 52.6 208
1732571330514 33.4 209
1732571340627 52.7 210
1732571350738 39.2 211
1732571360842 53.1 212
1732571370951 52.9 213
1732571381068 33.6 214
1732571391175 46.2 215
1732571401285 52.6 216
1732571411390 31.5 217
1732571421504 51.1 218
1732571431600 51.8 219
1732571441695 32.0 220
1732571451785 31.5 221
1732571461887 31.9 222
1732571471977 31.6 223
1732571482078 51.7 224
1732571492164 31.8 225
1732571502236 50.9 226
1732571512318 39.2 227
1732571522418 32.3 228
1732571532519 52.9 229
1732571542621 50.8 230
1732571552717 34.1 231
1732571562825 31.7 232
1732571572923 51.1 233
1732571583024 36.3 234
1732571593128 33.0 235
1732571603235 45.9 236
1732571613330 50.5 237
1732571623442 51.7 238
1732571633513 31.8 239
1732571643610 43.9 240
1732571653702 39.4 241
1732571663816 38.9 242
1732571673918 39.0 243
1732571684002 33.1 244
1732571694097 31.7 245
1732571704197 50.7 246
1732571714307 50.5 247
1732571724400 41.6 248
1732571734510 32.0 249
1732571744613 32.2 250
1732571754725 50.8 251
1732571764830 50.6 252
1732571774917 51.3 253
1732571785033 51.6 254
1732571795131 44.6 255
1732571805229 52.0 256
1732571815341 51.2 257
1732571825443 32.3 258
1732571835557 52.1 259
1732571845665 32.4 260
1732571855772 39.4 261
1732571865867 52.1 262
1732571875982 50.7 263
1732571886067 38.9 264
1732571896172 44.8 265
1732571906286 32.8 266
1732571916380 49.3 267
1732571926511 42.3 268
1732571936624 52.5 269
1732571946739 32.3 270
1732571956846 34.9 271
1732571966965 33.3 272
1732571977075 50.3 273
1732571987169 51.2 274
1732571997291 32.1 275
1732572007409 52.7 276
1732572017530 51.7 277
1732572027631 51.1 278
1732572037726 32.6 279
1732572047829 42.4 280
1732572057918 51.5 281
1732572068013 51.5 282
1732572078117 32.0 283
1732572088197 51.5 284
1732572098281 51.7 285
1732572108384 33.4 286
1732572118484 40.9 287
1732572128600 43.4 288
1732572138696 51.3 289
1732572148813 51.0 290
1732572158914 52.4 291
1732572168992 33.5 292
1732572179087 37.2 293
1732572189180 52.1 294
1732572199274 39.2 295
1732572209379 36.7 296
1732572219505 51.9 297
1732572229622 33.7 298
1732572239749 51.7 299
1732572249846 52.9 300
1732572259955 36.4 301
1732572270045 32.7 302
1732572280144 32.8 303
1732572290254 34.2 304
1732572300366 51.7 305
1732572310475 43.1 306
1732572320588 50.9 307
1732572330687 44.6 308
1732572340773 31.8 309
1732572350845 49.8 310
1732572360916 32.4 311
1732572371024 33.0 312
1732572381178 32.3 313
1732572391274 52.4 314
1732572401380 53.0 315
1732572411486 33.0 316
1732572421605 50.5 317
1732572431724 52.5 318
1732572441846 38.1 319
1732572451968 32.7 320
1732572462095 45.3 321
1732572472210 50.7 322
1732572482325 51.5 323
1732572492437 38.9 324
1732572502512 37.1 325
1732572512623 51.2 326
1732572522745 32.4 327
1732572532824 39.0 328
1732572542927 35.3 329
1732572553041 52.1 330
1732572563159 51.8 331
1732572573270 33.8 332
1732572583363 47.5 333
1732572593480 52.0 334
1732572603581 34.2 335
1732572613689 43.6 336
1732572623774 52.0 337
1732572633879 52.5 338
1732572643964 52.9 339
1732572654058 31.7 340
1732572664135 31.5 341
1732572674250 52.2 342
1732572684354 51.0 343
1732572694458 38.9 344
1732572704561 49.2 345
1732572714649 50.6 346
1732572724714 31.5 347
1732572734818 51.5 348
1732572744909 33.5 349
1732572755021 51.5 350
1732572765129 38.7 351
1732572775253 38.5 352
1732572785366 50.4 353
1732572795488 51.1 354
1732572805606 38.1 355
1732572815722 50.3 356
1732572825844 32.9 357
1732572835950 50.9 358
1732572846070 49.5 359
1732572856208 32.3 360
1732572866334 52.1 361
1732572876448 35.3 362
1732572886592 53.1 363
1732572896702 51.4 364
1732572906776 38.5 365
1732572916863 32.1 366
1732572926953 32.1 367
1732572937029 49.9 368
1732572947118 50.2 369
1732572957244 50.7 370
1732572967368 34.1 371
1732572977471 53.2 372
1732572987570 48.8 373
1732572997703 32.7 374
1732573007835 38.8 375
1732573017986 49.7 376
1732573028102 52.7 377
1732573038224 39.4 378
1732573048313 49.5 379
1732573058445 51.2 380
1732573068551 39.7 381
1732573078659 41.9 382
1732573088772 35.8 383
1732573098864 51.8 384
1732573108983 51.6 385
1732573119093 51.2 386
1732573129199 46.4 387
1732573139276 40.3 388
1732573149392 39.1 389
1732573159534 32.5 390
1732573169653 51.7 391
1732573179772 51.1 392
1732573189895 31.7 393
1732573200008 51.4 394
1732573210090 54.0 395
1732573220208 52.7 396
1732573230324 32.7 397
1732573240460 51.7 398
1732573250577 39.5 399
1732573260694 46.2 400
1732573270815 52.1 401
1732573280937 31.6 402
1732573291053 50.7 403
1732573301148 32.4 404
1732573311273 51.1 405
1732573321375 48.2 406
1732573331496 51.2 407
1732573341646 33.4 408
1732573351794 53.7 409
1732573361916 50.5 410
1732573372001 38.5 411
1732573382139 50.0 412
1732573392224 38.9 413
1732573402314 51.0 414
1732573412422 51.5 415
1732573422536 31.9 416
1732573432654 37.8 417
1732573442771 31.9 418
1732573452900 41.4 419
1732573463042 32.9 420
1732573473178 51.9 421
1732573483289 32.1 422
1732573493426 42.0 423
1732573503554 43.8 424
1732573514275 39.2 425
1732573524409 32.3 426
1732573534525 51.1 427
1732573544655 39.6 428
1732573554781 51.2 429
1732573564912 35.1 430
1732573575029 51.1 431
1732573585131 51.2 432
1732573595228 32.1 433
1732573605312 39.5 434
1732573615435 49.9 435
1732573625529 51.5 436
1732573635644 50.2 437
1732573645741 33.3 438
1732573655862 50.8 439
1732573665991 32.8 440
1732573676107 51.3 441
1732573686255 32.7 442
1732573696366 38.6 443
1732573706517 51.5 444
1732573716663 50.0 445
1732573726796 39.1 446
1732573736935 52.4 447
1732573747062 40.1 448
1732573757190 37.2 449
1732573767316 31.8 450
1732573777465 32.7 451
1732573787591 50.2 452
1732573797720 50.0 453
1732573807848 32.9 454
1732573817929 50.8 455
1732573828055 32.5 456
1732573838181 50.9 457
1732573848306 51.1 458
1732573858435 33.9 459
1732573868556 32.0 460
1732573878671 42.0 461
1732573888767 51.0 462
1732573898916 32.5 463
1732573909047 33.8 464
1732573919188 32.9 465
1732573929330 32.1 466
1732573939469 48.6 467
1732573949602 32.3 468
1732573959699 32.0 469
