1732569223130 10.6 0
1732569233178 17.7 1
1732569243237 26.8 2
1732569253289 26.7 3
1732569263333 26.7 4
1732569273433 26.6 5
1732569283501 36.3 6
1732569293550 36.3 7
1732569303597 36.4 8
1732569313663 36.4 9
1732569323708 36.4 10
1732569333757 36.4 11
1732569343815 36.4 12
1732569353887 36.4 13
1732569363956 36.4 14
1732569374038 36.4 15
1732569384113 36.4 16
1732569394191 36.3 17
1732569404261 36.3 18
1732569414326 36.3 19
1732569424384 36.3 20
1732569434462 36.3 21
1732569444549 36.3 22
1732569454618 36.3 23
1732569464691 36.3 24
1732569474772 36.4 25
1732569484954 36.3 26
1732569495029 37.0 27
1732569505095 37.0 28
1732569515156 37.0 29
1732569525224 37.1 30
1732569535286 37.1 31
1732569545351 37.0 32
1732569555417 37.0 33
1732569565495 37.0 34
1732569575576 37.0 35
1732569585641 37.0 36
1732569595720 37.0 37
1732569605804 36.9 38
1732569615889 36.2 39
1732569625959 36.4 40
1732569636036 36.4 41
1732569646100 36.8 42
1732569656162 37.6 43
1732569666235 37.4 44
1732569676308 37.4 45
1732569686380 37.4 46
1732569696473 37.4 47
1732569706556 37.2 48
1732569716628 37.5 49
1732569726710 37.9 50
1732569736783 37.6 51
1732569746848 37.6 52
1732569756932 37.9 53
1732569767008 37.4 54
1732569777100 36.3 55
1732569787177 36.3 56
1732569797268 36.2 57
1732569807354 36.2 58
1732569817430 36.5 59
1732569827509 36.9 60
1732569837601 37.5 61
1732569847685 37.3 62
1732569857768 37.3 63
1732569867863 37.3 64
1732569877953 37.3 65
1732569888023 37.3 66
1732569898077 37.6 67
1732569908125 37.8 68
1732569918193 38.5 69
1732569928275 38.4 70
1732569938360 38.0 71
1732569948427 38.0 72
1732569958518 38.0 73
1732569968608 38.0 74
1732569978687 38.0 75
1732569988747 38.0 76
1732569998825 38.0 77
1732570008905 37.8 78
1732570018977 37.8 79
1732570029052 38.1 80
1732570039145 38.2 81
1732570049227 38.4 82
1732570059297 38.4 83
1732570069365 38.4 84
1732570079423 37.3 85
1732570089486 37.1 86
1732570099545 37.1 87
1732570109605 37.4 88
1732570119670 37.4 89
1732570129727 37.5 90
1732570139811 37.5 91
1732570149874 36.7 92
1732570159964 36.9 93
1732570170050 36.9 94
1732570180116 36.9 95
1732570190208 36.9 96
1732570200294 36.9 97
1732570210386 37.0 98
1732570220465 37.1 99
1732570230563 36.6 100
1732570240629 36.5 101
1732570250706 37.0 102
1732570260796 37.5 103
1732570270884 37.4 104
1732570280960 37.6 105
1732570291056 37.2 106
1732570301141 36.1 107
1732570311216 37.2 108
1732570321306 37.3 109
1732570331385 37.5 110
1732570341492 37.4 111
1732570351591 37.4 112
1732570361672 37.4 113
1732570371763 37.7 114
1732570381875 38.3 115
1732570391954 38.6 116
1732570402039 38.5 117
1732570412141 39.0 118
1732570422236 38.7 119
1732570432323 38.7 120
1732570442416 37.4 121
1732570452508 37.6 122
1732570462602 37.5 123
1732570472697 37.6 124
1732570482781 37.7 125
1732570492876 37.6 126
1732570502983 37.5 127
1732570513043 37.5 128
1732570523140 37.6 129
1732570533232 37.6 130
1732570543320 37.5 131
1732570553413 37.5 132
1732570563493 38.2 133
1732570573606 38.0 134
1732570583708 37.9 135
1732570593805 38.0 136
1732570603893 37.9 137
1732570613968 37.8 138
1732570624057 37.8 139
1732570634131 37.7 140
1732570644220 37.6 141
1732570654317 37.5 142
1732570664416 37.5 143
1732570674487 37.3 144
1732570684580 37.2 145
1732570694667 37.0 146
1732570704760 37.0 147
1732570714860 36.8 148
1732570724947 37.8 149
1732570735030 37.8 150
1732570745121 37.6 151
1732570755215 37.6 152
1732570765300 37.6 153
1732570775395 37.6 154
1732570785503 38.3 155
1732570795594 38.3 156
1732570805673 38.3 157
1732570815764 38.7 158
1732570825844 38.7 159
1732570835937 38.0 160
1732570846041 37.7 161
1732570856137 37.6 162
1732570866255 37.5 163
1732570876315 37.5 164
1732570886414 37.5 165
1732570896507 37.5 166
1732570906584 37.5 167
1732570916671 37.5 168
1732570926759 37.5 169
1732570936849 37.5 170
1732570946950 37.5 171
1732570957048 37.5 172
1732570967141 37.5 173
1732570977247 37.5 174
1732570987341 37.5 175
1732570997420 37.5 176
1732571007516 37.5 177
1732571017610 37.5 178
1732571027717 37.5 179
1732571037799 37.5 180
1732571047910 37.5 181
1732571058014 36.3 182
1732571068104 36.3 183
1732571078191 36.3 184
1732571088265 36.3 185
1732571098359 36.3 186
1732571108433 36.3 187
1732571118509 36.3 188
1732571128600 36.3 189
1732571138681 36.3 190
1732571148795 36.3 191
1732571158887 36.3 192
1732571168975 36.3 193
1732571179065 36.3 194
1732571189142 36.7 195
1732571199229 36.6 196
1732571209344 36.8 197
1732571219438 36.8 198
1732571229524 36.7 199
1732571239622 36.8 200
1732571249694 36.8 201
1732571259786 36.9 202
1732571269891 37.0 203
1732571279992 37.3 204
1732571290095 37.0 205
1732571300195 36.9 206
1732571310282 37.0 207
1732571320405 36.9 208
1732571330514 37.0 209
1732571340627 36.9 210
1732571350738 36.9 211
1732571360842 37.1 212
1732571370951 37.0 213
1732571381068 37.0 214
1732571391175 37.1 215
1732571401285 37.1 216
1732571411390 37.0 217
1732571421504 36.9 218
1732571431600 36.9 219
1732571441695 36.9 220
1732571451785 36.9 221
1732571461887 37.0 222
1732571471977 36.9 223
1732571482078 36.5 224
1732571492164 36.4 225
1732571502236 36.5 226
1732571512318 36.5 227
1732571522418 36.2 228
1732571532519 36.4 229
1732571542621 36.5 230
1732571552717 36.5 231
1732571562825 36.6 232
1732571572923 36.6 233
1732571583024 36.6 234
1732571593128 36.7 235
1732571603235 36.6 236
1732571613330 37.0 237
1732571623442 37.0 238
1732571633513 37.0 239
1732571643610 37.0 240
1732571653702 37.0 241
1732571663816 37.0 242
1732571673918 36.9 243
1732571684002 37.3 244
1732571694097 37.3 245
1732571704197 37.3 246
1732571714307 37.3 247
1732571724400 37.3 248
1732571734510 37.2 249
1732571744613 37.3 250
1732571754725 37.3 251
1732571764830 37.2 252
1732571774917 37.2 253
1732571785033 36.8 254
1732571795131 36.5 255
1732571805229 36.5 256
1732571815341 36.5 257
1732571825443 36.5 258
1732571835557 36.5 259
1732571845665 36.5 260
1732571855772 37.1 261
1732571865867 37.2 262
1732571875982 37.3 263
1732571886067 37.1 264
1732571896172 37.2 265
1732571906286 37.2 266
1732571916380 36.8 267
1732571926511 36.6 268
1732571936624 36.6 269
1732571946739 36.5 270
1732571956846 36.6 271
1732571966965 36.5 272
1732571977075 36.5 273
1732571987169 36.5 274
1732571997291 36.6 275
1732572007409 36.8 276
1732572017530 37.1 277
1732572027631 37.1 278
1732572037726 37.0 279
1732572047829 37.1 280
1732572057918 36.9 281
1732572068013 36.6 282
1732572078117 36.6 283
1732572088197 36.7 284
1732572098281 36.7 285
1732572108384 36.7 286
1732572118484 36.6 287
1732572128600 36.6 288
1732572138696 36.7 289
1732572148813 36.7 290
1732572158914 36.6 291
1732572168992 36.6 292
1732572179087 36.7 293
1732572189180 36.6 294
1732572199274 36.6 295
1732572209379 36.8 296
1732572219505 36.7 297
1732572229622 36.6 298
1732572239749 36.6 299
1732572249846 36.6 300
1732572259955 36.6 301
1732572270045 36.6 302
1732572280144 36.7 303
1732572290254 36.7 304
1732572300366 36.7 305
1732572310475 36.6 306
1732572320588 36.7 307
1732572330687 36.9 308
1732572340773 36.7 309
1732572350845 36.9 310
1732572360916 36.7 311
1732572371024 37.5 312
1732572381178 37.6 313
1732572391274 39.4 314
1732572401380 39.3 315
1732572411486 39.1 316
1732572421605 38.7 317
1732572431724 38.6 318
1732572441846 38.8 319
1732572451968 38.5 320
1732572462095 38.2 321
1732572472210 37.3 322
1732572482325 36.8 323
1732572492437 36.7 324
1732572502512 36.8 325
1732572512623 36.7 326
1732572522745 36.7 327
1732572532824 36.8 328
1732572542927 36.7 329
1732572553041 36.9 330
1732572563159 36.8 331
1732572573270 36.8 332
1732572583363 36.8 333
1732572593480 36.8 334
1732572603581 36.7 335
1732572613689 36.7 336
1732572623774 36.8 337
1732572633879 36.7 338
1732572643964 36.7 339
1732572654058 36.7 340
1732572664135 36.7 341
1732572674250 36.8 342
1732572684354 36.7 343
1732572694458 36.6 344
1732572704561 36.5 345
1732572714649 36.9 346
1732572724714 36.9 347
1732572734818 36.9 348
1732572744909 36.8 349
1732572755021 36.6 350
1732572765129 36.7 351
1732572775253 36.7 352
1732572785366 36.7 353
1732572795488 36.7 354
1732572805606 36.6 355
1732572815722 36.7 356
1732572825844 36.7 357
1732572835950 36.7 358
1732572846070 36.8 359
1732572856208 36.8 360
1732572866334 36.8 361
1732572876448 37.0 362
1732572886592 37.4 363
1732572896702 37.3 364
1732572906776 37.2 365
1732572916863 37.2 366
1732572926953 37.1 367
1732572937029 36.7 368
1732572947118 36.6 369
1732572957244 36.6 370
1732572967368 36.6 371
1732572977471 36.7 372
1732572987570 36.6 373
1732572997703 36.7 374
1732573007835 36.6 375
1732573017986 37.0 376
1732573028102 36.9 377
1732573038224 36.8 378
1732573048313 36.8 379
1732573058445 36.8 380
1732573068551 37.0 381
1732573078659 36.9 382
1732573088772 37.2 383
1732573098864 37.3 384
1732573108983 37.1 385
1732573119093 37.2 386
1732573129199 37.3 387
1732573139276 37.4 388
1732573149392 37.4 389
1732573159534 37.5 390
1732573169653 37.8 391
1732573179772 37.7 392
1732573189895 38.0 393
1732573200008 37.7 394
1732573210090 37.5 395
1732573220208 37.5 396
1732573230324 37.4 397
1732573240460 37.0 398
1732573250577 37.1 399
1732573260694 37.0 400
1732573270815 36.9 401
1732573280937 36.9 402
1732573291053 37.0 403
1732573301148 36.9 404
1732573311273 37.0 405
1732573321375 37.2 406
1732573331496 37.0 407
1732573341646 36.7 408
1732573351794 36.9 409
1732573361916 37.0 410
1732573372001 36.8 411
1732573382139 36.7 412
1732573392224 36.8 413
1732573402314 36.8 414
1732573412422 36.7 415
1732573422536 36.8 416
1732573432654 36.8 417
1732573442771 36.9 418
1732573452900 36.8 419
1732573463042 36.8 420
1732573473178 36.9 421
1732573483289 36.9 422
1732573493426 36.8 423
1732573503554 36.8 424
1732573514275 36.9 425
1732573524409 36.8 426
1732573534525 36.8 427
1732573544655 36.8 428
1732573554781 36.9 429
1732573564912 37.0 430
1732573575029 37.1 431
1732573585131 37.1 432
1732573595228 37.1 433
1732573605312 37.1 434
1732573615435 37.0 435
1732573625529 37.0 436
1732573635644 37.0 437
1732573645741 37.0 438
1732573655862 36.9 439
1732573665991 37.0 440
1732573676107 37.0 441
1732573686255 37.0 442
1732573696366 37.2 443
1732573706517 37.5 444
1732573716663 37.3 445
1732573726796 37.5 446
1732573736935 37.3 447
1732573747062 37.1 448
1732573757190 37.2 449
1732573767316 37.2 450
1732573777465 37.0 451
1732573787591 37.0 452
1732573797720 37.0 453
1732573807848 37.0 454
1732573817929 37.0 455
1732573828055 36.5 456
1732573838181 36.5 457
1732573848306 36.6 458
1732573858435 36.5 459
1732573868556 36.3 460
1732573878671 36.6 461
1732573888767 37.1 462
1732573898916 37.4 463
1732573909047 37.4 464
1732573919188 37.3 465
1732573929330 37.3 466
1732573939469 36.9 467
1732573949602 36.8 468
1732573959699 36.7 469
