1732569223130 0.00034600000000750697 0
1732569233178 0.03368799999998373 1
1732569243237 0.05162799999999379 2
1732569253289 0.07411999999999352 3
1732569263333 0.1261169999999936 4
1732569273433 0.1490970000000118 5
1732569283501 0.17189899999999625 6
1732569293550 0.19398499999999785 7
1732569303597 0.22868700000000786 8
1732569313663 0.25840299999998706 9
1732569323708 0.2766239999999982 10
1732569333757 0.29295700000000124 11
1732569343815 0.3024149999999963 12
1732569353887 0.3208720000000085 13
1732569363956 0.3492469999999912 14
1732569374038 0.37212399999998524 15
1732569384113 0.44684499999999616 16
1732569394191 0.5028920000000028 17
1732569404261 0.5170229999999947 18
1732569414326 0.5414169999999956 19
1732569424384 0.6074160000000006 20
1732569434462 0.6318190000000072 21
1732569444549 0.6406289999999899 22
1732569454618 0.6504469999999856 23
1732569464691 0.6656150000000025 24
1732569474772 0.6798819999999921 25
1732569484954 0.6903120000000058 26
1732569495029 1.8164859999999976 27
1732569505095 1.837161000000009 28
1732569515156 1.8529829999999947 29
1732569525224 1.9369470000000035 30
1732569535286 1.948112000000009 31
1732569545351 1.9748449999999877 32
1732569555417 2.021882000000005 33
1732569565495 2.0368119999999976 34
1732569575576 2.047684000000004 35
1732569585641 2.0638840000000016 36
1732569595720 2.0754560000000026 37
1732569605804 2.0853720000000067 38
1732569615889 2.167629000000005 39
1732569625959 2.2282280000000014 40
1732569636036 2.23787999999999 41
1732569646100 2.2527379999999937 42
1732569656162 2.2708379999999977 43
1732569666235 2.2883449999999925 44
1732569676308 2.3137940000000015 45
1732569686380 2.340960999999993 46
1732569696473 2.3500569999999925 47
1732569706556 2.359782999999993 48
1732569716628 2.3704569999999876 49
1732569726710 2.3794709999999952 50
1732569736783 2.4109709999999893 51
1732569746848 2.4282670000000053 52
1732569756932 2.4426990000000046 53
1732569767008 2.4598279999999875 54
1732569777100 2.475391000000002 55
1732569787177 2.4888090000000034 56
1732569797268 2.5362849999999924 57
1732569807354 2.544861999999995 58
1732569817430 2.638731000000007 59
1732569827509 2.6526770000000113 60
1732569837601 2.6619269999999915 61
1732569847685 2.685091 62
1732569857768 2.718564999999984 63
1732569867863 2.7305800000000033 64
1732569877953 2.7453769999999906 65
1732569888023 2.7565390000000036 66
1732569898077 2.7693539999999928 67
1732569908125 2.7838449999999852 68
1732569918193 2.8053600000000074 69
1732569928275 2.8142469999999946 70
1732569938360 2.823724999999996 71
1732569948427 2.833810999999997 72
1732569958518 2.842930999999993 73
1732569968608 2.852204999999998 74
1732569978687 2.8899920000000066 75
1732569988747 2.920849000000004 76
1732569998825 2.935361999999998 77
1732570008905 2.945612000000011 78
1732570018977 2.9597550000000012 79
1732570029052 2.9699390000000108 80
1732570039145 2.9901490000000024 81
1732570049227 3.0037220000000104 82
1732570059297 3.013873999999987 83
1732570069365 3.028109999999998 84
1732570079423 3.037333999999987 85
1732570089486 3.0621600000000058 86
1732570099545 3.095864000000006 87
1732570109605 3.1272659999999917 88
1732570119670 3.147519999999986 89
1732570129727 3.1623189999999965 90
1732570139811 3.175924000000009 91
1732570149874 3.200240000000008 92
1732570159964 3.219836999999984 93
1732570170050 3.2306700000000035 94
1732570180116 3.244690999999989 95
1732570190208 3.2545649999999853 96
1732570200294 3.272783000000004 97
1732570210386 3.286978000000005 98
1732570220465 3.3181690000000117 99
1732570230563 3.331931999999995 100
1732570240629 3.3523250000000075 101
1732570250706 3.3619410000000016 102
1732570260796 3.3945420000000013 103
1732570270884 3.403728000000001 104
1732570280960 3.429361 105
1732570291056 3.4526189999999986 106
1732570301141 3.461652999999984 107
1732570311216 3.472171000000003 108
1732570321306 3.4956669999999974 109
1732570331385 3.505496999999991 110
1732570341492 3.539321000000001 111
1732570351591 3.550584999999984 112
1732570361672 3.569423999999998 113
1732570371763 3.58587 114
1732570381875 3.6048570000000097 115
1732570391954 3.6144060000000025 116
1732570402039 3.641496999999987 117
1732570412141 3.650517000000008 118
1732570422236 3.660314999999997 119
1732570432323 3.6698499999999967 120
1732570442416 3.6913040000000024 121
1732570452508 3.7163150000000087 122
1732570462602 3.748909999999995 123
1732570472697 3.7591019999999844 124
1732570482781 3.773392000000001 125
1732570492876 3.783161000000007 126
1732570502983 3.8249390000000005 127
1732570513043 3.838719999999995 128
1732570523140 3.8588139999999953 129
1732570533232 3.8687889999999925 130
1732570543320 3.8783369999999877 131
1732570553413 3.887714999999986 132
1732570563493 3.897722999999985 133
1732570573606 3.9080549999999903 134
1732570583708 3.9521100000000047 135
1732570593805 3.9677330000000097 136
1732570603893 3.9815910000000088 137
1732570613968 3.9913520000000062 138
1732570624057 4.006034 139
1732570634131 4.019923000000006 140
1732570644220 4.059813999999989 141
1732570654317 4.070964000000004 142
1732570664416 4.085242999999991 143
1732570674487 4.099490000000003 144
1732570684580 4.10893200000001 145
1732570694667 4.130264000000011 146
1732570704760 4.152053999999993 147
1732570714860 4.163011000000012 148
1732570724947 4.176736000000005 149
1732570735030 4.185910000000007 150
1732570745121 4.205572999999987 151
1732570755215 4.239474000000001 152
1732570765300 4.248286000000007 153
1732570775395 4.25884099999999 154
1732570785503 4.2687159999999835 155
1732570795594 4.278866999999991 156
1732570805673 4.287687000000005 157
1732570815764 4.317523999999992 158
1732570825844 4.334866000000005 159
1732570835937 4.3454539999999895 160
1732570846041 4.359868000000006 161
1732570856137 4.369314000000003 162
1732570866255 4.383423999999991 163
1732570876315 4.403641999999991 164
1732570886414 4.412869999999998 165
1732570896507 4.422854999999998 166
1732570906584 4.437544000000003 167
1732570916671 4.446709999999996 168
1732570926759 4.456210999999996 169
1732570936849 4.488689999999991 170
1732570946950 4.502110999999985 171
1732570957048 4.516478000000006 172
1732570967141 4.532098999999988 173
1732570977247 4.546413000000001 174
1732570987341 4.560754000000003 175
1732570997420 4.589436000000006 176
1732571007516 4.60732999999999 177
1732571017610 4.617406999999986 178
1732571027717 4.627082999999999 179
1732571037799 4.636009000000001 180
1732571047910 4.65293299999999 181
1732571058014 4.694112999999987 182
1732571068104 4.707549999999998 183
1732571078191 4.721722999999997 184
1732571088265 4.731425999999999 185
1732571098359 4.746131999999989 186
1732571108433 4.756680999999986 187
1732571118509 4.775823000000003 188
1732571128600 4.784698999999989 189
1732571138681 4.809887000000003 190
1732571148795 4.820165000000003 191
1732571158887 4.832441999999986 192
1732571168975 4.8429629999999975 193
1732571179065 4.880544999999984 194
1732571189142 4.977558999999985 195
1732571199229 5.131118999999984 196
1732571209344 5.249393999999995 197
1732571219438 5.288433999999995 198
1732571229524 5.303312000000005 199
1732571239622 5.37102999999999 200
1732571249694 5.54743400000001 201
1732571259786 5.671440999999987 202
1732571269891 5.76659699999999 203
1732571279992 5.820931000000002 204
1732571290095 5.908740999999992 205
1732571300195 5.964184999999986 206
1732571310282 6.112234000000001 207
1732571320405 6.1235340000000065 208
1732571330514 6.200458999999995 209
1732571340627 6.454082 210
1732571350738 6.807310000000001 211
1732571360842 6.951312999999999 212
1732571370951 7.013373000000001 213
1732571381068 7.067280000000011 214
1732571391175 7.113154000000009 215
1732571401285 7.147292999999991 216
1732571411390 7.184465999999986 217
1732571421504 7.279734999999988 218
1732571431600 7.410723999999988 219
1732571441695 7.603445999999991 220
1732571451785 7.799112000000008 221
1732571461887 7.847340000000003 222
1732571471977 7.890951000000001 223
1732571482078 7.9499099999999885 224
1732571492164 7.992215999999985 225
1732571502236 8.03640999999999 226
1732571512318 8.137797000000006 227
1732571522418 8.185448000000008 228
1732571532519 8.224142 229
1732571542621 8.289447999999993 230
1732571552717 8.354351000000008 231
1732571562825 8.45154199999999 232
1732571572923 8.753545000000003 233
1732571583024 8.886348999999996 234
1732571593128 8.963595999999995 235
1732571603235 9.073320999999993 236
1732571613330 9.248392999999993 237
1732571623442 9.385964999999999 238
1732571633513 9.452972999999986 239
1732571643610 9.508302999999984 240
1732571653702 9.565464999999989 241
1732571663816 9.617719999999991 242
1732571673918 9.730192999999986 243
1732571684002 9.880617 244
1732571694097 9.936479999999989 245
1732571704197 9.987370999999996 246
1732571714307 10.036156000000005 247
1732571724400 10.201745999999986 248
1732571734510 10.29523900000001 249
1732571744613 10.680721000000005 250
1732571754725 10.806618999999984 251
1732571764830 10.850369999999998 252
1732571774917 10.904010999999997 253
1732571785033 10.953714999999988 254
1732571795131 10.994917999999984 255
1732571805229 11.034475999999984 256
1732571815341 11.075593999999995 257
1732571825443 11.113317999999992 258
1732571835557 11.177631999999988 259
1732571845665 11.214510999999987 260
1732571855772 11.483308999999991 261
1732571865867 11.627994999999999 262
1732571875982 11.685066000000006 263
1732571886067 11.761794000000009 264
1732571896172 11.819446 265
1732571906286 11.885823999999985 266
1732571916380 12.024126999999993 267
1732571926511 12.127508000000006 268
1732571936624 12.211239000000006 269
1732571946739 12.258831999999984 270
1732571956846 12.333120000000008 271
1732571966965 12.374565999999987 272
1732571977075 12.41447500000001 273
1732571987169 12.489585000000005 274
1732571997291 12.54701399999999 275
1732572007409 12.823768000000001 276
1732572017530 13.03286700000001 277
1732572027631 13.379146999999989 278
1732572037726 13.493178999999998 279
1732572047829 13.613281999999998 280
1732572057918 13.673789 281
1732572068013 13.746987999999988 282
1732572078117 13.819306000000012 283
1732572088197 13.974536999999998 284
1732572098281 14.018486999999993 285
1732572108384 14.182467000000003 286
1732572118484 14.233997999999985 287
1732572128600 14.270522 288
1732572138696 14.379469999999998 289
1732572148813 14.449786999999986 290
1732572158914 14.585019999999986 291
1732572168992 14.704136000000005 292
1732572179087 14.811432999999994 293
1732572189180 14.910552999999993 294
1732572199274 15.062837000000002 295
1732572209379 15.326663999999994 296
1732572219505 15.430994999999996 297
1732572229622 15.485782999999998 298
1732572239749 15.52727200000001 299
1732572249846 15.571944000000002 300
1732572259955 15.625144000000006 301
1732572270045 15.69021699999999 302
1732572280144 15.866007999999994 303
1732572290254 15.986038000000008 304
1732572300366 16.253466000000003 305
1732572310475 16.41431800000001 306
1732572320588 16.602378999999985 307
1732572330687 17.123874 308
1732572340773 17.182965999999993 309
1732572350845 17.371120999999988 310
1732572360916 17.448439000000008 311
1732572371024 17.809383999999994 312
1732572381178 17.861129000000005 313
1732572391274 18.26115999999999 314
1732572401380 18.401538999999985 315
1732572411486 19.153597999999988 316
1732572421605 19.29154600000001 317
1732572431724 19.32819599999999 318
1732572441846 19.40553399999999 319
1732572451968 19.485613999999998 320
1732572462095 19.690860999999984 321
1732572472210 19.757434999999987 322
1732572482325 19.90595400000001 323
1732572492437 19.954346999999984 324
1732572502512 20.040357 325
1732572512623 20.08232000000001 326
1732572522745 20.13868199999999 327
1732572532824 20.214518999999996 328
1732572542927 20.353864999999985 329
1732572553041 20.527491999999995 330
1732572563159 20.704183999999998 331
1732572573270 20.758343999999994 332
1732572583363 20.802249999999987 333
1732572593480 20.836803000000003 334
1732572603581 20.880000999999993 335
1732572613689 20.974031999999994 336
1732572623774 21.03657000000001 337
1732572633879 21.152467 338
1732572643964 21.19743600000001 339
1732572654058 21.237075000000004 340
1732572664135 21.302909 341
1732572674250 21.418765000000008 342
1732572684354 21.52640199999999 343
1732572694458 21.692793999999992 344
1732572704561 21.988680999999985 345
1732572714649 22.179321999999985 346
1732572724714 22.284404999999992 347
1732572734818 22.320437 348
1732572744909 22.37544700000001 349
1732572755021 22.423756999999995 350
1732572765129 22.58789999999999 351
1732572775253 22.72368 352
1732572785366 22.966545999999994 353
1732572795488 23.039804000000004 354
1732572805606 23.101326 355
1732572815722 23.194537999999994 356
1732572825844 23.303510999999986 357
1732572835950 23.46561299999999 358
1732572846070 23.537552000000005 359
1732572856208 23.607507999999996 360
1732572866334 23.79184699999999 361
1732572876448 24.129556000000008 362
1732572886592 24.429180000000002 363
1732572896702 24.608125 364
1732572906776 24.664671999999996 365
1732572916863 24.73808199999999 366
1732572926953 24.794054999999986 367
1732572937029 24.85584700000001 368
1732572947118 24.91234399999999 369
1732572957244 24.96953099999999 370
1732572967368 25.04356899999999 371
1732572977471 25.132509999999996 372
1732572987570 25.271680000000003 373
1732572997703 25.359345999999988 374
1732573007835 25.418532999999996 375
1732573017986 25.50877 376
1732573028102 25.671081999999984 377
1732573038224 25.761306999999988 378
1732573048313 25.823796999999985 379
1732573058445 25.882506000000006 380
1732573068551 25.984680999999995 381
1732573078659 26.033232999999996 382
1732573088772 26.100007000000005 383
1732573098864 26.172875000000005 384
1732573108983 26.405894999999987 385
1732573119093 26.54921200000001 386
1732573129199 26.724299000000002 387
1732573139276 26.932919999999996 388
1732573149392 26.99990199999999 389
1732573159534 27.37993800000001 390
1732573169653 27.60027500000001 391
1732573179772 27.925313999999986 392
1732573189895 28.47234499999999 393
1732573200008 28.705187999999993 394
1732573210090 28.762777999999997 395
1732573220208 28.801772 396
1732573230324 28.891099999999994 397
1732573240460 29.00251700000001 398
1732573250577 29.090370000000007 399
1732573260694 29.145027999999996 400
1732573270815 29.20162099999999 401
1732573280937 29.248440999999985 402
1732573291053 29.28931 403
1732573301148 29.351932000000005 404
1732573311273 29.626783999999986 405
1732573321375 29.935947 406
1732573331496 30.158570999999995 407
1732573341646 30.36122900000001 408
1732573351794 30.41209599999999 409
1732573361916 30.680465999999996 410
1732573372001 30.857732 411
1732573382139 30.935456999999985 412
1732573392224 30.980266 413
1732573402314 31.054506000000003 414
1732573412422 31.126238 415
1732573422536 31.168296999999995 416
1732573432654 31.268225 417
1732573442771 31.328328999999997 418
1732573452900 31.51219599999999 419
1732573463042 31.629304999999988 420
1732573473178 31.885850000000005 421
1732573483289 32.012895999999984 422
1732573493426 32.100269999999995 423
1732573503554 32.24427899999998 424
1732573514275 32.38260599999998 425
1732573524409 32.47837000000001 426
1732573534525 32.626686999999976 427
1732573544655 32.895208999999994 428
1732573554781 32.95413799999997 429
1732573564912 33.215362 430
1732573575029 33.39856499999999 431
1732573585131 33.804085000000015 432
1732573595228 34.00320000000002 433
1732573605312 34.23747 434
1732573615435 34.27758700000001 435
1732573625529 35.21945100000002 436
1732573635644 36.21325699999997 437
1732573645741 37.39751900000002 438
1732573655862 38.01058500000002 439
1732573665991 38.082592000000005 440
1732573676107 38.723983000000004 441
1732573686255 39.048768000000024 442
1732573696366 39.220719 443
1732573706517 39.54971800000001 444
1732573716663 39.64318299999999 445
1732573726796 39.75096599999998 446
1732573736935 39.93451999999999 447
1732573747062 40.06520099999997 448
1732573757190 40.152078999999986 449
1732573767316 40.196811 450
1732573777465 40.24572299999997 451
1732573787591 40.81108600000002 452
1732573797720 41.10129199999997 453
1732573807848 41.15682000000001 454
1732573817929 41.19440599999999 455
1732573828055 41.23892600000002 456
1732573838181 41.33959899999999 457
1732573848306 41.48781899999997 458
1732573858435 41.56037899999998 459
1732573868556 41.64256099999997 460
1732573878671 41.780876000000006 461
1732573888767 41.88341599999998 462
1732573898916 43.04146399999999 463
1732573909047 43.399888000000004 464
1732573919188 43.62032100000002 465
1732573929330 43.75550000000001 466
1732573939469 43.89679199999998 467
1732573949602 43.981543000000016 468
1732573959699 44.261701999999985 469
