1732569223130 7857.2 0
1732569233178 19120.1 1
1732569243237 20459.9 2
1732569253289 22300.8 3
1732569263333 24065.9 4
1732569273433 25998.2 5
1732569283501 24956.4 6
1732569293550 17889.8 7
1732569303597 20099.9 8
1732569313663 20940.7 9
1732569323708 22130.8 10
1732569333757 23903.7 11
1732569343815 24412.2 12
1732569353887 25079.3 13
1732569363956 17319.3 14
1732569374038 19063.1 15
1732569384113 20675.3 16
1732569394191 22365.0 17
1732569404261 30309.0 18
1732569414326 16673.8 19
1732569424384 16424.4 20
1732569434462 18014.7 21
1732569444549 19882.2 22
1732569454618 21717.6 23
1732569464691 23194.5 24
1732569474772 24344.5 25
1732569484954 30902.7 26
1732569495029 16947.3 27
1732569505095 18242.7 28
1732569515156 18870.1 29
1732569525224 20859.9 30
1732569535286 22972.2 31
1732569545351 24305.5 32
1732569555417 24687.1 33
1732569565495 17100.5 34
1732569575576 18235.5 35
1732569585641 17532.2 36
1732569595720 20822.1 37
1732569605804 22838.9 38
1732569615889 24324.9 39
1732569625959 16497.3 40
1732569636036 18340.4 41
1732569646100 18993.0 42
1732569656162 20658.8 43
1732569666235 22404.3 44
1732569676308 23622.9 45
1732569686380 16838.0 46
1732569696473 17730.9 47
1732569706556 18791.7 48
1732569716628 20853.8 49
1732569726710 21993.9 50
1732569736783 23683.6 51
1732569746848 16031.4 52
1732569756932 18000.5 53
1732569767008 18210.9 54
1732569777100 20027.5 55
1732569787177 21984.7 56
1732569797268 24569.5 57
1732569807354 16682.3 58
1732569817430 18160.4 59
1732569827509 19922.8 60
1732569837601 21378.4 61
1732569847685 22212.5 62
1732569857768 24933.1 63
1732569867863 16707.3 64
1732569877953 17686.2 65
1732569888023 19245.1 66
1732569898077 21350.4 67
1732569908125 22423.3 68
1732569918193 23339.0 69
1732569928275 24755.7 70
1732569938360 17878.5 71
1732569948427 19356.1 72
1732569958518 20752.1 73
1732569968608 22208.7 74
1732569978687 21826.7 75
1732569988747 24115.8 76
1732569998825 17111.6 77
1732570008905 18137.3 78
1732570018977 19705.3 79
1732570029052 20625.3 80
1732570039145 21978.9 81
1732570049227 23731.9 82
1732570059297 31214.4 83
1732570069365 16951.2 84
1732570079423 19030.4 85
1732570089486 21288.0 86
1732570099545 20895.0 87
1732570109605 20296.2 88
1732570119670 23515.2 89
1732570129727 24971.2 90
1732570139811 18012.5 91
1732570149874 17921.3 92
1732570159964 20255.4 93
1732570170050 21982.3 94
1732570180116 23686.1 95
1732570190208 24174.3 96
1732570200294 23976.8 97
1732570210386 17231.5 98
1732570220465 19260.3 99
1732570230563 20517.9 100
1732570240629 21356.9 101
1732570250706 23422.9 102
1732570260796 25235.3 103
1732570270884 19585.5 104
1732570280960 19173.2 105
1732570291056 19520.0 106
1732570301141 20648.9 107
1732570311216 22826.5 108
1732570321306 23105.0 109
1732570331385 25165.5 110
1732570341492 17261.9 111
1732570351591 18403.6 112
1732570361672 20174.1 113
1732570371763 21074.7 114
1732570381875 23785.2 115
1732570391954 23724.3 116
1732570402039 30889.8 117
1732570412141 16885.9 118
1732570422236 18675.7 119
1732570432323 19293.3 120
1732570442416 22189.0 121
1732570452508 22112.2 122
1732570462602 23757.0 123
1732570472697 24984.6 124
1732570482781 18443.6 125
1732570492876 19427.8 126
1732570502983 20100.4 127
1732570513043 21726.6 128
1732570523140 22436.3 129
1732570533232 23490.1 130
1732570543320 24836.9 131
1732570553413 17796.1 132
1732570563493 17829.3 133
1732570573606 20325.9 134
1732570583708 22276.2 135
1732570593805 21592.2 136
1732570603893 25285.6 137
1732570613968 17167.1 138
1732570624057 20209.8 139
1732570634131 19925.6 140
1732570644220 21582.9 141
1732570654317 22978.1 142
1732570664416 23413.4 143
1732570674487 23802.2 144
1732570684580 24722.9 145
1732570694667 18186.3 146
1732570704760 20175.4 147
1732570714860 22730.1 148
1732570724947 22856.1 149
1732570735030 23962.6 150
1732570745121 31687.7 151
1732570755215 17385.6 152
1732570765300 19162.1 153
1732570775395 19816.9 154
1732570785503 21454.5 155
1732570795594 22565.7 156
1732570805673 26416.3 157
1732570815764 17282.5 158
1732570825844 19238.1 159
1732570835937 19828.1 160
1732570846041 20322.3 161
1732570856137 21692.0 162
1732570866255 23465.9 163
1732570876315 25229.3 164
1732570886414 17021.7 165
1732570896507 18023.0 166
1732570906584 19173.7 167
1732570916671 20275.5 168
1732570926759 20022.3 169
1732570936849 23089.5 170
1732570946950 24104.6 171
1732570957048 24742.6 172
1732570967141 17012.1 173
1732570977247 17953.1 174
1732570987341 19654.9 175
1732570997420 19407.4 176
1732571007516 22118.6 177
1732571017610 21195.9 178
1732571027717 29926.0 179
1732571037799 16751.2 180
1732571047910 18577.1 181
1732571058014 19849.9 182
1732571068104 20811.5 183
1732571078191 22738.7 184
1732571088265 23808.8 185
1732571098359 24445.1 186
1732571108433 15065.8 187
1732571118509 18255.9 188
1732571128600 20180.6 189
1732571138681 22027.5 190
1732571148795 23196.3 191
1732571158887 28709.6 192
1732571168975 16805.4 193
1732571179065 17788.7 194
1732571189142 19968.8 195
1732571199229 22102.5 196
1732571209344 22276.8 197
1732571219438 23363.2 198
1732571229524 24478.2 199
1732571239622 15131.5 200
1732571249694 18485.9 201
1732571259786 19844.0 202
1732571269891 20815.8 203
1732571279992 23873.4 204
1732571290095 23514.3 205
1732571300195 23969.0 206
1732571310282 25567.9 207
1732571320405 18263.6 208
1732571330514 19286.2 209
1732571340627 21093.5 210
1732571350738 21409.6 211
1732571360842 23319.4 212
1732571370951 24326.6 213
1732571381068 24517.5 214
1732571391175 18540.5 215
1732571401285 19827.4 216
1732571411390 20309.0 217
1732571421504 21344.4 218
1732571431600 23250.0 219
1732571441695 25654.9 220
1732571451785 15630.1 221
1732571461887 19426.8 222
1732571471977 18723.6 223
1732571482078 20400.4 224
1732571492164 22082.2 225
1732571502236 22798.8 226
1732571512318 24194.6 227
1732571522418 24805.6 228
1732571532519 17847.7 229
1732571542621 19134.5 230
1732571552717 20324.5 231
1732571562825 20899.2 232
1732571572923 22383.8 233
1732571583024 23246.6 234
1732571593128 25584.7 235
1732571603235 17612.3 236
1732571613330 19074.1 237
1732571623442 20042.0 238
1732571633513 21679.7 239
1732571643610 21643.2 240
1732571653702 23392.8 241
1732571663816 24248.9 242
1732571673918 31056.7 243
1732571684002 25465.8 244
1732571694097 18375.0 245
1732571704197 20139.2 246
1732571714307 21062.6 247
1732571724400 22378.7 248
1732571734510 24466.5 249
1732571744613 24891.3 250
1732571754725 17308.7 251
1732571764830 18270.5 252
1732571774917 19494.0 253
1732571785033 21090.0 254
1732571795131 21157.8 255
1732571805229 23502.7 256
1732571815341 24516.9 257
1732571825443 24341.6 258
1732571835557 18248.5 259
1732571845665 19878.9 260
1732571855772 18722.2 261
1732571865867 21624.5 262
1732571875982 23425.9 263
1732571886067 31108.2 264
1732571896172 16810.6 265
1732571906286 16014.4 266
1732571916380 18693.9 267
1732571926511 20358.4 268
1732571936624 21783.4 269
1732571946739 22491.5 270
1732571956846 23619.6 271
1732571966965 23927.0 272
1732571977075 16812.9 273
1732571987169 18620.4 274
1732571997291 19172.9 275
1732572007409 21039.3 276
1732572017530 22458.0 277
1732572027631 23375.3 278
1732572037726 30209.3 279
1732572047829 16384.0 280
1732572057918 18192.2 281
1732572068013 19238.4 282
1732572078117 20213.8 283
1732572088197 20805.5 284
1732572098281 22688.5 285
1732572108384 23830.3 286
1732572118484 31488.4 287
1732572128600 17065.5 288
1732572138696 17870.3 289
1732572148813 19709.3 290
1732572158914 21569.7 291
1732572168992 22328.3 292
1732572179087 22706.2 293
1732572189180 24591.4 294
1732572199274 31823.7 295
1732572209379 16952.0 296
1732572219505 18106.6 297
1732572229622 19163.1 298
1732572239749 20748.5 299
1732572249846 21875.8 300
1732572259955 25058.3 301
1732572270045 24378.6 302
1732572280144 24470.2 303
1732572290254 15950.4 304
1732572300366 18300.3 305
1732572310475 19364.2 306
1732572320588 20312.1 307
1732572330687 21855.7 308
1732572340773 20829.2 309
1732572350845 23102.3 310
1732572360916 24387.4 311
1732572371024 17149.4 312
1732572381178 18739.9 313
1732572391274 19170.1 314
1732572401380 20190.7 315
1732572411486 21762.6 316
1732572421605 22521.6 317
1732572431724 24338.1 318
1732572441846 26733.7 319
1732572451968 24565.4 320
1732572462095 18068.8 321
1732572472210 19021.9 322
1732572482325 20692.7 323
1732572492437 22371.2 324
1732572502512 22522.6 325
1732572512623 23704.0 326
1732572522745 24491.7 327
1732572532824 17616.4 328
1732572542927 17975.7 329
1732572553041 18968.2 330
1732572563159 20705.1 331
1732572573270 21633.0 332
1732572583363 22860.1 333
1732572593480 23741.2 334
1732572603581 31400.7 335
1732572613689 16991.3 336
1732572623774 17880.5 337
1732572633879 18698.8 338
1732572643964 20698.7 339
1732572654058 21077.3 340
1732572664135 20609.7 341
1732572674250 22648.1 342
1732572684354 23643.9 343
1732572694458 31463.1 344
1732572704561 17083.3 345
1732572714649 18205.1 346
1732572724714 20405.0 347
1732572734818 20761.4 348
1732572744909 24455.9 349
1732572755021 23132.4 350
1732572765129 24539.6 351
1732572775253 24461.5 352
1732572785366 18483.9 353
1732572795488 19545.4 354
1732572805606 20155.0 355
1732572815722 21044.8 356
1732572825844 22469.8 357
1732572835950 23636.9 358
1732572846070 26102.2 359
1732572856208 24591.3 360
1732572866334 18820.4 361
1732572876448 21480.4 362
1732572886592 20576.1 363
1732572896702 22433.5 364
1732572906776 25013.4 365
1732572916863 24518.6 366
1732572926953 25108.9 367
1732572937029 17467.7 368
1732572947118 19349.7 369
1732572957244 20239.0 370
1732572967368 21778.5 371
1732572977471 22995.4 372
1732572987570 24667.4 373
1732572997703 25456.2 374
1732573007835 16173.1 375
1732573017986 18591.4 376
1732573028102 20145.0 377
1732573038224 21254.0 378
1732573048313 21889.6 379
1732573058445 23712.2 380
1732573068551 31593.7 381
1732573078659 16986.2 382
1732573088772 17454.3 383
1732573098864 19754.8 384
1732573108983 20816.8 385
1732573119093 21738.8 386
1732573129199 23164.1 387
1732573139276 24109.0 388
1732573149392 25023.6 389
1732573159534 24495.7 390
1732573169653 18225.7 391
1732573179772 19377.4 392
1732573189895 20936.8 393
1732573200008 21850.7 394
1732573210090 23243.9 395
1732573220208 24614.0 396
1732573230324 25145.5 397
1732573240460 18048.4 398
1732573250577 20456.1 399
1732573260694 20820.5 400
1732573270815 21876.1 401
1732573280937 22890.7 402
1732573291053 24038.6 403
1732573301148 24761.6 404
1732573311273 17312.5 405
1732573321375 18579.2 406
1732573331496 20175.5 407
1732573341646 21433.5 408
1732573351794 22281.5 409
1732573361916 23143.7 410
1732573372001 31841.4 411
1732573382139 17335.6 412
1732573392224 18517.0 413
1732573402314 19352.9 414
1732573412422 21304.8 415
1732573422536 22783.2 416
1732573432654 23218.5 417
1732573442771 23158.8 418
1732573452900 30993.4 419
1732573463042 24693.8 420
1732573473178 19000.8 421
1732573483289 20229.4 422
1732573493426 21923.1 423
1732573503554 21413.0 424
1732573514275 24157.2 425
1732573524409 24828.3 426
1732573534525 17445.6 427
1732573544655 18676.1 428
1732573554781 20208.7 429
1732573564912 21583.1 430
1732573575029 22758.5 431
1732573585131 24009.8 432
1732573595228 25223.8 433
1732573605312 17280.4 434
1732573615435 19134.0 435
1732573625529 20211.9 436
1732573635644 21743.0 437
1732573645741 23855.2 438
1732573655862 23778.1 439
1732573665991 25591.8 440
1732573676107 17606.7 441
1732573686255 18074.6 442
1732573696366 19376.7 443
1732573706517 20597.9 444
1732573716663 21378.5 445
1732573726796 22439.4 446
1732573736935 24173.6 447
1732573747062 31427.6 448
1732573757190 17038.9 449
1732573767316 18514.2 450
1732573777465 19878.3 451
1732573787591 20537.9 452
1732573797720 22252.0 453
1732573807848 23450.2 454
1732573817929 24502.7 455
1732573828055 24641.5 456
1732573838181 17056.9 457
1732573848306 17926.9 458
1732573858435 21337.0 459
1732573868556 22315.9 460
1732573878671 20982.6 461
1732573888767 23122.9 462
1732573898916 25229.6 463
1732573909047 17574.6 464
1732573919188 18228.7 465
1732573929330 19729.5 466
1732573939469 21053.1 467
1732573949602 24172.0 468
1732573959699 23056.6 469
