1732569223130 23.4 0
1732569233178 57.0 1
1732569243237 61.0 2
1732569253289 66.5 3
1732569263333 71.7 4
1732569273433 77.5 5
1732569283501 74.4 6
1732569293550 53.3 7
1732569303597 59.9 8
1732569313663 62.4 9
1732569323708 66.0 10
1732569333757 71.2 11
1732569343815 72.8 12
1732569353887 74.8 13
1732569363956 51.6 14
1732569374038 56.8 15
1732569384113 61.6 16
1732569394191 66.7 17
1732569404261 90.3 18
1732569414326 49.7 19
1732569424384 49.0 20
1732569434462 53.7 21
1732569444549 59.3 22
1732569454618 64.7 23
1732569464691 69.1 24
1732569474772 72.6 25
1732569484954 92.1 26
1732569495029 50.5 27
1732569505095 54.4 28
1732569515156 56.2 29
1732569525224 62.2 30
1732569535286 68.5 31
1732569545351 72.4 32
1732569555417 73.6 33
1732569565495 51.0 34
1732569575576 54.4 35
1732569585641 52.3 36
1732569595720 62.1 37
1732569605804 68.1 38
1732569615889 72.5 39
1732569625959 49.2 40
1732569636036 54.7 41
1732569646100 56.6 42
1732569656162 61.6 43
1732569666235 66.8 44
1732569676308 70.4 45
1732569686380 50.2 46
1732569696473 52.9 47
1732569706556 56.0 48
1732569716628 62.2 49
1732569726710 65.6 50
1732569736783 70.6 51
1732569746848 47.8 52
1732569756932 53.7 53
1732569767008 54.3 54
1732569777100 59.7 55
1732569787177 65.5 56
1732569797268 73.2 57
1732569807354 49.7 58
1732569817430 54.1 59
1732569827509 59.4 60
1732569837601 63.7 61
1732569847685 66.2 62
1732569857768 74.3 63
1732569867863 49.8 64
1732569877953 52.7 65
1732569888023 57.4 66
1732569898077 63.6 67
1732569908125 66.8 68
1732569918193 69.6 69
1732569928275 73.8 70
1732569938360 53.3 71
1732569948427 57.7 72
1732569958518 61.9 73
1732569968608 66.2 74
1732569978687 65.1 75
1732569988747 71.9 76
1732569998825 51.0 77
1732570008905 54.1 78
1732570018977 58.7 79
1732570029052 61.5 80
1732570039145 65.5 81
1732570049227 70.7 82
1732570059297 93.0 83
1732570069365 50.5 84
1732570079423 56.7 85
1732570089486 63.5 86
1732570099545 62.3 87
1732570109605 60.5 88
1732570119670 70.1 89
1732570129727 74.4 90
1732570139811 53.7 91
1732570149874 53.4 92
1732570159964 60.4 93
1732570170050 65.5 94
1732570180116 70.6 95
1732570190208 72.1 96
1732570200294 71.5 97
1732570210386 51.4 98
1732570220465 57.4 99
1732570230563 61.2 100
1732570240629 63.7 101
1732570250706 69.8 102
1732570260796 75.2 103
1732570270884 58.4 104
1732570280960 57.1 105
1732570291056 58.2 106
1732570301141 61.5 107
1732570311216 68.0 108
1732570321306 68.9 109
1732570331385 75.0 110
1732570341492 51.5 111
1732570351591 54.9 112
1732570361672 60.1 113
1732570371763 62.8 114
1732570381875 70.9 115
1732570391954 70.7 116
1732570402039 92.1 117
1732570412141 50.3 118
1732570422236 55.7 119
1732570432323 57.5 120
1732570442416 66.1 121
1732570452508 65.9 122
1732570462602 70.8 123
1732570472697 74.5 124
1732570482781 55.0 125
1732570492876 57.9 126
1732570502983 59.9 127
1732570513043 64.8 128
1732570523140 66.9 129
1732570533232 70.0 130
1732570543320 74.0 131
1732570553413 53.0 132
1732570563493 53.1 133
1732570573606 60.6 134
1732570583708 66.4 135
1732570593805 64.4 136
1732570603893 75.4 137
1732570613968 51.2 138
1732570624057 60.2 139
1732570634131 59.4 140
1732570644220 64.3 141
1732570654317 68.5 142
1732570664416 69.8 143
1732570674487 70.9 144
1732570684580 73.7 145
1732570694667 54.2 146
1732570704760 60.1 147
1732570714860 67.8 148
1732570724947 68.1 149
1732570735030 71.4 150
1732570745121 94.5 151
1732570755215 51.8 152
1732570765300 57.1 153
1732570775395 59.1 154
1732570785503 63.9 155
1732570795594 67.3 156
1732570805673 78.7 157
1732570815764 51.5 158
1732570825844 57.3 159
1732570835937 59.1 160
1732570846041 60.6 161
1732570856137 64.7 162
1732570866255 69.9 163
1732570876315 75.2 164
1732570886414 50.7 165
1732570896507 53.7 166
1732570906584 57.2 167
1732570916671 60.4 168
1732570926759 59.7 169
1732570936849 68.8 170
1732570946950 71.8 171
1732570957048 73.8 172
1732570967141 50.7 173
1732570977247 53.5 174
1732570987341 58.6 175
1732570997420 57.8 176
1732571007516 65.9 177
1732571017610 63.2 178
1732571027717 89.2 179
1732571037799 49.9 180
1732571047910 55.4 181
1732571058014 59.2 182
1732571068104 62.0 183
1732571078191 67.8 184
1732571088265 71.0 185
1732571098359 72.9 186
1732571108433 44.9 187
1732571118509 54.4 188
1732571128600 60.2 189
1732571138681 65.7 190
1732571148795 69.1 191
1732571158887 85.6 192
1732571168975 50.1 193
1732571179065 53.0 194
1732571189142 59.5 195
1732571199229 65.9 196
1732571209344 66.4 197
1732571219438 69.6 198
1732571229524 73.0 199
1732571239622 45.1 200
1732571249694 55.1 201
1732571259786 59.1 202
1732571269891 62.0 203
1732571279992 71.2 204
1732571290095 70.1 205
1732571300195 71.4 206
1732571310282 76.2 207
1732571320405 54.4 208
1732571330514 57.5 209
1732571340627 62.9 210
1732571350738 63.8 211
1732571360842 69.5 212
1732571370951 72.5 213
1732571381068 73.1 214
1732571391175 55.3 215
1732571401285 59.1 216
1732571411390 60.5 217
1732571421504 63.6 218
1732571431600 69.3 219
1732571441695 76.5 220
1732571451785 46.6 221
1732571461887 57.9 222
1732571471977 55.8 223
1732571482078 60.8 224
1732571492164 65.8 225
1732571502236 68.0 226
1732571512318 72.1 227
1732571522418 73.9 228
1732571532519 53.2 229
1732571542621 57.0 230
1732571552717 60.6 231
1732571562825 62.3 232
1732571572923 66.7 233
1732571583024 69.3 234
1732571593128 76.3 235
1732571603235 52.5 236
1732571613330 56.9 237
1732571623442 59.7 238
1732571633513 64.6 239
1732571643610 64.5 240
1732571653702 69.7 241
1732571663816 72.3 242
1732571673918 92.6 243
1732571684002 75.9 244
1732571694097 54.8 245
1732571704197 60.0 246
1732571714307 62.8 247
1732571724400 66.7 248
1732571734510 72.9 249
1732571744613 74.2 250
1732571754725 51.6 251
1732571764830 54.5 252
1732571774917 58.1 253
1732571785033 62.9 254
1732571795131 63.1 255
1732571805229 70.1 256
1732571815341 73.1 257
1732571825443 72.6 258
1732571835557 54.4 259
1732571845665 59.3 260
1732571855772 55.8 261
1732571865867 64.5 262
1732571875982 69.8 263
1732571886067 92.7 264
1732571896172 50.1 265
1732571906286 47.7 266
1732571916380 55.7 267
1732571926511 60.7 268
1732571936624 64.9 269
1732571946739 67.0 270
1732571956846 70.4 271
1732571966965 71.3 272
1732571977075 50.1 273
1732571987169 55.5 274
1732571997291 57.1 275
1732572007409 62.7 276
1732572017530 66.9 277
1732572027631 69.7 278
1732572037726 90.0 279
1732572047829 48.8 280
1732572057918 54.2 281
1732572068013 57.3 282
1732572078117 60.3 283
1732572088197 62.0 284
1732572098281 67.6 285
1732572108384 71.0 286
1732572118484 93.9 287
1732572128600 50.9 288
1732572138696 53.3 289
1732572148813 58.7 290
1732572158914 64.3 291
1732572168992 66.6 292
1732572179087 67.7 293
1732572189180 73.3 294
1732572199274 94.9 295
1732572209379 50.5 296
1732572219505 54.0 297
1732572229622 57.1 298
1732572239749 61.8 299
1732572249846 65.2 300
1732572259955 74.7 301
1732572270045 72.7 302
1732572280144 72.9 303
1732572290254 47.5 304
1732572300366 54.5 305
1732572310475 57.7 306
1732572320588 60.5 307
1732572330687 65.1 308
1732572340773 62.1 309
1732572350845 68.9 310
1732572360916 72.7 311
1732572371024 51.1 312
1732572381178 55.9 313
1732572391274 57.1 314
1732572401380 60.2 315
1732572411486 64.9 316
1732572421605 67.1 317
1732572431724 72.5 318
1732572441846 79.7 319
1732572451968 73.2 320
1732572462095 53.9 321
1732572472210 56.7 322
1732572482325 61.7 323
1732572492437 66.7 324
1732572502512 67.1 325
1732572512623 70.7 326
1732572522745 73.0 327
1732572532824 52.5 328
1732572542927 53.6 329
1732572553041 56.5 330
1732572563159 61.7 331
1732572573270 64.5 332
1732572583363 68.1 333
1732572593480 70.8 334
1732572603581 93.6 335
1732572613689 50.6 336
1732572623774 53.3 337
1732572633879 55.7 338
1732572643964 61.7 339
1732572654058 62.8 340
1732572664135 61.4 341
1732572674250 67.5 342
1732572684354 70.5 343
1732572694458 93.8 344
1732572704561 50.9 345
1732572714649 54.3 346
1732572724714 60.8 347
1732572734818 61.9 348
1732572744909 72.9 349
1732572755021 69.0 350
1732572765129 73.1 351
1732572775253 72.9 352
1732572785366 55.1 353
1732572795488 58.3 354
1732572805606 60.1 355
1732572815722 62.7 356
1732572825844 67.0 357
1732572835950 70.5 358
1732572846070 77.8 359
1732572856208 73.3 360
1732572866334 56.1 361
1732572876448 64.0 362
1732572886592 61.3 363
1732572896702 66.9 364
1732572906776 74.6 365
1732572916863 73.1 366
1732572926953 74.8 367
1732572937029 52.1 368
1732572947118 57.7 369
1732572957244 60.3 370
1732572967368 64.9 371
1732572977471 68.5 372
1732572987570 73.5 373
1732572997703 75.9 374
1732573007835 48.2 375
1732573017986 55.4 376
1732573028102 60.0 377
1732573038224 63.4 378
1732573048313 65.2 379
1732573058445 70.7 380
1732573068551 94.2 381
1732573078659 50.6 382
1732573088772 52.0 383
1732573098864 58.9 384
1732573108983 62.0 385
1732573119093 64.8 386
1732573129199 69.0 387
1732573139276 71.9 388
1732573149392 74.6 389
1732573159534 73.0 390
1732573169653 54.3 391
1732573179772 57.8 392
1732573189895 62.4 393
1732573200008 65.1 394
1732573210090 69.3 395
1732573220208 73.4 396
1732573230324 75.0 397
1732573240460 53.8 398
1732573250577 61.0 399
1732573260694 62.1 400
1732573270815 65.2 401
1732573280937 68.2 402
1732573291053 71.7 403
1732573301148 73.8 404
1732573311273 51.6 405
1732573321375 55.4 406
1732573331496 60.1 407
1732573341646 63.9 408
1732573351794 66.4 409
1732573361916 69.0 410
1732573372001 94.9 411
1732573382139 51.7 412
1732573392224 55.2 413
1732573402314 57.7 414
1732573412422 63.5 415
1732573422536 67.9 416
1732573432654 69.2 417
1732573442771 69.0 418
1732573452900 92.4 419
1732573463042 73.6 420
1732573473178 56.6 421
1732573483289 60.3 422
1732573493426 65.3 423
1732573503554 63.8 424
1732573514275 72.0 425
1732573524409 74.0 426
1732573534525 52.0 427
1732573544655 55.7 428
1732573554781 60.2 429
1732573564912 64.3 430
1732573575029 67.8 431
1732573585131 71.6 432
1732573595228 75.2 433
1732573605312 51.5 434
1732573615435 57.0 435
1732573625529 60.2 436
1732573635644 64.8 437
1732573645741 71.1 438
1732573655862 70.9 439
1732573665991 76.3 440
1732573676107 52.5 441
1732573686255 53.9 442
1732573696366 57.8 443
1732573706517 61.4 444
1732573716663 63.7 445
1732573726796 66.9 446
1732573736935 72.1 447
1732573747062 93.7 448
1732573757190 50.8 449
1732573767316 55.2 450
1732573777465 59.3 451
1732573787591 61.2 452
1732573797720 66.3 453
1732573807848 69.9 454
1732573817929 73.0 455
1732573828055 73.4 456
1732573838181 50.8 457
1732573848306 53.4 458
1732573858435 63.6 459
1732573868556 66.5 460
1732573878671 62.5 461
1732573888767 68.9 462
1732573898916 75.2 463
1732573909047 52.4 464
1732573919188 54.3 465
1732573929330 58.8 466
1732573939469 62.8 467
1732573949602 72.0 468
1732573959699 68.7 469
