1730991099479 57.0 3072
1730991154715 56.0 6144
1730991202948 58.0 9216
1730991261320 56.0 12288
1730991325731 54.0 15360
1730991381663 54.0 18432
1730991449555 53.0 21504
1730991500294 54.0 24576
1730991572338 52.0 27648
1730991626042 52.0 30720
1730991696240 51.0 33792
1730991758745 51.0 36864
1730991812496 52.0 39936
1730991877786 51.0 43008
1730991960847 50.0 46080
1730992030279 49.0 49152
1730992097584 49.0 52224
1730992180123 48.0 55296
1730992266410 47.0 58368
1730992360784 46.0 61440
1730992442554 46.0 64512
1730992539866 45.0 67584
1730992610543 45.0 70656
1730992684859 44.0 73728
1730992759293 44.0 76800
1730992824315 44.0 79872
1730992885325 45.0 82944
1730992944356 45.0 86016
1730992996234 45.0 89088
1730993043589 46.0 92160
1730993090701 46.0 95232
1730993138325 46.0 98304
1730993187143 47.0 101376
1730993237542 47.0 104448
1730993288957 47.0 107520
1730993337073 48.0 110592
1730993386800 48.0 113664
1730993444193 48.0 116736
1730993494441 48.0 119808
1730993550783 49.0 122880
1730993607326 49.0 125952
1730993661540 49.0 129024
1730993718129 49.0 132096
1730993772220 49.0 135168
1730993825419 49.0 138240
1730993879143 49.0 141312
1730993933795 49.0 144384
1730993991720 50.0 147456
1730994047715 50.0 150528
1730994099489 50.0 153600
1730994150902 50.0 156672
1730994202412 50.0 159744
1730994254229 50.0 162816
1730994305345 50.0 165888
1730994356438 51.0 168960
1730994407179 51.0 172032
1730994456381 51.0 175104
1730994505219 51.0 178176
1730994554352 51.0 181248
1730994604903 51.0 184320
1730994653248 51.0 187392
1730994701889 52.0 190464
1730994753082 52.0 193536
1730994812508 52.0 196608
1730994873744 52.0 199680
1730994931459 52.0 202752
