1730991099483 1.0 3072
1730991154720 2.0 6144
1730991202952 3.0 9216
1730991261326 4.0 12288
1730991325734 5.0 15360
1730991381668 6.0 18432
1730991449560 7.0 21504
1730991500299 8.0 24576
1730991572343 9.0 27648
1730991626046 10.0 30720
1730991696246 11.0 33792
1730991758751 12.0 36864
1730991812513 13.0 39936
1730991877790 14.0 43008
1730991960851 15.0 46080
1730992030284 16.0 49152
1730992097588 17.0 52224
1730992180139 18.0 55296
1730992266415 19.0 58368
1730992360789 20.0 61440
1730992442571 21.0 64512
1730992539871 22.0 67584
1730992610548 23.0 70656
1730992684864 24.0 73728
1730992759298 25.0 76800
1730992824320 26.0 79872
1730992885331 27.0 82944
1730992944362 28.0 86016
1730992996239 29.0 89088
1730993043593 30.0 92160
1730993090707 31.0 95232
1730993138329 32.0 98304
1730993187148 33.0 101376
1730993237545 34.0 104448
1730993288962 35.0 107520
1730993337077 36.0 110592
1730993386805 37.0 113664
1730993444196 38.0 116736
1730993494444 39.0 119808
1730993550789 40.0 122880
1730993607332 41.0 125952
1730993661544 42.0 129024
1730993718134 43.0 132096
1730993772223 44.0 135168
1730993825424 45.0 138240
1730993879147 46.0 141312
1730993933800 47.0 144384
1730993991723 48.0 147456
1730994047721 49.0 150528
1730994099494 50.0 153600
1730994150907 51.0 156672
1730994202418 52.0 159744
1730994254234 53.0 162816
1730994305348 54.0 165888
1730994356443 55.0 168960
1730994407183 56.0 172032
1730994456385 57.0 175104
1730994505223 58.0 178176
1730994554357 59.0 181248
1730994604908 60.0 184320
1730994653253 61.0 187392
1730994701894 62.0 190464
1730994753085 63.0 193536
1730994812526 64.0 196608
1730994873749 65.0 199680
1730994931463 66.0 202752
