1730991099487 53.0 3072
1730991154725 109.0 6144
1730991202956 157.0 9216
1730991261331 215.0 12288
1730991325738 280.0 15360
1730991381672 336.0 18432
1730991449565 403.0 21504
1730991500304 454.0 24576
1730991572348 526.0 27648
1730991626051 580.0 30720
1730991696251 650.0 33792
1730991758757 713.0 36864
1730991812519 766.0 39936
1730991877794 832.0 43008
1730991960855 915.0 46080
1730992030290 984.0 49152
1730992097590 1051.0 52224
1730992180145 1134.0 55296
1730992266421 1220.0 58368
1730992360794 1315.0 61440
1730992442576 1396.0 64512
1730992539876 1494.0 67584
1730992610553 1564.0 70656
1730992684868 1639.0 73728
1730992759303 1713.0 76800
1730992824326 1778.0 79872
1730992885336 1839.0 82944
1730992944367 1898.0 86016
1730992996245 1950.0 89088
1730993043597 1997.0 92160
1730993090712 2045.0 95232
1730993138334 2092.0 98304
1730993187153 2141.0 101376
1730993237549 2191.0 104448
1730993288967 2243.0 107520
1730993337081 2291.0 110592
1730993386810 2341.0 113664
1730993444200 2398.0 116736
1730993494447 2448.0 119808
1730993550794 2505.0 122880
1730993607337 2561.0 125952
1730993661547 2615.0 129024
1730993718140 2672.0 132096
1730993772226 2726.0 135168
1730993825429 2779.0 138240
1730993879150 2833.0 141312
1730993933804 2888.0 144384
1730993991737 2946.0 147456
1730994047726 3002.0 150528
1730994099499 3053.0 153600
1730994150911 3105.0 156672
1730994202422 3156.0 159744
1730994254240 3208.0 162816
1730994305351 3259.0 165888
1730994356449 3310.0 168960
1730994407187 3361.0 172032
1730994456390 3410.0 175104
1730994505225 3459.0 178176
1730994554361 3508.0 181248
1730994604913 3559.0 184320
1730994653258 3607.0 187392
1730994701899 3656.0 190464
1730994753089 3707.0 193536
1730994812531 3766.0 196608
1730994873754 3828.0 199680
1730994931467 3885.0 202752
