1731087279809 0.0 0
1731087289855 15.5 1
1731087299913 13.1 2
1731087309979 16.0 3
1731087320034 16.9 4
1731088541898 14.1 5
1731088717685 3.3 6
1731088727751 1.8 7
1731088737816 11.7 8
1731088747882 13.4 9
1731088757936 13.6 10
1731088767992 16.0 11
1731088778042 19.2 12
1731088788100 19.9 13
1731088798182 20.9 14
1731088808261 19.7 15
1731088818336 22.6 16
1731088828399 22.4 17
1731088838477 18.2 18
1731088848551 18.0 19
1731088858613 16.5 20
1731088868672 12.8 21
1731088878755 16.4 22
1731088888825 16.1 23
1731088898905 15.4 24
1731088908977 19.2 25
1731088919057 15.0 26
1731088929126 11.7 27
1731088939187 11.9 28
1731088949249 10.8 29
1731088959362 16.1 30
1731088969440 17.1 31
1731088979517 14.3 32
1731088989573 12.5 33
1731088999665 17.5 34
1731089009732 16.0 35
1731089019818 15.3 36
1731089029886 14.2 37
1731089039958 18.2 38
1731089050028 12.9 39
1731089060106 11.5 40
1731089070170 12.5 41
1731089080252 14.2 42
1731089090334 10.0 43
1731089100406 12.9 44
1731089110476 13.6 45
1731089120548 13.4 46
1731089130617 13.5 47
1731089140673 12.9 48
1731089150726 15.6 49
1731089160796 15.3 50
1731089170863 13.5 51
1731089180936 18.1 52
1731089191004 15.6 53
1731089201075 13.0 54
1731089211163 16.9 55
1731089221212 15.7 56
1731089231294 16.3 57
1731089241349 15.8 58
1731089251415 18.9 59
1731089261497 20.9 60
1731089271605 15.9 61
1731089281672 15.6 62
1731089291750 22.1 63
1731089301834 18.7 64
1731089311901 14.5 65
1731089321978 14.2 66
1731089332055 17.2 67
1731089342128 19.4 68
1731089352214 14.6 69
1731089362281 17.9 70
1731089372369 14.4 71
1731089382449 15.1 72
1731089392518 10.3 73
1731089402598 11.8 74
1731089412681 9.8 75
1731089422744 7.8 76
1731089432823 8.8 77
1731089442889 11.7 78
1731089452983 16.6 79
1731089463051 18.2 80
1731089473152 17.2 81
1731089483232 14.2 82
1731089493309 15.2 83
1731089503377 10.2 84
1731089513454 15.2 85
1731089523522 15.2 86
1731089533606 18.4 87
1731089543681 16.9 88
1731089553766 17.9 89
1731089563851 18.3 90
1731089573926 14.5 91
1731089584015 17.2 92
1731089594108 16.3 93
1731089604198 16.2 94
1731089614265 15.1 95
1731089624349 15.4 96
1731089634425 14.5 97
1731089644489 19.2 98
1731089654551 18.5 99
1731089664636 12.3 100
1731089674718 16.7 101
1731089684805 16.0 102
1731089694883 9.1 103
1731089704972 11.8 104
1731089715056 19.0 105
1731089725132 16.5 106
1731089735199 16.8 107
1731089745277 15.7 108
1731089755356 21.4 109
1731089765450 10.8 110
1731089775531 9.7 111
1731089785607 11.0 112
1731089795688 12.8 113
1731089805774 13.8 114
1731089815864 12.0 115
1731089825941 7.8 116
1731089836027 9.4 117
1731089846111 9.5 118
1731089856196 8.4 119
1731089866272 11.7 120
1731089876358 9.7 121
1731089886429 10.0 122
1731089896517 9.4 123
1731089906606 12.4 124
1731089916693 9.7 125
1731089926774 9.5 126
1731089936853 8.5 127
1731089946936 12.0 128
1731089957022 11.8 129
1731089967096 9.6 130
1731089977170 13.3 131
1731089987254 22.2 132
1731089997335 21.4 133
1731090007432 15.4 134
1731090017494 13.3 135
1731090027582 12.0 136
1731090037658 15.9 137
1731090047731 18.0 138
1731090057812 23.1 139
1731090067881 18.0 140
1731090077949 17.4 141
1731090088023 18.5 142
1731090098117 18.5 143
1731090108204 17.2 144
1731090118292 20.3 145
1731090128358 23.7 146
1731090138432 21.2 147
1731090148522 23.5 148
1731090158601 20.1 149
1731090168689 22.9 150
1731090178792 20.1 151
1731090188877 17.3 152
1731090198961 15.9 153
1731090209057 19.0 154
1731090219124 15.7 155
1731090229202 18.6 156
1731090239301 15.0 157
1731090249384 13.9 158
1731090259454 18.0 159
1731090269536 14.7 160
1731090279624 17.9 161
1731090289709 22.2 162
1731090299794 19.1 163
1731090309902 21.4 164
1731090319973 10.1 165
1731090330074 17.9 166
1731090340168 15.9 167
1731090350252 16.4 168
1731090360351 14.0 169
1731090370437 21.6 170
1731090380516 15.2 171
1731090390616 12.8 172
1731090400693 17.7 173
1731090410788 17.5 174
1731090420860 22.2 175
1731090430950 20.5 176
1731090441026 19.0 177
1731090451129 19.2 178
1731090461221 15.5 179
1731090471300 15.0 180
1731090481394 16.8 181
1731090491480 18.3 182
1731090501545 17.7 183
1731090511606 17.4 184
1731090521703 18.5 185
1731090531809 16.0 186
1731090541886 17.0 187
1731090551970 18.9 188
1731090562067 17.4 189
1731090572148 15.8 190
1731090582218 9.6 191
1731090592296 12.3 192
1731090602408 8.0 193
1731090612504 13.5 194
1731090622581 20.8 195
1731090632676 16.5 196
1731090642746 13.1 197
1731090652842 16.2 198
1731090662950 19.1 199
1731090673036 16.5 200
1731090683134 15.2 201
1731090693233 14.1 202
1731090703337 12.2 203
1731090713437 15.9 204
1731090723541 12.3 205
1731090733636 13.2 206
1731090743740 14.7 207
1731090753822 14.5 208
1731090763915 16.8 209
1731090773993 15.8 210
1731090784075 16.3 211
1731090794150 14.2 212
1731090804247 17.1 213
1731090814347 13.1 214
1731090824434 13.8 215
1731090834529 12.5 216
1731090844615 12.9 217
1731090854718 9.5 218
1731090864819 17.9 219
1731090874926 13.5 220
1731090884989 16.8 221
1731090895094 17.7 222
1731090905173 17.3 223
1731090915261 17.4 224
1731090925331 14.2 225
1731090935422 14.6 226
1731090945517 16.4 227
1731090955616 17.2 228
1731090965721 16.1 229
1731090975793 11.6 230
1731090985879 12.5 231
1731090995952 16.2 232
1731091006032 14.0 233
1731091016129 10.4 234
1731091026197 8.3 235
1731091036309 15.5 236
1731091046408 13.8 237
1731091056512 15.1 238
1731091066604 15.1 239
1731091076701 15.3 240
1731091086801 11.7 241
1731091096866 8.5 242
1731091106971 11.4 243
1731091117060 10.4 244
1731091127172 12.6 245
1731091137273 14.0 246
1731091147368 16.3 247
1731091157470 16.4 248
1731091167532 14.6 249
1731091177617 12.4 250
1731091187734 13.6 251
1731091197844 17.3 252
1731091207931 15.2 253
1731091217997 13.8 254
1731091228116 12.1 255
1731091238206 11.0 256
1731091248310 13.2 257
1731091258406 16.1 258
1731091268510 14.3 259
1731091278578 14.6 260
1731091288660 13.3 261
1731091298734 11.7 262
1731091308814 15.5 263
1731091318916 15.2 264
1731091328978 13.1 265
1731091339069 13.1 266
1731091349176 15.5 267
1731091359290 15.4 268
1731091369399 16.9 269
1731091379487 16.9 270
1731091389609 14.3 271
1731091399734 12.5 272
1731091409829 13.2 273
1731091419942 15.1 274
1731091430032 13.1 275
1731091440138 14.5 276
1731091450248 16.6 277
1731091460345 16.8 278
1731091470438 12.5 279
1731091480539 13.2 280
1731091490648 13.8 281
1731091500743 13.6 282
1731091510857 9.8 283
1731091520963 16.3 284
1731091531073 15.4 285
1731091541179 13.7 286
1731091551272 14.5 287
1731091561380 17.1 288
1731091571478 16.6 289
1731091581593 13.8 290
1731091591705 14.7 291
1731091601813 12.7 292
1731091611910 16.4 293
1731091622020 15.1 294
1731091632124 17.0 295
1731091642220 16.8 296
1731091652314 17.3 297
1731091662436 13.2 298
1731091672531 13.5 299
1731091682642 16.5 300
1731091692740 13.2 301
1731091702836 13.4 302
1731091712917 11.8 303
1731091723030 16.8 304
1731091733135 15.8 305
1731091743234 13.6 306
1731091753342 16.3 307
1731091763453 13.1 308
1731091773563 14.5 309
1731091783663 15.3 310
1731091793774 11.7 311
1731091803894 18.1 312
1731091814010 16.0 313
1731091824120 22.3 314
1731091834227 18.3 315
1731091844334 19.9 316
1731091854427 16.1 317
1731091864541 19.3 318
1731091874639 19.4 319
1731091884757 18.6 320
1731091894863 18.4 321
1731091904976 20.6 322
1731091915067 20.7 323
1731091925149 22.9 324
1731091935261 20.9 325
1731091945377 19.9 326
1731091955495 18.9 327
1731091965598 21.3 328
1731091975700 19.9 329
1731091985835 18.0 330
1731091995923 17.9 331
1731092006021 17.0 332
1731092016142 13.1 333
1731092026248 10.3 334
1731092036362 11.5 335
1731092046487 12.2 336
1731092056602 9.9 337
1731092066714 9.4 338
1731092076815 13.0 339
1731092086901 12.8 340
1731092097018 11.6 341
1731092107121 11.1 342
1731092117234 9.8 343
1731092127307 10.8 344
1731092137427 11.3 345
1731092147548 7.1 346
1731092157665 16.4 347
1731092167775 18.0 348
1731092177884 12.9 349
1731092187975 7.9 350
1731092198058 9.1 351
1731092208154 9.7 352
1731092218286 10.8 353
1731092228404 8.7 354
1731092238518 9.1 355
1731092248616 9.6 356
1731092258715 11.4 357
1731092268846 17.2 358
1731092278966 20.1 359
1731092289100 22.1 360
1731092299191 20.8 361
1731092309313 20.7 362
1731092319433 18.1 363
1731092329556 16.9 364
1731092339666 19.2 365
1731092349781 16.3 366
1731092359892 15.7 367
1731092370004 24.3 368
1731092380107 23.2 369
1731092390206 22.7 370
1731092400312 18.4 371
1731092410387 21.3 372
1731092420515 19.9 373
1731092430631 21.7 374
1731092440744 22.9 375
1731092450834 20.6 376
1731092460952 19.1 377
1731092471060 19.8 378
1731092481155 17.9 379
1731092491274 19.8 380
1731092501369 20.2 381
1731092511485 19.8 382
1731092521612 19.7 383
1731092531700 19.7 384
1731092541823 20.3 385
1731092551949 19.4 386
1731092562066 19.9 387
1731092572191 17.6 388
1731092582309 14.4 389
1731092592414 12.5 390
1731092602519 11.5 391
1731092612640 13.7 392
1731092622759 10.8 393
1731092632890 13.3 394
1731092642998 15.0 395
1731092653108 14.7 396
1731092663250 17.8 397
1731092673388 12.0 398
1731092683467 12.2 399
1731092693553 12.5 400
1731092703672 13.1 401
1731092713776 11.2 402
1731092723872 13.0 403
1731092733991 14.4 404
1731092744294 15.3 405
1731092754415 14.2 406
1731092764548 13.4 407
1731092774671 12.9 408
1731092784768 10.3 409
1731092794840 14.0 410
1731092804948 13.0 411
1731092815070 12.2 412
1731092825171 13.2 413
1731092835288 13.3 414
1731092845412 9.7 415
1731092855534 13.8 416
1731092865642 9.8 417
1731092875767 12.2 418
1731092885880 13.4 419
1731092895974 12.9 420
1731092906093 10.5 421
1731092916209 12.3 422
1731092926341 11.0 423
1731092936460 13.4 424
1731092946582 11.4 425
1731092956702 8.2 426
1731092966838 11.1 427
1731092976959 10.1 428
1731092987084 11.6 429
1731092997209 10.4 430
1731093007336 11.5 431
1731093017434 9.9 432
1731093027545 11.7 433
1731093037680 12.1 434
1731093047762 10.1 435
1731093057896 8.6 436
1731093068014 9.4 437
1731093078130 12.1 438
1731093088251 10.2 439
1731093098361 10.4 440
1731093108477 11.1 441
1731093118598 9.1 442
1731093128725 12.0 443
1731093138844 10.7 444
1731093148940 10.2 445
1731093159070 11.2 446
1731093169148 9.1 447
1731093179249 12.9 448
1731093189358 7.9 449
1731093199496 11.1 450
1731093209640 13.7 451
1731093219761 10.3 452
1731093229902 12.1 453
1731093240024 13.8 454
1731093250151 12.3 455
1731093260270 12.6 456
1731093270378 12.6 457
1731093280515 9.0 458
1731093290624 10.2 459
1731093300746 12.4 460
1731093310869 10.8 461
1731093320994 9.6 462
1731093331127 11.6 463
1731093341263 13.3 464
1731093351397 16.4 465
1731093361496 21.7 466
1731093371606 19.0 467
1731093381732 19.9 468
1731093391861 17.6 469
1731093401978 21.8 470
1731093412094 16.9 471
1731093422217 18.0 472
1731093432347 20.9 473
1731093442481 15.8 474
1731093452604 19.9 475
1731093462709 12.9 476
1731093472839 19.9 477
1731093482999 21.2 478
1731093493120 18.3 479
1731093503211 17.4 480
1731093513303 9.3 481
1731093523435 10.9 482
1731093533540 15.6 483
1731093543648 22.3 484
1731093553772 23.6 485
1731093563910 21.3 486
1731093574013 22.8 487
1731093584133 21.1 488
1731093594246 23.4 489
1731093604340 24.7 490
1731093614478 20.0 491
1731093624601 23.6 492
1731093634728 18.6 493
1731093644862 10.3 494
1731093654991 13.0 495
1731093665128 20.3 496
1731093675266 23.3 497
1731093685425 15.4 498
1731093695557 16.2 499
1731093705725 17.4 500
1731093715851 18.0 501
1731093725969 15.4 502
1731093736100 17.0 503
1731093746226 16.0 504
1731093756351 18.5 505
1731093766474 18.6 506
1731093776616 16.0 507
1731093786764 15.9 508
1731093796881 18.7 509
1731093807006 17.0 510
1731093817140 18.3 511
1731093827269 15.7 512
1731093837403 19.3 513
1731093847557 16.2 514
1731093857700 16.6 515
1731093867836 15.7 516
1731093877966 16.4 517
1731093888117 18.6 518
1731093898247 20.1 519
1731093908342 23.2 520
1731093918480 19.8 521
1731093928587 18.9 522
1731093938683 16.8 523
1731093948819 14.9 524
1731093958969 16.2 525
1731093969077 17.2 526
1731093979208 16.5 527
1731093989341 17.4 528
1731093999452 19.1 529
1731094009585 17.5 530
1731094019722 20.6 531
1731094029825 19.2 532
1731094039936 17.4 533
1731094050073 16.7 534
1731094060186 18.4 535
1731094070310 21.1 536
1731094080427 17.0 537
1731094090552 14.4 538
1731094100705 18.1 539
1731094110840 19.1 540
1731094120992 17.8 541
