1731087279809 121381.4 0
1731087289855 121381.4 1
1731087299913 121381.4 2
1731087309979 121381.8 3
1731087320034 121382.3 4
1731088541898 121382.3 5
1731088717685 121402.2 6
1731088727751 121402.4 7
1731088737816 121402.4 8
1731088747882 121402.5 9
1731088757936 121402.5 10
1731088767992 121400.0 11
1731088778042 121404.0 12
1731088788100 121404.5 13
1731088798182 121401.3 14
1731088808261 121403.2 15
1731088818336 121403.5 16
1731088828399 121400.2 17
1731088838477 121404.6 18
1731088848551 121401.3 19
1731088858613 121405.6 20
1731088868672 121402.4 21
1731088878755 121402.6 22
1731088888825 121403.4 23
1731088898905 121400.4 24
1731088908977 121403.6 25
1731088919057 121403.8 26
1731088929126 121404.1 27
1731088939187 121404.4 28
1731088949249 121405.1 29
1731088959362 121408.7 30
1731088969440 121405.4 31
1731088979517 121406.0 32
1731088989573 121406.8 33
1731088999665 121407.2 34
1731089009732 121404.0 35
1731089019818 121408.3 36
1731089029886 121405.0 37
1731089039958 121408.2 38
1731089050028 121402.9 39
1731089060106 121407.2 40
1731089070170 121404.0 41
1731089080252 121406.3 42
1731089090334 121406.4 43
1731089100406 121408.6 44
1731089110476 121405.3 45
1731089120548 121405.6 46
1731089130617 121406.4 47
1731089140673 121406.6 48
1731089150726 121403.4 49
1731089160796 121407.7 50
1731089170863 121404.4 51
1731089180936 121410.4 52
1731089191004 121407.1 53
1731089201075 121407.3 54
1731089211163 121408.3 55
1731089221212 121410.0 56
1731089231294 121406.7 57
1731089241349 121411.0 58
1731089251415 121407.4 59
1731089261497 121411.3 60
1731089271605 121405.4 61
1731089281672 121407.3 62
1731089291750 121407.5 63
1731089301834 121404.3 64
1731089311901 121408.6 65
1731089321978 121405.3 66
1731089332055 121409.6 67
1731089342128 121408.8 68
1731089352214 121405.5 69
1731089362281 121409.9 70
1731089372369 121406.6 71
1731089382449 121408.7 72
1731089392518 121408.7 73
1731089402598 121408.7 74
1731089412681 121408.8 75
1731089422744 121408.8 76
1731089432823 121408.8 77
1731089442889 121408.9 78
1731089452983 121408.0 79
1731089463051 121404.8 80
1731089473152 121409.1 81
1731089483232 121405.9 82
1731089493309 121409.0 83
1731089503377 121409.0 84
1731089513454 121407.1 85
1731089523522 121408.0 86
1731089533606 121408.2 87
1731089543681 121404.9 88
1731089553766 121409.2 89
1731089563851 121406.1 90
1731089573926 121410.4 91
1731089584015 121407.2 92
1731089594108 121407.4 93
1731089604198 121408.2 94
1731089614265 121408.4 95
1731089624349 121405.2 96
1731089634425 121410.6 97
1731089644489 121407.4 98
1731089654551 121411.7 99
1731089664636 121407.5 100
1731089674718 121408.5 101
1731089684805 121411.8 102
1731089694883 121411.9 103
1731089704972 121412.1 104
1731089715056 121407.9 105
1731089725132 121408.1 106
1731089735199 121409.0 107
1731089745277 121409.2 108
1731089755356 121405.9 109
1731089765450 121409.3 110
1731089775531 121409.3 111
1731089785607 121409.3 112
1731089795688 121408.1 113
1731089805774 121410.3 114
1731089815864 121410.3 115
1731089825941 121410.3 116
1731089836027 121410.3 117
1731089846111 121410.4 118
1731089856196 121410.5 119
1731089866272 121410.6 120
1731089876358 121410.6 121
1731089886429 121410.6 122
1731089896517 121410.6 123
1731089906606 121410.7 124
1731089916693 121410.7 125
1731089926774 121409.4 126
1731089936853 121409.4 127
1731089946936 121409.4 128
1731089957022 121409.5 129
1731089967096 121407.1 130
1731089977170 121409.4 131
1731089987254 121409.7 132
1731089997335 121406.4 133
1731090007432 121410.8 134
1731090017494 121408.7 135
1731090027582 121408.7 136
1731090037658 121410.8 137
1731090047731 121407.5 138
1731090057812 121411.9 139
1731090067881 121408.6 140
1731090077949 121408.8 141
1731090088023 121409.7 142
1731090098117 121409.9 143
1731090108204 121406.6 144
1731090118292 121411.0 145
1731090128358 121407.7 146
1731090138432 121411.0 147
1731090148522 121407.7 148
1731090158601 121407.9 149
1731090168689 121411.1 150
1731090178792 121407.9 151
1731090188877 121412.5 152
1731090198961 121410.4 153
1731090209057 121405.4 154
1731090219124 121407.7 155
1731090229202 121412.1 156
1731090239301 121408.8 157
1731090249384 121409.8 158
1731090259454 121410.0 159
1731090269536 121410.9 160
1731090279624 121410.1 161
1731090289709 121410.9 162
1731090299794 121408.8 163
1731090309902 121409.0 164
1731090319973 121410.1 165
1731090330074 121407.8 166
1731090340168 121407.8 167
1731090350252 121410.2 168
1731090360351 121411.1 169
1731090370437 121414.1 170
1731090380516 121409.6 171
1731090390616 121390.8 172
1731090400693 121391.9 173
1731090410788 121396.3 174
1731090420860 121391.9 175
1731090430950 121392.1 176
1731090441026 121394.1 177
1731090451129 121394.3 178
1731090461221 121391.0 179
1731090471300 121395.7 180
1731090481394 121392.5 181
1731090491480 121396.8 182
1731090501545 121393.5 183
1731090511606 121393.7 184
1731090521703 121394.6 185
1731090531809 121391.5 186
1731090541886 121395.8 187
1731090551970 121392.6 188
1731090562067 121396.9 189
1731090572148 121391.6 190
1731090582218 121391.6 191
1731090592296 121391.6 192
1731090602408 121391.6 193
1731090612504 121393.9 194
1731090622581 121394.7 195
1731090632676 121396.0 196
1731090642746 121396.1 197
1731090652842 121396.6 198
1731090662950 121392.0 199
1731090673036 121396.5 200
1731090683134 121393.3 201
1731090693233 121394.5 202
1731090703337 121394.3 203
1731090713437 121394.9 204
1731090723541 121394.9 205
1731090733636 121394.9 206
1731090743740 121383.9 207
1731090753822 121381.6 208
1731090763915 121388.3 209
1731090773993 121387.1 210
1731090784075 121386.1 211
1731090794150 121387.1 212
1731090804247 121384.1 213
1731090814347 121382.9 214
1731090824434 121382.9 215
1731090834529 121382.9 216
1731090844615 121382.9 217
1731090854718 121382.9 218
1731090864819 121386.3 219
1731090874926 121386.5 220
1731090884989 121383.2 221
1731090895094 121387.5 222
1731090905173 121384.5 223
1731090915261 121385.4 224
1731090925331 121385.6 225
1731090935422 121382.3 226
1731090945517 121386.7 227
1731090955616 121383.4 228
1731090965721 121387.8 229
1731090975793 121385.7 230
1731090985879 121385.9 231
1731090995952 121386.7 232
1731091006032 121384.7 233
1731091016129 121384.7 234
1731091026197 121384.7 235
1731091036309 121385.7 236
1731091046408 121385.9 237
1731091056512 121382.6 238
1731091066604 121387.0 239
1731091076701 121384.9 240
1731091086801 121384.9 241
1731091096866 121384.9 242
1731091106971 121385.0 243
1731091117060 121385.0 244
1731091127172 121385.0 245
1731091137273 121384.8 246
1731091147368 121385.0 247
1731091157470 121385.9 248
1731091167532 121386.1 249
1731091177617 121382.8 250
1731091187734 121387.1 251
1731091197844 121383.9 252
1731091207931 121385.9 253
1731091217997 121386.0 254
1731091228116 121385.9 255
1731091238206 121386.0 256
1731091248310 121385.2 257
1731091258406 121386.0 258
1731091268510 121386.2 259
1731091278578 121383.0 260
1731091288660 121388.5 261
1731091298734 121385.2 262
1731091308814 121389.5 263
1731091318916 121386.3 264
1731091328978 121386.5 265
1731091339069 121387.3 266
1731091349176 121387.5 267
1731091359290 121384.3 268
1731091369399 121388.6 269
1731091379487 121385.3 270
1731091389609 121389.6 271
1731091399734 121387.5 272
1731091409829 121384.3 273
1731091419942 121388.6 274
1731091430032 121385.3 275
1731091440138 121385.5 276
1731091450248 121386.4 277
1731091460345 121386.6 278
1731091470438 121383.3 279
1731091480539 121387.6 280
1731091490648 121389.8 281
1731091500743 121389.8 282
1731091510857 121389.8 283
1731091520963 121386.7 284
1731091531073 121387.6 285
1731091541179 121387.8 286
1731091551272 121385.7 287
1731091561380 121386.5 288
1731091571478 121386.7 289
1731091581593 121383.4 290
1731091591705 121387.8 291
1731091601813 121384.6 292
1731091611910 121388.9 293
1731091622020 121385.4 294
1731091632124 121385.6 295
1731091642220 121386.5 296
1731091652314 121386.7 297
1731091662436 121384.5 298
1731091672531 121388.8 299
1731091682642 121385.6 300
1731091692740 121389.9 301
1731091702836 121386.7 302
1731091712917 121386.9 303
1731091723030 121387.7 304
1731091733135 121388.0 305
1731091743234 121384.7 306
1731091753342 121386.7 307
1731091763453 121386.9 308
1731091773563 121383.7 309
1731091783663 121388.0 310
1731091793774 121384.7 311
1731091803894 121389.1 312
1731091814010 121387.5 313
1731091824120 121389.2 314
1731091834227 121389.5 315
1731091844334 121391.6 316
1731091854427 121389.0 317
1731091864541 121389.2 318
1731091874639 121389.0 319
1731091884757 121389.2 320
1731091894863 121390.1 321
1731091904976 121392.0 322
1731091915067 121388.3 323
1731091925149 121391.5 324
1731091935261 121387.2 325
1731091945377 121390.6 326
1731091955495 121390.9 327
1731091965598 121387.6 328
1731091975700 121391.9 329
1731091985835 121388.7 330
1731091995923 121386.5 331
1731092006021 121387.7 332
1731092016142 121394.3 333
1731092026248 121394.3 334
1731092036362 121394.3 335
1731092046487 121394.3 336
1731092056602 121394.3 337
1731092066714 121394.3 338
1731092076815 121394.4 339
1731092086901 121394.5 340
1731092097018 121394.5 341
1731092107121 121394.5 342
1731092117234 121394.5 343
1731092127307 121394.5 344
1731092137427 121394.6 345
1731092147548 121394.6 346
1731092157665 121397.0 347
1731092167775 121396.9 348
1731092177884 121396.9 349
1731092187975 121396.9 350
1731092198058 121396.9 351
1731092208154 121396.9 352
1731092218286 121396.9 353
1731092228404 121396.9 354
1731092238518 121397.0 355
1731092248616 121397.1 356
1731092258715 121397.1 357
1731092268846 121395.1 358
1731092278966 121399.5 359
1731092289100 121397.3 360
1731092299191 121394.1 361
1731092309313 121398.5 362
1731092319433 121397.9 363
1731092329556 121398.7 364
1731092339666 121399.0 365
1731092349781 121401.1 366
1731092359892 121401.3 367
1731092370004 121398.0 368
1731092380107 121397.1 369
1731092390206 121398.0 370
1731092400312 121398.2 371
1731092410387 121394.9 372
1731092420515 121399.2 373
1731092430631 121396.0 374
1731092440744 121400.3 375
1731092450834 121397.2 376
1731092460952 121395.0 377
1731092471060 121398.2 378
1731092481155 121395.1 379
1731092491274 121395.9 380
1731092501369 121396.1 381
1731092511485 121392.9 382
1731092521612 121398.3 383
1731092531700 121395.0 384
1731092541823 121399.4 385
1731092551949 121396.1 386
1731092562066 121396.4 387
1731092572191 121395.2 388
1731092582309 121397.7 389
1731092592414 121403.0 390
1731092602519 121405.8 391
1731092612640 121406.4 392
1731092622759 121406.5 393
1731092632890 121406.6 394
1731092642998 121406.7 395
1731092653108 121407.3 396
1731092663250 121407.3 397
1731092673388 121408.3 398
1731092683467 121408.4 399
1731092693553 121408.4 400
1731092703672 121408.6 401
1731092713776 121408.6 402
1731092723872 121412.3 403
1731092733991 121412.7 404
1731092744294 121413.0 405
1731092754415 121413.7 406
1731092764548 121413.7 407
1731092774671 121414.1 408
1731092784768 121415.0 409
1731092794840 121415.7 410
1731092804948 121415.7 411
1731092815070 121415.8 412
1731092825171 121415.8 413
1731092835288 121415.8 414
1731092845412 121395.7 415
1731092855534 121394.2 416
1731092865642 121396.9 417
1731092875767 121397.0 418
1731092885880 121398.8 419
1731092895974 121399.3 420
1731092906093 121398.8 421
1731092916209 121398.9 422
1731092926341 121398.0 423
1731092936460 121399.2 424
1731092946582 121400.1 425
1731092956702 121400.1 426
1731092966838 121400.1 427
1731092976959 121400.6 428
1731092987084 121400.6 429
1731092997209 121400.7 430
1731093007336 121400.7 431
1731093017434 121401.0 432
1731093027545 121401.0 433
1731093037680 121401.0 434
1731093047762 121401.0 435
1731093057896 121401.2 436
1731093068014 121401.6 437
1731093078130 121402.4 438
1731093088251 121401.8 439
1731093098361 121402.0 440
1731093108477 121402.0 441
1731093118598 121402.0 442
1731093128725 121402.0 443
1731093138844 121402.0 444
1731093148940 121402.0 445
1731093159070 121402.0 446
1731093169148 121402.0 447
1731093179249 121402.0 448
1731093189358 121402.1 449
1731093199496 121402.3 450
1731093209640 121402.9 451
1731093219761 121405.6 452
1731093229902 121405.8 453
1731093240024 121405.8 454
1731093250151 121407.3 455
1731093260270 121409.2 456
1731093270378 121409.4 457
1731093280515 121410.0 458
1731093290624 121410.2 459
1731093300746 121410.4 460
1731093310869 121410.4 461
1731093320994 121410.4 462
1731093331127 121410.5 463
1731093341263 121405.3 464
1731093351397 121405.2 465
1731093361496 121405.4 466
1731093371606 121406.2 467
1731093381732 121406.4 468
1731093391861 121403.2 469
1731093401978 121408.6 470
1731093412094 121408.7 471
1731093422217 121403.4 472
1731093432347 121407.7 473
1731093442481 121404.5 474
1731093452604 121408.8 475
1731093462709 121404.6 476
1731093472839 121405.6 477
1731093482999 121405.8 478
1731093493120 121406.6 479
1731093503211 121404.7 480
1731093513303 121404.7 481
1731093523435 121404.7 482
1731093533540 121404.6 483
1731093543648 121408.9 484
1731093553772 121405.7 485
1731093563910 121405.9 486
1731093574013 121407.8 487
1731093584133 121408.1 488
1731093594246 121404.9 489
1731093604340 121409.2 490
1731093614478 121405.9 491
1731093624601 121410.3 492
1731093634728 121404.9 493
1731093644862 121404.9 494
1731093654991 121404.9 495
1731093665128 121404.9 496
1731093675266 121404.2 497
1731093685425 121405.9 498
1731093695557 121406.7 499
1731093705725 121406.8 500
1731093715851 121408.8 501
1731093725969 121405.6 502
1731093736100 121405.9 503
1731093746226 121406.7 504
1731093756351 121406.9 505
1731093766474 121412.1 506
1731093776616 121416.5 507
1731093786764 121413.3 508
1731093796881 121417.6 509
1731093807006 121414.3 510
1731093817140 121414.6 511
1731093827269 121417.8 512
1731093837403 121414.5 513
1731093847557 121412.4 514
1731093857700 121416.7 515
1731093867836 121414.7 516
1731093877966 121417.0 517
1731093888117 121414.0 518
1731093898247 121414.9 519
1731093908342 121415.2 520
1731093918480 121416.0 521
1731093928587 121416.2 522
1731093938683 121413.0 523
1731093948819 121417.3 524
1731093958969 121416.4 525
1731093969077 121418.4 526
1731093979208 121417.4 527
1731093989341 121413.0 528
1731093999452 121417.4 529
1731094009585 121416.5 530
1731094019722 121417.4 531
1731094029825 121416.5 532
1731094039936 121419.7 533
1731094050073 121416.5 534
1731094060186 121416.7 535
1731094070310 121417.6 536
1731094080427 121414.5 537
1731094090552 121416.8 538
1731094100705 121417.6 539
1731094110840 121418.1 540
1731094120992 121414.8 541
