1731087279809 46.3 0
1731087289855 46.3 1
1731087299913 46.3 2
1731087309979 46.3 3
1731087320034 46.3 4
1731088541898 46.3 5
1731088717685 46.3 6
1731088727751 46.3 7
1731088737816 46.3 8
1731088747882 46.3 9
1731088757936 46.3 10
1731088767992 46.3 11
1731088778042 46.3 12
1731088788100 46.3 13
1731088798182 46.3 14
1731088808261 46.3 15
1731088818336 46.3 16
1731088828399 46.3 17
1731088838477 46.3 18
1731088848551 46.3 19
1731088858613 46.3 20
1731088868672 46.3 21
1731088878755 46.3 22
1731088888825 46.3 23
1731088898905 46.3 24
1731088908977 46.3 25
1731088919057 46.3 26
1731088929126 46.3 27
1731088939187 46.3 28
1731088949249 46.3 29
1731088959362 46.3 30
1731088969440 46.3 31
1731088979517 46.3 32
1731088989573 46.3 33
1731088999665 46.3 34
1731089009732 46.3 35
1731089019818 46.3 36
1731089029886 46.3 37
1731089039958 46.3 38
1731089050028 46.3 39
1731089060106 46.3 40
1731089070170 46.3 41
1731089080252 46.3 42
1731089090334 46.3 43
1731089100406 46.3 44
1731089110476 46.3 45
1731089120548 46.3 46
1731089130617 46.3 47
1731089140673 46.3 48
1731089150726 46.3 49
1731089160796 46.3 50
1731089170863 46.3 51
1731089180936 46.3 52
1731089191004 46.3 53
1731089201075 46.3 54
1731089211163 46.3 55
1731089221212 46.3 56
1731089231294 46.3 57
1731089241349 46.3 58
1731089251415 46.3 59
1731089261497 46.3 60
1731089271605 46.3 61
1731089281672 46.3 62
1731089291750 46.3 63
1731089301834 46.3 64
1731089311901 46.3 65
1731089321978 46.3 66
1731089332055 46.3 67
1731089342128 46.3 68
1731089352214 46.3 69
1731089362281 46.3 70
1731089372369 46.3 71
1731089382449 46.3 72
1731089392518 46.3 73
1731089402598 46.3 74
1731089412681 46.3 75
1731089422744 46.3 76
1731089432823 46.3 77
1731089442889 46.3 78
1731089452983 46.3 79
1731089463051 46.3 80
1731089473152 46.3 81
1731089483232 46.3 82
1731089493309 46.3 83
1731089503377 46.3 84
1731089513454 46.3 85
1731089523522 46.3 86
1731089533606 46.3 87
1731089543681 46.3 88
1731089553766 46.3 89
1731089563851 46.3 90
1731089573926 46.3 91
1731089584015 46.3 92
1731089594108 46.3 93
1731089604198 46.3 94
1731089614265 46.3 95
1731089624349 46.3 96
1731089634425 46.3 97
1731089644489 46.3 98
1731089654551 46.3 99
1731089664636 46.3 100
1731089674718 46.3 101
1731089684805 46.3 102
1731089694883 46.3 103
1731089704972 46.3 104
1731089715056 46.3 105
1731089725132 46.3 106
1731089735199 46.3 107
1731089745277 46.3 108
1731089755356 46.3 109
1731089765450 46.3 110
1731089775531 46.3 111
1731089785607 46.3 112
1731089795688 46.3 113
1731089805774 46.3 114
1731089815864 46.3 115
1731089825941 46.3 116
1731089836027 46.3 117
1731089846111 46.3 118
1731089856196 46.3 119
1731089866272 46.3 120
1731089876358 46.3 121
1731089886429 46.3 122
1731089896517 46.3 123
1731089906606 46.3 124
1731089916693 46.3 125
1731089926774 46.3 126
1731089936853 46.3 127
1731089946936 46.3 128
1731089957022 46.3 129
1731089967096 46.3 130
1731089977170 46.3 131
1731089987254 46.3 132
1731089997335 46.3 133
1731090007432 46.3 134
1731090017494 46.3 135
1731090027582 46.3 136
1731090037658 46.3 137
1731090047731 46.3 138
1731090057812 46.3 139
1731090067881 46.3 140
1731090077949 46.3 141
1731090088023 46.3 142
1731090098117 46.3 143
1731090108204 46.3 144
1731090118292 46.3 145
1731090128358 46.3 146
1731090138432 46.3 147
1731090148522 46.3 148
1731090158601 46.3 149
1731090168689 46.3 150
1731090178792 46.3 151
1731090188877 46.3 152
1731090198961 46.3 153
1731090209057 46.3 154
1731090219124 46.3 155
1731090229202 46.3 156
1731090239301 46.3 157
1731090249384 46.3 158
1731090259454 46.3 159
1731090269536 46.3 160
1731090279624 46.3 161
1731090289709 46.3 162
1731090299794 46.3 163
1731090309902 46.3 164
1731090319973 46.3 165
1731090330074 46.3 166
1731090340168 46.3 167
1731090350252 46.3 168
1731090360351 46.3 169
1731090370437 46.3 170
1731090380516 46.3 171
1731090390616 46.3 172
1731090400693 46.3 173
1731090410788 46.3 174
1731090420860 46.3 175
1731090430950 46.3 176
1731090441026 46.3 177
1731090451129 46.3 178
1731090461221 46.3 179
1731090471300 46.3 180
1731090481394 46.3 181
1731090491480 46.3 182
1731090501545 46.3 183
1731090511606 46.3 184
1731090521703 46.3 185
1731090531809 46.3 186
1731090541886 46.3 187
1731090551970 46.3 188
1731090562067 46.3 189
1731090572148 46.3 190
1731090582218 46.3 191
1731090592296 46.3 192
1731090602408 46.3 193
1731090612504 46.3 194
1731090622581 46.3 195
1731090632676 46.3 196
1731090642746 46.3 197
1731090652842 46.3 198
1731090662950 46.3 199
1731090673036 46.3 200
1731090683134 46.3 201
1731090693233 46.3 202
1731090703337 46.3 203
1731090713437 46.3 204
1731090723541 46.3 205
1731090733636 46.3 206
1731090743740 46.3 207
1731090753822 46.3 208
1731090763915 46.3 209
1731090773993 46.3 210
1731090784075 46.3 211
1731090794150 46.3 212
1731090804247 46.3 213
1731090814347 46.3 214
1731090824434 46.3 215
1731090834529 46.3 216
1731090844615 46.3 217
1731090854718 46.3 218
1731090864819 46.3 219
1731090874926 46.3 220
1731090884989 46.3 221
1731090895094 46.3 222
1731090905173 46.3 223
1731090915261 46.3 224
1731090925331 46.3 225
1731090935422 46.3 226
1731090945517 46.3 227
1731090955616 46.3 228
1731090965721 46.3 229
1731090975793 46.3 230
1731090985879 46.3 231
1731090995952 46.3 232
1731091006032 46.3 233
1731091016129 46.3 234
1731091026197 46.3 235
1731091036309 46.3 236
1731091046408 46.3 237
1731091056512 46.3 238
1731091066604 46.3 239
1731091076701 46.3 240
1731091086801 46.3 241
1731091096866 46.3 242
1731091106971 46.3 243
1731091117060 46.3 244
1731091127172 46.3 245
1731091137273 46.3 246
1731091147368 46.3 247
1731091157470 46.3 248
1731091167532 46.3 249
1731091177617 46.3 250
1731091187734 46.3 251
1731091197844 46.3 252
1731091207931 46.3 253
1731091217997 46.3 254
1731091228116 46.3 255
1731091238206 46.3 256
1731091248310 46.3 257
1731091258406 46.3 258
1731091268510 46.3 259
1731091278578 46.3 260
1731091288660 46.3 261
1731091298734 46.3 262
1731091308814 46.3 263
1731091318916 46.3 264
1731091328978 46.3 265
1731091339069 46.3 266
1731091349176 46.3 267
1731091359290 46.3 268
1731091369399 46.3 269
1731091379487 46.3 270
1731091389609 46.3 271
1731091399734 46.3 272
1731091409829 46.3 273
1731091419942 46.3 274
1731091430032 46.3 275
1731091440138 46.3 276
1731091450248 46.3 277
1731091460345 46.3 278
1731091470438 46.3 279
1731091480539 46.3 280
1731091490648 46.3 281
1731091500743 46.3 282
1731091510857 46.3 283
1731091520963 46.3 284
1731091531073 46.3 285
1731091541179 46.3 286
1731091551272 46.3 287
1731091561380 46.3 288
1731091571478 46.3 289
1731091581593 46.3 290
1731091591705 46.3 291
1731091601813 46.3 292
1731091611910 46.3 293
1731091622020 46.3 294
1731091632124 46.3 295
1731091642220 46.3 296
1731091652314 46.3 297
1731091662436 46.3 298
1731091672531 46.3 299
1731091682642 46.3 300
1731091692740 46.3 301
1731091702836 46.3 302
1731091712917 46.3 303
1731091723030 46.3 304
1731091733135 46.3 305
1731091743234 46.3 306
1731091753342 46.3 307
1731091763453 46.3 308
1731091773563 46.3 309
1731091783663 46.3 310
1731091793774 46.3 311
1731091803894 46.3 312
1731091814010 46.3 313
1731091824120 46.3 314
1731091834227 46.3 315
1731091844334 46.3 316
1731091854427 46.3 317
1731091864541 46.3 318
1731091874639 46.3 319
1731091884757 46.3 320
1731091894863 46.3 321
1731091904976 46.3 322
1731091915067 46.3 323
1731091925149 46.3 324
1731091935261 46.3 325
1731091945377 46.3 326
1731091955495 46.3 327
1731091965598 46.3 328
1731091975700 46.3 329
1731091985835 46.3 330
1731091995923 46.3 331
1731092006021 46.3 332
1731092016142 46.3 333
1731092026248 46.3 334
1731092036362 46.3 335
1731092046487 46.3 336
1731092056602 46.3 337
1731092066714 46.3 338
1731092076815 46.3 339
1731092086901 46.3 340
1731092097018 46.3 341
1731092107121 46.3 342
1731092117234 46.3 343
1731092127307 46.3 344
1731092137427 46.3 345
1731092147548 46.3 346
1731092157665 46.3 347
1731092167775 46.3 348
1731092177884 46.3 349
1731092187975 46.3 350
1731092198058 46.3 351
1731092208154 46.3 352
1731092218286 46.3 353
1731092228404 46.3 354
1731092238518 46.3 355
1731092248616 46.3 356
1731092258715 46.3 357
1731092268846 46.3 358
1731092278966 46.3 359
1731092289100 46.3 360
1731092299191 46.3 361
1731092309313 46.3 362
1731092319433 46.3 363
1731092329556 46.3 364
1731092339666 46.3 365
1731092349781 46.3 366
1731092359892 46.3 367
1731092370004 46.3 368
1731092380107 46.3 369
1731092390206 46.3 370
1731092400312 46.3 371
1731092410387 46.3 372
1731092420515 46.3 373
1731092430631 46.3 374
1731092440744 46.3 375
1731092450834 46.3 376
1731092460952 46.3 377
1731092471060 46.3 378
1731092481155 46.3 379
1731092491274 46.3 380
1731092501369 46.3 381
1731092511485 46.3 382
1731092521612 46.3 383
1731092531700 46.3 384
1731092541823 46.3 385
1731092551949 46.3 386
1731092562066 46.3 387
1731092572191 46.3 388
1731092582309 46.3 389
1731092592414 46.3 390
1731092602519 46.3 391
1731092612640 46.3 392
1731092622759 46.3 393
1731092632890 46.3 394
1731092642998 46.3 395
1731092653108 46.3 396
1731092663250 46.3 397
1731092673388 46.3 398
1731092683467 46.3 399
1731092693553 46.3 400
1731092703672 46.3 401
1731092713776 46.3 402
1731092723872 46.3 403
1731092733991 46.3 404
1731092744294 46.3 405
1731092754415 46.3 406
1731092764548 46.3 407
1731092774671 46.3 408
1731092784768 46.3 409
1731092794840 46.3 410
1731092804948 46.3 411
1731092815070 46.3 412
1731092825171 46.3 413
1731092835288 46.3 414
1731092845412 46.3 415
1731092855534 46.3 416
1731092865642 46.3 417
1731092875767 46.3 418
1731092885880 46.3 419
1731092895974 46.3 420
1731092906093 46.3 421
1731092916209 46.3 422
1731092926341 46.3 423
1731092936460 46.3 424
1731092946582 46.3 425
1731092956702 46.3 426
1731092966838 46.3 427
1731092976959 46.3 428
1731092987084 46.3 429
1731092997209 46.3 430
1731093007336 46.3 431
1731093017434 46.3 432
1731093027545 46.3 433
1731093037680 46.3 434
1731093047762 46.3 435
1731093057896 46.3 436
1731093068014 46.3 437
1731093078130 46.3 438
1731093088251 46.3 439
1731093098361 46.3 440
1731093108477 46.3 441
1731093118598 46.3 442
1731093128725 46.3 443
1731093138844 46.3 444
1731093148940 46.3 445
1731093159070 46.3 446
1731093169148 46.3 447
1731093179249 46.3 448
1731093189358 46.3 449
1731093199496 46.3 450
1731093209640 46.3 451
1731093219761 46.3 452
1731093229902 46.3 453
1731093240024 46.3 454
1731093250151 46.3 455
1731093260270 46.3 456
1731093270378 46.3 457
1731093280515 46.3 458
1731093290624 46.3 459
1731093300746 46.3 460
1731093310869 46.3 461
1731093320994 46.3 462
1731093331127 46.3 463
1731093341263 46.3 464
1731093351397 46.3 465
1731093361496 46.3 466
1731093371606 46.3 467
1731093381732 46.3 468
1731093391861 46.3 469
1731093401978 46.3 470
1731093412094 46.3 471
1731093422217 46.3 472
1731093432347 46.3 473
1731093442481 46.3 474
1731093452604 46.3 475
1731093462709 46.3 476
1731093472839 46.3 477
1731093482999 46.3 478
1731093493120 46.3 479
1731093503211 46.3 480
1731093513303 46.3 481
1731093523435 46.3 482
1731093533540 46.3 483
1731093543648 46.3 484
1731093553772 46.3 485
1731093563910 46.3 486
1731093574013 46.3 487
1731093584133 46.3 488
1731093594246 46.3 489
1731093604340 46.3 490
1731093614478 46.3 491
1731093624601 46.3 492
1731093634728 46.3 493
1731093644862 46.3 494
1731093654991 46.3 495
1731093665128 46.3 496
1731093675266 46.3 497
1731093685425 46.3 498
1731093695557 46.3 499
1731093705725 46.3 500
1731093715851 46.3 501
1731093725969 46.3 502
1731093736100 46.3 503
1731093746226 46.3 504
1731093756351 46.3 505
1731093766474 46.3 506
1731093776616 46.3 507
1731093786764 46.3 508
1731093796881 46.3 509
1731093807006 46.3 510
1731093817140 46.3 511
1731093827269 46.3 512
1731093837403 46.3 513
1731093847557 46.3 514
1731093857700 46.3 515
1731093867836 46.3 516
1731093877966 46.3 517
1731093888117 46.3 518
1731093898247 46.3 519
1731093908342 46.3 520
1731093918480 46.3 521
1731093928587 46.3 522
1731093938683 46.3 523
1731093948819 46.3 524
1731093958969 46.3 525
1731093969077 46.3 526
1731093979208 46.3 527
1731093989341 46.3 528
1731093999452 46.3 529
1731094009585 46.3 530
1731094019722 46.3 531
1731094029825 46.3 532
1731094039936 46.3 533
1731094050073 46.3 534
1731094060186 46.3 535
1731094070310 46.3 536
1731094080427 46.3 537
1731094090552 46.3 538
1731094100705 46.3 539
1731094110840 46.3 540
1731094120992 46.3 541
