1731087279809 140996.2 0
1731087289855 140996.2 1
1731087299913 140996.2 2
1731087309979 140995.9 3
1731087320034 140995.3 4
1731088541898 140995.3 5
1731088717685 140975.5 6
1731088727751 140975.3 7
1731088737816 140975.2 8
1731088747882 140975.2 9
1731088757936 140975.1 10
1731088767992 140977.7 11
1731088778042 140973.6 12
1731088788100 140973.1 13
1731088798182 140976.4 14
1731088808261 140974.4 15
1731088818336 140974.2 16
1731088828399 140977.4 17
1731088838477 140973.1 18
1731088848551 140976.4 19
1731088858613 140972.1 20
1731088868672 140975.3 21
1731088878755 140975.1 22
1731088888825 140974.2 23
1731088898905 140977.2 24
1731088908977 140974.0 25
1731088919057 140973.9 26
1731088929126 140973.5 27
1731088939187 140973.3 28
1731088949249 140972.5 29
1731088959362 140969.0 30
1731088969440 140972.2 31
1731088979517 140971.7 32
1731088989573 140970.9 33
1731088999665 140970.4 34
1731089009732 140973.7 35
1731089019818 140969.4 36
1731089029886 140972.6 37
1731089039958 140969.4 38
1731089050028 140974.7 39
1731089060106 140970.4 40
1731089070170 140973.7 41
1731089080252 140971.4 42
1731089090334 140971.2 43
1731089100406 140969.1 44
1731089110476 140972.3 45
1731089120548 140972.1 46
1731089130617 140971.2 47
1731089140673 140971.0 48
1731089150726 140974.3 49
1731089160796 140970.0 50
1731089170863 140973.2 51
1731089180936 140967.3 52
1731089191004 140970.5 53
1731089201075 140970.3 54
1731089211163 140969.4 55
1731089221212 140967.6 56
1731089231294 140970.9 57
1731089241349 140966.7 58
1731089251415 140970.2 59
1731089261497 140966.4 60
1731089271605 140972.3 61
1731089281672 140970.3 62
1731089291750 140970.1 63
1731089301834 140973.4 64
1731089311901 140969.1 65
1731089321978 140972.3 66
1731089332055 140968.0 67
1731089342128 140968.9 68
1731089352214 140972.1 69
1731089362281 140967.8 70
1731089372369 140971.1 71
1731089382449 140969.0 72
1731089392518 140969.0 73
1731089402598 140968.9 74
1731089412681 140968.9 75
1731089422744 140968.8 76
1731089432823 140968.9 77
1731089442889 140968.8 78
1731089452983 140969.7 79
1731089463051 140972.9 80
1731089473152 140968.6 81
1731089483232 140971.8 82
1731089493309 140968.6 83
1731089503377 140968.6 84
1731089513454 140970.5 85
1731089523522 140969.7 86
1731089533606 140969.5 87
1731089543681 140972.7 88
1731089553766 140968.4 89
1731089563851 140971.6 90
1731089573926 140967.2 91
1731089584015 140970.5 92
1731089594108 140970.3 93
1731089604198 140969.4 94
1731089614265 140969.2 95
1731089624349 140972.5 96
1731089634425 140967.0 97
1731089644489 140970.3 98
1731089654551 140966.0 99
1731089664636 140970.2 100
1731089674718 140969.1 101
1731089684805 140965.8 102
1731089694883 140965.8 103
1731089704972 140965.6 104
1731089715056 140969.8 105
1731089725132 140969.5 106
1731089735199 140968.7 107
1731089745277 140968.5 108
1731089755356 140971.7 109
1731089765450 140968.4 110
1731089775531 140968.4 111
1731089785607 140968.4 112
1731089795688 140969.5 113
1731089805774 140967.4 114
1731089815864 140967.4 115
1731089825941 140967.4 116
1731089836027 140967.4 117
1731089846111 140967.2 118
1731089856196 140967.1 119
1731089866272 140967.1 120
1731089876358 140967.0 121
1731089886429 140967.0 122
1731089896517 140967.0 123
1731089906606 140967.0 124
1731089916693 140967.0 125
1731089926774 140968.2 126
1731089936853 140968.2 127
1731089946936 140968.2 128
1731089957022 140968.2 129
1731089967096 140970.5 130
1731089977170 140968.3 131
1731089987254 140968.0 132
1731089997335 140971.2 133
1731090007432 140966.9 134
1731090017494 140968.9 135
1731090027582 140968.9 136
1731090037658 140966.9 137
1731090047731 140970.1 138
1731090057812 140965.8 139
1731090067881 140969.1 140
1731090077949 140968.8 141
1731090088023 140968.0 142
1731090098117 140967.8 143
1731090108204 140971.0 144
1731090118292 140966.7 145
1731090128358 140969.9 146
1731090138432 140966.7 147
1731090148522 140970.0 148
1731090158601 140969.7 149
1731090168689 140966.5 150
1731090178792 140969.8 151
1731090188877 140965.2 152
1731090198961 140967.3 153
1731090209057 140972.3 154
1731090219124 140969.9 155
1731090229202 140965.5 156
1731090239301 140968.9 157
1731090249384 140967.8 158
1731090259454 140967.6 159
1731090269536 140966.8 160
1731090279624 140967.6 161
1731090289709 140966.7 162
1731090299794 140968.9 163
1731090309902 140968.7 164
1731090319973 140967.5 165
1731090330074 140969.8 166
1731090340168 140969.8 167
1731090350252 140967.5 168
1731090360351 140966.6 169
1731090370437 140963.6 170
1731090380516 140968.0 171
1731090390616 140986.9 172
1731090400693 140985.8 173
1731090410788 140981.4 174
1731090420860 140985.8 175
1731090430950 140985.6 176
1731090441026 140983.6 177
1731090451129 140983.4 178
1731090461221 140986.6 179
1731090471300 140982.0 180
1731090481394 140985.2 181
1731090491480 140980.9 182
1731090501545 140984.2 183
1731090511606 140983.9 184
1731090521703 140983.1 185
1731090531809 140986.2 186
1731090541886 140981.8 187
1731090551970 140985.1 188
1731090562067 140980.8 189
1731090572148 140986.1 190
1731090582218 140986.1 191
1731090592296 140986.1 192
1731090602408 140986.1 193
1731090612504 140983.8 194
1731090622581 140983.0 195
1731090632676 140981.6 196
1731090642746 140981.6 197
1731090652842 140981.0 198
1731090662950 140985.7 199
1731090673036 140981.2 200
1731090683134 140984.3 201
1731090693233 140983.2 202
1731090703337 140983.3 203
1731090713437 140982.7 204
1731090723541 140982.8 205
1731090733636 140982.7 206
1731090743740 140993.7 207
1731090753822 140996.0 208
1731090763915 140989.4 209
1731090773993 140990.6 210
1731090784075 140991.5 211
1731090794150 140990.5 212
1731090804247 140993.6 213
1731090814347 140994.8 214
1731090824434 140994.8 215
1731090834529 140994.8 216
1731090844615 140994.7 217
1731090854718 140994.7 218
1731090864819 140991.4 219
1731090874926 140991.2 220
1731090884989 140994.4 221
1731090895094 140990.1 222
1731090905173 140993.1 223
1731090915261 140992.3 224
1731090925331 140992.1 225
1731090935422 140995.3 226
1731090945517 140991.0 227
1731090955616 140994.3 228
1731090965721 140989.9 229
1731090975793 140992.0 230
1731090985879 140991.8 231
1731090995952 140990.9 232
1731091006032 140993.0 233
1731091016129 140993.0 234
1731091026197 140992.9 235
1731091036309 140992.0 236
1731091046408 140991.8 237
1731091056512 140995.0 238
1731091066604 140990.7 239
1731091076701 140992.7 240
1731091086801 140992.7 241
1731091096866 140992.7 242
1731091106971 140992.7 243
1731091117060 140992.7 244
1731091127172 140992.7 245
1731091137273 140992.8 246
1731091147368 140992.6 247
1731091157470 140991.8 248
1731091167532 140991.6 249
1731091177617 140994.8 250
1731091187734 140990.5 251
1731091197844 140993.8 252
1731091207931 140991.7 253
1731091217997 140991.7 254
1731091228116 140991.7 255
1731091238206 140991.7 256
1731091248310 140992.5 257
1731091258406 140991.6 258
1731091268510 140991.4 259
1731091278578 140994.6 260
1731091288660 140989.2 261
1731091298734 140992.4 262
1731091308814 140988.1 263
1731091318916 140991.4 264
1731091328978 140991.2 265
1731091339069 140990.3 266
1731091349176 140990.1 267
1731091359290 140993.4 268
1731091369399 140989.1 269
1731091379487 140992.3 270
1731091389609 140988.0 271
1731091399734 140990.1 272
1731091409829 140993.4 273
1731091419942 140989.1 274
1731091430032 140992.3 275
1731091440138 140992.1 276
1731091450248 140991.3 277
1731091460345 140991.1 278
1731091470438 140994.3 279
1731091480539 140990.0 280
1731091490648 140987.9 281
1731091500743 140987.9 282
1731091510857 140987.9 283
1731091520963 140990.9 284
1731091531073 140990.1 285
1731091541179 140989.9 286
1731091551272 140992.0 287
1731091561380 140991.2 288
1731091571478 140990.9 289
1731091581593 140994.2 290
1731091591705 140989.9 291
1731091601813 140993.1 292
1731091611910 140988.8 293
1731091622020 140992.3 294
1731091632124 140992.1 295
1731091642220 140991.2 296
1731091652314 140991.0 297
1731091662436 140993.1 298
1731091672531 140988.8 299
1731091682642 140992.0 300
1731091692740 140987.7 301
1731091702836 140991.0 302
1731091712917 140990.8 303
1731091723030 140989.9 304
1731091733135 140989.7 305
1731091743234 140993.0 306
1731091753342 140991.0 307
1731091763453 140990.7 308
1731091773563 140994.0 309
1731091783663 140989.7 310
1731091793774 140992.9 311
1731091803894 140988.6 312
1731091814010 140990.2 313
1731091824120 140988.5 314
1731091834227 140988.2 315
1731091844334 140986.1 316
1731091854427 140988.7 317
1731091864541 140988.5 318
1731091874639 140988.7 319
1731091884757 140988.4 320
1731091894863 140987.6 321
1731091904976 140985.7 322
1731091915067 140989.4 323
1731091925149 140986.2 324
1731091935261 140990.5 325
1731091945377 140987.0 326
1731091955495 140986.8 327
1731091965598 140990.1 328
1731091975700 140985.8 329
1731091985835 140989.0 330
1731091995923 140991.1 331
1731092006021 140989.9 332
1731092016142 140983.3 333
1731092026248 140983.4 334
1731092036362 140983.4 335
1731092046487 140983.3 336
1731092056602 140983.3 337
1731092066714 140983.3 338
1731092076815 140983.3 339
1731092086901 140983.2 340
1731092097018 140983.2 341
1731092107121 140983.2 342
1731092117234 140983.2 343
1731092127307 140983.1 344
1731092137427 140983.1 345
1731092147548 140983.1 346
1731092157665 140980.6 347
1731092167775 140980.8 348
1731092177884 140980.8 349
1731092187975 140980.8 350
1731092198058 140980.7 351
1731092208154 140980.7 352
1731092218286 140980.7 353
1731092228404 140980.7 354
1731092238518 140980.6 355
1731092248616 140980.6 356
1731092258715 140980.6 357
1731092268846 140982.5 358
1731092278966 140978.2 359
1731092289100 140980.3 360
1731092299191 140983.6 361
1731092309313 140979.1 362
1731092319433 140979.8 363
1731092329556 140978.9 364
1731092339666 140978.6 365
1731092349781 140976.6 366
1731092359892 140976.4 367
1731092370004 140979.6 368
1731092380107 140980.5 369
1731092390206 140979.7 370
1731092400312 140979.5 371
1731092410387 140982.7 372
1731092420515 140978.4 373
1731092430631 140981.7 374
1731092440744 140977.4 375
1731092450834 140980.5 376
1731092460952 140982.6 377
1731092471060 140979.4 378
1731092481155 140982.6 379
1731092491274 140981.8 380
1731092501369 140981.6 381
1731092511485 140984.8 382
1731092521612 140979.4 383
1731092531700 140982.6 384
1731092541823 140978.3 385
1731092551949 140981.5 386
1731092562066 140981.3 387
1731092572191 140982.4 388
1731092582309 140980.0 389
1731092592414 140974.7 390
1731092602519 140971.9 391
1731092612640 140971.2 392
1731092622759 140971.2 393
1731092632890 140971.1 394
1731092642998 140971.0 395
1731092653108 140970.4 396
1731092663250 140970.4 397
1731092673388 140969.3 398
1731092683467 140969.3 399
1731092693553 140969.3 400
1731092703672 140969.1 401
1731092713776 140969.1 402
1731092723872 140965.3 403
1731092733991 140964.9 404
1731092744294 140964.7 405
1731092754415 140963.9 406
1731092764548 140963.9 407
1731092774671 140963.6 408
1731092784768 140962.7 409
1731092794840 140961.9 410
1731092804948 140961.9 411
1731092815070 140961.9 412
1731092825171 140961.9 413
1731092835288 140961.9 414
1731092845412 140982.0 415
1731092855534 140983.4 416
1731092865642 140980.8 417
1731092875767 140980.6 418
1731092885880 140978.8 419
1731092895974 140978.3 420
1731092906093 140978.9 421
1731092916209 140978.7 422
1731092926341 140979.7 423
1731092936460 140978.5 424
1731092946582 140977.6 425
1731092956702 140977.6 426
1731092966838 140977.5 427
1731092976959 140977.0 428
1731092987084 140977.0 429
1731092997209 140977.0 430
1731093007336 140976.9 431
1731093017434 140976.7 432
1731093027545 140976.7 433
1731093037680 140976.7 434
1731093047762 140976.6 435
1731093057896 140976.5 436
1731093068014 140976.1 437
1731093078130 140975.3 438
1731093088251 140975.9 439
1731093098361 140975.7 440
1731093108477 140975.7 441
1731093118598 140975.7 442
1731093128725 140975.7 443
1731093138844 140975.7 444
1731093148940 140975.7 445
1731093159070 140975.6 446
1731093169148 140975.6 447
1731093179249 140975.6 448
1731093189358 140975.6 449
1731093199496 140975.4 450
1731093209640 140974.8 451
1731093219761 140972.0 452
1731093229902 140971.8 453
1731093240024 140971.8 454
1731093250151 140970.4 455
1731093260270 140968.5 456
1731093270378 140968.2 457
1731093280515 140967.7 458
1731093290624 140967.4 459
1731093300746 140967.3 460
1731093310869 140967.3 461
1731093320994 140967.3 462
1731093331127 140967.1 463
1731093341263 140972.4 464
1731093351397 140972.5 465
1731093361496 140972.3 466
1731093371606 140971.4 467
1731093381732 140971.2 468
1731093391861 140974.5 469
1731093401978 140969.0 470
1731093412094 140968.9 471
1731093422217 140974.2 472
1731093432347 140969.9 473
1731093442481 140973.2 474
1731093452604 140968.9 475
1731093462709 140973.1 476
1731093472839 140972.1 477
1731093482999 140971.9 478
1731093493120 140971.0 479
1731093503211 140973.0 480
1731093513303 140973.0 481
1731093523435 140973.0 482
1731093533540 140973.0 483
1731093543648 140968.7 484
1731093553772 140972.0 485
1731093563910 140971.8 486
1731093574013 140969.8 487
1731093584133 140969.6 488
1731093594246 140972.8 489
1731093604340 140968.5 490
1731093614478 140971.7 491
1731093624601 140967.4 492
1731093634728 140972.8 493
1731093644862 140972.7 494
1731093654991 140972.7 495
1731093665128 140972.7 496
1731093675266 140973.4 497
1731093685425 140971.8 498
1731093695557 140970.9 499
1731093705725 140970.8 500
1731093715851 140968.8 501
1731093725969 140972.0 502
1731093736100 140971.8 503
1731093746226 140970.9 504
1731093756351 140970.7 505
1731093766474 140965.6 506
1731093776616 140961.2 507
1731093786764 140964.4 508
1731093796881 140960.1 509
1731093807006 140963.3 510
1731093817140 140963.1 511
1731093827269 140959.9 512
1731093837403 140963.1 513
1731093847557 140965.3 514
1731093857700 140961.0 515
1731093867836 140963.0 516
1731093877966 140960.6 517
1731093888117 140963.7 518
1731093898247 140962.7 519
1731093908342 140962.5 520
1731093918480 140961.7 521
1731093928587 140961.4 522
1731093938683 140964.7 523
1731093948819 140960.4 524
1731093958969 140961.3 525
1731093969077 140959.3 526
1731093979208 140960.2 527
1731093989341 140964.6 528
1731093999452 140960.2 529
1731094009585 140961.1 530
1731094019722 140960.2 531
1731094029825 140961.1 532
1731094039936 140957.9 533
1731094050073 140961.2 534
1731094060186 140961.0 535
1731094070310 140960.1 536
1731094080427 140963.2 537
1731094090552 140960.9 538
1731094100705 140960.1 539
1731094110840 140959.6 540
1731094120992 140962.8 541
