1731087279809 18.1 0
1731087289855 28.7 1
1731087299913 72.1 2
1731087309979 74.0 3
1731087320034 74.5 4
1731088541898 74.5 5
1731088717685 30.0 6
1731088727751 7.7 7
1731088737816 71.3 8
1731088747882 72.7 9
1731088757936 73.0 10
1731088767992 73.1 11
1731088778042 70.7 12
1731088788100 36.0 13
1731088798182 33.7 14
1731088808261 69.8 15
1731088818336 68.9 16
1731088828399 65.9 17
1731088838477 70.0 18
1731088848551 68.0 19
1731088858613 65.6 20
1731088868672 59.5 21
1731088878755 33.3 22
1731088888825 35.3 23
1731088898905 69.9 24
1731088908977 32.0 25
1731088919057 71.6 26
1731088929126 32.2 27
1731088939187 43.0 28
1731088949249 33.1 29
1731088959362 37.9 30
1731088969440 67.7 31
1731088979517 62.1 32
1731088989573 36.4 33
1731088999665 69.5 34
1731089009732 66.8 35
1731089019818 69.8 36
1731089029886 68.5 37
1731089039958 39.9 38
1731089050028 70.4 39
1731089060106 73.8 40
1731089070170 52.1 41
1731089080252 69.8 42
1731089090334 74.8 43
1731089100406 74.3 44
1731089110476 70.6 45
1731089120548 32.8 46
1731089130617 54.9 47
1731089140673 67.3 48
1731089150726 67.2 49
1731089160796 49.4 50
1731089170863 67.6 51
1731089180936 67.2 52
1731089191004 33.1 53
1731089201075 72.3 54
1731089211163 70.7 55
1731089221212 39.6 56
1731089231294 68.8 57
1731089241349 44.4 58
1731089251415 71.5 59
1731089261497 41.8 60
1731089271605 72.8 61
1731089281672 68.1 62
1731089291750 71.6 63
1731089301834 72.6 64
1731089311901 37.6 65
1731089321978 65.1 66
1731089332055 38.1 67
1731089342128 69.3 68
1731089352214 69.3 69
1731089362281 67.5 70
1731089372369 54.6 71
1731089382449 71.7 72
1731089392518 33.7 73
1731089402598 68.2 74
1731089412681 32.2 75
1731089422744 53.9 76
1731089432823 64.0 77
1731089442889 67.7 78
1731089452983 36.7 79
1731089463051 70.0 80
1731089473152 69.7 81
1731089483232 39.9 82
1731089493309 68.0 83
1731089503377 38.0 84
1731089513454 37.4 85
1731089523522 32.6 86
1731089533606 66.6 87
1731089543681 32.9 88
1731089553766 67.7 89
1731089563851 67.7 90
1731089573926 66.4 91
1731089584015 33.8 92
1731089594108 67.7 93
1731089604198 41.9 94
1731089614265 50.7 95
1731089624349 66.9 96
1731089634425 60.5 97
1731089644489 68.6 98
1731089654551 69.9 99
1731089664636 69.7 100
1731089674718 52.8 101
1731089684805 74.7 102
1731089694883 74.1 103
1731089704972 70.9 104
1731089715056 66.7 105
1731089725132 33.1 106
1731089735199 69.1 107
1731089745277 72.7 108
1731089755356 74.7 109
1731089765450 32.1 110
1731089775531 37.4 111
1731089785607 70.8 112
1731089795688 75.3 113
1731089805774 74.8 114
1731089815864 73.9 115
1731089825941 38.8 116
1731089836027 39.0 117
1731089846111 67.7 118
1731089856196 35.2 119
1731089866272 67.6 120
1731089876358 70.0 121
1731089886429 72.0 122
1731089896517 75.2 123
1731089906606 74.0 124
1731089916693 42.2 125
1731089926774 32.2 126
1731089936853 63.5 127
1731089946936 74.4 128
1731089957022 72.7 129
1731089967096 35.3 130
1731089977170 70.7 131
1731089987254 68.7 132
1731089997335 71.0 133
1731090007432 68.8 134
1731090017494 49.4 135
1731090027582 67.6 136
1731090037658 69.1 137
1731090047731 66.4 138
1731090057812 65.5 139
1731090067881 67.5 140
1731090077949 38.0 141
1731090088023 67.8 142
1731090098117 56.6 143
1731090108204 72.8 144
1731090118292 72.1 145
1731090128358 69.5 146
1731090138432 69.7 147
1731090148522 69.1 148
1731090158601 64.8 149
1731090168689 70.6 150
1731090178792 32.4 151
1731090188877 69.7 152
1731090198961 71.3 153
1731090209057 70.1 154
1731090219124 32.9 155
1731090229202 72.3 156
1731090239301 69.2 157
1731090249384 68.7 158
1731090259454 39.9 159
1731090269536 39.7 160
1731090279624 69.9 161
1731090289709 70.1 162
1731090299794 67.6 163
1731090309902 65.5 164
1731090319973 64.7 165
1731090330074 65.1 166
1731090340168 55.5 167
1731090350252 65.6 168
1731090360351 66.3 169
1731090370437 63.9 170
1731090380516 66.7 171
1731090390616 40.1 172
1731090400693 37.6 173
1731090410788 70.2 174
1731090420860 72.3 175
1731090430950 70.3 176
1731090441026 72.2 177
1731090451129 41.0 178
1731090461221 38.1 179
1731090471300 70.8 180
1731090481394 67.5 181
1731090491480 67.5 182
1731090501545 68.8 183
1731090511606 67.8 184
1731090521703 69.5 185
1731090531809 38.3 186
1731090541886 67.9 187
1731090551970 67.2 188
1731090562067 69.1 189
1731090572148 68.4 190
1731090582218 72.4 191
1731090592296 70.8 192
1731090602408 43.3 193
1731090612504 38.8 194
1731090622581 71.5 195
1731090632676 73.8 196
1731090642746 73.3 197
1731090652842 73.4 198
1731090662950 41.6 199
1731090673036 47.8 200
1731090683134 72.7 201
1731090693233 68.9 202
1731090703337 74.4 203
1731090713437 73.0 204
1731090723541 73.0 205
1731090733636 38.1 206
1731090743740 74.4 207
1731090753822 72.6 208
1731090763915 75.1 209
1731090773993 75.4 210
1731090784075 72.1 211
1731090794150 71.4 212
1731090804247 71.7 213
1731090814347 71.1 214
1731090824434 70.2 215
1731090834529 70.6 216
1731090844615 39.1 217
1731090854718 32.6 218
1731090864819 68.8 219
1731090874926 69.7 220
1731090884989 69.9 221
1731090895094 58.7 222
1731090905173 69.0 223
1731090915261 69.1 224
1731090925331 55.1 225
1731090935422 33.1 226
1731090945517 68.0 227
1731090955616 64.2 228
1731090965721 41.5 229
1731090975793 33.0 230
1731090985879 57.0 231
1731090995952 67.8 232
1731091006032 37.9 233
1731091016129 38.8 234
1731091026197 42.8 235
1731091036309 34.0 236
1731091046408 49.4 237
1731091056512 74.7 238
1731091066604 38.3 239
1731091076701 70.9 240
1731091086801 35.4 241
1731091096866 37.2 242
1731091106971 71.0 243
1731091117060 39.3 244
1731091127172 68.0 245
1731091137273 36.8 246
1731091147368 64.1 247
1731091157470 67.7 248
1731091167532 37.5 249
1731091177617 61.8 250
1731091187734 66.6 251
1731091197844 67.2 252
1731091207931 67.2 253
1731091217997 67.2 254
1731091228116 64.6 255
1731091238206 43.6 256
1731091248310 71.7 257
1731091258406 33.2 258
1731091268510 33.1 259
1731091278578 67.3 260
1731091288660 33.0 261
1731091298734 32.9 262
1731091308814 65.8 263
1731091318916 67.4 264
1731091328978 69.3 265
1731091339069 37.8 266
1731091349176 69.7 267
1731091359290 69.8 268
1731091369399 66.4 269
1731091379487 67.7 270
1731091389609 33.2 271
1731091399734 41.3 272
1731091409829 37.5 273
1731091419942 63.1 274
1731091430032 58.5 275
1731091440138 63.7 276
1731091450248 63.3 277
1731091460345 62.5 278
1731091470438 54.1 279
1731091480539 39.6 280
1731091490648 66.4 281
1731091500743 41.1 282
1731091510857 64.1 283
1731091520963 66.8 284
1731091531073 33.0 285
1731091541179 70.0 286
1731091551272 71.4 287
1731091561380 69.4 288
1731091571478 70.6 289
1731091581593 37.7 290
1731091591705 68.5 291
1731091601813 67.4 292
1731091611910 55.7 293
1731091622020 41.0 294
1731091632124 65.1 295
1731091642220 70.4 296
1731091652314 71.0 297
1731091662436 40.3 298
1731091672531 69.0 299
1731091682642 67.8 300
1731091692740 51.6 301
1731091702836 66.0 302
1731091712917 69.9 303
1731091723030 69.2 304
1731091733135 73.2 305
1731091743234 37.7 306
1731091753342 66.1 307
1731091763453 32.9 308
1731091773563 32.9 309
1731091783663 67.8 310
1731091793774 32.8 311
1731091803894 58.9 312
1731091814010 72.4 313
1731091824120 34.0 314
1731091834227 38.0 315
1731091844334 51.9 316
1731091854427 33.6 317
1731091864541 70.9 318
1731091874639 67.5 319
1731091884757 33.7 320
1731091894863 67.6 321
1731091904976 39.6 322
1731091915067 64.7 323
1731091925149 36.3 324
1731091935261 64.2 325
1731091945377 49.1 326
1731091955495 68.5 327
1731091965598 68.9 328
1731091975700 65.6 329
1731091985835 68.0 330
1731091995923 41.0 331
1731092006021 70.5 332
1731092016142 58.6 333
1731092026248 65.8 334
1731092036362 32.6 335
1731092046487 59.7 336
1731092056602 32.1 337
1731092066714 48.6 338
1731092076815 69.7 339
1731092086901 65.3 340
1731092097018 68.7 341
1731092107121 36.7 342
1731092117234 47.4 343
1731092127307 31.9 344
1731092137427 64.0 345
1731092147548 32.2 346
1731092157665 45.3 347
1731092167775 35.9 348
1731092177884 67.3 349
1731092187975 31.7 350
1731092198058 31.7 351
1731092208154 31.8 352
1731092218286 32.0 353
1731092228404 41.4 354
1731092238518 66.0 355
1731092248616 34.8 356
1731092258715 73.1 357
1731092268846 44.0 358
1731092278966 71.9 359
1731092289100 68.5 360
1731092299191 41.0 361
1731092309313 67.0 362
1731092319433 36.3 363
1731092329556 33.2 364
1731092339666 68.8 365
1731092349781 65.6 366
1731092359892 33.5 367
1731092370004 67.9 368
1731092380107 67.6 369
1731092390206 67.5 370
1731092400312 67.5 371
1731092410387 66.6 372
1731092420515 37.8 373
1731092430631 67.4 374
1731092440744 67.3 375
1731092450834 41.6 376
1731092460952 64.4 377
1731092471060 48.7 378
1731092481155 64.2 379
1731092491274 64.4 380
1731092501369 67.1 381
1731092511485 65.3 382
1731092521612 65.1 383
1731092531700 58.8 384
1731092541823 68.2 385
1731092551949 35.0 386
1731092562066 66.7 387
1731092572191 63.4 388
1731092582309 53.7 389
1731092592414 69.2 390
1731092602519 71.2 391
1731092612640 41.7 392
1731092622759 33.3 393
1731092632890 68.3 394
1731092642998 68.5 395
1731092653108 67.5 396
1731092663250 64.9 397
1731092673388 39.4 398
1731092683467 61.8 399
1731092693553 35.9 400
1731092703672 68.6 401
1731092713776 34.0 402
1731092723872 32.8 403
1731092733991 68.8 404
1731092744294 69.4 405
1731092754415 44.3 406
1731092764548 69.9 407
1731092774671 34.2 408
1731092784768 34.5 409
1731092794840 67.2 410
1731092804948 55.3 411
1731092815070 48.6 412
1731092825171 64.2 413
1731092835288 48.8 414
1731092845412 45.9 415
1731092855534 32.4 416
1731092865642 65.6 417
1731092875767 64.5 418
1731092885880 65.2 419
1731092895974 62.9 420
1731092906093 40.4 421
1731092916209 65.0 422
1731092926341 37.2 423
1731092936460 60.5 424
1731092946582 48.1 425
1731092956702 34.4 426
1731092966838 59.5 427
1731092976959 32.3 428
1731092987084 66.7 429
1731092997209 32.4 430
1731093007336 66.1 431
1731093017434 66.2 432
1731093027545 62.6 433
1731093037680 55.3 434
1731093047762 40.5 435
1731093057896 67.8 436
1731093068014 62.8 437
1731093078130 64.6 438
1731093088251 64.9 439
1731093098361 32.2 440
1731093108477 60.3 441
1731093118598 68.3 442
1731093128725 67.2 443
1731093138844 33.2 444
1731093148940 66.4 445
1731093159070 67.8 446
1731093169148 66.8 447
1731093179249 66.7 448
1731093189358 32.3 449
1731093199496 65.5 450
1731093209640 66.3 451
1731093219761 68.3 452
1731093229902 63.0 453
1731093240024 35.9 454
1731093250151 64.1 455
1731093260270 32.7 456
1731093270378 62.2 457
1731093280515 51.8 458
1731093290624 67.4 459
1731093300746 34.3 460
1731093310869 49.1 461
1731093320994 67.8 462
1731093331127 66.0 463
1731093341263 64.4 464
1731093351397 68.4 465
1731093361496 38.6 466
1731093371606 65.5 467
1731093381732 63.4 468
1731093391861 50.7 469
1731093401978 69.0 470
1731093412094 68.5 471
1731093422217 64.1 472
1731093432347 68.0 473
1731093442481 36.3 474
1731093452604 66.2 475
1731093462709 65.6 476
1731093472839 70.0 477
1731093482999 67.4 478
1731093493120 65.7 479
1731093503211 63.3 480
1731093513303 41.8 481
1731093523435 70.3 482
1731093533540 38.1 483
1731093543648 66.4 484
1731093553772 68.3 485
1731093563910 34.2 486
1731093574013 38.4 487
1731093584133 33.9 488
1731093594246 69.4 489
1731093604340 71.8 490
1731093614478 59.5 491
1731093624601 60.8 492
1731093634728 64.1 493
1731093644862 63.4 494
1731093654991 62.0 495
1731093665128 65.2 496
1731093675266 65.3 497
1731093685425 67.9 498
1731093695557 37.3 499
1731093705725 38.2 500
1731093715851 67.7 501
1731093725969 40.0 502
1731093736100 67.8 503
1731093746226 33.0 504
1731093756351 68.0 505
1731093766474 62.1 506
1731093776616 49.6 507
1731093786764 68.3 508
1731093796881 63.8 509
1731093807006 68.8 510
1731093817140 64.2 511
1731093827269 69.1 512
1731093837403 69.8 513
1731093847557 41.3 514
1731093857700 67.0 515
1731093867836 36.2 516
1731093877966 35.6 517
1731093888117 63.9 518
1731093898247 64.3 519
1731093908342 66.8 520
1731093918480 66.7 521
1731093928587 33.4 522
1731093938683 67.7 523
1731093948819 67.3 524
1731093958969 37.7 525
1731093969077 65.8 526
1731093979208 53.3 527
1731093989341 68.4 528
1731093999452 33.3 529
1731094009585 70.5 530
1731094019722 67.5 531
1731094029825 42.2 532
1731094039936 68.1 533
1731094050073 37.4 534
1731094060186 65.5 535
1731094070310 63.1 536
1731094080427 62.8 537
1731094090552 65.0 538
1731094100705 68.7 539
1731094110840 70.0 540
1731094120992 33.8 541
