1731087279809 66.9 0
1731087289855 106.3 1
1731087299913 266.7 2
1731087309979 274.0 3
1731087320034 275.5 4
1731088541898 275.8 5
1731088717685 111.2 6
1731088727751 28.3 7
1731088737816 263.9 8
1731088747882 268.9 9
1731088757936 270.3 10
1731088767992 270.6 11
1731088778042 261.8 12
1731088788100 133.3 13
1731088798182 124.8 14
1731088808261 258.4 15
1731088818336 254.9 16
1731088828399 243.7 17
1731088838477 259.0 18
1731088848551 251.6 19
1731088858613 242.6 20
1731088868672 220.3 21
1731088878755 123.0 22
1731088888825 130.7 23
1731088898905 258.6 24
1731088908977 118.5 25
1731088919057 264.9 26
1731088929126 119.0 27
1731088939187 159.3 28
1731088949249 122.4 29
1731088959362 140.3 30
1731088969440 250.4 31
1731088979517 229.9 32
1731088989573 134.7 33
1731088999665 257.3 34
1731089009732 247.3 35
1731089019818 258.2 36
1731089029886 253.3 37
1731089039958 147.7 38
1731089050028 260.5 39
1731089060106 273.0 40
1731089070170 192.6 41
1731089080252 258.1 42
1731089090334 276.6 43
1731089100406 274.9 44
1731089110476 261.3 45
1731089120548 121.3 46
1731089130617 203.2 47
1731089140673 249.0 48
1731089150726 248.6 49
1731089160796 182.6 50
1731089170863 250.2 51
1731089180936 248.7 52
1731089191004 122.6 53
1731089201075 267.3 54
1731089211163 261.7 55
1731089221212 146.7 56
1731089231294 254.7 57
1731089241349 164.2 58
1731089251415 264.7 59
1731089261497 154.8 60
1731089271605 269.5 61
1731089281672 251.9 62
1731089291750 265.0 63
1731089301834 268.5 64
1731089311901 139.2 65
1731089321978 240.9 66
1731089332055 141.1 67
1731089342128 256.5 68
1731089352214 256.5 69
1731089362281 249.9 70
1731089372369 201.9 71
1731089382449 265.4 72
1731089392518 124.6 73
1731089402598 252.3 74
1731089412681 119.2 75
1731089422744 199.5 76
1731089432823 236.9 77
1731089442889 250.6 78
1731089452983 135.9 79
1731089463051 259.0 80
1731089473152 257.8 81
1731089483232 147.6 82
1731089493309 251.7 83
1731089503377 140.4 84
1731089513454 138.3 85
1731089523522 120.6 86
1731089533606 246.3 87
1731089543681 121.8 88
1731089553766 250.6 89
1731089563851 250.6 90
1731089573926 245.6 91
1731089584015 125.0 92
1731089594108 250.3 93
1731089604198 155.2 94
1731089614265 187.8 95
1731089624349 247.6 96
1731089634425 223.9 97
1731089644489 253.8 98
1731089654551 258.7 99
1731089664636 257.8 100
1731089674718 195.3 101
1731089684805 276.5 102
1731089694883 274.2 103
1731089704972 262.2 104
1731089715056 246.7 105
1731089725132 122.4 106
1731089735199 255.8 107
1731089745277 269.1 108
1731089755356 276.4 109
1731089765450 118.6 110
1731089775531 138.6 111
1731089785607 262.1 112
1731089795688 278.8 113
1731089805774 276.8 114
1731089815864 273.5 115
1731089825941 143.7 116
1731089836027 144.3 117
1731089846111 250.3 118
1731089856196 130.1 119
1731089866272 250.0 120
1731089876358 259.0 121
1731089886429 266.2 122
1731089896517 278.3 123
1731089906606 273.7 124
1731089916693 156.3 125
1731089926774 119.0 126
1731089936853 234.9 127
1731089946936 275.3 128
1731089957022 269.1 129
1731089967096 130.7 130
1731089977170 261.7 131
1731089987254 254.3 132
1731089997335 262.9 133
1731090007432 254.5 134
1731090017494 182.6 135
1731090027582 250.3 136
1731090037658 255.6 137
1731090047731 245.5 138
1731090057812 242.3 139
1731090067881 249.8 140
1731090077949 140.6 141
1731090088023 250.9 142
1731090098117 209.4 143
1731090108204 269.2 144
1731090118292 266.6 145
1731090128358 257.1 146
1731090138432 258.0 147
1731090148522 255.5 148
1731090158601 239.9 149
1731090168689 261.1 150
1731090178792 119.9 151
1731090188877 258.0 152
1731090198961 263.8 153
1731090209057 259.3 154
1731090219124 121.6 155
1731090229202 267.3 156
1731090239301 256.1 157
1731090249384 254.3 158
1731090259454 147.7 159
1731090269536 147.0 160
1731090279624 258.5 161
1731090289709 259.3 162
1731090299794 250.2 163
1731090309902 242.5 164
1731090319973 239.3 165
1731090330074 240.9 166
1731090340168 205.3 167
1731090350252 242.6 168
1731090360351 245.4 169
1731090370437 236.4 170
1731090380516 246.7 171
1731090390616 148.5 172
1731090400693 139.0 173
1731090410788 259.6 174
1731090420860 267.5 175
1731090430950 260.3 176
1731090441026 267.3 177
1731090451129 151.8 178
1731090461221 140.9 179
1731090471300 262.1 180
1731090481394 249.9 181
1731090491480 249.8 182
1731090501545 254.5 183
1731090511606 250.7 184
1731090521703 257.1 185
1731090531809 141.6 186
1731090541886 251.1 187
1731090551970 248.8 188
1731090562067 255.8 189
1731090572148 253.2 190
1731090582218 268.1 191
1731090592296 262.0 192
1731090602408 160.2 193
1731090612504 143.7 194
1731090622581 264.4 195
1731090632676 273.1 196
1731090642746 271.0 197
1731090652842 271.7 198
1731090662950 154.0 199
1731090673036 177.0 200
1731090683134 269.1 201
1731090693233 254.9 202
1731090703337 275.3 203
1731090713437 270.3 204
1731090723541 270.1 205
1731090733636 140.9 206
1731090743740 275.3 207
1731090753822 268.5 208
1731090763915 277.8 209
1731090773993 279.1 210
1731090784075 266.6 211
1731090794150 264.0 212
1731090804247 265.3 213
1731090814347 263.1 214
1731090824434 259.6 215
1731090834529 261.3 216
1731090844615 144.8 217
1731090854718 120.6 218
1731090864819 254.6 219
1731090874926 257.7 220
1731090884989 258.7 221
1731090895094 217.1 222
1731090905173 255.4 223
1731090915261 255.7 224
1731090925331 203.8 225
1731090935422 122.6 226
1731090945517 251.5 227
1731090955616 237.4 228
1731090965721 153.6 229
1731090975793 122.1 230
1731090985879 211.0 231
1731090995952 250.7 232
1731091006032 140.3 233
1731091016129 143.5 234
1731091026197 158.4 235
1731091036309 125.8 236
1731091046408 182.7 237
1731091056512 276.2 238
1731091066604 141.7 239
1731091076701 262.2 240
1731091086801 130.8 241
1731091096866 137.8 242
1731091106971 262.8 243
1731091117060 145.4 244
1731091127172 251.7 245
1731091137273 136.3 246
1731091147368 237.2 247
1731091157470 250.6 248
1731091167532 138.8 249
1731091177617 228.7 250
1731091187734 246.3 251
1731091197844 248.6 252
1731091207931 248.8 253
1731091217997 248.6 254
1731091228116 239.1 255
1731091238206 161.2 256
1731091248310 265.4 257
1731091258406 122.8 258
1731091268510 122.5 259
1731091278578 249.1 260
1731091288660 122.1 261
1731091298734 121.6 262
1731091308814 243.4 263
1731091318916 249.5 264
1731091328978 256.3 265
1731091339069 140.0 266
1731091349176 257.8 267
1731091359290 258.4 268
1731091369399 245.7 269
1731091379487 250.5 270
1731091389609 122.7 271
1731091399734 152.8 272
1731091409829 138.7 273
1731091419942 233.3 274
1731091430032 216.6 275
1731091440138 235.7 276
1731091450248 234.3 277
1731091460345 231.3 278
1731091470438 200.1 279
1731091480539 146.5 280
1731091490648 245.6 281
1731091500743 152.1 282
1731091510857 237.3 283
1731091520963 247.1 284
1731091531073 122.1 285
1731091541179 259.2 286
1731091551272 264.2 287
1731091561380 256.9 288
1731091571478 261.1 289
1731091581593 139.6 290
1731091591705 253.3 291
1731091601813 249.5 292
1731091611910 206.0 293
1731091622020 151.7 294
1731091632124 240.9 295
1731091642220 260.4 296
1731091652314 262.8 297
1731091662436 149.0 298
1731091672531 255.1 299
1731091682642 250.7 300
1731091692740 190.9 301
1731091702836 244.1 302
1731091712917 258.6 303
1731091723030 256.1 304
1731091733135 270.8 305
1731091743234 139.6 306
1731091753342 244.7 307
1731091763453 121.6 308
1731091773563 121.8 309
1731091783663 251.0 310
1731091793774 121.4 311
1731091803894 217.8 312
1731091814010 267.8 313
1731091824120 125.7 314
1731091834227 140.7 315
1731091844334 192.0 316
1731091854427 124.4 317
1731091864541 262.3 318
1731091874639 249.8 319
1731091884757 124.8 320
1731091894863 250.1 321
1731091904976 146.5 322
1731091915067 239.5 323
1731091925149 134.1 324
1731091935261 237.6 325
1731091945377 181.6 326
1731091955495 253.6 327
1731091965598 254.9 328
1731091975700 242.8 329
1731091985835 251.6 330
1731091995923 151.8 331
1731092006021 260.8 332
1731092016142 216.6 333
1731092026248 243.6 334
1731092036362 120.5 335
1731092046487 220.8 336
1731092056602 118.9 337
1731092066714 179.8 338
1731092076815 257.9 339
1731092086901 241.5 340
1731092097018 254.3 341
1731092107121 135.6 342
1731092117234 175.6 343
1731092127307 118.2 344
1731092137427 236.7 345
1731092147548 119.3 346
1731092157665 167.5 347
1731092167775 132.7 348
1731092177884 248.8 349
1731092187975 117.1 350
1731092198058 117.1 351
1731092208154 117.7 352
1731092218286 118.3 353
1731092228404 153.3 354
1731092238518 244.2 355
1731092248616 128.7 356
1731092258715 270.6 357
1731092268846 162.8 358
1731092278966 266.1 359
1731092289100 253.4 360
1731092299191 151.9 361
1731092309313 247.8 362
1731092319433 134.4 363
1731092329556 122.9 364
1731092339666 254.7 365
1731092349781 242.8 366
1731092359892 124.1 367
1731092370004 251.1 368
1731092380107 250.3 369
1731092390206 249.6 370
1731092400312 249.7 371
1731092410387 246.3 372
1731092420515 140.0 373
1731092430631 249.4 374
1731092440744 249.1 375
1731092450834 153.7 376
1731092460952 238.1 377
1731092471060 180.3 378
1731092481155 237.7 379
1731092491274 238.1 380
1731092501369 248.3 381
1731092511485 241.7 382
1731092521612 241.0 383
1731092531700 217.7 384
1731092541823 252.2 385
1731092551949 129.4 386
1731092562066 246.9 387
1731092572191 234.7 388
1731092582309 198.7 389
1731092592414 256.0 390
1731092602519 263.5 391
1731092612640 154.2 392
1731092622759 123.1 393
1731092632890 252.9 394
1731092642998 253.5 395
1731092653108 249.8 396
1731092663250 240.0 397
1731092673388 145.7 398
1731092683467 228.7 399
1731092693553 132.9 400
1731092703672 253.8 401
1731092713776 125.7 402
1731092723872 121.5 403
1731092733991 254.7 404
1731092744294 257.0 405
1731092754415 164.1 406
1731092764548 258.8 407
1731092774671 126.5 408
1731092784768 127.6 409
1731092794840 248.6 410
1731092804948 204.8 411
1731092815070 180.0 412
1731092825171 237.5 413
1731092835288 180.4 414
1731092845412 169.9 415
1731092855534 119.8 416
1731092865642 242.8 417
1731092875767 238.6 418
1731092885880 241.3 419
1731092895974 232.7 420
1731092906093 149.3 421
1731092916209 240.4 422
1731092926341 137.7 423
1731092936460 223.9 424
1731092946582 178.1 425
1731092956702 127.4 426
1731092966838 220.2 427
1731092976959 119.5 428
1731092987084 246.8 429
1731092997209 120.0 430
1731093007336 244.4 431
1731093017434 244.9 432
1731093027545 231.7 433
1731093037680 204.7 434
1731093047762 149.7 435
1731093057896 250.8 436
1731093068014 232.2 437
1731093078130 239.0 438
1731093088251 240.1 439
1731093098361 119.1 440
1731093108477 223.1 441
1731093118598 252.9 442
1731093128725 248.5 443
1731093138844 122.8 444
1731093148940 245.8 445
1731093159070 251.0 446
1731093169148 247.3 447
1731093179249 246.9 448
1731093189358 119.6 449
1731093199496 242.3 450
1731093209640 245.2 451
1731093219761 252.8 452
1731093229902 233.0 453
1731093240024 132.8 454
1731093250151 237.2 455
1731093260270 121.1 456
1731093270378 230.0 457
1731093280515 191.7 458
1731093290624 249.4 459
1731093300746 126.8 460
1731093310869 181.6 461
1731093320994 250.7 462
1731093331127 244.3 463
1731093341263 238.1 464
1731093351397 253.1 465
1731093361496 142.6 466
1731093371606 242.3 467
1731093381732 234.6 468
1731093391861 187.6 469
1731093401978 255.3 470
1731093412094 253.4 471
1731093422217 237.1 472
1731093432347 251.6 473
1731093442481 134.2 474
1731093452604 245.1 475
1731093462709 242.7 476
1731093472839 259.0 477
1731093482999 249.4 478
1731093493120 243.0 479
1731093503211 234.2 480
1731093513303 154.8 481
1731093523435 260.0 482
1731093533540 141.2 483
1731093543648 245.6 484
1731093553772 252.8 485
1731093563910 126.7 486
1731093574013 142.2 487
1731093584133 125.5 488
1731093594246 256.8 489
1731093604340 265.5 490
1731093614478 220.2 491
1731093624601 225.1 492
1731093634728 237.1 493
1731093644862 234.5 494
1731093654991 229.3 495
1731093665128 241.1 496
1731093675266 241.7 497
1731093685425 251.1 498
1731093695557 137.9 499
1731093705725 141.2 500
1731093715851 250.6 501
1731093725969 148.0 502
1731093736100 250.7 503
1731093746226 122.3 504
1731093756351 251.5 505
1731093766474 229.6 506
1731093776616 183.7 507
1731093786764 252.7 508
1731093796881 236.2 509
1731093807006 254.7 510
1731093817140 237.6 511
1731093827269 255.7 512
1731093837403 258.3 513
1731093847557 153.0 514
1731093857700 248.0 515
1731093867836 133.9 516
1731093877966 131.8 517
1731093888117 236.4 518
1731093898247 237.9 519
1731093908342 247.3 520
1731093918480 246.7 521
1731093928587 123.7 522
1731093938683 250.3 523
1731093948819 248.9 524
1731093958969 139.4 525
1731093969077 243.6 526
1731093979208 197.2 527
1731093989341 253.0 528
1731093999452 123.1 529
1731094009585 260.7 530
1731094019722 249.7 531
1731094029825 156.3 532
1731094039936 251.8 533
1731094050073 138.6 534
1731094060186 242.3 535
1731094070310 233.3 536
1731094080427 232.2 537
1731094090552 240.5 538
1731094100705 254.3 539
1731094110840 258.9 540
1731094120992 125.2 541
