1731087279809 6.0 0
1731087289855 1.0 1
1731087299913 58.0 2
1731087309979 60.0 3
1731087320034 60.0 4
1731088541898 60.0 5
1731088717685 1.0 6
1731088727751 0.0 7
1731088737816 59.0 8
1731088747882 49.0 9
1731088757936 41.0 10
1731088767992 57.0 11
1731088778042 46.0 12
1731088788100 9.0 13
1731088798182 32.0 14
1731088808261 60.0 15
1731088818336 62.0 16
1731088828399 63.0 17
1731088838477 56.0 18
1731088848551 58.0 19
1731088858613 54.0 20
1731088868672 57.0 21
1731088878755 9.0 22
1731088888825 30.0 23
1731088898905 59.0 24
1731088908977 2.0 25
1731088919057 48.0 26
1731088929126 1.0 27
1731088939187 1.0 28
1731088949249 9.0 29
1731088959362 5.0 30
1731088969440 54.0 31
1731088979517 13.0 32
1731088989573 9.0 33
1731088999665 61.0 34
1731089009732 45.0 35
1731089019818 46.0 36
1731089029886 49.0 37
1731089039958 1.0 38
1731089050028 55.0 39
1731089060106 52.0 40
1731089070170 50.0 41
1731089080252 44.0 42
1731089090334 51.0 43
1731089100406 57.0 44
1731089110476 49.0 45
1731089120548 6.0 46
1731089130617 7.0 47
1731089140673 38.0 48
1731089150726 54.0 49
1731089160796 6.0 50
1731089170863 51.0 51
1731089180936 56.0 52
1731089191004 8.0 53
1731089201075 56.0 54
1731089211163 44.0 55
1731089221212 1.0 56
1731089231294 43.0 57
1731089241349 24.0 58
1731089251415 46.0 59
1731089261497 31.0 60
1731089271605 49.0 61
1731089281672 51.0 62
1731089291750 51.0 63
1731089301834 47.0 64
1731089311901 8.0 65
1731089321978 47.0 66
1731089332055 32.0 67
1731089342128 55.0 68
1731089352214 55.0 69
1731089362281 45.0 70
1731089372369 7.0 71
1731089382449 51.0 72
1731089392518 48.0 73
1731089402598 50.0 74
1731089412681 1.0 75
1731089422744 39.0 76
1731089432823 42.0 77
1731089442889 52.0 78
1731089452983 8.0 79
1731089463051 51.0 80
1731089473152 56.0 81
1731089483232 7.0 82
1731089493309 49.0 83
1731089503377 51.0 84
1731089513454 30.0 85
1731089523522 7.0 86
1731089533606 61.0 87
1731089543681 9.0 88
1731089553766 52.0 89
1731089563851 51.0 90
1731089573926 52.0 91
1731089584015 7.0 92
1731089594108 56.0 93
1731089604198 28.0 94
1731089614265 8.0 95
1731089624349 48.0 96
1731089634425 56.0 97
1731089644489 49.0 98
1731089654551 57.0 99
1731089664636 49.0 100
1731089674718 9.0 101
1731089684805 52.0 102
1731089694883 46.0 103
1731089704972 52.0 104
1731089715056 51.0 105
1731089725132 7.0 106
1731089735199 54.0 107
1731089745277 57.0 108
1731089755356 56.0 109
1731089765450 1.0 110
1731089775531 23.0 111
1731089785607 44.0 112
1731089795688 55.0 113
1731089805774 52.0 114
1731089815864 47.0 115
1731089825941 1.0 116
1731089836027 1.0 117
1731089846111 51.0 118
1731089856196 29.0 119
1731089866272 46.0 120
1731089876358 48.0 121
1731089886429 47.0 122
1731089896517 44.0 123
1731089906606 49.0 124
1731089916693 60.0 125
1731089926774 1.0 126
1731089936853 56.0 127
1731089946936 52.0 128
1731089957022 55.0 129
1731089967096 1.0 130
1731089977170 54.0 131
1731089987254 50.0 132
1731089997335 51.0 133
1731090007432 42.0 134
1731090017494 48.0 135
1731090027582 44.0 136
1731090037658 51.0 137
1731090047731 44.0 138
1731090057812 49.0 139
1731090067881 45.0 140
1731090077949 35.0 141
1731090088023 49.0 142
1731090098117 6.0 143
1731090108204 49.0 144
1731090118292 54.0 145
1731090128358 53.0 146
1731090138432 57.0 147
1731090148522 58.0 148
1731090158601 56.0 149
1731090168689 58.0 150
1731090178792 2.0 151
1731090188877 50.0 152
1731090198961 57.0 153
1731090209057 50.0 154
1731090219124 6.0 155
1731090229202 57.0 156
1731090239301 57.0 157
1731090249384 53.0 158
1731090259454 5.0 159
1731090269536 6.0 160
1731090279624 47.0 161
1731090289709 56.0 162
1731090299794 59.0 163
1731090309902 50.0 164
1731090319973 50.0 165
1731090330074 49.0 166
1731090340168 6.0 167
1731090350252 41.0 168
1731090360351 50.0 169
1731090370437 44.0 170
1731090380516 45.0 171
1731090390616 2.0 172
1731090400693 32.0 173
1731090410788 42.0 174
1731090420860 54.0 175
1731090430950 45.0 176
1731090441026 46.0 177
1731090451129 6.0 178
1731090461221 32.0 179
1731090471300 53.0 180
1731090481394 60.0 181
1731090491480 51.0 182
1731090501545 54.0 183
1731090511606 54.0 184
1731090521703 51.0 185
1731090531809 31.0 186
1731090541886 55.0 187
1731090551970 58.0 188
1731090562067 55.0 189
1731090572148 49.0 190
1731090582218 56.0 191
1731090592296 47.0 192
1731090602408 31.0 193
1731090612504 10.0 194
1731090622581 52.0 195
1731090632676 49.0 196
1731090642746 48.0 197
1731090652842 50.0 198
1731090662950 9.0 199
1731090673036 6.0 200
1731090683134 55.0 201
1731090693233 44.0 202
1731090703337 51.0 203
1731090713437 51.0 204
1731090723541 43.0 205
1731090733636 23.0 206
1731090743740 43.0 207
1731090753822 48.0 208
1731090763915 58.0 209
1731090773993 48.0 210
1731090784075 47.0 211
1731090794150 43.0 212
1731090804247 49.0 213
1731090814347 44.0 214
1731090824434 47.0 215
1731090834529 48.0 216
1731090844615 9.0 217
1731090854718 1.0 218
1731090864819 51.0 219
1731090874926 46.0 220
1731090884989 51.0 221
1731090895094 5.0 222
1731090905173 53.0 223
1731090915261 53.0 224
1731090925331 53.0 225
1731090935422 7.0 226
1731090945517 58.0 227
1731090955616 51.0 228
1731090965721 7.0 229
1731090975793 7.0 230
1731090985879 49.0 231
1731090995952 50.0 232
1731091006032 23.0 233
1731091016129 1.0 234
1731091026197 42.0 235
1731091036309 6.0 236
1731091046408 53.0 237
1731091056512 50.0 238
1731091066604 5.0 239
1731091076701 56.0 240
1731091086801 2.0 241
1731091096866 32.0 242
1731091106971 51.0 243
1731091117060 42.0 244
1731091127172 42.0 245
1731091137273 6.0 246
1731091147368 49.0 247
1731091157470 53.0 248
1731091167532 30.0 249
1731091177617 48.0 250
1731091187734 55.0 251
1731091197844 61.0 252
1731091207931 47.0 253
1731091217997 44.0 254
1731091228116 41.0 255
1731091238206 33.0 256
1731091248310 52.0 257
1731091258406 9.0 258
1731091268510 6.0 259
1731091278578 49.0 260
1731091288660 6.0 261
1731091298734 18.0 262
1731091308814 49.0 263
1731091318916 47.0 264
1731091328978 52.0 265
1731091339069 29.0 266
1731091349176 41.0 267
1731091359290 45.0 268
1731091369399 46.0 269
1731091379487 36.0 270
1731091389609 5.0 271
1731091399734 46.0 272
1731091409829 27.0 273
1731091419942 42.0 274
1731091430032 7.0 275
1731091440138 57.0 276
1731091450248 59.0 277
1731091460345 43.0 278
1731091470438 6.0 279
1731091480539 6.0 280
1731091490648 48.0 281
1731091500743 27.0 282
1731091510857 52.0 283
1731091520963 55.0 284
1731091531073 5.0 285
1731091541179 52.0 286
1731091551272 56.0 287
1731091561380 52.0 288
1731091571478 52.0 289
1731091581593 30.0 290
1731091591705 46.0 291
1731091601813 43.0 292
1731091611910 6.0 293
1731091622020 49.0 294
1731091632124 50.0 295
1731091642220 51.0 296
1731091652314 50.0 297
1731091662436 17.0 298
1731091672531 46.0 299
1731091682642 44.0 300
1731091692740 5.0 301
1731091702836 44.0 302
1731091712917 49.0 303
1731091723030 48.0 304
1731091733135 55.0 305
1731091743234 28.0 306
1731091753342 45.0 307
1731091763453 6.0 308
1731091773563 7.0 309
1731091783663 45.0 310
1731091793774 6.0 311
1731091803894 7.0 312
1731091814010 52.0 313
1731091824120 10.0 314
1731091834227 31.0 315
1731091844334 9.0 316
1731091854427 9.0 317
1731091864541 52.0 318
1731091874639 51.0 319
1731091884757 10.0 320
1731091894863 53.0 321
1731091904976 10.0 322
1731091915067 51.0 323
1731091925149 24.0 324
1731091935261 50.0 325
1731091945377 8.0 326
1731091955495 46.0 327
1731091965598 46.0 328
1731091975700 48.0 329
1731091985835 57.0 330
1731091995923 9.0 331
1731092006021 48.0 332
1731092016142 5.0 333
1731092026248 51.0 334
1731092036362 2.0 335
1731092046487 6.0 336
1731092056602 1.0 337
1731092066714 37.0 338
1731092076815 49.0 339
1731092086901 41.0 340
1731092097018 45.0 341
1731092107121 35.0 342
1731092117234 45.0 343
1731092127307 1.0 344
1731092137427 42.0 345
1731092147548 1.0 346
1731092157665 46.0 347
1731092167775 3.0 348
1731092177884 43.0 349
1731092187975 2.0 350
1731092198058 1.0 351
1731092208154 1.0 352
1731092218286 1.0 353
1731092228404 55.0 354
1731092238518 47.0 355
1731092248616 1.0 356
1731092258715 49.0 357
1731092268846 9.0 358
1731092278966 49.0 359
1731092289100 46.0 360
1731092299191 9.0 361
1731092309313 49.0 362
1731092319433 33.0 363
1731092329556 9.0 364
1731092339666 46.0 365
1731092349781 55.0 366
1731092359892 9.0 367
1731092370004 48.0 368
1731092380107 53.0 369
1731092390206 43.0 370
1731092400312 43.0 371
1731092410387 59.0 372
1731092420515 31.0 373
1731092430631 46.0 374
1731092440744 49.0 375
1731092450834 8.0 376
1731092460952 52.0 377
1731092471060 2.0 378
1731092481155 47.0 379
1731092491274 45.0 380
1731092501369 43.0 381
1731092511485 47.0 382
1731092521612 41.0 383
1731092531700 8.0 384
1731092541823 51.0 385
1731092551949 9.0 386
1731092562066 61.0 387
1731092572191 40.0 388
1731092582309 44.0 389
1731092592414 49.0 390
1731092602519 50.0 391
1731092612640 8.0 392
1731092622759 3.0 393
1731092632890 46.0 394
1731092642998 43.0 395
1731092653108 42.0 396
1731092663250 52.0 397
1731092673388 37.0 398
1731092683467 36.0 399
1731092693553 9.0 400
1731092703672 49.0 401
1731092713776 7.0 402
1731092723872 2.0 403
1731092733991 51.0 404
1731092744294 43.0 405
1731092754415 8.0 406
1731092764548 49.0 407
1731092774671 9.0 408
1731092784768 18.0 409
1731092794840 33.0 410
1731092804948 39.0 411
1731092815070 32.0 412
1731092825171 43.0 413
1731092835288 5.0 414
1731092845412 30.0 415
1731092855534 2.0 416
1731092865642 32.0 417
1731092875767 44.0 418
1731092885880 36.0 419
1731092895974 37.0 420
1731092906093 46.0 421
1731092916209 41.0 422
1731092926341 29.0 423
1731092936460 33.0 424
1731092946582 37.0 425
1731092956702 26.0 426
1731092966838 36.0 427
1731092976959 2.0 428
1731092987084 46.0 429
1731092997209 1.0 430
1731093007336 41.0 431
1731093017434 45.0 432
1731093027545 45.0 433
1731093037680 1.0 434
1731093047762 2.0 435
1731093057896 49.0 436
1731093068014 47.0 437
1731093078130 45.0 438
1731093088251 51.0 439
1731093098361 2.0 440
1731093108477 2.0 441
1731093118598 38.0 442
1731093128725 49.0 443
1731093138844 1.0 444
1731093148940 44.0 445
1731093159070 51.0 446
1731093169148 38.0 447
1731093179249 50.0 448
1731093189358 1.0 449
1731093199496 45.0 450
1731093209640 41.0 451
1731093219761 36.0 452
1731093229902 38.0 453
1731093240024 11.0 454
1731093250151 31.0 455
1731093260270 3.0 456
1731093270378 41.0 457
1731093280515 38.0 458
1731093290624 51.0 459
1731093300746 2.0 460
1731093310869 1.0 461
1731093320994 43.0 462
1731093331127 40.0 463
1731093341263 41.0 464
1731093351397 48.0 465
1731093361496 31.0 466
1731093371606 45.0 467
1731093381732 33.0 468
1731093391861 52.0 469
1731093401978 54.0 470
1731093412094 48.0 471
1731093422217 40.0 472
1731093432347 51.0 473
1731093442481 34.0 474
1731093452604 51.0 475
1731093462709 52.0 476
1731093472839 49.0 477
1731093482999 45.0 478
1731093493120 41.0 479
1731093503211 38.0 480
1731093513303 49.0 481
1731093523435 46.0 482
1731093533540 32.0 483
1731093543648 50.0 484
1731093553772 56.0 485
1731093563910 32.0 486
1731093574013 8.0 487
1731093584133 10.0 488
1731093594246 46.0 489
1731093604340 48.0 490
1731093614478 48.0 491
1731093624601 46.0 492
1731093634728 41.0 493
1731093644862 38.0 494
1731093654991 42.0 495
1731093665128 46.0 496
1731093675266 44.0 497
1731093685425 39.0 498
1731093695557 33.0 499
1731093705725 6.0 500
1731093715851 44.0 501
1731093725969 7.0 502
1731093736100 43.0 503
1731093746226 7.0 504
1731093756351 52.0 505
1731093766474 16.0 506
1731093776616 9.0 507
1731093786764 51.0 508
1731093796881 38.0 509
1731093807006 42.0 510
1731093817140 49.0 511
1731093827269 58.0 512
1731093837403 46.0 513
1731093847557 54.0 514
1731093857700 51.0 515
1731093867836 28.0 516
1731093877966 9.0 517
1731093888117 56.0 518
1731093898247 50.0 519
1731093908342 37.0 520
1731093918480 51.0 521
1731093928587 8.0 522
1731093938683 41.0 523
1731093948819 44.0 524
1731093958969 35.0 525
1731093969077 44.0 526
1731093979208 43.0 527
1731093989341 40.0 528
1731093999452 8.0 529
1731094009585 57.0 530
1731094019722 43.0 531
1731094029825 8.0 532
1731094039936 55.0 533
1731094050073 31.0 534
1731094060186 50.0 535
1731094070310 49.0 536
1731094080427 34.0 537
1731094090552 47.0 538
1731094100705 42.0 539
1731094110840 53.0 540
1731094120992 10.0 541
