1731087279809 11.3 0
1731087289855 19.1 1
1731087299913 27.9 2
1731087309979 27.8 3
1731087320034 27.8 4
1731088541898 27.7 5
1731088717685 32.4 6
1731088727751 32.6 7
1731088737816 42.5 8
1731088747882 42.0 9
1731088757936 42.2 10
1731088767992 42.6 11
1731088778042 42.5 12
1731088788100 42.4 13
1731088798182 42.4 14
1731088808261 42.4 15
1731088818336 42.4 16
1731088828399 42.4 17
1731088838477 42.3 18
1731088848551 42.3 19
1731088858613 42.3 20
1731088868672 42.3 21
1731088878755 42.3 22
1731088888825 42.4 23
1731088898905 42.4 24
1731088908977 42.4 25
1731088919057 42.4 26
1731088929126 42.4 27
1731088939187 42.4 28
1731088949249 42.5 29
1731088959362 42.6 30
1731088969440 42.5 31
1731088979517 42.4 32
1731088989573 42.3 33
1731088999665 42.4 34
1731089009732 42.2 35
1731089019818 42.2 36
1731089029886 42.2 37
1731089039958 42.2 38
1731089050028 42.2 39
1731089060106 42.2 40
1731089070170 42.2 41
1731089080252 42.2 42
1731089090334 42.2 43
1731089100406 42.2 44
1731089110476 42.1 45
1731089120548 42.1 46
1731089130617 42.2 47
1731089140673 42.2 48
1731089150726 42.2 49
1731089160796 42.2 50
1731089170863 42.2 51
1731089180936 42.2 52
1731089191004 42.2 53
1731089201075 42.2 54
1731089211163 42.7 55
1731089221212 42.4 56
1731089231294 42.4 57
1731089241349 42.4 58
1731089251415 42.6 59
1731089261497 42.5 60
1731089271605 42.3 61
1731089281672 42.3 62
1731089291750 42.3 63
1731089301834 42.3 64
1731089311901 42.2 65
1731089321978 42.2 66
1731089332055 42.4 67
1731089342128 42.2 68
1731089352214 42.2 69
1731089362281 42.2 70
1731089372369 42.2 71
1731089382449 42.2 72
1731089392518 42.2 73
1731089402598 42.2 74
1731089412681 42.2 75
1731089422744 42.2 76
1731089432823 42.2 77
1731089442889 42.2 78
1731089452983 42.2 79
1731089463051 42.3 80
1731089473152 42.2 81
1731089483232 42.2 82
1731089493309 42.2 83
1731089503377 42.2 84
1731089513454 42.3 85
1731089523522 42.2 86
1731089533606 42.2 87
1731089543681 42.2 88
1731089553766 42.2 89
1731089563851 42.2 90
1731089573926 42.2 91
1731089584015 42.2 92
1731089594108 42.2 93
1731089604198 42.2 94
1731089614265 42.2 95
1731089624349 42.2 96
1731089634425 42.2 97
1731089644489 42.1 98
1731089654551 42.1 99
1731089664636 42.2 100
1731089674718 42.2 101
1731089684805 42.4 102
1731089694883 42.3 103
1731089704972 42.3 104
1731089715056 42.5 105
1731089725132 42.3 106
1731089735199 42.3 107
1731089745277 42.3 108
1731089755356 42.3 109
1731089765450 42.3 110
1731089775531 42.3 111
1731089785607 42.3 112
1731089795688 42.4 113
1731089805774 42.4 114
1731089815864 42.3 115
1731089825941 42.4 116
1731089836027 42.4 117
1731089846111 42.4 118
1731089856196 42.4 119
1731089866272 42.3 120
1731089876358 42.3 121
1731089886429 42.3 122
1731089896517 42.3 123
1731089906606 42.3 124
1731089916693 42.2 125
1731089926774 42.2 126
1731089936853 42.2 127
1731089946936 42.2 128
1731089957022 42.1 129
1731089967096 42.3 130
1731089977170 42.4 131
1731089987254 42.4 132
1731089997335 42.4 133
1731090007432 42.3 134
1731090017494 42.3 135
1731090027582 42.3 136
1731090037658 42.3 137
1731090047731 42.3 138
1731090057812 42.4 139
1731090067881 42.3 140
1731090077949 42.4 141
1731090088023 42.4 142
1731090098117 42.3 143
1731090108204 42.3 144
1731090118292 42.6 145
1731090128358 42.6 146
1731090138432 42.5 147
1731090148522 42.5 148
1731090158601 42.6 149
1731090168689 42.6 150
1731090178792 42.6 151
1731090188877 42.5 152
1731090198961 42.4 153
1731090209057 42.6 154
1731090219124 42.4 155
1731090229202 42.4 156
1731090239301 42.2 157
1731090249384 42.2 158
1731090259454 42.2 159
1731090269536 42.2 160
1731090279624 42.3 161
1731090289709 42.3 162
1731090299794 42.3 163
1731090309902 42.3 164
1731090319973 42.3 165
1731090330074 42.4 166
1731090340168 42.7 167
1731090350252 42.6 168
1731090360351 42.5 169
1731090370437 42.4 170
1731090380516 42.3 171
1731090390616 42.3 172
1731090400693 42.3 173
1731090410788 42.3 174
1731090420860 42.2 175
1731090430950 42.2 176
1731090441026 42.2 177
1731090451129 42.2 178
1731090461221 42.2 179
1731090471300 42.2 180
1731090481394 42.2 181
1731090491480 42.2 182
1731090501545 42.2 183
1731090511606 42.2 184
1731090521703 42.2 185
1731090531809 42.3 186
1731090541886 42.2 187
1731090551970 42.2 188
1731090562067 42.2 189
1731090572148 42.2 190
1731090582218 42.2 191
1731090592296 42.2 192
1731090602408 42.2 193
1731090612504 42.3 194
1731090622581 42.3 195
1731090632676 42.4 196
1731090642746 42.4 197
1731090652842 42.4 198
1731090662950 42.5 199
1731090673036 42.4 200
1731090683134 42.3 201
1731090693233 42.3 202
1731090703337 42.4 203
1731090713437 42.3 204
1731090723541 42.3 205
1731090733636 42.2 206
1731090743740 42.3 207
1731090753822 42.5 208
1731090763915 42.4 209
1731090773993 42.4 210
1731090784075 42.4 211
1731090794150 42.6 212
1731090804247 42.5 213
1731090814347 42.4 214
1731090824434 42.3 215
1731090834529 42.3 216
1731090844615 42.3 217
1731090854718 42.3 218
1731090864819 42.3 219
1731090874926 42.2 220
1731090884989 42.2 221
1731090895094 42.3 222
1731090905173 42.3 223
1731090915261 42.4 224
1731090925331 42.3 225
1731090935422 42.3 226
1731090945517 42.3 227
1731090955616 42.3 228
1731090965721 42.3 229
1731090975793 42.3 230
1731090985879 42.3 231
1731090995952 42.3 232
1731091006032 42.3 233
1731091016129 42.3 234
1731091026197 42.3 235
1731091036309 42.3 236
1731091046408 42.2 237
1731091056512 42.2 238
1731091066604 42.2 239
1731091076701 42.3 240
1731091086801 42.3 241
1731091096866 42.3 242
1731091106971 42.3 243
1731091117060 42.2 244
1731091127172 42.2 245
1731091137273 42.3 246
1731091147368 42.3 247
1731091157470 42.1 248
1731091167532 42.1 249
1731091177617 42.1 250
1731091187734 42.1 251
1731091197844 42.1 252
1731091207931 42.2 253
1731091217997 42.2 254
1731091228116 42.2 255
1731091238206 42.2 256
1731091248310 42.2 257
1731091258406 42.2 258
1731091268510 42.2 259
1731091278578 42.2 260
1731091288660 42.2 261
1731091298734 42.2 262
1731091308814 42.2 263
1731091318916 42.2 264
1731091328978 42.2 265
1731091339069 42.2 266
1731091349176 42.2 267
1731091359290 42.2 268
1731091369399 42.2 269
1731091379487 42.2 270
1731091389609 42.2 271
1731091399734 42.2 272
1731091409829 42.2 273
1731091419942 42.2 274
1731091430032 42.2 275
1731091440138 42.2 276
1731091450248 42.2 277
1731091460345 42.1 278
1731091470438 42.1 279
1731091480539 42.1 280
1731091490648 42.2 281
1731091500743 42.2 282
1731091510857 42.2 283
1731091520963 42.2 284
1731091531073 42.2 285
1731091541179 42.2 286
1731091551272 42.2 287
1731091561380 42.2 288
1731091571478 42.2 289
1731091581593 42.2 290
1731091591705 42.2 291
1731091601813 42.2 292
1731091611910 42.2 293
1731091622020 42.2 294
1731091632124 42.2 295
1731091642220 42.2 296
1731091652314 42.2 297
1731091662436 42.2 298
1731091672531 42.2 299
1731091682642 42.2 300
1731091692740 42.2 301
1731091702836 42.2 302
1731091712917 42.2 303
1731091723030 42.2 304
1731091733135 42.2 305
1731091743234 42.2 306
1731091753342 42.2 307
1731091763453 42.2 308
1731091773563 42.2 309
1731091783663 42.2 310
1731091793774 42.3 311
1731091803894 42.3 312
1731091814010 42.7 313
1731091824120 42.7 314
1731091834227 42.4 315
1731091844334 42.4 316
1731091854427 42.4 317
1731091864541 42.4 318
1731091874639 42.4 319
1731091884757 42.3 320
1731091894863 42.4 321
1731091904976 42.4 322
1731091915067 42.4 323
1731091925149 42.4 324
1731091935261 42.3 325
1731091945377 42.3 326
1731091955495 42.3 327
1731091965598 42.4 328
1731091975700 42.3 329
1731091985835 42.3 330
1731091995923 42.3 331
1731092006021 42.5 332
1731092016142 42.5 333
1731092026248 42.4 334
1731092036362 42.5 335
1731092046487 42.4 336
1731092056602 42.4 337
1731092066714 42.4 338
1731092076815 42.4 339
1731092086901 42.4 340
1731092097018 42.4 341
1731092107121 42.4 342
1731092117234 42.5 343
1731092127307 42.4 344
1731092137427 42.4 345
1731092147548 42.6 346
1731092157665 42.6 347
1731092167775 42.5 348
1731092177884 42.5 349
1731092187975 42.5 350
1731092198058 42.5 351
1731092208154 42.5 352
1731092218286 42.5 353
1731092228404 42.5 354
1731092238518 42.5 355
1731092248616 42.5 356
1731092258715 42.5 357
1731092268846 42.5 358
1731092278966 42.5 359
1731092289100 42.5 360
1731092299191 42.5 361
1731092309313 42.5 362
1731092319433 42.6 363
1731092329556 42.5 364
1731092339666 42.5 365
1731092349781 42.5 366
1731092359892 42.8 367
1731092370004 42.6 368
1731092380107 42.5 369
1731092390206 42.5 370
1731092400312 42.5 371
1731092410387 42.7 372
1731092420515 42.5 373
1731092430631 42.5 374
1731092440744 42.5 375
1731092450834 42.5 376
1731092460952 42.5 377
1731092471060 42.5 378
1731092481155 42.5 379
1731092491274 42.5 380
1731092501369 42.5 381
1731092511485 42.5 382
1731092521612 42.5 383
1731092531700 42.5 384
1731092541823 42.5 385
1731092551949 42.5 386
1731092562066 42.4 387
1731092572191 42.7 388
1731092582309 42.9 389
1731092592414 43.2 390
1731092602519 43.0 391
1731092612640 42.9 392
1731092622759 42.8 393
1731092632890 42.5 394
1731092642998 42.8 395
1731092653108 42.6 396
1731092663250 42.9 397
1731092673388 42.8 398
1731092683467 42.8 399
1731092693553 43.0 400
1731092703672 42.8 401
1731092713776 42.8 402
1731092723872 42.5 403
1731092733991 42.8 404
1731092744294 42.8 405
1731092754415 42.9 406
1731092764548 42.9 407
1731092774671 42.9 408
1731092784768 42.8 409
1731092794840 42.6 410
1731092804948 42.6 411
1731092815070 42.5 412
1731092825171 42.7 413
1731092835288 42.7 414
1731092845412 42.3 415
1731092855534 42.3 416
1731092865642 42.3 417
1731092875767 42.3 418
1731092885880 42.5 419
1731092895974 42.5 420
1731092906093 42.5 421
1731092916209 42.3 422
1731092926341 42.4 423
1731092936460 42.2 424
1731092946582 42.3 425
1731092956702 42.2 426
1731092966838 42.1 427
1731092976959 42.2 428
1731092987084 42.2 429
1731092997209 42.2 430
1731093007336 42.3 431
1731093017434 42.2 432
1731093027545 42.2 433
1731093037680 42.2 434
1731093047762 42.4 435
1731093057896 42.4 436
1731093068014 42.5 437
1731093078130 42.6 438
1731093088251 42.2 439
1731093098361 42.2 440
1731093108477 42.2 441
1731093118598 42.2 442
1731093128725 42.2 443
1731093138844 42.2 444
1731093148940 42.2 445
1731093159070 42.2 446
1731093169148 42.2 447
1731093179249 42.2 448
1731093189358 42.2 449
1731093199496 42.4 450
1731093209640 42.3 451
1731093219761 42.4 452
1731093229902 42.6 453
1731093240024 42.9 454
1731093250151 42.6 455
1731093260270 42.5 456
1731093270378 42.4 457
1731093280515 42.4 458
1731093290624 42.5 459
1731093300746 42.5 460
1731093310869 42.3 461
1731093320994 42.5 462
1731093331127 42.5 463
1731093341263 42.5 464
1731093351397 42.4 465
1731093361496 42.4 466
1731093371606 42.4 467
1731093381732 42.4 468
1731093391861 42.4 469
1731093401978 42.4 470
1731093412094 42.4 471
1731093422217 42.4 472
1731093432347 42.3 473
1731093442481 42.3 474
1731093452604 42.3 475
1731093462709 42.3 476
1731093472839 42.4 477
1731093482999 42.3 478
1731093493120 42.3 479
1731093503211 42.4 480
1731093513303 42.3 481
1731093523435 42.3 482
1731093533540 42.4 483
1731093543648 42.3 484
1731093553772 42.3 485
1731093563910 42.3 486
1731093574013 42.3 487
1731093584133 42.3 488
1731093594246 42.3 489
1731093604340 42.3 490
1731093614478 42.3 491
1731093624601 42.5 492
1731093634728 42.5 493
1731093644862 42.5 494
1731093654991 42.5 495
1731093665128 42.4 496
1731093675266 42.6 497
1731093685425 42.5 498
1731093695557 42.4 499
1731093705725 42.5 500
1731093715851 42.5 501
1731093725969 42.3 502
1731093736100 42.3 503
1731093746226 42.3 504
1731093756351 42.3 505
1731093766474 42.5 506
1731093776616 42.4 507
1731093786764 42.4 508
1731093796881 42.4 509
1731093807006 42.4 510
1731093817140 42.4 511
1731093827269 42.5 512
1731093837403 42.5 513
1731093847557 42.5 514
1731093857700 42.4 515
1731093867836 42.3 516
1731093877966 42.5 517
1731093888117 42.4 518
1731093898247 42.6 519
1731093908342 42.6 520
1731093918480 42.4 521
1731093928587 42.4 522
1731093938683 42.4 523
1731093948819 42.4 524
1731093958969 42.4 525
1731093969077 42.4 526
1731093979208 42.4 527
1731093989341 42.4 528
1731093999452 42.4 529
1731094009585 42.4 530
1731094019722 42.4 531
1731094029825 42.4 532
1731094039936 42.4 533
1731094050073 42.5 534
1731094060186 42.5 535
1731094070310 42.5 536
1731094080427 42.5 537
1731094090552 42.6 538
1731094100705 42.6 539
1731094110840 42.7 540
1731094120992 42.4 541
