1731087279809 2920.1 0
1731087289855 4911.3 1
1731087299913 7191.8 2
1731087309979 7160.7 3
1731087320034 7169.9 4
1731088541898 7128.4 5
1731088717685 8348.0 6
1731088727751 8403.8 7
1731088737816 10954.1 8
1731088747882 10834.6 9
1731088757936 10883.8 10
1731088767992 10974.1 11
1731088778042 10939.6 12
1731088788100 10931.8 13
1731088798182 10931.7 14
1731088808261 10924.3 15
1731088818336 10920.5 16
1731088828399 10925.0 17
1731088838477 10912.1 18
1731088848551 10901.1 19
1731088858613 10901.2 20
1731088868672 10901.1 21
1731088878755 10907.7 22
1731088888825 10922.3 23
1731088898905 10918.7 24
1731088908977 10916.1 25
1731088919057 10921.8 26
1731088929126 10926.9 27
1731088939187 10938.6 28
1731088949249 10950.3 29
1731088959362 10966.5 30
1731088969440 10947.5 31
1731088979517 10937.2 32
1731088989573 10904.1 33
1731088999665 10915.7 34
1731089009732 10883.5 35
1731089019818 10867.0 36
1731089029886 10871.7 37
1731089039958 10879.0 38
1731089050028 10875.9 39
1731089060106 10864.1 40
1731089070170 10864.0 41
1731089080252 10880.4 42
1731089090334 10873.0 43
1731089100406 10870.9 44
1731089110476 10860.2 45
1731089120548 10860.2 46
1731089130617 10865.3 47
1731089140673 10862.3 48
1731089150726 10884.9 49
1731089160796 10881.1 50
1731089170863 10873.3 51
1731089180936 10881.9 52
1731089191004 10885.5 53
1731089201075 10879.4 54
1731089211163 11000.8 55
1731089221212 10924.8 56
1731089231294 10938.5 57
1731089241349 10927.4 58
1731089251415 10973.9 59
1731089261497 10955.8 60
1731089271605 10896.5 61
1731089281672 10890.6 62
1731089291750 10907.0 63
1731089301834 10894.8 64
1731089311901 10881.7 65
1731089321978 10881.7 66
1731089332055 10914.9 67
1731089342128 10886.4 68
1731089352214 10866.5 69
1731089362281 10866.6 70
1731089372369 10866.5 71
1731089382449 10876.7 72
1731089392518 10865.0 73
1731089402598 10864.4 74
1731089412681 10864.5 75
1731089422744 10864.4 76
1731089432823 10864.4 77
1731089442889 10864.5 78
1731089452983 10877.3 79
1731089463051 10887.9 80
1731089473152 10875.3 81
1731089483232 10875.4 82
1731089493309 10883.9 83
1731089503377 10879.4 84
1731089513454 10887.9 85
1731089523522 10871.1 86
1731089533606 10871.1 87
1731089543681 10871.2 88
1731089553766 10883.2 89
1731089563851 10869.2 90
1731089573926 10869.2 91
1731089584015 10869.1 92
1731089594108 10869.1 93
1731089604198 10869.2 94
1731089614265 10876.2 95
1731089624349 10870.8 96
1731089634425 10870.9 97
1731089644489 10861.0 98
1731089654551 10861.0 99
1731089664636 10869.7 100
1731089674718 10885.1 101
1731089684805 10916.4 102
1731089694883 10903.5 103
1731089704972 10889.1 104
1731089715056 10943.7 105
1731089725132 10906.4 106
1731089735199 10911.5 107
1731089745277 10899.8 108
1731089755356 10909.3 109
1731089765450 10899.9 110
1731089775531 10899.5 111
1731089785607 10902.7 112
1731089795688 10922.3 113
1731089805774 10919.6 114
1731089815864 10912.1 115
1731089825941 10914.2 116
1731089836027 10914.2 117
1731089846111 10914.3 118
1731089856196 10919.6 119
1731089866272 10899.4 120
1731089876358 10895.5 121
1731089886429 10891.0 122
1731089896517 10890.1 123
1731089906606 10889.9 124
1731089916693 10881.5 125
1731089926774 10876.0 126
1731089936853 10875.8 127
1731089946936 10875.8 128
1731089957022 10858.3 129
1731089967096 10901.1 130
1731089977170 10917.8 131
1731089987254 10926.1 132
1731089997335 10914.6 133
1731090007432 10897.7 134
1731090017494 10907.7 135
1731090027582 10901.7 136
1731090037658 10909.8 137
1731090047731 10897.9 138
1731090057812 10922.5 139
1731090067881 10897.1 140
1731090077949 10915.3 141
1731090088023 10919.4 142
1731090098117 10911.2 143
1731090108204 10907.2 144
1731090118292 10968.6 145
1731090128358 10981.4 146
1731090138432 10964.3 147
1731090148522 10962.5 148
1731090158601 10965.8 149
1731090168689 10969.8 150
1731090178792 10978.9 151
1731090188877 10940.3 152
1731090198961 10917.0 153
1731090209057 10979.8 154
1731090219124 10939.2 155
1731090229202 10919.9 156
1731090239301 10887.3 157
1731090249384 10887.6 158
1731090259454 10872.2 159
1731090269536 10872.1 160
1731090279624 10902.2 161
1731090289709 10901.7 162
1731090299794 10901.5 163
1731090309902 10895.1 164
1731090319973 10892.0 165
1731090330074 10925.9 166
1731090340168 10991.2 167
1731090350252 10966.9 168
1731090360351 10940.4 169
1731090370437 10914.5 170
1731090380516 10894.7 171
1731090390616 10895.9 172
1731090400693 10907.7 173
1731090410788 10890.0 174
1731090420860 10887.0 175
1731090430950 10872.6 176
1731090441026 10872.6 177
1731090451129 10872.6 178
1731090461221 10872.6 179
1731090471300 10872.8 180
1731090481394 10872.6 181
1731090491480 10872.6 182
1731090501545 10872.6 183
1731090511606 10870.5 184
1731090521703 10870.5 185
1731090531809 10889.7 186
1731090541886 10876.0 187
1731090551970 10867.6 188
1731090562067 10871.9 189
1731090572148 10879.7 190
1731090582218 10876.5 191
1731090592296 10876.5 192
1731090602408 10876.5 193
1731090612504 10893.7 194
1731090622581 10898.1 195
1731090632676 10925.5 196
1731090642746 10919.5 197
1731090652842 10920.3 198
1731090662950 10943.8 199
1731090673036 10921.9 200
1731090683134 10901.8 201
1731090693233 10911.7 202
1731090703337 10935.3 203
1731090713437 10905.7 204
1731090723541 10898.3 205
1731090733636 10883.4 206
1731090743740 10892.1 207
1731090753822 10947.7 208
1731090763915 10923.6 209
1731090773993 10918.2 210
1731090784075 10926.6 211
1731090794150 10986.4 212
1731090804247 10946.1 213
1731090814347 10913.7 214
1731090824434 10913.3 215
1731090834529 10913.4 216
1731090844615 10913.1 217
1731090854718 10913.1 218
1731090864819 10889.1 219
1731090874926 10885.5 220
1731090884989 10885.5 221
1731090895094 10893.6 222
1731090905173 10904.3 223
1731090915261 10928.9 224
1731090925331 10892.6 225
1731090935422 10892.5 226
1731090945517 10892.5 227
1731090955616 10904.4 228
1731090965721 10904.7 229
1731090975793 10893.5 230
1731090985879 10888.0 231
1731090995952 10888.0 232
1731091006032 10904.5 233
1731091016129 10896.9 234
1731091026197 10896.7 235
1731091036309 10913.4 236
1731091046408 10887.2 237
1731091056512 10887.2 238
1731091066604 10887.2 239
1731091076701 10900.1 240
1731091086801 10887.8 241
1731091096866 10887.8 242
1731091106971 10887.8 243
1731091117060 10887.4 244
1731091127172 10887.4 245
1731091137273 10892.7 246
1731091147368 10892.5 247
1731091157470 10855.7 248
1731091167532 10855.7 249
1731091177617 10855.8 250
1731091187734 10855.7 251
1731091197844 10855.7 252
1731091207931 10873.8 253
1731091217997 10866.5 254
1731091228116 10866.7 255
1731091238206 10866.5 256
1731091248310 10868.3 257
1731091258406 10882.7 258
1731091268510 10877.2 259
1731091278578 10868.9 260
1731091288660 10868.8 261
1731091298734 10862.5 262
1731091308814 10862.7 263
1731091318916 10884.5 264
1731091328978 10862.5 265
1731091339069 10862.7 266
1731091349176 10862.5 267
1731091359290 10862.5 268
1731091369399 10862.7 269
1731091379487 10862.5 270
1731091389609 10862.5 271
1731091399734 10862.7 272
1731091409829 10862.5 273
1731091419942 10862.5 274
1731091430032 10862.7 275
1731091440138 10862.7 276
1731091450248 10862.6 277
1731091460345 10857.3 278
1731091470438 10859.2 279
1731091480539 10859.2 280
1731091490648 10870.8 281
1731091500743 10870.1 282
1731091510857 10870.2 283
1731091520963 10875.5 284
1731091531073 10867.6 285
1731091541179 10869.7 286
1731091551272 10869.9 287
1731091561380 10883.4 288
1731091571478 10886.8 289
1731091581593 10884.2 290
1731091591705 10879.0 291
1731091601813 10870.5 292
1731091611910 10884.8 293
1731091622020 10879.8 294
1731091632124 10885.5 295
1731091642220 10886.1 296
1731091652314 10875.6 297
1731091662436 10880.5 298
1731091672531 10867.2 299
1731091682642 10867.2 300
1731091692740 10867.0 301
1731091702836 10867.0 302
1731091712917 10867.2 303
1731091723030 10867.0 304
1731091733135 10867.0 305
1731091743234 10867.2 306
1731091753342 10875.3 307
1731091763453 10864.4 308
1731091773563 10864.5 309
1731091783663 10864.4 310
1731091793774 10905.3 311
1731091803894 10901.9 312
1731091814010 10991.6 313
1731091824120 11002.1 314
1731091834227 10929.2 315
1731091844334 10932.3 316
1731091854427 10919.2 317
1731091864541 10919.1 318
1731091874639 10927.9 319
1731091884757 10913.1 320
1731091894863 10915.2 321
1731091904976 10929.0 322
1731091915067 10919.5 323
1731091925149 10928.9 324
1731091935261 10898.6 325
1731091945377 10913.2 326
1731091955495 10911.0 327
1731091965598 10919.2 328
1731091975700 10899.8 329
1731091985835 10896.7 330
1731091995923 10896.7 331
1731092006021 10951.7 332
1731092016142 10946.3 333
1731092026248 10928.5 334
1731092036362 10954.4 335
1731092046487 10927.5 336
1731092056602 10925.3 337
1731092066714 10923.5 338
1731092076815 10923.1 339
1731092086901 10920.3 340
1731092097018 10933.4 341
1731092107121 10938.0 342
1731092117234 10944.8 343
1731092127307 10929.4 344
1731092137427 10929.7 345
1731092147548 10975.7 346
1731092157665 10966.7 347
1731092167775 10962.2 348
1731092177884 10958.8 349
1731092187975 10951.9 350
1731092198058 10951.7 351
1731092208154 10950.4 352
1731092218286 10956.7 353
1731092228404 10956.7 354
1731092238518 10956.7 355
1731092248616 10958.9 356
1731092258715 10958.8 357
1731092268846 10948.0 358
1731092278966 10947.2 359
1731092289100 10947.1 360
1731092299191 10947.1 361
1731092309313 10964.0 362
1731092319433 10966.5 363
1731092329556 10954.5 364
1731092339666 10962.9 365
1731092349781 10963.1 366
1731092359892 11016.6 367
1731092370004 10971.6 368
1731092380107 10951.5 369
1731092390206 10951.4 370
1731092400312 10949.3 371
1731092410387 10998.9 372
1731092420515 10943.9 373
1731092430631 10944.0 374
1731092440744 10943.9 375
1731092450834 10943.8 376
1731092460952 10956.7 377
1731092471060 10954.1 378
1731092481155 10957.2 379
1731092491274 10943.7 380
1731092501369 10943.7 381
1731092511485 10949.5 382
1731092521612 10949.6 383
1731092531700 10948.2 384
1731092541823 10950.8 385
1731092551949 10950.9 386
1731092562066 10929.5 387
1731092572191 10998.5 388
1731092582309 11057.7 389
1731092592414 11141.1 390
1731092602519 11079.3 391
1731092612640 11055.5 392
1731092622759 11041.7 393
1731092632890 10963.3 394
1731092642998 11020.2 395
1731092653108 10989.7 396
1731092663250 11045.4 397
1731092673388 11035.3 398
1731092683467 11027.0 399
1731092693553 11075.6 400
1731092703672 11019.8 401
1731092713776 11017.7 402
1731092723872 10959.0 403
1731092733991 11029.7 404
1731092744294 11029.7 405
1731092754415 11053.4 406
1731092764548 11053.4 407
1731092774671 11049.2 408
1731092784768 11037.1 409
1731092794840 10968.1 410
1731092804948 10968.5 411
1731092815070 10963.9 412
1731092825171 10993.5 413
1731092835288 11004.0 414
1731092845412 10910.7 415
1731092855534 10899.1 416
1731092865642 10892.1 417
1731092875767 10902.4 418
1731092885880 10948.5 419
1731092895974 10941.0 420
1731092906093 10960.4 421
1731092916209 10902.2 422
1731092926341 10927.9 423
1731092936460 10883.6 424
1731092946582 10894.8 425
1731092956702 10877.0 426
1731092966838 10861.3 427
1731092976959 10871.6 428
1731092987084 10878.1 429
1731092997209 10878.1 430
1731093007336 10895.5 431
1731093017434 10869.7 432
1731093027545 10869.7 433
1731093037680 10875.4 434
1731093047762 10929.6 435
1731093057896 10934.9 436
1731093068014 10954.4 437
1731093078130 10983.2 438
1731093088251 10883.8 439
1731093098361 10878.9 440
1731093108477 10872.8 441
1731093118598 10871.4 442
1731093128725 10871.6 443
1731093138844 10871.4 444
1731093148940 10871.4 445
1731093159070 10868.1 446
1731093169148 10868.1 447
1731093179249 10868.1 448
1731093189358 10884.5 449
1731093199496 10928.3 450
1731093209640 10912.9 451
1731093219761 10926.1 452
1731093229902 10972.8 453
1731093240024 11062.3 454
1731093250151 10988.5 455
1731093260270 10947.9 456
1731093270378 10936.0 457
1731093280515 10921.3 458
1731093290624 10945.8 459
1731093300746 10952.9 460
1731093310869 10911.2 461
1731093320994 10963.1 462
1731093331127 10962.8 463
1731093341263 10940.6 464
1731093351397 10926.9 465
1731093361496 10924.1 466
1731093371606 10927.1 467
1731093381732 10924.1 468
1731093391861 10921.5 469
1731093401978 10913.8 470
1731093412094 10917.1 471
1731093422217 10919.8 472
1731093432347 10907.0 473
1731093442481 10907.0 474
1731093452604 10907.1 475
1731093462709 10910.2 476
1731093472839 10914.2 477
1731093482999 10907.0 478
1731093493120 10907.0 479
1731093503211 10914.2 480
1731093513303 10910.8 481
1731093523435 10913.1 482
1731093533540 10926.2 483
1731093543648 10907.0 484
1731093553772 10912.4 485
1731093563910 10907.0 486
1731093574013 10907.2 487
1731093584133 10907.1 488
1731093594246 10908.6 489
1731093604340 10900.4 490
1731093614478 10899.9 491
1731093624601 10957.8 492
1731093634728 10949.8 493
1731093644862 10939.7 494
1731093654991 10960.5 495
1731093665128 10932.3 496
1731093675266 10966.2 497
1731093685425 10949.0 498
1731093695557 10919.0 499
1731093705725 10963.6 500
1731093715851 10951.3 501
1731093725969 10904.5 502
1731093736100 10890.5 503
1731093746226 10908.5 504
1731093756351 10895.2 505
1731093766474 10945.2 506
1731093776616 10915.5 507
1731093786764 10914.3 508
1731093796881 10937.0 509
1731093807006 10921.8 510
1731093817140 10918.2 511
1731093827269 10954.7 512
1731093837403 10942.0 513
1731093847557 10964.7 514
1731093857700 10921.6 515
1731093867836 10910.6 516
1731093877966 10946.3 517
1731093888117 10935.2 518
1731093898247 10979.3 519
1731093908342 10981.9 520
1731093918480 10936.6 521
1731093928587 10935.1 522
1731093938683 10919.0 523
1731093948819 10917.2 524
1731093958969 10914.0 525
1731093969077 10916.7 526
1731093979208 10933.2 527
1731093989341 10931.7 528
1731093999452 10928.1 529
1731094009585 10935.4 530
1731094019722 10932.8 531
1731094029825 10933.0 532
1731094039936 10932.9 533
1731094050073 10942.3 534
1731094060186 10946.5 535
1731094070310 10958.9 536
1731094080427 10954.4 537
1731094090552 10981.1 538
1731094100705 10982.7 539
1731094110840 10995.5 540
1731094120992 10938.2 541
