1731087279809 0.0003460000000359287 0
1731087289855 0.025478999999904772 1
1731087299913 0.10052700000005643 2
1731087309979 0.2505519999999706 3
1731087320034 2.1062389999999596 4
1731088541898 3.816706999999951 5
1731088717685 138.03590600000007 6
1731088727751 138.33213299999989 7
1731088737816 138.34746199999995 8
1731088747882 138.36305500000003 9
1731088757936 138.37052999999992 10
1731088767992 142.31962799999997 11
1731088778042 147.3438799999999 12
1731088788100 150.15636900000004 13
1731088798182 153.96165599999995 14
1731088808261 157.84016099999985 15
1731088818336 161.83796200000006 16
1731088828399 163.79520200000002 17
1731088838477 164.70653399999992 18
1731088848551 164.71310399999993 19
1731088858613 164.72759900000005 20
1731088868672 164.73769199999992 21
1731088878755 164.75074999999993 22
1731088888825 164.76127900000006 23
1731088898905 164.77715799999987 24
1731088908977 164.785666 25
1731088919057 164.89303599999994 26
1731088929126 165.16467999999986 27
1731088939187 165.23992699999985 28
1731088949249 168.38703599999985 29
1731088959362 172.94600100000002 30
1731088969440 175.64909599999987 31
1731088979517 179.26923999999985 32
1731088989573 182.49226399999998 33
1731088999665 185.33704599999987 34
1731089009732 187.65836799999988 35
1731089019818 191.7073929999999 36
1731089029886 195.88863700000002 37
1731089039958 195.89990399999988 38
1731089050028 195.912329 39
1731089060106 199.08723699999996 40
1731089070170 202.10826100000008 41
1731089080252 202.11708599999997 42
1731089090334 202.13117499999976 43
1731089100406 202.1974929999999 44
1731089110476 204.86971199999994 45
1731089120548 207.76798600000006 46
1731089130617 207.78462100000002 47
1731089140673 210.9947249999998 48
1731089150726 212.61927300000002 49
1731089160796 212.63317399999983 50
1731089170863 212.64365900000007 51
1731089180936 212.97386500000016 52
1731089191004 212.98637900000017 53
1731089201075 212.99866300000008 54
1731089211163 213.08940099999995 55
1731089221212 213.9787859999999 56
1731089231294 214.07119499999976 57
1731089241349 214.07980199999997 58
1731089251415 219.78854100000012 59
1731089261497 228.67932399999995 60
1731089271605 234.45752900000002 61
1731089281672 238.87335899999994 62
1731089291750 240.2186549999999 63
1731089301834 240.2280290000001 64
1731089311901 245.472888 65
1731089321978 250.71407900000008 66
1731089332055 255.88545999999974 67
1731089342128 260.62225999999987 68
1731089352214 265.10031700000013 69
1731089362281 268.4453249999999 70
1731089372369 272.6728999999998 71
1731089382449 272.6824960000001 72
1731089392518 272.6931440000001 73
1731089402598 272.76317700000004 74
1731089412681 272.77098599999977 75
1731089422744 272.78109100000006 76
1731089432823 272.79193299999974 77
1731089442889 272.8224520000001 78
1731089452983 276.6599490000001 79
1731089463051 276.80010800000014 80
1731089473152 279.8133660000001 81
1731089483232 281.929249 82
1731089493309 283.40834900000004 83
1731089503377 283.4197280000001 84
1731089513454 283.74496299999987 85
1731089523522 287.50379399999997 86
1731089533606 289.74811399999976 87
1731089543681 291.20488999999975 88
1731089553766 294.28574000000003 89
1731089563851 296.9098379999998 90
1731089573926 297.02590399999985 91
1731089584015 300.4680000000001 92
1731089594108 302.21225200000003 93
1731089604198 304.02691900000013 94
1731089614265 307.86149999999975 95
1731089624349 308.93968199999995 96
1731089634425 311.41801499999997 97
1731089644489 314.9511380000001 98
1731089654551 318.0117929999999 99
1731089664636 318.44360600000005 100
1731089674718 318.4632519999998 101
1731089684805 322.3247009999998 102
1731089694883 322.4165129999999 103
1731089704972 322.61732000000006 104
1731089715056 323.06982200000016 105
1731089725132 325.95860100000004 106
1731089735199 329.0896559999999 107
1731089745277 329.10020499999996 108
1731089755356 332.8357450000001 109
1731089765450 332.85708999999974 110
1731089775531 332.86629199999993 111
1731089785607 332.8740500000001 112
1731089795688 333.3971119999999 113
1731089805774 335.6618719999999 114
1731089815864 336.1839630000002 115
1731089825941 336.19588499999986 116
1731089836027 336.21477900000014 117
1731089846111 336.23120600000016 118
1731089856196 336.2447559999998 119
1731089866272 336.2953319999999 120
1731089876358 336.3063239999999 121
1731089886429 336.3258010000002 122
1731089896517 336.3441949999999 123
1731089906606 336.351754 124
1731089916693 336.380128 125
1731089926774 336.415518 126
1731089936853 336.42504399999984 127
1731089946936 336.4319979999998 128
1731089957022 336.4402269999998 129
1731089967096 336.45116299999995 130
1731089977170 336.4702669999999 131
1731089987254 339.2292759999998 132
1731089997335 339.30085399999984 133
1731090007432 339.31139599999983 134
1731090017494 339.32304899999986 135
1731090027582 339.3298689999999 136
1731090037658 339.3494659999999 137
1731090047731 339.3572280000001 138
1731090057812 339.3646259999998 139
1731090067881 339.5590279999999 140
1731090077949 346.8865669999998 141
1731090088023 352.4695949999998 142
1731090098117 357.11514999999986 143
1731090108204 362.4897239999998 144
1731090118292 366.53541299999983 145
1731090128358 369.2896549999998 146
1731090138432 371.79891999999995 147
1731090148522 371.8145619999998 148
1731090158601 371.83124799999973 149
1731090168689 375.86857299999997 150
1731090178792 380.34237800000005 151
1731090188877 380.4059329999998 152
1731090198961 380.4315060000001 153
1731090209057 386.46885099999986 154
1731090219124 388.6585379999999 155
1731090229202 392.29982099999984 156
1731090239301 396.0201340000001 157
1731090249384 398.35691699999984 158
1731090259454 399.4931939999999 159
1731090269536 399.52500399999985 160
1731090279624 399.53474900000015 161
1731090289709 399.5489359999999 162
1731090299794 399.6233759999998 163
1731090309902 399.63096100000007 164
1731090319973 399.639003 165
1731090330074 405.64996099999985 166
1731090340168 409.210789 167
1731090350252 425.3214989999999 168
1731090360351 428.1597089999998 169
1731090370437 435.65488200000004 170
1731090380516 441.8079799999998 171
1731090390616 442.0803950000002 172
1731090400693 448.9941470000001 173
1731090410788 453.58388200000013 174
1731090420860 453.59189600000013 175
1731090430950 459.460656 176
1731090441026 461.3417280000001 177
1731090451129 465.61466300000006 178
1731090461221 469.78370299999983 179
1731090471300 471.6097849999999 180
1731090481394 476.09084499999994 181
1731090491480 482.14885500000014 182
1731090501545 484.06364499999995 183
1731090511606 488.35740699999974 184
1731090521703 494.7708289999998 185
1731090531809 494.8004349999999 186
1731090541886 494.8083009999998 187
1731090551970 494.8163000000002 188
1731090562067 494.823572 189
1731090572148 494.8364899999999 190
1731090582218 494.84713399999987 191
1731090592296 494.8545280000001 192
1731090602408 494.9261490000001 193
1731090612504 494.9469489999999 194
1731090622581 494.9569060000001 195
1731090632676 497.03639799999996 196
1731090642746 497.0441950000002 197
1731090652842 497.4055310000001 198
1731090662950 500.02906599999983 199
1731090673036 506.1236200000001 200
1731090683134 508.63744900000006 201
1731090693233 509.9175990000001 202
1731090703337 509.9438910000001 203
1731090713437 510.32462499999997 204
1731090723541 510.357256 205
1731090733636 510.38865299999975 206
1731090743740 517.9329580000001 207
1731090753822 517.9412359999999 208
1731090763915 521.4226839999999 209
1731090773993 524.102333 210
1731090784075 524.1165680000001 211
1731090794150 524.1505919999997 212
1731090804247 524.2110359999999 213
1731090814347 524.2185280000001 214
1731090824434 524.2260159999998 215
1731090834529 524.2396809999998 216
1731090844615 524.247157 217
1731090854718 524.2639360000001 218
1731090864819 524.2739469999999 219
1731090874926 524.28988 220
1731090884989 527.1432379999999 221
1731090895094 533.9216410000001 222
1731090905173 538.1869119999999 223
1731090915261 538.1989430000001 224
1731090925331 543.2446499999999 225
1731090935422 546.1045699999997 226
1731090945517 550.1358859999998 227
1731090955616 554.2844360000001 228
1731090965721 559.04424 229
1731090975793 559.0548310000001 230
1731090985879 559.0691260000001 231
1731090995952 559.102373 232
1731091006032 559.1178899999998 233
1731091016129 559.1262800000002 234
1731091026197 559.1388260000001 235
1731091036309 559.1531010000001 236
1731091046408 559.1663000000001 237
1731091056512 560.7905869999997 238
1731091066604 568.917968 239
1731091076701 572.2802129999998 240
1731091086801 572.2970779999998 241
1731091096866 572.3064040000002 242
1731091106971 572.3135540000001 243
1731091117060 572.32977 244
1731091127172 572.3369580000001 245
1731091137273 572.344942 246
1731091147368 574.6436759999999 247
1731091157470 574.667412 248
1731091167532 577.084556 249
1731091177617 579.8259059999998 250
1731091187734 579.837213 251
1731091197844 581.9768149999998 252
1731091207931 584.282547 253
1731091217997 584.2901559999998 254
1731091228116 584.2981849999999 255
1731091238206 584.3205059999998 256
1731091248310 584.3469710000002 257
1731091258406 584.359596 258
1731091268510 586.7140550000001 259
1731091278578 586.72443 260
1731091288660 589.032782 261
1731091298734 591.2248699999998 262
1731091308814 591.233219 263
1731091318916 593.5359289999999 264
1731091328978 593.5620189999997 265
1731091339069 595.450208 266
1731091349176 597.8096720000001 267
1731091359290 597.823255 268
1731091369399 600.1575580000001 269
1731091379487 601.5868480000001 270
1731091389609 602.6690169999999 271
1731091399734 605.0145650000002 272
1731091409829 605.021313 273
1731091419942 607.267548 274
1731091430032 607.7485020000001 275
1731091440138 609.9756 276
1731091450248 612.561825 277
1731091460345 614.9890859999998 278
1731091470438 615.032269 279
1731091480539 617.7117799999999 280
1731091490648 617.72146 281
1731091500743 617.7846870000001 282
1731091510857 617.797186 283
1731091520963 617.8229049999998 284
1731091531073 620.1528270000001 285
1731091541179 621.8937669999998 286
1731091551272 622.2394980000001 287
1731091561380 624.7679369999998 288
1731091571478 624.7750629999998 289
1731091581593 627.2772619999998 290
1731091591705 629.7100859999998 291
1731091601813 629.7363899999998 292
1731091611910 632.1652820000002 293
1731091622020 632.1779359999998 294
1731091632124 634.5119419999999 295
1731091642220 636.3432270000001 296
1731091652314 636.35022 297
1731091662436 638.8401569999999 298
1731091672531 638.8479930000001 299
1731091682642 641.1433890000001 300
1731091692740 643.274541 301
1731091702836 643.5346280000001 302
1731091712917 645.7234310000001 303
1731091723030 645.7302569999999 304
1731091733135 648.3434220000001 305
1731091743234 650.0567840000001 306
1731091753342 650.8027629999999 307
1731091763453 652.204379 308
1731091773563 653.4605749999998 309
1731091783663 655.6087529999998 310
1731091793774 658.3040450000001 311
1731091803894 660.0769769999999 312
1731091814010 663.1578149999998 313
1731091824120 677.8776770000002 314
1731091834227 686.4219729999998 315
1731091844334 697.9418549999998 316
1731091854427 701.245623 317
1731091864541 707.592179 318
1731091874639 708.24225 319
1731091884757 713.007895 320
1731091894863 716.3548399999997 321
1731091904976 721.345802 322
1731091915067 729.761311 323
1731091925149 732.7348279999999 324
1731091935261 746.216928 325
1731091945377 753.847849 326
1731091955495 758.93425 327
1731091965598 764.2189110000002 328
1731091975700 767.4863889999999 329
1731091985835 772.5141419999998 330
1731091995923 778.8025129999999 331
1731092006021 778.933612 332
1731092016142 779.027652 333
1731092026248 779.0361300000002 334
1731092036362 779.0713859999998 335
1731092046487 779.115321 336
1731092056602 779.1270339999999 337
1731092066714 779.1389790000001 338
1731092076815 779.1746270000001 339
1731092086901 779.188183 340
1731092097018 779.2437079999997 341
1731092107121 779.3070730000002 342
1731092117234 779.318649 343
1731092127307 779.3285250000001 344
1731092137427 779.3457740000001 345
1731092147548 779.372646 346
1731092157665 779.4698339999998 347
1731092167775 779.4815040000001 348
1731092177884 779.5275669999999 349
1731092187975 779.5356719999997 350
1731092198058 779.572566 351
1731092208154 779.5829270000002 352
1731092218286 779.5942320000001 353
1731092228404 779.613603 354
1731092238518 779.622083 355
1731092248616 779.6422190000001 356
1731092258715 779.6529629999998 357
1731092268846 784.8166309999999 358
1731092278966 785.7131569999999 359
1731092289100 791.4628869999999 360
1731092299191 797.720548 361
1731092309313 798.908565 362
1731092319433 809.3230900000001 363
1731092329556 814.8442670000002 364
1731092339666 818.471464 365
1731092349781 823.0518559999998 366
1731092359892 823.3242109999999 367
1731092370004 829.6877590000001 368
1731092380107 834.7607679999999 369
1731092390206 841.359083 370
1731092400312 847.7466320000001 371
1731092410387 848.4051040000002 372
1731092420515 856.2727200000002 373
1731092430631 866.764778 374
1731092440744 873.4582760000001 375
1731092450834 873.4941120000001 376
1731092460952 879.7603369999999 377
1731092471060 882.2307090000002 378
1731092481155 888.4897429999999 379
1731092491274 892.225917 380
1731092501369 900.012129 381
1731092511485 908.5835810000001 382
1731092521612 915.4881130000001 383
1731092531700 916.554453 384
1731092541823 919.4489110000002 385
1731092551949 926.1569309999998 386
1731092562066 934.62211 387
1731092572191 943.6146620000002 388
1731092582309 945.3627180000001 389
1731092592414 947.9841669999998 390
1731092602519 949.5955270000002 391
1731092612640 949.8811039999998 392
1731092622759 949.8971920000001 393
1731092632890 949.923247 394
1731092642998 950.0012039999999 395
1731092653108 950.0116139999998 396
1731092663250 950.0227229999998 397
1731092673388 950.0473300000001 398
1731092683467 950.05954 399
1731092693553 950.069334 400
1731092703672 950.1369940000002 401
1731092713776 950.155379 402
1731092723872 950.3355260000001 403
1731092733991 950.6501310000001 404
1731092744294 950.7930949999998 405
1731092754415 951.274893 406
1731092764548 951.2831439999998 407
1731092774671 951.6509720000001 408
1731092784768 951.7668489999999 409
1731092794840 952.1200809999998 410
1731092804948 952.1388460000001 411
1731092815070 952.1476209999998 412
1731092825171 952.156189 413
1731092835288 952.1653269999999 414
1731092845412 952.2658239999998 415
1731092855534 953.3481749999999 416
1731092865642 953.4051219999999 417
1731092875767 953.4672760000001 418
1731092885880 954.7540069999998 419
1731092895974 954.7625909999999 420
1731092906093 955.2283009999999 421
1731092916209 955.2371049999999 422
1731092926341 955.7367510000001 423
1731092936460 956.2119719999998 424
1731092946582 956.9988900000001 425
1731092956702 957.0175780000002 426
1731092966838 957.0281939999998 427
1731092976959 957.043242 428
1731092987084 957.053729 429
1731092997209 957.0630629999998 430
1731093007336 957.127275 431
1731093017434 957.1365859999999 432
1731093027545 957.1538319999997 433
1731093037680 957.1623040000002 434
1731093047762 957.1851800000002 435
1731093057896 957.2723819999999 436
1731093068014 957.433734 437
1731093078130 957.8589039999999 438
1731093088251 958.009487 439
1731093098361 958.1509699999999 440
1731093108477 958.1718229999999 441
1731093118598 958.1791820000001 442
1731093128725 958.1870780000002 443
1731093138844 958.2042009999998 444
1731093148940 958.2149029999998 445
1731093159070 958.2245129999999 446
1731093169148 958.2477430000001 447
1731093179249 958.2639139999999 448
1731093189358 958.275907 449
1731093199496 958.4122220000002 450
1731093209640 958.6371499999998 451
1731093219761 959.5457650000001 452
1731093229902 959.6428530000001 453
1731093240024 960.3994500000001 454
1731093250151 961.062463 455
1731093260270 962.147952 456
1731093270378 962.2126930000002 457
1731093280515 962.2205299999998 458
1731093290624 962.2313879999999 459
1731093300746 962.2511349999997 460
1731093310869 962.309696 461
1731093320994 962.3223369999998 462
1731093331127 962.3660130000001 463
1731093341263 962.3878109999998 464
1731093351397 962.401427 465
1731093361496 962.4089160000001 466
1731093371606 970.6580059999999 467
1731093381732 974.761577 468
1731093391861 978.784515 469
1731093401978 986.8610029999998 470
1731093412094 989.7220489999997 471
1731093422217 989.7291950000001 472
1731093432347 996.8943419999998 473
1731093442481 1006.3732149999998 474
1731093452604 1010.4966219999999 475
1731093462709 1010.5081549999998 476
1731093472839 1018.4668690000001 477
1731093482999 1019.1799279999998 478
1731093493120 1026.2219440000001 479
1731093503211 1035.3594369999998 480
1731093513303 1035.3779000000002 481
1731093523435 1035.389198 482
1731093533540 1035.3968849999999 483
1731093543648 1035.404162 484
1731093553772 1048.6185119999998 485
1731093563910 1060.799948 486
1731093574013 1061.101935 487
1731093584133 1068.9724439999998 488
1731093594246 1074.352639 489
1731093604340 1075.0385909999998 490
1731093614478 1079.6643780000002 491
1731093624601 1083.2920699999997 492
1731093634728 1090.1075399999997 493
1731093644862 1090.817866 494
1731093654991 1090.825458 495
1731093665128 1099.276591 496
1731093675266 1107.494747 497
1731093685425 1109.1186249999998 498
1731093695557 1111.9721539999998 499
1731093705725 1115.1480749999998 500
1731093715851 1118.0710659999997 501
1731093725969 1118.0909129999998 502
1731093736100 1119.215782 503
1731093746226 1120.7253640000001 504
1731093756351 1120.737543 505
1731093766474 1121.949714 506
1731093776616 1123.546737 507
1731093786764 1125.3641449999998 508
1731093796881 1126.504826 509
1731093807006 1128.5039169999998 510
1731093817140 1129.731539 511
1731093827269 1132.474132 512
1731093837403 1133.6090109999998 513
1731093847557 1135.7283129999998 514
1731093857700 1137.967006 515
1731093867836 1139.130006 516
1731093877966 1141.4766339999999 517
1731093888117 1145.058437 518
1731093898247 1154.150297 519
1731093908342 1158.942643 520
1731093918480 1160.9914099999999 521
1731093928587 1162.442964 522
1731093938683 1163.842105 523
1731093948819 1165.1736399999998 524
1731093958969 1165.8005420000002 525
1731093969077 1165.8079260000002 526
1731093979208 1167.101676 527
1731093989341 1168.2821929999998 528
1731093999452 1173.113896 529
1731094009585 1178.4268690000001 530
1731094019722 1183.070668 531
1731094029825 1188.1698119999999 532
1731094039936 1190.6823550000001 533
1731094050073 1193.9092469999998 534
1731094060186 1196.0216659999999 535
1731094070310 1198.344241 536
1731094080427 1204.13912 537
1731094090552 1204.533232 538
1731094100705 1207.67604 539
1731094110840 1208.4574850000001 540
1731094120992 1209.086294 541
