1731087279809 0.00034600000000750697 0
1731087289855 0.025199999999998113 1
1731087299913 0.05351500000000442 2
1731087309979 0.19166800000000705 3
1731087320034 0.6061270000000007 4
1731088541898 0.6775310000000019 5
1731088717685 7.370867000000004 6
1731088727751 7.667192 7
1731088737816 7.688777000000002 8
1731088747882 7.699988000000005 9
1731088757936 7.7068629999999985 10
1731088767992 7.828017000000003 11
1731088778042 7.942948999999999 12
1731088788100 8.020848999999998 13
1731088798182 8.085107000000008 14
1731088808261 8.143383 15
1731088818336 8.205705000000009 16
1731088828399 8.247889 17
1731088838477 8.279539999999997 18
1731088848551 8.285666000000006 19
1731088858613 8.308442999999997 20
1731088868672 8.318150000000003 21
1731088878755 8.332673 22
1731088888825 8.34276100000001 23
1731088898905 8.35488500000001 24
1731088908977 8.362797 25
1731088919057 8.405290000000008 26
1731088929126 8.425520000000006 27
1731088939187 8.449945 28
1731088949249 8.54513 29
1731088959362 8.62775400000001 30
1731088969440 8.70726900000001 31
1731088979517 8.797363000000004 32
1731088989573 8.86150400000001 33
1731088999665 8.929183000000009 34
1731089009732 8.97335000000001 35
1731089019818 9.061526 36
1731089029886 9.122916000000004 37
1731089039958 9.13088900000001 38
1731089050028 9.144889000000006 39
1731089060106 9.218603000000002 40
1731089070170 9.26950500000001 41
1731089080252 9.27811100000001 42
1731089090334 9.29263800000001 43
1731089100406 9.309061 44
1731089110476 9.367508 45
1731089120548 9.426521000000008 46
1731089130617 9.442734000000002 47
1731089140673 9.491602 48
1731089150726 9.521425000000008 49
1731089160796 9.532772000000008 50
1731089170863 9.543866000000008 51
1731089180936 9.57010600000001 52
1731089191004 9.583229000000003 53
1731089201075 9.596028000000004 54
1731089211163 9.793711000000002 55
1731089221212 9.933035000000004 56
1731089231294 10.00630000000001 57
1731089241349 10.019846000000001 58
1731089251415 10.21562200000001 59
1731089261497 10.354241000000002 60
1731089271605 10.439856000000006 61
1731089281672 10.520074000000008 62
1731089291750 10.558292000000009 63
1731089301834 10.582867000000007 64
1731089311901 10.646450999999999 65
1731089321978 10.743015 66
1731089332055 10.807852000000011 67
1731089342128 10.892398999999997 68
1731089352214 10.949436000000006 69
1731089362281 11.004944000000009 70
1731089372369 11.064548000000002 71
1731089382449 11.073543999999998 72
1731089392518 11.08382300000001 73
1731089402598 11.103080000000006 74
1731089412681 11.110354999999998 75
1731089422744 11.123536999999999 76
1731089432823 11.133825000000002 77
1731089442889 11.162115 78
1731089452983 11.215828000000002 79
1731089463051 11.246105 80
1731089473152 11.279516999999998 81
1731089483232 11.349428000000003 82
1731089493309 11.380582000000004 83
1731089503377 11.391447 84
1731089513454 11.406670000000005 85
1731089523522 11.453725000000006 86
1731089533606 11.499383000000009 87
1731089543681 11.529215000000008 88
1731089553766 11.582908000000003 89
1731089563851 11.622736000000003 90
1731089573926 11.635935000000003 91
1731089584015 11.684544000000002 92
1731089594108 11.71816600000001 93
1731089604198 11.75578200000001 94
1731089614265 11.816192999999998 95
1731089624349 11.857976000000008 96
1731089634425 11.897314000000009 97
1731089644489 11.947377000000003 98
1731089654551 11.995371000000006 99
1731089664636 12.075271999999998 100
1731089674718 12.098565000000008 101
1731089684805 12.180530000000005 102
1731089694883 12.196553000000009 103
1731089704972 12.210695999999999 104
1731089715056 12.237295000000003 105
1731089725132 12.281366000000006 106
1731089735199 12.341789000000006 107
1731089745277 12.351737 108
1731089755356 12.404432 109
1731089765450 12.424537 110
1731089775531 12.435618000000005 111
1731089785607 12.443629999999999 112
1731089795688 12.483466000000007 113
1731089805774 12.53720700000001 114
1731089815864 12.552828000000005 115
1731089825941 12.563816000000003 116
1731089836027 12.578218000000007 117
1731089846111 12.596024 118
1731089856196 12.612076000000002 119
1731089866272 12.624690000000001 120
1731089876358 12.635199999999998 121
1731089886429 12.649512000000001 122
1731089896517 12.664265999999998 123
1731089906606 12.67100400000001 124
1731089916693 12.69924300000001 125
1731089926774 12.724930999999998 126
1731089936853 12.733716999999999 127
1731089946936 12.740417000000008 128
1731089957022 12.74805400000001 129
1731089967096 12.758722000000006 130
1731089977170 12.780630000000002 131
1731089987254 12.837985000000003 132
1731089997335 12.855722 133
1731090007432 12.864326000000005 134
1731090017494 12.878633000000008 135
1731090027582 12.885145000000009 136
1731090037658 12.907968000000011 137
1731090047731 12.916696000000002 138
1731090057812 12.923314000000005 139
1731090067881 12.94712100000001 140
1731090077949 13.040451000000004 141
1731090088023 13.12154000000001 142
1731090098117 13.192571000000001 143
1731090108204 13.268122000000005 144
1731090118292 13.337743000000003 145
1731090128358 13.381172000000007 146
1731090138432 13.433813 147
1731090148522 13.445074000000005 148
1731090158601 13.465724000000009 149
1731090168689 13.528237000000004 150
1731090178792 13.588102000000006 151
1731090188877 13.61551200000001 152
1731090198961 13.64091400000001 153
1731090209057 13.787689 154
1731090219124 13.842820000000003 155
1731090229202 13.907381999999998 156
1731090239301 13.97256200000001 157
1731090249384 14.018990000000002 158
1731090259454 14.046963000000005 159
1731090269536 14.072325000000006 160
1731090279624 14.081675000000004 161
1731090289709 14.097610000000003 162
1731090299794 14.118115000000003 163
1731090309902 14.124977000000001 164
1731090319973 14.132677000000001 165
1731090330074 14.28520300000001 166
1731090340168 14.413131000000007 167
1731090350252 14.711888000000002 168
1731090360351 14.761876 169
1731090370437 14.864573000000007 170
1731090380516 14.948341 171
1731090390616 14.96708000000001 172
1731090400693 15.064329999999998 173
1731090410788 15.118362000000005 174
1731090420860 15.125836000000007 175
1731090430950 15.186883000000009 176
1731090441026 15.215788000000003 177
1731090451129 15.28271500000001 178
1731090461221 15.353338000000008 179
1731090471300 15.388259000000005 180
1731090481394 15.441935 181
1731090491480 15.511690000000002 182
1731090501545 15.541983000000002 183
1731090511606 15.591611 184
1731090521703 15.677080000000004 185
1731090531809 15.701581000000004 186
1731090541886 15.708533000000003 187
1731090551970 15.715671 188
1731090562067 15.729115000000007 189
1731090572148 15.736434000000003 190
1731090582218 15.746704000000008 191
1731090592296 15.753780000000006 192
1731090602408 15.777997 193
1731090612504 15.790922000000009 194
1731090622581 15.803898000000004 195
1731090632676 15.894726000000006 196
1731090642746 15.90271700000001 197
1731090652842 15.917682 198
1731090662950 16.026308999999998 199
1731090673036 16.10867900000001 200
1731090683134 16.147383000000005 201
1731090693233 16.204999 202
1731090703337 16.218309000000005 203
1731090713437 16.597347 204
1731090723541 16.628421000000003 205
1731090733636 16.662282000000005 206
1731090743740 24.20976499999999 207
1731090753822 24.21743500000001 208
1731090763915 24.278369000000012 209
1731090773993 24.344488999999996 210
1731090784075 24.359252000000012 211
1731090794150 24.389639000000003 212
1731090804247 24.410306000000006 213
1731090814347 24.417376000000004 214
1731090824434 24.424362000000016 215
1731090834529 24.439743000000007 216
1731090844615 24.446738999999994 217
1731090854718 24.460869000000017 218
1731090864819 24.472123999999994 219
1731090874926 24.491053000000008 220
1731090884989 24.540649000000016 221
1731090895094 24.630530000000007 222
1731090905173 24.709144999999992 223
1731090915261 24.72284599999999 224
1731090925331 24.792304000000016 225
1731090935422 24.846964999999997 226
1731090945517 24.90279199999999 227
1731090955616 24.961056999999997 228
1731090965721 25.034225000000006 229
1731090975793 25.046891000000002 230
1731090985879 25.064180000000007 231
1731090995952 25.094714999999994 232
1731091006032 25.105777000000003 233
1731091016129 25.113840999999994 234
1731091026197 25.125927000000004 235
1731091036309 25.141687000000005 236
1731091046408 25.154263999999998 237
1731091056512 25.192875 238
1731091066604 25.282769000000016 239
1731091076701 25.32978100000001 240
1731091086801 25.34226600000001 241
1731091096866 25.354617000000005 242
1731091106971 25.361150999999992 243
1731091117060 25.37920000000001 244
1731091127172 25.385830000000013 245
1731091137273 25.39333599999999 246
1731091147368 25.432888000000005 247
1731091157470 25.455303999999998 248
1731091167532 25.49351800000001 249
1731091177617 25.530397000000008 250
1731091187734 25.541159000000007 251
1731091197844 25.585216000000017 252
1731091207931 25.617013 253
1731091217997 25.627505999999997 254
1731091228116 25.634560000000008 255
1731091238206 25.654472000000013 256
1731091248310 25.668213999999992 257
1731091258406 25.681883000000013 258
1731091268510 25.720370000000017 259
1731091278578 25.731128 260
1731091288660 25.760745999999997 261
1731091298734 25.812462999999994 262
1731091308814 25.819902999999996 263
1731091318916 25.87004900000001 264
1731091328978 25.883431000000016 265
1731091339069 25.912493999999995 266
1731091349176 25.951645999999997 267
1731091359290 25.966577000000015 268
1731091369399 26.000843000000017 269
1731091379487 26.023106 270
1731091389609 26.041603999999992 271
1731091399734 26.092324000000005 272
1731091409829 26.09877200000001 273
1731091419942 26.127690000000015 274
1731091430032 26.147902000000002 275
1731091440138 26.188734999999994 276
1731091450248 26.24018199999999 277
1731091460345 26.348147999999995 278
1731091470438 26.373386999999994 279
1731091480539 26.428859000000003 280
1731091490648 26.438238999999996 281
1731091500743 26.451364999999996 282
1731091510857 26.463880000000003 283
1731091520963 26.49682 284
1731091531073 26.544746000000018 285
1731091541179 26.57548899999999 286
1731091551272 26.595618000000016 287
1731091561380 26.641925999999998 288
1731091571478 26.648798000000014 289
1731091581593 26.685015000000007 290
1731091591705 26.728543000000016 291
1731091601813 26.75405099999999 292
1731091611910 26.789519 293
1731091622020 26.80162700000001 294
1731091632124 26.836663 295
1731091642220 26.87087799999999 296
1731091652314 26.877392 297
1731091662436 26.92500600000001 298
1731091672531 26.940070000000006 299
1731091682642 26.977511000000007 300
1731091692740 27.013718999999995 301
1731091702836 27.033805000000015 302
1731091712917 27.078095000000005 303
1731091723030 27.08452100000001 304
1731091733135 27.125090000000014 305
1731091743234 27.154286 306
1731091753342 27.19564000000001 307
1731091763453 27.217179 308
1731091773563 27.241353000000018 309
1731091783663 27.280409000000006 310
1731091793774 27.34527100000001 311
1731091803894 27.404291000000015 312
1731091814010 27.476118 313
1731091824120 27.68763700000001 314
1731091834227 27.784360000000007 315
1731091844334 27.93040599999999 316
1731091854427 27.983796999999996 317
1731091864541 28.068818000000007 318
1731091874639 28.092196000000015 319
1731091884757 28.162354000000008 320
1731091894863 28.229809000000003 321
1731091904976 28.31990900000001 322
1731091915067 28.422689000000005 323
1731091925149 28.47182099999999 324
1731091935261 28.622298000000015 325
1731091945377 28.723629000000003 326
1731091955495 28.791370000000015 327
1731091965598 28.864434000000003 328
1731091975700 28.905704 329
1731091985835 28.968618000000006 330
1731091995923 29.03721399999999 331
1731092006021 29.07339499999999 332
1731092016142 29.167840999999996 333
1731092026248 29.175525000000007 334
1731092036362 29.210351000000017 335
1731092046487 29.255475000000004 336
1731092056602 29.270267000000004 337
1731092066714 29.281763999999995 338
1731092076815 29.316852999999995 339
1731092086901 29.331854000000007 340
1731092097018 29.38275399999999 341
1731092107121 29.396406 342
1731092117234 29.40688999999999 343
1731092127307 29.415655 344
1731092137427 29.431161000000017 345
1731092147548 29.44875499999999 346
1731092157665 29.464701000000005 347
1731092167775 29.472785000000002 348
1731092177884 29.503787000000003 349
1731092187975 29.511252 350
1731092198058 29.545316999999997 351
1731092208154 29.555156999999994 352
1731092218286 29.565565000000007 353
1731092228404 29.586079999999995 354
1731092238518 29.593125999999998 355
1731092248616 29.608548 356
1731092258715 29.618498000000002 357
1731092268846 29.684574000000012 358
1731092278966 29.703424 359
1731092289100 29.761674000000014 360
1731092299191 29.837976000000012 361
1731092309313 29.87281 362
1731092319433 30.007980000000018 363
1731092329556 30.087699 364
1731092339666 30.154674000000014 365
1731092349781 30.23170900000001 366
1731092359892 30.272329 367
1731092370004 30.349438000000006 368
1731092380107 30.411108999999996 369
1731092390206 30.48712400000001 370
1731092400312 30.563910000000007 371
1731092410387 30.592642999999995 372
1731092420515 30.684017999999995 373
1731092430631 30.79746200000001 374
1731092440744 30.869175999999996 375
1731092450834 30.882264000000006 376
1731092460952 30.97004600000001 377
1731092471060 31.015610999999993 378
1731092481155 31.094295000000002 379
1731092491274 31.143323999999993 380
1731092501369 31.240266000000005 381
1731092511485 31.366943000000006 382
1731092521612 31.467005000000015 383
1731092531700 31.488578000000004 384
1731092541823 31.562274000000016 385
1731092551949 31.666609000000008 386
1731092562066 31.767793999999995 387
1731092572191 32.151000999999994 388
1731092582309 32.38462199999999 389
1731092592414 32.51645499999999 390
1731092602519 32.614219000000006 391
1731092612640 32.66196599999999 392
1731092622759 32.676461 393
1731092632890 32.695207999999994 394
1731092642998 32.71207300000002 395
1731092653108 32.722301 396
1731092663250 32.73433100000001 397
1731092673388 32.74346899999999 398
1731092683467 32.755219999999994 399
1731092693553 32.764618 400
1731092703672 32.781695 401
1731092713776 32.795351999999994 402
1731092723872 32.828023000000016 403
1731092733991 32.867272 404
1731092744294 32.87805100000001 405
1731092754415 32.91373 406
1731092764548 32.921870999999996 407
1731092774671 32.93883699999999 408
1731092784768 32.95697299999999 409
1731092794840 32.983232 410
1731092804948 32.998585000000006 411
1731092815070 33.006997999999996 412
1731092825171 33.01480099999999 413
1731092835288 33.023640000000015 414
1731092845412 33.06321100000001 415
1731092855534 33.23599800000001 416
1731092865642 33.247685000000004 417
1731092875767 33.276435000000006 418
1731092885880 33.319205999999994 419
1731092895974 33.32929399999999 420
1731092906093 33.35162900000002 421
1731092916209 33.361506000000006 422
1731092926341 33.49787500000001 423
1731092936460 33.593892999999994 424
1731092946582 33.651032 425
1731092956702 33.67630200000001 426
1731092966838 33.68794900000002 427
1731092976959 33.696985 428
1731092987084 33.706789 429
1731092997209 33.715339000000014 430
1731093007336 33.72977200000001 431
1731093017434 33.74011399999999 432
1731093027545 33.752503000000004 433
1731093037680 33.76036900000001 434
1731093047762 33.78345800000001 435
1731093057896 33.957441 436
1731093068014 34.01632600000001 437
1731093078130 34.16075500000001 438
1731093088251 34.23632500000001 439
1731093098361 34.270696 440
1731093108477 34.298187999999996 441
1731093118598 34.30485800000001 442
1731093128725 34.312076000000005 443
1731093138844 34.330056 444
1731093148940 34.340109999999996 445
1731093159070 34.347605 446
1731093169148 34.36325599999999 447
1731093179249 34.37486299999999 448
1731093189358 34.383679000000015 449
1731093199496 34.53788899999999 450
1731093209640 34.688171 451
1731093219761 34.78525600000002 452
1731093229902 34.809455 453
1731093240024 34.85914699999999 454
1731093250151 34.885034000000005 455
1731093260270 35.276976000000005 456
1731093270378 35.308688000000004 457
1731093280515 35.31605600000002 458
1731093290624 35.32634800000001 459
1731093300746 35.35632300000002 460
1731093310869 35.36837799999999 461
1731093320994 35.378147 462
1731093331127 35.407405999999995 463
1731093341263 35.42617400000002 464
1731093351397 35.439035000000004 465
1731093361496 35.446179000000015 466
1731093371606 35.56131700000002 467
1731093381732 35.61317699999999 468
1731093391861 35.67543400000001 469
1731093401978 35.783530999999996 470
1731093412094 35.82712099999999 471
1731093422217 35.833648999999994 472
1731093432347 35.924492 473
1731093442481 36.02536300000001 474
1731093452604 36.06611200000002 475
1731093462709 36.077073999999996 476
1731093472839 36.16844300000001 477
1731093482999 36.188912 478
1731093493120 36.297636 479
1731093503211 36.39878700000001 480
1731093513303 36.418592000000004 481
1731093523435 36.429259000000016 482
1731093533540 36.436325 483
1731093543648 36.44310900000001 484
1731093553772 36.58475299999999 485
1731093563910 36.709253000000004 486
1731093574013 36.727086 487
1731093584133 36.836346000000006 488
1731093594246 36.931856999999994 489
1731093604340 36.957205 490
1731093614478 37.02936799999999 491
1731093624601 37.113006 492
1731093634728 37.214499 493
1731093644862 37.23563299999999 494
1731093654991 37.242429 495
1731093665128 37.412831999999995 496
1731093675266 37.546402000000015 497
1731093685425 37.596759000000006 498
1731093695557 37.660802000000004 499
1731093705725 37.73961200000001 500
1731093715851 37.779533 501
1731093725969 37.794652 502
1731093736100 37.82103099999999 503
1731093746226 37.85327600000001 504
1731093756351 37.871832999999995 505
1731093766474 37.901841000000005 506
1731093776616 37.93530299999999 507
1731093786764 37.98044800000001 508
1731093796881 38.00927399999999 509
1731093807006 38.05166100000001 510
1731093817140 38.08100800000001 511
1731093827269 38.139843 512
1731093837403 38.17388100000001 513
1731093847557 38.22813900000001 514
1731093857700 38.275695 515
1731093867836 38.311426999999995 516
1731093877966 38.381873999999996 517
1731093888117 38.448831 518
1731093898247 38.57345200000002 519
1731093908342 38.657087000000004 520
1731093918480 38.691526999999994 521
1731093928587 38.722172000000015 522
1731093938683 38.767313000000016 523
1731093948819 38.79613400000001 524
1731093958969 38.81926400000002 525
1731093969077 38.825930000000014 526
1731093979208 38.876002000000014 527
1731093989341 38.90806500000001 528
1731093999452 39.010998000000015 529
1731094009585 39.102106000000006 530
1731094019722 39.187899 531
1731094029825 39.278462000000005 532
1731094039936 39.33989699999999 533
1731094050073 39.392927 534
1731094060186 39.445756 535
1731094070310 39.48935999999999 536
1731094080427 39.578086 537
1731094090552 39.592256000000006 538
1731094100705 39.661692 539
1731094110840 39.69308600000001 540
1731094120992 39.71289500000002 541
