1731087279809 9397.9 0
1731087289855 20274.6 1
1731087299913 21145.0 2
1731087309979 22342.4 3
1731087320034 23923.5 4
1731088541898 25099.4 5
1731088717685 29978.9 6
1731088727751 30017.8 7
1731088737816 20706.9 8
1731088747882 21794.9 9
1731088757936 22944.4 10
1731088767992 23819.9 11
1731088778042 24494.9 12
1731088788100 25283.8 13
1731088798182 30310.4 14
1731088808261 20683.5 15
1731088818336 21324.5 16
1731088828399 22203.8 17
1731088838477 22728.8 18
1731088848551 23481.2 19
1731088858613 23909.0 20
1731088868672 24275.9 21
1731088878755 26711.3 22
1731088888825 25132.4 23
1731088898905 20685.6 24
1731088908977 22528.3 25
1731088919057 22172.2 26
1731088929126 22870.3 27
1731088939187 23688.7 28
1731088949249 23274.0 29
1731088959362 23535.4 30
1731088969440 25348.1 31
1731088979517 20762.4 32
1731088989573 20035.7 33
1731088999665 21572.0 34
1731089009732 22425.7 35
1731089019818 23278.4 36
1731089029886 23725.8 37
1731089039958 22548.5 38
1731089050028 24896.4 39
1731089060106 25313.7 40
1731089070170 20009.3 41
1731089080252 20912.5 42
1731089090334 21315.9 43
1731089100406 22079.1 44
1731089110476 22641.3 45
1731089120548 23789.5 46
1731089130617 23858.2 47
1731089140673 24356.4 48
1731089150726 24789.6 49
1731089160796 29329.1 50
1731089170863 20257.8 51
1731089180936 21213.2 52
1731089191004 21740.6 53
1731089201075 22077.6 54
1731089211163 23175.5 55
1731089221212 23721.3 56
1731089231294 24092.3 57
1731089241349 30458.9 58
1731089251415 20694.6 59
1731089261497 21406.1 60
1731089271605 22053.4 61
1731089281672 22599.5 62
1731089291750 23432.0 63
1731089301834 24385.7 64
1731089311901 23493.6 65
1731089321978 25034.3 66
1731089332055 25621.6 67
1731089342128 20674.7 68
1731089352214 21074.0 69
1731089362281 21928.4 70
1731089372369 22365.9 71
1731089382449 22990.1 72
1731089392518 23004.3 73
1731089402598 23757.7 74
1731089412681 25481.1 75
1731089422744 19669.2 76
1731089432823 20367.9 77
1731089442889 21132.2 78
1731089452983 21718.8 79
1731089463051 22339.5 80
1731089473152 23204.8 81
1731089483232 23550.5 82
1731089493309 24175.1 83
1731089503377 24465.0 84
1731089513454 25740.1 85
1731089523522 22440.3 86
1731089533606 21042.6 87
1731089543681 21660.2 88
1731089553766 22234.0 89
1731089563851 23017.7 90
1731089573926 23260.0 91
1731089584015 23553.5 92
1731089594108 24505.1 93
1731089604198 29577.2 94
1731089614265 20074.6 95
1731089624349 20524.0 96
1731089634425 20844.4 97
1731089644489 21803.3 98
1731089654551 22705.3 99
1731089664636 23124.4 100
1731089674718 23983.6 101
1731089684805 24723.9 102
1731089694883 20187.0 103
1731089704972 20895.6 104
1731089715056 21522.1 105
1731089725132 23023.1 106
1731089735199 22744.9 107
1731089745277 23275.0 108
1731089755356 24223.8 109
1731089765450 24582.6 110
1731089775531 24841.3 111
1731089785607 20477.8 112
1731089795688 21198.1 113
1731089805774 22018.5 114
1731089815864 23030.3 115
1731089825941 23353.4 116
1731089836027 23843.2 117
1731089846111 24357.5 118
1731089856196 24781.9 119
1731089866272 20154.6 120
1731089876358 20735.7 121
1731089886429 21213.2 122
1731089896517 21822.2 123
1731089906606 23005.3 124
1731089916693 23841.9 125
1731089926774 25532.0 126
1731089936853 19711.7 127
1731089946936 20849.4 128
1731089957022 21944.0 129
1731089967096 22178.9 130
1731089977170 22890.0 131
1731089987254 23831.1 132
1731089997335 24714.5 133
1731090007432 20208.3 134
1731090017494 20478.1 135
1731090027582 21287.7 136
1731090037658 22039.3 137
1731090047731 22735.6 138
1731090057812 23629.9 139
1731090067881 24477.1 140
1731090077949 25375.4 141
1731090088023 20732.5 142
1731090098117 21530.5 143
1731090108204 22134.0 144
1731090118292 22591.7 145
1731090128358 23522.2 146
1731090138432 24087.8 147
1731090148522 24876.5 148
1731090158601 20445.4 149
1731090168689 21107.5 150
1731090178792 21693.6 151
1731090188877 22391.3 152
1731090198961 22820.2 153
1731090209057 23523.8 154
1731090219124 23986.7 155
1731090229202 24864.0 156
1731090239301 20410.6 157
1731090249384 20641.7 158
1731090259454 21615.9 159
1731090269536 22071.3 160
1731090279624 22783.4 161
1731090289709 23635.2 162
1731090299794 24236.9 163
1731090309902 25004.8 164
1731090319973 20244.7 165
1731090330074 20853.2 166
1731090340168 21612.5 167
1731090350252 22453.9 168
1731090360351 22547.6 169
1731090370437 23262.5 170
1731090380516 24019.0 171
1731090390616 24637.5 172
1731090400693 25938.7 173
1731090410788 20928.7 174
1731090420860 21946.6 175
1731090430950 22892.7 176
1731090441026 24020.6 177
1731090451129 24553.3 178
1731090461221 24985.6 179
1731090471300 20346.4 180
1731090481394 21001.8 181
1731090491480 21812.4 182
1731090501545 22627.4 183
1731090511606 23537.1 184
1731090521703 24371.5 185
1731090531809 25454.3 186
1731090541886 20367.2 187
1731090551970 21288.2 188
1731090562067 22176.9 189
1731090572148 22701.3 190
1731090582218 23331.2 191
1731090592296 24119.6 192
1731090602408 29959.3 193
1731090612504 20079.1 194
1731090622581 20875.0 195
1731090632676 21897.5 196
1731090642746 22841.0 197
1731090652842 23889.7 198
1731090662950 25526.6 199
1731090673036 20433.9 200
1731090683134 20996.6 201
1731090693233 21974.1 202
1731090703337 22294.1 203
1731090713437 23437.3 204
1731090723541 23928.0 205
1731090733636 25348.9 206
1731090743740 20855.7 207
1731090753822 22124.9 208
1731090763915 23360.1 209
1731090773993 24194.5 210
1731090784075 24761.0 211
1731090794150 20172.1 212
1731090804247 21211.9 213
1731090814347 22139.3 214
1731090824434 22945.7 215
1731090834529 23891.7 216
1731090844615 25368.2 217
1731090854718 22065.8 218
1731090864819 21113.5 219
1731090874926 21766.0 220
1731090884989 22586.3 221
1731090895094 23379.4 222
1731090905173 23952.5 223
1731090915261 24703.8 224
1731090925331 20157.8 225
1731090935422 20764.5 226
1731090945517 21571.5 227
1731090955616 22435.5 228
1731090965721 23366.4 229
1731090975793 23418.7 230
1731090985879 23974.8 231
1731090995952 24682.5 232
1731091006032 30744.5 233
1731091016129 20082.9 234
1731091026197 20591.7 235
1731091036309 21265.7 236
1731091046408 21860.0 237
1731091056512 22529.4 238
1731091066604 24397.1 239
1731091076701 24399.6 240
1731091086801 26344.3 241
1731091096866 25541.1 242
1731091106971 20778.0 243
1731091117060 21378.7 244
1731091127172 22410.8 245
1731091137273 23272.5 246
1731091147368 23900.3 247
1731091157470 24677.6 248
1731091167532 26049.1 249
1731091177617 20849.5 250
1731091187734 21413.9 251
1731091197844 22083.7 252
1731091207931 22960.5 253
1731091217997 23346.4 254
1731091228116 24177.5 255
1731091238206 30094.0 256
1731091248310 20704.3 257
1731091258406 21471.5 258
1731091268510 20042.8 259
1731091278578 22509.5 260
1731091288660 25014.5 261
1731091298734 23760.5 262
1731091308814 24299.9 263
1731091318916 24822.6 264
1731091328978 25381.5 265
1731091339069 25835.0 266
1731091349176 21010.6 267
1731091359290 21968.5 268
1731091369399 22851.1 269
1731091379487 23710.0 270
1731091389609 24142.1 271
1731091399734 24934.5 272
1731091409829 25480.7 273
1731091419942 20921.6 274
1731091430032 21238.6 275
1731091440138 21597.3 276
1731091450248 22308.9 277
1731091460345 23005.4 278
1731091470438 23533.1 279
1731091480539 24278.3 280
1731091490648 24496.2 281
1731091500743 30071.7 282
1731091510857 20034.8 283
1731091520963 21017.4 284
1731091531073 23779.7 285
1731091541179 22125.9 286
1731091551272 22587.3 287
1731091561380 23689.3 288
1731091571478 24632.3 289
1731091581593 25833.1 290
1731091591705 21009.9 291
1731091601813 21142.1 292
1731091611910 20818.3 293
1731091622020 22234.6 294
1731091632124 23008.2 295
1731091642220 23875.1 296
1731091652314 24780.4 297
1731091662436 29974.3 298
1731091672531 20714.0 299
1731091682642 21605.8 300
1731091692740 20072.6 301
1731091702836 22583.3 302
1731091712917 22899.6 303
1731091723030 23731.1 304
1731091733135 24700.4 305
1731091743234 25992.6 306
1731091753342 21134.1 307
1731091763453 21770.5 308
1731091773563 22226.6 309
1731091783663 22973.4 310
1731091793774 23336.9 311
1731091803894 23851.8 312
1731091814010 24793.7 313
1731091824120 24332.7 314
1731091834227 25597.4 315
1731091844334 21329.2 316
1731091854427 21885.7 317
1731091864541 22204.0 318
1731091874639 22964.7 319
1731091884757 23615.0 320
1731091894863 23942.8 321
1731091904976 24054.6 322
1731091915067 25287.2 323
1731091925149 30424.8 324
1731091935261 21021.5 325
1731091945377 21382.8 326
1731091955495 22001.8 327
1731091965598 22824.5 328
1731091975700 23725.9 329
1731091985835 24212.8 330
1731091995923 24602.9 331
1731092006021 25222.0 332
1731092016142 27414.2 333
1731092026248 20151.1 334
1731092036362 21264.9 335
1731092046487 21570.6 336
1731092056602 22046.5 337
1731092066714 22302.1 338
1731092076815 23164.2 339
1731092086901 23929.2 340
1731092097018 24496.8 341
1731092107121 25104.4 342
1731092117234 20354.4 343
1731092127307 20962.3 344
1731092137427 21673.8 345
1731092147548 23597.7 346
1731092157665 22277.1 347
1731092167775 22877.7 348
1731092177884 23321.5 349
1731092187975 23508.6 350
1731092198058 24331.6 351
1731092208154 25970.3 352
1731092218286 25237.8 353
1731092228404 25147.5 354
1731092238518 20457.3 355
1731092248616 19794.0 356
1731092258715 21716.8 357
1731092268846 22532.7 358
1731092278966 23188.8 359
1731092289100 24353.9 360
1731092299191 25147.7 361
1731092309313 25785.6 362
1731092319433 30896.8 363
1731092329556 21304.8 364
1731092339666 21585.7 365
1731092349781 21969.5 366
1731092359892 21837.4 367
1731092370004 22663.2 368
1731092380107 23474.8 369
1731092390206 24511.5 370
1731092400312 25033.0 371
1731092410387 25488.7 372
1731092420515 25672.3 373
1731092430631 21652.3 374
1731092440744 22274.0 375
1731092450834 23033.5 376
1731092460952 23348.3 377
1731092471060 23889.7 378
1731092481155 24324.2 379
1731092491274 25006.9 380
1731092501369 25801.2 381
1731092511485 20821.7 382
1731092521612 21360.3 383
1731092531700 21999.3 384
1731092541823 22497.1 385
1731092551949 23204.6 386
1731092562066 23845.4 387
1731092572191 23718.9 388
1731092582309 24277.4 389
1731092592414 24732.1 390
1731092602519 20116.2 391
1731092612640 20816.5 392
1731092622759 21256.8 393
1731092632890 21851.1 394
1731092642998 22797.8 395
1731092653108 23638.4 396
1731092663250 24444.0 397
1731092673388 19994.5 398
1731092683467 20349.9 399
1731092693553 20693.3 400
1731092703672 21647.7 401
1731092713776 21308.5 402
1731092723872 23118.1 403
1731092733991 23307.4 404
1731092744294 24251.0 405
1731092754415 25743.8 406
1731092764548 20629.7 407
1731092774671 21402.5 408
1731092784768 21347.8 409
1731092794840 22254.1 410
1731092804948 23010.7 411
1731092815070 23705.3 412
1731092825171 24406.5 413
1731092835288 30244.7 414
1731092845412 20331.2 415
1731092855534 20833.7 416
1731092865642 21412.6 417
1731092875767 22147.8 418
1731092885880 22904.9 419
1731092895974 23576.1 420
1731092906093 23973.9 421
1731092916209 24693.5 422
1731092926341 25774.3 423
1731092936460 20912.6 424
1731092946582 21310.3 425
1731092956702 21625.7 426
1731092966838 22324.1 427
1731092976959 24927.2 428
1731092987084 23625.6 429
1731092997209 22371.2 430
1731093007336 24850.6 431
1731093017434 20417.1 432
1731093027545 21151.5 433
1731093037680 21814.4 434
1731093047762 22245.9 435
1731093057896 22647.8 436
1731093068014 22974.1 437
1731093078130 23546.3 438
1731093088251 23933.1 439
1731093098361 24443.7 440
1731093108477 27802.7 441
1731093118598 20565.5 442
1731093128725 21505.3 443
1731093138844 22856.5 444
1731093148940 22760.8 445
1731093159070 23601.3 446
1731093169148 24092.6 447
1731093179249 25019.6 448
1731093189358 19459.0 449
1731093199496 20864.1 450
1731093209640 21729.3 451
1731093219761 22133.0 452
1731093229902 22785.8 453
1731093240024 23457.6 454
1731093250151 24071.3 455
1731093260270 24673.0 456
1731093270378 25103.5 457
1731093280515 20481.5 458
1731093290624 21045.7 459
1731093300746 20002.1 460
1731093310869 22280.0 461
1731093320994 22707.5 462
1731093331127 23561.1 463
1731093341263 24263.6 464
1731093351397 24884.9 465
1731093361496 25844.8 466
1731093371606 21260.8 467
1731093381732 21958.0 468
1731093391861 22379.9 469
1731093401978 23365.7 470
1731093412094 24140.4 471
1731093422217 24356.3 472
1731093432347 25339.8 473
1731093442481 26508.8 474
1731093452604 21731.7 475
1731093462709 22002.0 476
1731093472839 22853.8 477
1731093482999 23799.4 478
1731093493120 24315.9 479
1731093503211 24884.3 480
1731093513303 24354.3 481
1731093523435 24696.0 482
1731093533540 26160.5 483
1731093543648 21353.1 484
1731093553772 22272.6 485
1731093563910 22910.4 486
1731093574013 23105.9 487
1731093584133 24956.1 488
1731093594246 24410.3 489
1731093604340 25337.5 490
1731093614478 20769.2 491
1731093624601 21489.9 492
1731093634728 22153.9 493
1731093644862 22541.0 494
1731093654991 23237.8 495
1731093665128 23762.3 496
1731093675266 24665.1 497
1731093685425 25115.5 498
1731093695557 25694.6 499
1731093705725 20071.9 500
1731093715851 22082.5 501
1731093725969 21566.9 502
1731093736100 23346.1 503
1731093746226 25738.7 504
1731093756351 24594.4 505
1731093766474 25503.4 506
1731093776616 30850.2 507
1731093786764 21348.5 508
1731093796881 22208.8 509
1731093807006 22671.0 510
1731093817140 23444.0 511
1731093827269 23620.2 512
1731093837403 24517.0 513
1731093847557 25182.7 514
1731093857700 25736.6 515
1731093867836 25949.8 516
1731093877966 19976.2 517
1731093888117 22023.2 518
1731093898247 22564.4 519
1731093908342 23423.6 520
1731093918480 24234.8 521
1731093928587 26081.7 522
1731093938683 25507.1 523
1731093948819 26057.0 524
1731093958969 25929.8 525
1731093969077 21597.0 526
1731093979208 22196.0 527
1731093989341 22693.2 528
1731093999452 21565.0 529
1731094009585 23784.8 530
1731094019722 24597.1 531
1731094029825 25373.5 532
1731094039936 25724.8 533
1731094050073 25879.0 534
1731094060186 21731.4 535
1731094070310 22344.2 536
1731094080427 22993.8 537
1731094090552 22523.0 538
1731094100705 23186.1 539
1731094110840 24177.4 540
1731094120992 24422.0 541
