1731065867751 51.0 3072
1731065927744 51.0 6144
1731065978176 54.0 9216
1731066055001 49.0 12288
1731066132756 47.0 15360
1731066205646 46.0 18432
1731066284102 45.0 21504
1731066358238 44.0 24576
1731066427910 44.0 27648
1731066525025 42.0 30720
1731066608891 42.0 33792
1731066687247 41.0 36864
1731066765332 41.0 39936
1731066827609 42.0 43008
1731066899264 42.0 46080
1731066970226 42.0 49152
1731067035829 42.0 52224
1731067110141 42.0 55296
1731067171852 42.0 58368
1731067231472 43.0 61440
1731067293425 43.0 64512
1731067375618 43.0 67584
1731067449188 43.0 70656
1731067525405 42.0 73728
1731067602199 42.0 76800
1731067679204 42.0 79872
1731067767516 42.0 82944
1731067879777 41.0 86016
1731067960214 41.0 89088
1731068035396 41.0 92160
1731068122020 41.0 95232
1731068225981 40.0 98304
1731068322046 40.0 101376
1731068417428 40.0 104448
1731068491008 40.0 107520
1731068565277 40.0 110592
1731068641669 40.0 113664
1731068743254 39.0 116736
1731068845517 39.0 119808
1731068923009 39.0 122880
1731069043221 38.0 125952
1731069129376 38.0 129024
1731069218350 38.0 132096
1731069320580 38.0 135168
1731069398322 38.0 138240
1731069477914 38.0 141312
1731069551240 38.0 144384
1731069619325 38.0 147456
1731069680980 38.0 150528
1731069758962 38.0 153600
1731069825220 39.0 156672
1731069901734 39.0 159744
1731069969448 39.0 162816
1731070053314 39.0 165888
1731070126873 39.0 168960
1731070202546 39.0 172032
1731070271315 39.0 175104
1731070340234 39.0 178176
1731070412560 39.0 181248
1731070480363 39.0 184320
1731070547799 39.0 187392
1731070622031 39.0 190464
1731070695136 39.0 193536
1731070773902 39.0 196608
1731070862017 39.0 199680
1731070937285 39.0 202752
