1731065867756 1.0 3072
1731065927748 2.0 6144
1731065978179 3.0 9216
1731066055006 4.0 12288
1731066132760 5.0 15360
1731066205650 6.0 18432
1731066284107 7.0 21504
1731066358243 8.0 24576
1731066427915 9.0 27648
1731066525030 10.0 30720
1731066608896 11.0 33792
1731066687252 12.0 36864
1731066765336 13.0 39936
1731066827614 14.0 43008
1731066899269 15.0 46080
1731066970230 16.0 49152
1731067035835 17.0 52224
1731067110146 18.0 55296
1731067171855 19.0 58368
1731067231478 20.0 61440
1731067293429 21.0 64512
1731067375623 22.0 67584
1731067449192 23.0 70656
1731067525410 24.0 73728
1731067602205 25.0 76800
1731067679208 26.0 79872
1731067767520 27.0 82944
1731067879780 28.0 86016
1731067960220 29.0 89088
1731068035401 30.0 92160
1731068122025 31.0 95232
1731068225985 32.0 98304
1731068322062 33.0 101376
1731068417433 34.0 104448
1731068491014 35.0 107520
1731068565282 36.0 110592
1731068641673 37.0 113664
1731068743258 38.0 116736
1731068845523 39.0 119808
1731068923024 40.0 122880
1731069043224 41.0 125952
1731069129381 42.0 129024
1731069218354 43.0 132096
1731069320585 44.0 135168
1731069398327 45.0 138240
1731069477917 46.0 141312
1731069551245 47.0 144384
1731069619328 48.0 147456
1731069680984 49.0 150528
1731069758967 50.0 153600
1731069825225 51.0 156672
1731069901739 52.0 159744
1731069969453 53.0 162816
1731070053319 54.0 165888
1731070126879 55.0 168960
1731070202551 56.0 172032
1731070271320 57.0 175104
1731070340238 58.0 178176
1731070412563 59.0 181248
1731070480368 60.0 184320
1731070547803 61.0 187392
1731070622036 62.0 190464
1731070695142 63.0 193536
1731070773907 64.0 196608
1731070862021 65.0 199680
1731070937290 66.0 202752
