1731065867759 59.0 3072
1731065927752 119.0 6144
1731065978183 170.0 9216
1731066055010 247.0 12288
1731066132764 324.0 15360
1731066205655 397.0 18432
1731066284113 476.0 21504
1731066358249 550.0 24576
1731066427920 619.0 27648
1731066525035 717.0 30720
1731066608900 800.0 33792
1731066687257 879.0 36864
1731066765339 957.0 39936
1731066827617 1019.0 43008
1731066899275 1091.0 46080
1731066970234 1162.0 49152
1731067035840 1227.0 52224
1731067110150 1302.0 55296
1731067171859 1363.0 58368
1731067231483 1423.0 61440
1731067293433 1485.0 64512
1731067375628 1567.0 67584
1731067449195 1641.0 70656
1731067525415 1717.0 73728
1731067602210 1794.0 76800
1731067679211 1871.0 79872
1731067767525 1959.0 82944
1731067879784 2071.0 86016
1731067960225 2152.0 89088
1731068035406 2227.0 92160
1731068122031 2314.0 95232
1731068225988 2418.0 98304
1731068322067 2514.0 101376
1731068417437 2609.0 104448
1731068491019 2683.0 107520
1731068565287 2757.0 110592
1731068641678 2833.0 113664
1731068743262 2935.0 116736
1731068845529 3037.0 119808
1731068923028 3115.0 122880
1731069043228 3235.0 125952
1731069129387 3321.0 129024
1731069218358 3410.0 132096
1731069320589 3512.0 135168
1731069398331 3590.0 138240
1731069477921 3669.0 141312
1731069551250 3743.0 144384
1731069619332 3811.0 147456
1731069680989 3873.0 150528
1731069758970 3950.0 153600
1731069825231 4017.0 156672
1731069901744 4093.0 159744
1731069969457 4161.0 162816
1731070053324 4245.0 165888
1731070126884 4318.0 168960
1731070202556 4394.0 172032
1731070271325 4463.0 175104
1731070340243 4532.0 178176
1731070412567 4604.0 181248
1731070480373 4672.0 184320
1731070547806 4739.0 187392
1731070622041 4814.0 190464
1731070695147 4887.0 193536
1731070773912 4965.0 196608
1731070862026 5054.0 199680
1731070937296 5129.0 202752
