1732569338389 0.016826897859573364 6144
1732569393334 0.0073418826796114445 9216
1732569472609 0.017585264518857002 12288
1732569538912 0.006521698087453842 15360
1732569598928 0.006312235724180937 18432
1732569662229 0.005036326590925455 21504
1732569727505 0.0037340614944696426 24576
1732569784421 0.0046878233551979065 27648
1732569847488 0.005204519256949425 30720
1732569911484 0.00660860538482666 33792
1732569975305 0.004719975870102644 36864
1732570047186 0.006311086472123861 39936
1732570112230 0.004448083695024252 43008
1732570180790 0.0030282149091362953 46080
1732570242770 0.00018324532720725983 49152
1732570316756 0.00011150349018862471 52224
1732570390357 2.2036605514585972e-05 55296
1732570454588 5.5930286180227995e-05 58368
1732570526243 3.7115572922630236e-05 61440
1732570590931 3.201906338290428e-06 64512
1732570666568 0.0011734520085155964 67584
1732570733071 0.00336790201254189 70656
1732570795279 0.0004892309661954641 73728
1732570866119 0.00032421565265394747 76800
1732570942903 0.00023596372921019793 79872
1732571016838 1.3210267752583604e-05 82944
1732571085295 6.214831955730915e-07 86016
1732571148162 1.984155642276164e-05 89088
1732571215440 0.00015871833602432162 92160
1732571292959 0.000258658459642902 95232
1732571362204 7.504655513912439e-06 98304
1732571428504 1.3168358236725908e-05 101376
1732571508321 2.1371602997533046e-05 104448
1732571579211 4.458644616534002e-05 107520
1732571662620 2.8823598768212833e-05 110592
1732571731485 1.9008448362001218e-05 113664
1732571806086 2.8894981369376183e-05 116736
1732571874317 3.5363849747227505e-05 119808
1732571952506 6.477115675806999e-06 122880
1732572026685 4.404336868901737e-05 125952
1732572107276 0.00043986388482153416 129024
1732572187263 2.2342195734381676e-05 132096
1732572262371 3.1404837500303984e-05 135168
1732572345938 8.25464212539373e-06 138240
1732572431527 0.0001615082728676498 141312
1732572506681 0.00023738743038848042 144384
1732572590706 1.3468826182361227e-05 147456
1732572682820 8.721525773580652e-06 150528
1732572755346 0.00036107434425503016 153600
1732572835702 0.0005295798764564097 156672
1732572907915 1.668889308348298e-05 159744
1732572982515 2.514648485885118e-06 162816
1732573057427 3.9075035601854324e-05 165888
1732573141455 4.5418990339385346e-05 168960
1732573210583 3.688231345222448e-06 172032
1732573287617 6.191612919792533e-05 175104
1732573360170 0.00012122184125473723 178176
1732573441931 0.00012376521772239357 181248
1732573511474 6.956329889362678e-05 184320
1732573579923 0.00019461290503386408 187392
1732573651425 1.7799146007746458e-05 190464
1732573735773 1.204642467200756e-05 193536
1732573809296 9.138350833381992e-06 196608
1732573882872 4.423200152814388e-06 199680
1732573957672 9.48202796280384e-08 202752
