1732569338400 0.9847935999999999 6144
1732569393349 0.9695872 9216
1732569472625 0.9543808 12288
1732569538925 0.9391744 15360
1732569598942 0.923968 18432
1732569662244 0.9087616 21504
1732569727521 0.8935552 24576
1732569784437 0.8783488 27648
1732569847504 0.8631424 30720
1732569911497 0.847936 33792
1732569975313 0.8327296 36864
1732570047203 0.8175232 39936
1732570112244 0.8023168 43008
1732570180800 0.7871104 46080
1732570242798 0.771904 49152
1732570316770 0.7566976 52224
1732570390372 0.7414912 55296
1732570454602 0.7262848 58368
1732570526272 0.7110784 61440
1732570590942 0.695872 64512
1732570666583 0.6806656000000001 67584
1732570733088 0.6654592 70656
1732570795295 0.6502528 73728
1732570866130 0.6350463999999999 76800
1732570942932 0.61984 79872
1732571016854 0.6046336000000001 82944
1732571085307 0.5894272 86016
1732571148178 0.5742208 89088
1732571215454 0.5590143999999999 92160
1732571292968 0.5438080000000001 95232
1732571362215 0.5286016 98304
1732571428519 0.5133952 101376
1732571508336 0.4981888 104448
1732571579226 0.4829824 107520
1732571662632 0.467776 110592
1732571731499 0.4525696 113664
1732571806103 0.43736319999999995 116736
1732571874326 0.42215680000000005 119808
1732571952522 0.4069504 122880
1732572026699 0.39174400000000004 125952
1732572107292 0.37653760000000003 129024
1732572187279 0.36133119999999996 132096
1732572262382 0.34612480000000007 135168
1732572345955 0.3309184 138240
1732572431536 0.315712 141312
1732572506692 0.30050560000000004 144384
1732572590717 0.2852992 147456
1732572682829 0.27009279999999997 150528
1732572755359 0.2548864 153600
1732572835714 0.23968 156672
1732572907929 0.22447360000000005 159744
1732572982526 0.20926720000000001 162816
1732573057440 0.19406079999999998 165888
1732573141471 0.17885440000000005 168960
1732573210600 0.16364800000000002 172032
1732573287633 0.14844159999999998 175104
1732573360197 0.13323520000000003 178176
1732573441941 0.11802879999999999 181248
1732573511491 0.10282239999999995 184320
1732573579935 0.08761600000000001 187392
1732573651441 0.07240959999999998 190464
1732573735783 0.05720319999999995 193536
1732573809307 0.041996800000000015 196608
1732573882884 0.026790399999999978 199680
1732573957689 0.011584000000000046 202752
