1732569338393 0.2916666666666667 6144
1732569393339 0.07044270833333334 9216
1732569472614 0.22760416666666666 12288
1732569538916 0.09954427083333334 15360
1732569598933 0.1416015625 18432
1732569662234 0.030013020833333334 21504
1732569727510 0.04342447916666667 24576
1732569784426 0.028059895833333334 27648
1732569847493 0.10325520833333333 30720
1732569911489 0.11516927083333334 33792
1732569975308 0.09694010416666667 36864
1732570047192 0.1462890625 39936
1732570112234 0.0189453125 43008
1732570180793 0.012760416666666666 46080
1732570242775 0.0 49152
1732570316761 0.0 52224
1732570390362 0.0 55296
1732570454593 0.0 58368
1732570526249 0.0 61440
1732570590935 0.0 64512
1732570666573 0.018424479166666667 67584
1732570733077 0.06490885416666667 70656
1732570795285 6.510416666666667e-05 73728
1732570866122 0.0 76800
1732570942909 0.0 79872
1732571016844 0.0 82944
1732571085299 0.0 86016
1732571148168 0.0 89088
1732571215445 0.0 92160
1732571292962 0.0 95232
1732571362208 0.0 98304
1732571428509 0.0 101376
1732571508326 0.0 104448
1732571579216 0.0 107520
1732571662624 0.0 110592
1732571731490 0.0 113664
1732571806092 0.0 116736
1732571874321 0.0 119808
1732571952512 0.0 122880
1732572026690 0.0 125952
1732572107281 0.005338541666666667 129024
1732572187268 0.0 132096
1732572262374 0.0 135168
1732572345944 0.0 138240
1732572431530 0.00013020833333333333 141312
1732572506684 0.0015625 144384
1732572590710 0.0 147456
1732572682823 0.0 150528
1732572755350 0.012825520833333333 153600
1732572835706 0.11907552083333334 156672
1732572907920 0.0 159744
1732572982519 0.0 162816
1732573057432 0.0 165888
1732573141461 0.00013020833333333333 168960
1732573210588 0.0 172032
1732573287622 0.0016276041666666667 175104
1732573360175 0.023763020833333332 178176
1732573441934 0.16184895833333332 181248
1732573511480 0.045703125 184320
1732573579927 0.13229166666666667 187392
1732573651430 0.029166666666666667 190464
1732573735776 0.006966145833333334 193536
1732573809300 0.03561197916666667 196608
1732573882876 0.020963541666666665 199680
1732573957679 0.0 202752
