1732569338397 0.19695872 6144
1732569393344 0.19391744000000002 9216
1732569472619 0.19087616000000002 12288
1732569538921 0.18783488 15360
1732569598937 0.1847936 18432
1732569662239 0.18175232 21504
1732569727516 0.17871104 24576
1732569784431 0.17566976 27648
1732569847499 0.17262848 30720
1732569911493 0.16958720000000002 33792
1732569975311 0.16654592000000001 36864
1732570047198 0.16350464 39936
1732570112239 0.16046336000000003 43008
1732570180796 0.15742208000000002 46080
1732570242793 0.1543808 49152
1732570316766 0.15133952 52224
1732570390367 0.14829824 55296
1732570454597 0.14525696 58368
1732570526266 0.14221568 61440
1732570590938 0.13917440000000003 64512
1732570666578 0.13613312000000002 67584
1732570733082 0.13309184000000002 70656
1732570795290 0.13005056 73728
1732570866126 0.12700928 76800
1732570942926 0.12396800000000001 79872
1732571016849 0.12092672000000002 82944
1732571085303 0.11788544000000001 86016
1732571148173 0.11484416 89088
1732571215450 0.11180288 92160
1732571292965 0.10876160000000001 95232
1732571362212 0.10572032 98304
1732571428513 0.10267904000000001 101376
1732571508331 0.09963776 104448
1732571579221 0.09659648 107520
1732571662628 0.09355520000000002 110592
1732571731494 0.09051392 113664
1732571806098 0.08747263999999999 116736
1732571874324 0.08443136000000001 119808
1732571952517 0.08139008 122880
1732572026695 0.07834880000000001 125952
1732572107287 0.07530752 129024
1732572187274 0.07226624 132096
1732572262378 0.06922496000000002 135168
1732572345950 0.06618368000000001 138240
1732572431533 0.06314239999999999 141312
1732572506688 0.06010112000000001 144384
1732572590713 0.05705984 147456
1732572682826 0.05401855999999999 150528
1732572755355 0.05097728000000001 153600
1732572835710 0.047936 156672
1732572907925 0.04489472000000001 159744
1732572982523 0.041853440000000006 162816
1732573057436 0.03881216 165888
1732573141466 0.03577088000000001 168960
1732573210594 0.032729600000000005 172032
1732573287628 0.029688319999999997 175104
1732573360180 0.02664704000000001 178176
1732573441938 0.023605760000000003 181248
1732573511485 0.02056447999999999 184320
1732573579931 0.017523200000000006 187392
1732573651435 0.014481919999999997 190464
1732573735780 0.01144063999999999 193536
1732573809303 0.008399360000000003 196608
1732573882880 0.005358079999999995 199680
1732573957684 0.002316800000000009 202752
