1732569338404 -2.840091522534688 6144
1732569393353 -2.839444303512573 9216
1732569472630 -2.8318129777908325 12288
1732569538930 -2.8262133916219074 15360
1732569598946 -2.8228346665700275 18432
1732569662248 -2.8279851992925007 21504
1732569727526 -2.834610843658447 24576
1732569784442 -2.841887052853902 27648
1732569847510 -2.843285830815633 30720
1732569911502 -2.84469100634257 33792
1732569975316 -2.8453495264053346 36864
1732570047208 -2.8486661036809284 39936
1732570112248 -2.854653175671895 43008
1732570180802 -2.8599423726399738 46080
1732570242804 -2.8605236927668254 49152
1732570316783 -2.8606162150700887 52224
1732570390376 -2.8606332699457804 55296
1732570454607 -2.8607028563817343 58368
1732570526278 -2.860844612121582 61440
1732570590946 -2.8609357913335165 64512
1732570666589 -2.8611569007237754 67584
1732570733094 -2.861184072494507 70656
1732570795301 -2.8612241744995117 73728
1732570866133 -2.8617334604263305 76800
1732570942938 -2.861979118982951 79872
1732571016859 -2.8620590368906655 82944
1732571085311 -2.862109589576721 86016
1732571148184 -2.8621161858240765 89088
1732571215459 -2.862060268719991 92160
1732571292971 -2.862054967880249 95232
1732571362219 -2.862317442893982 98304
1732571428524 -2.8623772859573364 101376
1732571508340 -2.862408399581909 104448
1732571579231 -2.862495525677999 107520
1732571662636 -2.8625170310338337 110592
1732571731504 -2.8625117460886638 113664
1732571806108 -2.8625622828801474 116736
1732571874329 -2.862659804026286 119808
1732571952527 -2.862683566411336 122880
1732572026704 -2.8627763032913207 125952
1732572107297 -2.8629612286885577 129024
1732572187296 -2.8630160331726073 132096
1732572262385 -2.863167715072632 135168
1732572345960 -2.8633365948994953 138240
1732572431539 -2.863569982846578 141312
1732572506695 -2.8637727737426757 144384
1732572590721 -2.8637856324513753 147456
1732572682833 -2.86380881468455 150528
1732572755363 -2.863987763722738 153600
1732572835718 -2.865613921483358 156672
1732572907946 -2.8660744110743206 159744
1732572982530 -2.8660343567530315 162816
1732573057444 -2.8661051750183106 165888
1732573141476 -2.866162355740865 168960
1732573210605 -2.8661312739054363 172032
1732573287638 -2.8661165396372477 175104
1732573360203 -2.8660962263743084 178176
1732573441945 -2.866530259450277 181248
1732573511496 -2.867026432355245 184320
1732573579938 -2.8671020746231077 187392
1732573651446 -2.8672556559244793 190464
1732573735788 -2.867747664451599 193536
1732573809310 -2.8678985357284548 196608
1732573882888 -2.867892607053121 199680
1732573957694 -2.8679257313410442 202752
