1732569338407 0.000561058521270752 6144
1732569393358 -0.0002484321594238281 9216
1732569472635 -0.0014464855194091797 12288
1732569538934 0.00017833709716796875 15360
1732569598963 0.0002855658531188965 18432
1732569662253 -6.878376007080078e-05 21504
1732569727532 0.0006590485572814941 24576
1732569784447 0.0005809664726257324 27648
1732569847515 0.0008106827735900879 30720
1732569911507 0.000868678092956543 33792
1732569975319 0.0012409687042236328 36864
1732570047214 0.0023743510246276855 39936
1732570112253 0.006216883659362793 43008
1732570180805 0.019860565662384033 46080
1732570242809 0.08973348140716553 49152
1732570316789 0.21240675449371338 52224
1732570390381 0.23656028509140015 55296
1732570454611 0.2586743235588074 58368
1732570526283 0.2593865394592285 61440
1732570590949 0.368482768535614 64512
1732570666594 0.3312891721725464 67584
1732570733100 0.023136496543884277 70656
1732570795305 0.17613106966018677 73728
1732570866137 0.19794732332229614 76800
1732570942944 0.2514137029647827 79872
1732571016865 0.29527169466018677 82944
1732571085315 0.37860625982284546 86016
1732571148189 0.3562770485877991 89088
1732571215464 0.41606974601745605 92160
1732571292974 0.21344441175460815 95232
1732571362234 0.2751117944717407 98304
1732571428528 0.36727702617645264 101376
1732571508345 0.3802846074104309 104448
1732571579235 0.30387014150619507 107520
1732571662640 0.3930923342704773 110592
1732571731508 0.39158880710601807 113664
1732571806113 0.418399453163147 116736
1732571874332 0.4831997752189636 119808
1732571952533 0.4452265501022339 122880
1732572026708 0.5090532302856445 125952
1732572107303 0.16954416036605835 129024
1732572187302 0.23256731033325195 132096
1732572262389 0.32190757989883423 135168
1732572345965 0.33708226680755615 138240
1732572431542 0.4192044138908386 141312
1732572506699 0.40650391578674316 144384
1732572590724 0.42787325382232666 147456
1732572682837 0.4835938811302185 150528
1732572755367 0.4731904864311218 153600
1732572835722 0.08540809154510498 156672
1732572907951 0.18243038654327393 159744
1732572982534 0.27902835607528687 162816
1732573057448 0.3299674391746521 165888
1732573141481 0.4158456325531006 168960
1732573210611 0.43713879585266113 172032
1732573287644 0.4621114134788513 175104
1732573360208 0.47766202688217163 178176
1732573441949 0.5415369272232056 181248
1732573511502 0.5599660873413086 184320
1732573579956 0.6191316843032837 187392
1732573651451 0.5690425038337708 190464
1732573735792 0.4488378167152405 193536
1732573809314 0.5054280757904053 196608
1732573882891 0.4881640076637268 199680
1732573957699 0.5115771889686584 202752
