1732569338411 0.00039391744 6144
1732569393363 0.00038783488000000005 9216
1732569472640 0.00038175232000000004 12288
1732569538939 0.00037566976 15360
1732569598968 0.0003695872 18432
1732569662257 0.00036350464 21504
1732569727537 0.00035742208 24576
1732569784453 0.00035133952000000003 27648
1732569847521 0.00034525696 30720
1732569911511 0.00033917440000000006 33792
1732569975322 0.00033309184 36864
1732570047219 0.00032700928 39936
1732570112257 0.00032092672 43008
1732570180808 0.00031484416 46080
1732570242814 0.00030876160000000005 49152
1732570316794 0.00030267904000000004 52224
1732570390386 0.00029659648 55296
1732570454616 0.00029051392 58368
1732570526288 0.00028443136 61440
1732570590953 0.00027834880000000004 64512
1732570666599 0.00027226624000000003 67584
1732570733106 0.00026618368 70656
1732570795310 0.00026010112 73728
1732570866141 0.00025401856 76800
1732570942949 0.00024793600000000003 79872
1732571016870 0.00024185344000000002 82944
1732571085320 0.00023577088 86016
1732571148195 0.00022968832 89088
1732571215468 0.00022360575999999998 92160
1732571292978 0.0002175232 95232
1732571362239 0.00021144063999999999 98304
1732571428533 0.00020535808000000003 101376
1732571508350 0.00019927552000000001 104448
1732571579240 0.00019319295999999998 107520
1732571662644 0.00018711040000000002 110592
1732571731513 0.00018102784 113664
1732571806118 0.00017494528 116736
1732571874335 0.00016886272 119808
1732571952538 0.00016278016 122880
1732572026713 0.0001566976 125952
1732572107308 0.00015061504 129024
1732572187307 0.00014453247999999998 132096
1732572262393 0.00013844992000000003 135168
1732572345970 0.00013236736 138240
1732572431545 0.00012628479999999997 141312
1732572506703 0.00012020224000000003 144384
1732572590728 0.00011411968 147456
1732572682842 0.00010803711999999999 150528
1732572755371 0.00010195456000000002 153600
1732572835726 9.5872e-05 156672
1732572907956 8.978944000000003e-05 159744
1732572982537 8.370688000000001e-05 162816
1732573057452 7.762432e-05 165888
1732573141487 7.154176000000002e-05 168960
1732573210616 6.545920000000001e-05 172032
1732573287649 5.937663999999999e-05 175104
1732573360214 5.329408000000002e-05 178176
1732573441952 4.721152e-05 181248
1732573511507 4.112895999999999e-05 184320
1732573579961 3.504640000000002e-05 187392
1732573651456 2.8963839999999998e-05 190464
1732573735795 2.288127999999998e-05 193536
1732573809318 1.6798720000000007e-05 196608
1732573882907 1.0716159999999991e-05 199680
1732573957704 4.633600000000019e-06 202752
