1732569338415 -0.011152759194374084 6144
1732569393380 9.495115280151367 9216
1732569472646 -0.011380061507225037 12288
1732569538943 8.971439361572266 15360
1732569598973 4.5111775398254395 18432
1732569662262 4.181716442108154 21504
1732569727543 6.885396957397461 24576
1732569784458 6.428504467010498 27648
1732569847526 3.1189870834350586 30720
1732569911515 2.4620888233184814 33792
1732569975325 5.379920482635498 36864
1732570047224 6.47491979598999 39936
1732570112262 7.9941816329956055 43008
1732570180811 8.327641487121582 46080
1732570242820 14.413005828857422 49152
1732570316799 5.340085506439209 52224
1732570390391 9.055048942565918 55296
1732570454620 3.5416839122772217 58368
1732570526293 5.541136741638184 61440
1732570590956 7.15162992477417 64512
1732570666603 4.513666152954102 67584
1732570733111 8.57120132446289 70656
1732570795314 6.208084583282471 73728
1732570866144 2.082118034362793 76800
1732570942955 7.3770341873168945 79872
1732571016875 8.88843059539795 82944
1732571085325 7.720002174377441 86016
1732571148200 6.446616172790527 89088
1732571215485 6.138489723205566 92160
1732571292982 5.971317768096924 95232
1732571362244 8.994804382324219 98304
1732571428550 6.185183048248291 101376
1732571508354 4.43306303024292 104448
1732571579245 8.137593269348145 107520
1732571662650 4.010214805603027 110592
1732571731517 12.29017448425293 113664
1732571806123 6.084659099578857 116736
1732571874338 8.70867919921875 119808
1732571952543 6.094046115875244 122880
1732572026718 3.6382908821105957 125952
1732572107313 7.81468391418457 129024
1732572187312 7.86705207824707 132096
1732572262396 6.120012283325195 135168
1732572345975 9.962153434753418 138240
1732572431548 6.183438777923584 141312
1732572506706 7.166408061981201 144384
1732572590732 9.296655654907227 147456
1732572682846 12.436437606811523 150528
1732572755376 10.470915794372559 153600
1732572835729 6.919119834899902 156672
1732572907961 7.357244491577148 159744
1732572982541 7.750494480133057 162816
1732573057457 5.457675933837891 165888
1732573141492 8.316643714904785 168960
1732573210621 7.06784200668335 172032
1732573287654 8.40975284576416 175104
1732573360219 6.272486686706543 178176
1732573441956 3.995140314102173 181248
1732573511513 8.533231735229492 184320
1732573579966 3.8730616569519043 187392
1732573651473 5.899367332458496 190464
1732573735799 9.499140739440918 193536
1732573809328 6.930679798126221 196608
1732573882912 6.920047760009766 199680
1732573957709 4.378236770629883 202752
