1732569338418 5.0 6144
1732569393386 10.0 9216
1732569472651 15.0 12288
1732569538948 20.0 15360
1732569598978 25.0 18432
1732569662266 30.0 21504
1732569727555 35.0 24576
1732569784463 40.0 27648
1732569847532 45.0 30720
1732569911520 50.0 33792
1732569975328 55.0 36864
1732570047230 60.0 39936
1732570112266 65.0 43008
1732570180825 70.0 46080
1732570242825 75.0 49152
1732570316805 80.0 52224
1732570390396 85.0 55296
1732570454625 90.0 58368
1732570526298 95.0 61440
1732570590960 100.0 64512
1732570666606 105.0 67584
1732570733117 110.0 70656
1732570795319 115.0 73728
1732570866148 120.0 76800
1732570942960 125.0 79872
1732571016880 130.0 82944
1732571085330 135.0 86016
1732571148205 140.0 89088
1732571215490 145.0 92160
1732571292985 150.0 95232
1732571362249 155.0 98304
1732571428555 160.0 101376
1732571508359 165.0 104448
1732571579252 170.0 107520
1732571662655 175.0 110592
1732571731522 180.0 113664
1732571806128 185.0 116736
1732571874341 190.0 119808
1732571952549 195.0 122880
1732572026722 200.0 125952
1732572107318 205.0 129024
1732572187318 210.0 132096
1732572262400 215.0 135168
1732572345981 220.0 138240
1732572431551 225.0 141312
1732572506710 230.0 144384
1732572590736 235.0 147456
1732572682850 240.0 150528
1732572755380 245.0 153600
1732572835733 250.0 156672
1732572907966 255.0 159744
1732572982545 260.0 162816
1732573057462 265.0 165888
1732573141498 270.0 168960
1732573210627 275.0 172032
1732573287659 280.0 175104
1732573360224 285.0 178176
1732573441960 290.0 181248
1732573511518 295.0 184320
1732573579972 300.0 187392
1732573651479 305.0 190464
1732573735802 310.0 193536
1732573809332 315.0 196608
1732573882916 320.0 199680
1732573957714 325.0 202752
