1732569338422 -0.02346346729124586 6144
1732569393391 -0.0017126802044610183 9216
1732569472657 -0.01580107972646753 12288
1732569538953 -0.0021889446458468833 15360
1732569598983 0.0014903266448527575 18432
1732569662270 -2.030828036367893e-05 21504
1732569727565 0.00015997014318903287 24576
1732569784468 0.0002643244496236245 27648
1732569847537 -0.002442755736410618 30720
1732569911524 -0.0018193379354973635 33792
1732569975331 -0.002332438249140978 36864
1732570047235 -0.0023031826286266247 39936
1732570112271 0.00015294609280924003 43008
1732570180828 -0.0009536931912104289 46080
1732570242830 -0.000297373936822017 49152
1732570316810 -0.0001889142052580913 52224
1732570390401 -6.15286019941171e-05 55296
1732570454630 -0.00013752008477846783 58368
1732570526303 -6.587652799983819e-05 61440
1732570590963 -4.141467312971751e-06 64512
1732570666618 -0.00011834499891847373 67584
1732570733122 -0.00017786797446509202 70656
1732570795323 -0.00041444163459042707 73728
1732570866152 -0.00036564022302627565 76800
1732570942966 -0.00031905043870210646 79872
1732571016886 1.4051049947738648e-05 82944
1732571085335 -5.26777779062589e-06 86016
1732571148211 -4.705929507811864e-05 89088
1732571215495 -4.0339957922697065e-05 92160
1732571292989 -0.00027426686137914657 95232
1732571362254 -2.0112143829464912e-05 98304
1732571428560 -5.070844975610574e-05 101376
1732571508363 -3.0306928480664888e-05 104448
1732571579257 -0.00013356877801318963 107520
1732571662660 -7.395572029054165e-05 110592
1732571731526 -6.835246458649635e-05 113664
1732571806133 -1.9057642202824353e-05 116736
1732571874344 -2.8398896877964337e-05 119808
1732571952554 -1.620072095344464e-05 122880
1732572026727 -0.00010070961434394121 125952
1732572107324 -0.00018506916239857674 129024
1732572187323 1.7751163492600123e-06 132096
1732572262404 -9.286634158343077e-05 135168
1732572345987 -4.57346128920714e-06 138240
1732572431554 -0.000255525562291344 141312
1732572506714 -0.000625033436032633 144384
1732572590739 2.5175434226791065e-05 147456
1732572682854 -5.981128973265489e-05 150528
1732572755384 -1.9962449247638384e-05 153600
1732572835737 0.00019659230795999368 156672
1732572907972 3.967766339580218e-05 159744
1732572982548 2.3711814234654107e-05 162816
1732573057466 -5.1090229923526446e-05 165888
1732573141502 -5.03812450915575e-05 168960
1732573210632 -4.058707660684983e-06 172032
1732573287665 -0.00012929979711771012 175104
1732573360229 -0.0002568622430165609 178176
1732573441974 0.000223312775293986 181248
1732573511524 -8.728633789966504e-05 184320
1732573579977 0.00017600452216962972 187392
1732573651484 5.115486371020476e-05 190464
1732573735804 8.682301267981529e-06 193536
1732573809337 3.614509478211403e-06 196608
1732573882921 -3.119565856953462e-05 199680
1732573957719 2.6150761793057126e-07 202752
