1732569338429 0.06269239721198877 6144
1732569393402 6.88589559396108 9216
1732569472667 0.04676328611870607 12288
1732569538962 9.702280680338541 15360
1732569598992 3.977768588066101 18432
1732569662280 3.9549415508906045 21504
1732569727576 5.771837536493937 24576
1732569784479 5.686296224594116 27648
1732569847548 3.7903148253758747 30720
1732569911533 5.5888891061147055 33792
1732569975337 5.60492578347524 36864
1732570047245 5.6856299559275305 39936
1732570112280 7.455152495702108 43008
1732570180834 5.3931299050649 46080
1732570242841 8.838274176915487 49152
1732570316821 5.390207970142365 52224
1732570390410 8.782873884836834 55296
1732570454639 6.979418762524923 58368
1732570526315 5.26635049978892 61440
1732570590970 7.174102338155111 64512
1732570666633 5.755623944600424 67584
1732570733151 8.330290587743123 70656
1732570795333 4.921859018007914 73728
1732570866161 4.9270733793576555 76800
1732570942977 6.476240634918213 79872
1732571016896 8.257085061073303 82944
1732571085346 6.828021383285522 86016
1732571148221 6.604892428716024 89088
1732571215506 5.425220894813537 92160
1732571292997 6.7899684111277265 95232
1732571362263 9.460626077651977 98304
1732571428570 6.525291824340821 101376
1732571508384 4.8851218541463215 104448
1732571579266 9.78132176399231 107520
1732571662669 6.503162368138631 110592
1732571731536 9.619350020090739 113664
1732571806143 6.17996510664622 116736
1732571874350 7.945548741022746 119808
1732571952564 6.291144283612569 122880
1732572026751 7.778368624051412 125952
1732572107334 7.585517565409343 129024
1732572187334 7.442107979456583 132096
1732572262411 7.3660876750946045 135168
1732572345997 7.483330901463827 138240
1732572431560 6.101898185412089 141312
1732572506721 8.676084200541178 144384
1732572590747 7.471021302541097 147456
1732572682861 8.988522736231486 150528
1732572755391 8.994826141993205 153600
1732572835745 7.48011482556661 156672
1732572907982 8.676256561279297 159744
1732572982555 7.241706418991089 162816
1732573057475 7.05295713742574 165888
1732573141512 7.092685699462891 168960
1732573210642 9.663729047775268 172032
1732573287675 7.23969095547994 175104
1732573360238 7.404025840759277 178176
1732573441983 6.51207123597463 181248
1732573511535 9.022081104914347 184320
1732573579985 5.984415253003438 187392
1732573651494 6.070111227035523 190464
1732573735810 7.187348365783691 193536
1732573809345 8.219688812891642 196608
1732573882931 6.880778972307841 199680
1732573957729 5.688947447141012 202752
