1732562924975 55.0 3072
1732563001735 46.0 6144
1732563066032 47.0 9216
1732563124303 48.0 12288
1732563188291 48.0 15360
1732563258807 47.0 18432
1732563319843 47.0 21504
1732563398659 46.0 24576
1732563473466 45.0 27648
1732563546761 45.0 30720
1732563617534 45.0 33792
1732563701492 44.0 36864
1732563788309 43.0 39936
1732563863430 43.0 43008
1732563941262 43.0 46080
1732564015798 42.0 49152
1732564089025 42.0 52224
1732564152860 43.0 55296
1732564226901 43.0 58368
1732564303107 42.0 61440
1732564376456 42.0 64512
1732564446329 42.0 67584
1732564516202 42.0 70656
1732564600101 42.0 73728
1732564676247 42.0 76800
1732564750967 42.0 79872
1732564824149 42.0 82944
1732564888667 42.0 86016
1732564954245 42.0 89088
1732565039772 42.0 92160
1732565120829 42.0 95232
1732565185306 42.0 98304
1732565251435 42.0 101376
1732565322405 42.0 104448
1732565403602 42.0 107520
1732565475790 42.0 110592
1732565544255 42.0 113664
1732565614912 42.0 116736
1732565687478 42.0 119808
1732565759994 42.0 122880
1732565837201 42.0 125952
1732565900842 42.0 129024
1732565975123 42.0 132096
1732566045128 42.0 135168
1732566122565 42.0 138240
1732566204986 42.0 141312
1732566278156 42.0 144384
1732566352705 42.0 147456
1732566437103 42.0 150528
1732566507908 42.0 153600
1732566578127 42.0 156672
1732566665997 42.0 159744
1732566729693 42.0 162816
1732566796608 42.0 165888
1732566862478 42.0 168960
1732566934619 42.0 172032
1732567012194 42.0 175104
1732567081041 42.0 178176
1732567158286 42.0 181248
1732567224679 42.0 184320
1732567295927 42.0 187392
1732567372663 42.0 190464
1732567454141 42.0 193536
1732567528531 42.0 196608
1732567597280 42.0 199680
1732567671237 42.0 202752
