1732562924979 1.0 3072
1732563001741 2.0 6144
1732563066035 3.0 9216
1732563124308 4.0 12288
1732563188297 5.0 15360
1732563258813 6.0 18432
1732563319848 7.0 21504
1732563398662 8.0 24576
1732563473470 9.0 27648
1732563546766 10.0 30720
1732563617551 11.0 33792
1732563701497 12.0 36864
1732563788313 13.0 39936
1732563863435 14.0 43008
1732563941266 15.0 46080
1732564015803 16.0 49152
1732564089030 17.0 52224
1732564152877 18.0 55296
1732564226904 19.0 58368
1732564303113 20.0 61440
1732564376461 21.0 64512
1732564446334 22.0 67584
1732564516208 23.0 70656
1732564600105 24.0 73728
1732564676251 25.0 76800
1732564750972 26.0 79872
1732564824154 27.0 82944
1732564888684 28.0 86016
1732564954250 29.0 89088
1732565039778 30.0 92160
1732565120834 31.0 95232
1732565185310 32.0 98304
1732565251439 33.0 101376
1732565322410 34.0 104448
1732565403607 35.0 107520
1732565475793 36.0 110592
1732565544260 37.0 113664
1732565614917 38.0 116736
1732565687483 39.0 119808
1732565759999 40.0 122880
1732565837206 41.0 125952
1732565900847 42.0 129024
1732565975129 43.0 132096
1732566045134 44.0 135168
1732566122570 45.0 138240
1732566204991 46.0 141312
1732566278160 47.0 144384
1732566352709 48.0 147456
1732566437110 49.0 150528
1732566507914 50.0 153600
1732566578133 51.0 156672
1732566666003 52.0 159744
1732566729698 53.0 162816
1732566796614 54.0 165888
1732566862482 55.0 168960
1732566934624 56.0 172032
1732567012198 57.0 175104
1732567081045 58.0 178176
1732567158292 59.0 181248
1732567224684 60.0 184320
1732567295930 61.0 187392
1732567372668 62.0 190464
1732567454144 63.0 193536
1732567528536 64.0 196608
1732567597284 65.0 199680
1732567671242 66.0 202752
