1732562924982 55.0 3072
1732563001746 131.0 6144
1732563066039 196.0 9216
1732563124313 254.0 12288
1732563188301 318.0 15360
1732563258818 388.0 18432
1732563319859 449.0 21504
1732563398664 528.0 24576
1732563473475 603.0 27648
1732563546771 676.0 30720
1732563617556 747.0 33792
1732563701502 831.0 36864
1732563788317 918.0 39936
1732563863440 993.0 43008
1732563941271 1071.0 46080
1732564015808 1145.0 49152
1732564089035 1219.0 52224
1732564152882 1282.0 55296
1732564226907 1356.0 58368
1732564303118 1433.0 61440
1732564376467 1506.0 64512
1732564446338 1576.0 67584
1732564516214 1646.0 70656
1732564600110 1730.0 73728
1732564676255 1806.0 76800
1732564750977 1881.0 79872
1732564824160 1954.0 82944
1732564888690 2018.0 86016
1732564954256 2084.0 89088
1732565039783 2169.0 92160
1732565120839 2250.0 95232
1732565185314 2315.0 98304
1732565251442 2381.0 101376
1732565322415 2452.0 104448
1732565403612 2533.0 107520
1732565475797 2605.0 110592
1732565544265 2674.0 113664
1732565614921 2744.0 116736
1732565687488 2817.0 119808
1732565760015 2890.0 122880
1732565837211 2967.0 125952
1732565900851 3030.0 129024
1732565975134 3105.0 132096
1732566045139 3175.0 135168
1732566122574 3252.0 138240
1732566204995 3335.0 141312
1732566278163 3408.0 144384
1732566352713 3482.0 147456
1732566437117 3567.0 150528
1732566507920 3637.0 153600
1732566578138 3708.0 156672
1732566666009 3796.0 159744
1732566729703 3859.0 162816
1732566796619 3926.0 165888
1732566862487 3992.0 168960
1732566934629 4064.0 172032
1732567012203 4142.0 175104
1732567081049 4211.0 178176
1732567158298 4288.0 181248
1732567224689 4354.0 184320
1732567295934 4425.0 187392
1732567372673 4502.0 190464
1732567454148 4584.0 193536
1732567528541 4658.0 196608
1732567597289 4727.0 199680
1732567671245 4801.0 202752
