1732562924985 3072.0 3072
1732563001752 6144.0 6144
1732563066043 9216.0 9216
1732563124318 12288.0 12288
1732563188306 15360.0 15360
1732563258824 18432.0 18432
1732563319865 21504.0 21504
1732563398667 24576.0 24576
1732563473479 27648.0 27648
1732563546777 30720.0 30720
1732563617562 33792.0 33792
1732563701506 36864.0 36864
1732563788320 39936.0 39936
1732563863445 43008.0 43008
1732563941275 46080.0 46080
1732564015813 49152.0 49152
1732564089039 52224.0 52224
1732564152887 55296.0 55296
1732564226911 58368.0 58368
1732564303123 61440.0 61440
1732564376472 64512.0 64512
1732564446343 67584.0 67584
1732564516219 70656.0 70656
1732564600114 73728.0 73728
1732564676258 76800.0 76800
1732564750982 79872.0 79872
1732564824165 82944.0 82944
1732564888696 86016.0 86016
1732564954262 89088.0 89088
1732565039788 92160.0 92160
1732565120845 95232.0 95232
1732565185319 98304.0 98304
1732565251445 101376.0 101376
1732565322421 104448.0 104448
1732565403617 107520.0 107520
1732565475801 110592.0 110592
1732565544270 113664.0 113664
1732565614926 116736.0 116736
1732565687494 119808.0 119808
1732565760021 122880.0 122880
1732565837216 125952.0 125952
1732565900855 129024.0 129024
1732565975139 132096.0 132096
1732566045144 135168.0 135168
1732566122579 138240.0 138240
1732566205001 141312.0 141312
1732566278166 144384.0 144384
1732566352716 147456.0 147456
1732566437123 150528.0 150528
1732566507925 153600.0 153600
1732566578143 156672.0 156672
1732566666012 159744.0 159744
1732566729708 162816.0 162816
1732566796624 165888.0 165888
1732566862491 168960.0 168960
1732566934633 172032.0 172032
1732567012207 175104.0 175104
1732567081054 178176.0 178176
1732567158303 181248.0 181248
1732567224695 184320.0 184320
1732567295937 187392.0 187392
1732567372678 190464.0 190464
1732567454151 193536.0 193536
1732567528546 196608.0 196608
1732567597306 199680.0 199680
1732567671249 202752.0 202752
