1732526599448 0.018454374745488167 6144
1732526663206 0.010660164058208466 9216
1732526737141 0.005561452358961105 12288
1732526807443 0.006129484623670578 15360
1732526881917 0.0022917489986866713 18432
1732526967144 0.004412059206515551 21504
1732527030026 0.004150024149566889 24576
1732527098985 0.004027752671390772 27648
1732527160101 0.00042588982614688575 30720
1732527233015 0.004679846577346325 33792
1732527293735 0.006363763939589262 36864
1732527365750 0.007399430498480797 39936
1732527433720 0.0016960405046120286 43008
1732527500848 0.002026090631261468 46080
1732527560946 0.001892367727123201 49152
1732527627634 0.003975518513470888 52224
1732527697608 0.0005835950723849237 55296
1732527772681 0.0023446090053766966 58368
1732527838575 0.002185292774811387 61440
1732527925025 1.5005857676442247e-05 64512
1732528006151 4.250925030646613e-06 67584
1732528076775 1.922218689287547e-05 70656
1732528144523 3.194345117663033e-05 73728
1732528214156 3.3156324207084253e-05 76800
1732528283214 1.680073000898119e-05 79872
1732528362030 7.562688551843166e-06 82944
1732528427946 7.749166798021179e-06 86016
1732528496905 9.307016739512619e-07 89088
1732528570252 2.7935797675127105e-07 92160
1732528644701 7.247112080221996e-05 95232
1732528712147 1.0231548912997823e-05 98304
1732528786366 3.597580871428363e-05 101376
1732528858010 1.9452030755928718e-05 104448
1732528935470 9.058279829332605e-05 107520
1732529002158 5.438273728941567e-05 110592
1732529069357 1.2423067346389871e-05 113664
1732529139047 4.126934800297022e-05 116736
1732529210598 4.796291705133626e-06 119808
1732529271632 1.608692946319934e-05 122880
1732529341184 2.4650400519021787e-05 125952
1732529412140 1.2901979971502442e-05 129024
1732529474541 1.0919659871433396e-05 132096
1732529555779 9.491356468060985e-05 135168
1732529618474 5.6407629017485306e-05 138240
1732529680364 7.922256372694392e-06 141312
1732529749435 1.969079858099576e-05 144384
1732529814690 4.586288196151145e-05 147456
1732529881727 5.9863843489438295e-05 150528
1732529946469 1.238610548170982e-05 153600
1732530009802 4.2333072087785695e-06 156672
1732530076443 3.809605914284475e-05 159744
1732530141860 8.221056305046659e-06 162816
1732530207741 1.8487780835130252e-05 165888
1732530270238 5.030397369409911e-05 168960
1732530340326 4.3481318243721034e-06 172032
1732530405754 8.63830791786313e-06 175104
1732530470251 2.2134045138955116e-05 178176
1732530529008 1.0399769053037744e-05 181248
1732530602467 3.914659373549512e-06 184320
1732530672310 2.362319037274574e-06 187392
1732530733810 3.5932946502725827e-06 190464
1732530795720 1.6054545994848013e-05 193536
1732530861860 3.2705720514059067e-06 196608
1732530925205 1.7258183788726456e-06 199680
1732530992795 2.0289250812766113e-07 202752
