1732526599453 0.2999348958333333 6144
1732526663209 0.05169270833333333 9216
1732526737145 0.05944010416666667 12288
1732526807446 0.07975260416666667 15360
1732526881921 0.04537760416666667 18432
1732526967150 0.02890625 21504
1732527030031 0.08411458333333334 24576
1732527098988 0.054947916666666666 27648
1732527160105 0.03313802083333333 30720
1732527233019 0.09283854166666666 33792
1732527293738 0.07330729166666666 36864
1732527365754 0.21048177083333333 39936
1732527433726 0.06842447916666666 43008
1732527500852 0.05846354166666667 46080
1732527560952 0.04596354166666667 49152
1732527627638 0.05078125 52224
1732527697611 0.0359375 55296
1732527772687 0.034765625 58368
1732527838580 0.01171875 61440
1732527925030 0.0 64512
1732528006157 0.0 67584
1732528076781 0.0 70656
1732528144527 0.0 73728
1732528214162 0.0 76800
1732528283219 0.0 79872
1732528362035 0.0 82944
1732528427952 0.0 86016
1732528496910 0.0 89088
1732528570258 0.0 92160
1732528644705 0.0 95232
1732528712152 0.0 98304
1732528786369 0.0 101376
1732528858016 0.0 104448
1732528935474 0.0 107520
1732529002163 0.0 110592
1732529069361 0.0 113664
1732529139053 0.0 116736
1732529210603 0.0 119808
1732529271637 0.0 122880
1732529341188 0.0 125952
1732529412145 0.0 129024
1732529474545 0.0 132096
1732529555785 0.0 135168
1732529618480 0.0 138240
1732529680369 0.0 141312
1732529749440 0.0 144384
1732529814695 0.0 147456
1732529881732 0.0 150528
1732529946473 0.0 153600
1732530009807 0.0 156672
1732530076448 0.0 159744
1732530141866 0.0 162816
1732530207747 0.0 165888
1732530270244 0.0003255208333333333 168960
1732530340331 0.0 172032
1732530405760 0.0 175104
1732530470255 0.0 178176
1732530529013 0.0 181248
1732530602473 0.0 184320
1732530672315 0.0 187392
1732530733815 0.0 190464
1732530795725 0.010221354166666667 193536
1732530861865 0.0003255208333333333 196608
1732530925210 0.001171875 199680
1732530992799 6.510416666666667e-05 202752
