1732526599458 0.19695872 6144
1732526663212 0.19391744000000002 9216
1732526737149 0.19087616000000002 12288
1732526807450 0.18783488 15360
1732526881937 0.1847936 18432
1732526967155 0.18175232 21504
1732527030036 0.17871104 24576
1732527098992 0.17566976 27648
1732527160115 0.17262848 30720
1732527233024 0.16958720000000002 33792
1732527293742 0.16654592000000001 36864
1732527365758 0.16350464 39936
1732527433732 0.16046336000000003 43008
1732527500857 0.15742208000000002 46080
1732527560957 0.1543808 49152
1732527627643 0.15133952 52224
1732527697615 0.14829824 55296
1732527772692 0.14525696 58368
1732527838586 0.14221568 61440
1732527925036 0.13917440000000003 64512
1732528006162 0.13613312000000002 67584
1732528076786 0.13309184000000002 70656
1732528144531 0.13005056 73728
1732528214167 0.12700928 76800
1732528283224 0.12396800000000001 79872
1732528362041 0.12092672000000002 82944
1732528427957 0.11788544000000001 86016
1732528496916 0.11484416 89088
1732528570263 0.11180288 92160
1732528644710 0.10876160000000001 95232
1732528712157 0.10572032 98304
1732528786371 0.10267904000000001 101376
1732528858021 0.09963776 104448
1732528935479 0.09659648 107520
1732529002169 0.09355520000000002 110592
1732529069366 0.09051392 113664
1732529139058 0.08747263999999999 116736
1732529210608 0.08443136000000001 119808
1732529271643 0.08139008 122880
1732529341193 0.07834880000000001 125952
1732529412150 0.07530752 129024
1732529474550 0.07226624 132096
1732529555790 0.06922496000000002 135168
1732529618485 0.06618368000000001 138240
1732529680374 0.06314239999999999 141312
1732529749457 0.06010112000000001 144384
1732529814699 0.05705984 147456
1732529881737 0.05401855999999999 150528
1732529946490 0.05097728000000001 153600
1732530009823 0.047936 156672
1732530076453 0.04489472000000001 159744
1732530141883 0.041853440000000006 162816
1732530207753 0.03881216 165888
1732530270249 0.03577088000000001 168960
1732530340348 0.032729600000000005 172032
1732530405765 0.029688319999999997 175104
1732530470260 0.02664704000000001 178176
1732530529019 0.023605760000000003 181248
1732530602478 0.02056447999999999 184320
1732530672320 0.017523200000000006 187392
1732530733819 0.014481919999999997 190464
1732530795729 0.01144063999999999 193536
1732530861871 0.008399360000000003 196608
1732530925215 0.005358079999999995 199680
1732530992802 0.002316800000000009 202752
