1732526599468 -2.8399596373240152 6144
1732526663218 -2.8429715394973756 9216
1732526737156 -2.8497176806132 12288
1732526807459 -2.857744844754537 15360
1732526881945 -2.8651458024978638 18432
1732526967164 -2.8644846439361573 21504
1732527030046 -2.8647478659947714 24576
1732527098999 -2.8711744070053102 27648
1732527160123 -2.8761539697647094 30720
1732527233033 -2.8800262133280436 33792
1732527293749 -2.884257737795512 36864
1732527365767 -2.8924726327260335 39936
1732527433743 -2.8973180850346885 43008
1732527500865 -2.9007160504659018 46080
1732527560979 -2.901494367917379 49152
1732527627653 -2.898278284072876 52224
1732527697622 -2.8967952887217203 55296
1732527772704 -2.895824178059896 58368
1732527838596 -2.8990931431452434 61440
1732527925046 -2.8995006163915 64512
1732528006172 -2.8995331287384034 67584
1732528076796 -2.899588855107625 70656
1732528144540 -2.8996520678202313 73728
1732528214177 -2.899676871299744 76800
1732528283235 -2.8997087717056274 79872
1732528362051 -2.899751408894857 82944
1732528427966 -2.8997999906539915 86016
1732528496926 -2.899843192100525 89088
1732528570273 -2.8998658736546834 92160
1732528644720 -2.8998629887898764 95232
1732528712178 -2.899857846895854 98304
1732528786377 -2.8999292135238646 101376
1732528858031 -2.8999911467234294 104448
1732528935500 -2.9001168966293336 107520
1732529002181 -2.900221562385559 110592
1732529069387 -2.9002838055292766 113664
1732529139069 -2.900371281305949 116736
1732529210619 -2.9004398902257282 119808
1732529271653 -2.900501751899719 122880
1732529341200 -2.9006152947743735 125952
1732529412171 -2.900669972101847 129024
1732529474572 -2.900757662455241 132096
1732529555801 -2.9007935921351113 135168
1732529618495 -2.9007951895395916 138240
1732529680385 -2.9008395353953045 141312
1732529749469 -2.9008911212285358 144384
1732529814708 -2.9008533159891763 147456
1732529881748 -2.900883134206136 150528
1732529946501 -2.9009896755218505 153600
1732530009833 -2.9010669310887653 156672
1732530076464 -2.9010746558507283 159744
1732530141894 -2.9010873556137087 162816
1732530207764 -2.9011191527048745 165888
1732530270259 -2.901171827316284 168960
1732530340357 -2.9012463092803955 172032
1732530405775 -2.9012951135635374 175104
1732530470269 -2.9013418992360434 178176
1732530529029 -2.901367942492167 181248
1732530602489 -2.90139102935791 184320
1732530672330 -2.901432267824809 187392
1732530733841 -2.9014668305714926 190464
1732530795738 -2.9015013058980306 193536
1732530861882 -2.901550300916036 196608
1732530925225 -2.9015949010849 199680
1732530992809 -2.901594535509745 202752
