1732526599473 0.0018252134323120117 6144
1732526663221 0.00013208389282226562 9216
1732526737160 0.0005093216896057129 12288
1732526807463 0.0003769993782043457 15360
1732526881950 7.104873657226562e-05 18432
1732526967169 4.1365623474121094e-05 21504
1732527030051 0.0003573298454284668 24576
1732527099003 2.384185791015625e-07 27648
1732527160127 -0.00018024444580078125 30720
1732527233037 0.0001677870750427246 33792
1732527293752 3.0994415283203125e-06 36864
1732527365771 0.00014513731002807617 39936
1732527433748 0.000474393367767334 43008
1732527500869 0.0008640289306640625 46080
1732527560985 0.0011330246925354004 49152
1732527627658 0.0019783377647399902 52224
1732527697626 0.004171013832092285 55296
1732527772721 0.006886124610900879 58368
1732527838601 0.034095585346221924 61440
1732527925051 0.14689600467681885 64512
1732528006178 0.2073325514793396 67584
1732528076801 0.27649033069610596 70656
1732528144543 0.26060551404953003 73728
1732528214182 0.2944234609603882 76800
1732528283240 0.30616772174835205 79872
1732528362057 0.3766554594039917 82944
1732528427971 0.3733670711517334 86016
1732528496932 0.3714234232902527 89088
1732528570278 0.3506435751914978 92160
1732528644724 0.3589807152748108 95232
1732528712183 0.3415306806564331 98304
1732528786380 0.3622434139251709 101376
1732528858037 0.32968783378601074 104448
1732528935505 0.3500688672065735 107520
1732529002186 0.3198617696762085 110592
1732529069392 0.3247988820075989 113664
1732529139074 0.4272029399871826 116736
1732529210624 0.39488381147384644 119808
1732529271658 0.37025994062423706 122880
1732529341204 0.3255887031555176 125952
1732529412177 0.40048807859420776 129024
1732529474577 0.44566261768341064 132096
1732529555806 0.4400555491447449 135168
1732529618501 0.43340516090393066 138240
1732529680390 0.5371823906898499 141312
1732529749474 0.5361325144767761 144384
1732529814713 0.3849366307258606 147456
1732529881754 0.47209590673446655 150528
1732529946506 0.43697690963745117 153600
1732530009839 0.48238712549209595 156672
1732530076469 0.42144328355789185 159744
1732530141900 0.48183345794677734 162816
1732530207770 0.525982141494751 165888
1732530270264 0.4156574606895447 168960
1732530340362 0.47346073389053345 172032
1732530405780 0.4680591821670532 175104
1732530470286 0.5529422760009766 178176
1732530529034 0.4083045721054077 181248
1732530602495 0.582461953163147 184320
1732530672336 0.46418946981430054 187392
1732530733847 0.4390043616294861 190464
1732530795742 0.5176651477813721 193536
1732530861887 0.4866483211517334 196608
1732530925230 0.40820103883743286 199680
1732530992812 0.5230291485786438 202752
