1732526599478 0.00039391744 6144
1732526663224 0.00038783488000000005 9216
1732526737164 0.00038175232000000004 12288
1732526807467 0.00037566976 15360
1732526881954 0.0003695872 18432
1732526967173 0.00036350464 21504
1732527030057 0.00035742208 24576
1732527099006 0.00035133952000000003 27648
1732527160131 0.00034525696 30720
1732527233042 0.00033917440000000006 33792
1732527293756 0.00033309184 36864
1732527365775 0.00032700928 39936
1732527433753 0.00032092672 43008
1732527500874 0.00031484416 46080
1732527560990 0.00030876160000000005 49152
1732527627663 0.00030267904000000004 52224
1732527697629 0.00029659648 55296
1732527772727 0.00029051392 58368
1732527838606 0.00028443136 61440
1732527925057 0.00027834880000000004 64512
1732528006183 0.00027226624000000003 67584
1732528076806 0.00026618368 70656
1732528144547 0.00026010112 73728
1732528214188 0.00025401856 76800
1732528283245 0.00024793600000000003 79872
1732528362062 0.00024185344000000002 82944
1732528427976 0.00023577088 86016
1732528496937 0.00022968832 89088
1732528570284 0.00022360575999999998 92160
1732528644729 0.0002175232 95232
1732528712188 0.00021144063999999999 98304
1732528786383 0.00020535808000000003 101376
1732528858042 0.00019927552000000001 104448
1732528935511 0.00019319295999999998 107520
1732529002192 0.00018711040000000002 110592
1732529069397 0.00018102784 113664
1732529139079 0.00017494528 116736
1732529210629 0.00016886272 119808
1732529271663 0.00016278016 122880
1732529341219 0.0001566976 125952
1732529412182 0.00015061504 129024
1732529474582 0.00014453247999999998 132096
1732529555812 0.00013844992000000003 135168
1732529618506 0.00013236736 138240
1732529680395 0.00012628479999999997 141312
1732529749480 0.00012020224000000003 144384
1732529814730 0.00011411968 147456
1732529881759 0.00010803711999999999 150528
1732529946511 0.00010195456000000002 153600
1732530009844 9.5872e-05 156672
1732530076474 8.978944000000003e-05 159744
1732530141906 8.370688000000001e-05 162816
1732530207776 7.762432e-05 165888
1732530270270 7.154176000000002e-05 168960
1732530340367 6.545920000000001e-05 172032
1732530405786 5.937663999999999e-05 175104
1732530470291 5.329408000000002e-05 178176
1732530529039 4.721152e-05 181248
1732530602500 4.112895999999999e-05 184320
1732530672342 3.504640000000002e-05 187392
1732530733852 2.8963839999999998e-05 190464
1732530795759 2.288127999999998e-05 193536
1732530861893 1.6798720000000007e-05 196608
1732530925235 1.0716159999999991e-05 199680
1732530992815 4.633600000000019e-06 202752
