1732526599483 -0.01585276424884796 6144
1732526663227 5.988399028778076 9216
1732526737167 5.86392879486084 12288
1732526807471 7.620954513549805 15360
1732526881958 7.002060890197754 18432
1732526967178 6.334889888763428 21504
1732527030063 4.605079650878906 24576
1732527099010 2.895408868789673 27648
1732527160135 6.726273536682129 30720
1732527233046 4.111222267150879 33792
1732527293759 7.341228008270264 36864
1732527365778 4.024752616882324 39936
1732527433758 8.994087219238281 43008
1732527500878 6.190950870513916 46080
1732527560995 6.893815994262695 49152
1732527627668 4.343330383300781 52224
1732527697633 8.233731269836426 55296
1732527772732 7.7954888343811035 58368
1732527838611 6.918256759643555 61440
1732527925062 7.296534061431885 64512
1732528006188 8.364234924316406 67584
1732528076812 7.251902103424072 70656
1732528144550 8.477234840393066 73728
1732528214193 8.116185188293457 76800
1732528283250 7.8379130363464355 79872
1732528362067 3.780717134475708 82944
1732528427981 12.643827438354492 86016
1732528496942 8.130229949951172 89088
1732528570290 4.606520652770996 92160
1732528644734 6.695258140563965 95232
1732528712193 6.057201862335205 98304
1732528786386 8.269173622131348 101376
1732528858047 6.831717491149902 104448
1732528935516 6.1030988693237305 107520
1732529002198 13.30173397064209 110592
1732529069402 5.0620527267456055 113664
1732529139085 9.27753734588623 116736
1732529210634 8.912020683288574 119808
1732529271669 9.466544151306152 122880
1732529341224 3.8999693393707275 125952
1732529412189 7.846007347106934 129024
1732529474587 7.938022613525391 132096
1732529555817 3.7651162147521973 135168
1732529618511 9.25473690032959 138240
1732529680400 3.678209066390991 141312
1732529749486 6.46920108795166 144384
1732529814734 8.087139129638672 147456
1732529881764 5.236928939819336 150528
1732529946517 4.636334419250488 153600
1732530009849 5.3322343826293945 156672
1732530076480 3.841547966003418 159744
1732530141911 5.631536483764648 162816
1732530207793 1.5821115970611572 165888
1732530270275 4.165706634521484 168960
1732530340373 5.337379455566406 172032
1732530405791 7.625524044036865 175104
1732530470296 3.935155153274536 178176
1732530529045 5.015801906585693 181248
1732530602506 1.6770589351654053 184320
1732530672347 5.234271049499512 187392
1732530733858 6.261369228363037 190464
1732530795764 4.996340751647949 193536
1732530861898 3.98463773727417 196608
1732530925240 5.758908271789551 199680
1732530992819 3.940964460372925 202752
