1732526599488 5.0 6144
1732526663230 10.0 9216
1732526737170 15.0 12288
1732526807475 20.0 15360
1732526881961 25.0 18432
1732526967183 30.0 21504
1732527030068 35.0 24576
1732527099014 40.0 27648
1732527160139 45.0 30720
1732527233051 50.0 33792
1732527293763 55.0 36864
1732527365782 60.0 39936
1732527433763 65.0 43008
1732527500882 70.0 46080
1732527561001 75.0 49152
1732527627672 80.0 52224
1732527697636 85.0 55296
1732527772738 90.0 58368
1732527838616 95.0 61440
1732527925067 100.0 64512
1732528006193 105.0 67584
1732528076817 110.0 70656
1732528144555 115.0 73728
1732528214198 120.0 76800
1732528283255 125.0 79872
1732528362072 130.0 82944
1732528427986 135.0 86016
1732528496948 140.0 89088
1732528570295 145.0 92160
1732528644739 150.0 95232
1732528712198 155.0 98304
1732528786388 160.0 101376
1732528858052 165.0 104448
1732528935521 170.0 107520
1732529002203 175.0 110592
1732529069408 180.0 113664
1732529139090 185.0 116736
1732529210651 190.0 119808
1732529271674 195.0 122880
1732529341229 200.0 125952
1732529412196 205.0 129024
1732529474592 210.0 132096
1732529555823 215.0 135168
1732529618516 220.0 138240
1732529680405 225.0 141312
1732529749491 230.0 144384
1732529814739 235.0 147456
1732529881769 240.0 150528
1732529946522 245.0 153600
1732530009856 250.0 156672
1732530076485 255.0 159744
1732530141917 260.0 162816
1732530207799 265.0 165888
1732530270279 270.0 168960
1732530340378 275.0 172032
1732530405797 280.0 175104
1732530470301 285.0 178176
1732530529050 290.0 181248
1732530602511 295.0 184320
1732530672353 300.0 187392
1732530733863 305.0 190464
1732530795769 310.0 193536
1732530861916 315.0 196608
1732530925245 320.0 199680
1732530992822 325.0 202752
