1732526599493 -0.02429117647310098 6144
1732526663233 -0.0002536004253973564 9216
1732526737174 -0.0003964233056952556 12288
1732526807479 -0.00018491970064739386 15360
1732526881965 2.0121689885854723e-06 18432
1732526967186 0.000619970712189873 21504
1732527030074 -0.001762643208106359 24576
1732527099018 0.0005564278302093347 27648
1732527160143 -0.0004558219729612271 30720
1732527233055 0.00034630868273476757 33792
1732527293767 0.00047781684746344886 36864
1732527365785 -0.0024473997298628094 39936
1732527433768 -0.0020060359655569 43008
1732527500886 -0.0003519617486745119 46080
1732527561006 -0.0003487010020762682 49152
1732527627677 -0.0006845014014591773 52224
1732527697640 -0.000205650320276618 55296
1732527772744 -0.0007552897091954947 58368
1732527838632 -0.0005710764943311612 61440
1732527925072 -9.442570929725965e-06 64512
1732528006199 -1.2107348690430323e-05 67584
1732528076821 -6.222181643048923e-05 70656
1732528144559 -0.00011890206175545852 73728
1732528214215 -0.00013271509669721127 76800
1732528283273 -7.816661770145098e-05 79872
1732528362078 -2.1351066728432973e-05 82944
1732528427991 -2.983173665901025e-05 86016
1732528496953 -3.223431607087453e-06 89088
1732528570300 -2.3825404544671375e-06 92160
1732528644744 -0.0003309229544053475 95232
1732528712203 -8.302445833881695e-06 98304
1732528786391 -0.0001602596758554379 101376
1732528858058 -4.4766922170917195e-05 104448
1732528935527 -0.0001658691248546044 107520
1732529002209 -3.330625283221404e-05 110592
1732529069413 -4.909524383644263e-05 113664
1732529139095 -0.00016475038137286901 116736
1732529210656 -1.1149778341253599e-05 119808
1732529271679 -2.4250646432240805e-05 122880
1732529341234 -0.00016853391813735166 125952
1732529412212 -5.337152009208997e-05 129024
1732529474597 -5.0474874054392176e-05 132096
1732529555828 -0.0003896081354469061 135168
1732529618522 -0.00022268965840339662 138240
1732529680422 1.4815262208382288e-05 141312
1732529749497 -4.4552143663167953e-05 144384
1732529814744 -0.0002181893525024255 147456
1732529881786 -0.00029056696221232416 150528
1732529946528 -2.695326693356037e-05 153600
1732530009862 -1.4766546276708445e-05 156672
1732530076503 -9.950847209741673e-05 159744
1732530141923 -3.2030356427033745e-05 162816
1732530207804 -0.00010668852676947912 165888
1732530270284 -0.0001518053856367866 168960
1732530340382 -2.1859180803100266e-05 172032
1732530405802 -8.114133961498738e-05 175104
1732530470307 -5.3750599424044294e-05 178176
1732530529055 6.5552536398172375e-06 181248
1732530602517 -1.2832538535197576e-05 184320
1732530672358 -1.3132067397236825e-05 187392
1732530733868 -2.8066088755925497e-05 190464
1732530795774 -4.96802618727088e-05 193536
1732530861922 -1.9770084569851558e-05 196608
1732530925250 -3.59808715681235e-06 199680
1732530992826 -5.033286288380623e-06 202752
