1732526599498 1.001821756362915 6144
1732526663237 1.0042529106140137 9216
1732526737177 1.008028268814087 12288
1732526807483 1.0126421451568604 15360
1732526881969 1.0137324333190918 18432
1732526967191 1.012955904006958 21504
1732527030079 1.015165090560913 24576
1732527099021 1.0185290575027466 27648
1732527160147 1.0202871561050415 30720
1732527233060 1.022266149520874 33792
1732527293770 1.0255153179168701 36864
1732527365789 1.0294325351715088 39936
1732527433773 1.0309650897979736 43008
1732527500891 1.0329606533050537 46080
1732527561011 1.0309959650039673 49152
1732527627683 1.0303385257720947 52224
1732527697644 1.029083013534546 55296
1732527772749 1.0305359363555908 58368
1732527838638 1.0312820672988892 61440
1732527925078 1.0313057899475098 64512
1732528006204 1.0313303470611572 67584
1732528076826 1.0313605070114136 70656
1732528144563 1.0313845872879028 73728
1732528214220 1.031397819519043 76800
1732528283278 1.0314170122146606 79872
1732528362083 1.031440019607544 82944
1732528427996 1.0314679145812988 86016
1732528496958 1.0314843654632568 89088
1732528570306 1.031491756439209 92160
1732528644749 1.0314726829528809 95232
1732528712207 1.0315043926239014 98304
1732528786394 1.0315346717834473 101376
1732528858063 1.0315841436386108 104448
1732528935532 1.0316543579101562 107520
1732529002215 1.031683087348938 110592
1732529069418 1.031726360321045 113664
1732529139101 1.0317728519439697 116736
1732529210661 1.0317895412445068 119808
1732529271683 1.0318549871444702 122880
1732529341239 1.0318853855133057 125952
1732529412235 1.031930923461914 129024
1732529474603 1.0319613218307495 132096
1732529555833 1.0319676399230957 135168
1732529618527 1.031968355178833 138240
1732529680427 1.0320169925689697 141312
1732529749503 1.0320041179656982 144384
1732529814748 1.0319947004318237 147456
1732529881791 1.0320380926132202 150528
1732529946533 1.032094955444336 153600
1732530009868 1.0321123600006104 156672
1732530076508 1.032113790512085 159744
1732530141928 1.0321283340454102 162816
1732530207810 1.0321394205093384 165888
1732530270289 1.0321866273880005 168960
1732530340387 1.0322115421295166 172032
1732530405807 1.0322401523590088 175104
1732530470312 1.032257080078125 178176
1732530529060 1.0322661399841309 181248
1732530602522 1.0322861671447754 184320
1732530672364 1.0323066711425781 187392
1732530733874 1.0323224067687988 190464
1732530795780 1.0323436260223389 193536
1732530861927 1.032375693321228 196608
1732530925255 1.0323787927627563 199680
1732530992829 1.0323816537857056 202752
