1732526599503 0.06020843361814817 6144
1732526663240 6.974514007568359 9216
1732526737181 6.617079424858093 12288
1732526807486 8.551015774408976 15360
1732526881973 6.245334084828695 18432
1732526967196 7.910393222173055 21504
1732527030084 5.83449920018514 24576
1732527099025 3.8596803188323974 27648
1732527160151 5.525670901934306 30720
1732527233064 3.6956019043922423 33792
1732527293773 7.128438965479533 36864
1732527365793 3.527276583512624 39936
1732527433778 6.937308772404989 43008
1732527500895 5.1215937773386635 46080
1732527561017 5.149460887908935 49152
1732527627688 5.169938333829244 52224
1732527697647 6.747525993982951 55296
1732527772755 6.731989685694376 58368
1732527838642 8.163710085550944 61440
1732527925083 4.914451622962952 64512
1732528006209 9.555442015329996 67584
1732528076831 9.467251586914063 70656
1732528144567 6.432320125897726 73728
1732528214226 6.53866704305013 76800
1732528283283 6.90145808060964 79872
1732528362088 6.594535144170125 82944
1732528428001 9.601419576009114 86016
1732528496963 6.920067262649536 89088
1732528570311 6.617930173873901 92160
1732528644754 7.791838582356771 95232
1732528712212 6.434720714886983 98304
1732528786397 6.505104573567708 101376
1732528858068 7.809143193562826 104448
1732528935537 6.392731253306071 107520
1732529002221 9.395853185653687 110592
1732529069423 6.443527555465698 113664
1732529139106 6.172383650143941 116736
1732529210667 7.844756571451823 119808
1732529271687 6.163486933708191 122880
1732529341243 5.085104894638062 125952
1732529412246 6.232983493804932 129024
1732529474608 8.007621153195698 132096
1732529555838 4.78446729183197 135168
1732529618533 9.197117789586384 138240
1732529680433 4.748571133613586 141312
1732529749508 4.721969111760457 144384
1732529814752 7.702647431691488 147456
1732529881796 4.624011905988057 150528
1732529946538 6.142642720540365 153600
1732530009874 4.706898164749146 156672
1732530076514 5.9814978758494055 159744
1732530141934 4.592924769719442 162816
1732530207815 4.545694561799367 165888
1732530270294 6.000941872596741 168960
1732530340392 4.59290531873703 172032
1732530405812 7.58042278289795 175104
1732530470317 4.5214145421981815 178176
1732530529066 4.807034095128377 181248
1732530602539 3.107444755236308 184320
1732530672370 7.224709192911784 187392
1732530733879 6.061902284622192 190464
1732530795785 4.490138157208761 193536
1732530861932 4.4469806750615435 196608
1732530925260 5.823958373069763 199680
1732530992833 4.445066459973654 202752
