1732533599469 37.0 3072
1732533685930 36.0 6144
1732533775074 35.0 9216
1732533867610 35.0 12288
1732533967176 34.0 15360
1732534038464 35.0 18432
1732534120508 35.0 21504
1732534198695 36.0 24576
1732534268635 36.0 27648
1732534343361 37.0 30720
1732534421301 37.0 33792
1732534509385 37.0 36864
1732534583428 37.0 39936
1732534661102 37.0 43008
1732534741379 37.0 46080
1732534830758 37.0 49152
1732534909906 37.0 52224
1732534994721 37.0 55296
1732535083254 37.0 58368
1732535163542 37.0 61440
1732535249247 37.0 64512
1732535333441 37.0 67584
1732535430143 36.0 70656
1732535505950 37.0 73728
1732535598842 36.0 76800
1732535679480 36.0 79872
1732535766731 36.0 82944
1732535836878 37.0 86016
1732535926956 36.0 89088
1732536014191 36.0 92160
1732536098445 36.0 95232
1732536182554 36.0 98304
1732536256320 37.0 101376
1732536340761 36.0 104448
1732536434161 36.0 107520
1732536519052 36.0 110592
1732536597326 36.0 113664
1732536681884 36.0 116736
1732536767601 36.0 119808
1732536851973 36.0 122880
1732536941152 36.0 125952
1732537022042 36.0 129024
1732537102469 36.0 132096
1732537181591 36.0 135168
1732537261088 36.0 138240
1732537346042 36.0 141312
1732537433619 36.0 144384
1732537513738 36.0 147456
1732537596305 36.0 150528
1732537683467 36.0 153600
1732537757117 36.0 156672
1732537829399 37.0 159744
1732537912846 37.0 162816
1732538001781 36.0 165888
1732538075276 37.0 168960
1732538156419 37.0 172032
1732538228108 37.0 175104
1732538305581 37.0 178176
1732538412022 37.0 181248
1732538497100 37.0 184320
1732538581683 36.0 187392
1732538666793 36.0 190464
1732538749872 36.0 193536
1732538836354 36.0 196608
1732538919257 36.0 199680
1732539001246 36.0 202752
