1732533599474 1.0 3072
1732533685953 2.0 6144
1732533775080 3.0 9216
1732533867615 4.0 12288
1732533967182 5.0 15360
1732534038468 6.0 18432
1732534120513 7.0 21504
1732534198699 8.0 24576
1732534268640 9.0 27648
1732534343364 10.0 30720
1732534421306 11.0 33792
1732534509390 12.0 36864
1732534583431 13.0 39936
1732534661107 14.0 43008
1732534741382 15.0 46080
1732534830762 16.0 49152
1732534909912 17.0 52224
1732534994724 18.0 55296
1732535083259 19.0 58368
1732535163546 20.0 61440
1732535249250 21.0 64512
1732535333445 22.0 67584
1732535430148 23.0 70656
1732535505955 24.0 73728
1732535598847 25.0 76800
1732535679485 26.0 79872
1732535766736 27.0 82944
1732535836881 28.0 86016
1732535926960 29.0 89088
1732536014196 30.0 92160
1732536098450 31.0 95232
1732536182560 32.0 98304
1732536256325 33.0 101376
1732536340765 34.0 104448
1732536434165 35.0 107520
1732536519057 36.0 110592
1732536597331 37.0 113664
1732536681889 38.0 116736
1732536767604 39.0 119808
1732536851978 40.0 122880
1732536941155 41.0 125952
1732537022047 42.0 129024
1732537102473 43.0 132096
1732537181596 44.0 135168
1732537261092 45.0 138240
1732537346047 46.0 141312
1732537433624 47.0 144384
1732537513743 48.0 147456
1732537596310 49.0 150528
1732537683472 50.0 153600
1732537757122 51.0 156672
1732537829402 52.0 159744
1732537912851 53.0 162816
1732538001785 54.0 165888
1732538075279 55.0 168960
1732538156424 56.0 172032
1732538228113 57.0 175104
1732538305586 58.0 178176
1732538412026 59.0 181248
1732538497105 60.0 184320
1732538581688 61.0 187392
1732538666798 62.0 190464
1732538749888 63.0 193536
1732538836360 64.0 196608
1732538919261 65.0 199680
1732539001251 66.0 202752
