1732533599478 82.0 3072
1732533685958 169.0 6144
1732533775085 258.0 9216
1732533867620 350.0 12288
1732533967187 450.0 15360
1732534038473 521.0 18432
1732534120518 603.0 21504
1732534198703 681.0 24576
1732534268645 751.0 27648
1732534343369 826.0 30720
1732534421312 904.0 33792
1732534509395 992.0 36864
1732534583433 1066.0 39936
1732534661113 1144.0 43008
1732534741386 1224.0 46080
1732534830765 1313.0 49152
1732534909918 1393.0 52224
1732534994728 1477.0 55296
1732535083263 1566.0 58368
1732535163549 1646.0 61440
1732535249253 1732.0 64512
1732535333449 1816.0 67584
1732535430153 1913.0 70656
1732535505958 1989.0 73728
1732535598852 2081.0 76800
1732535679489 2162.0 79872
1732535766740 2249.0 82944
1732535836884 2320.0 86016
1732535926963 2410.0 89088
1732536014213 2497.0 92160
1732536098456 2581.0 95232
1732536182565 2665.0 98304
1732536256329 2739.0 101376
1732536340768 2823.0 104448
1732536434183 2917.0 107520
1732536519063 3002.0 110592
1732536597335 3080.0 113664
1732536681894 3165.0 116736
1732536767607 3250.0 119808
1732536851983 3335.0 122880
1732536941159 3424.0 125952
1732537022052 3505.0 129024
1732537102478 3585.0 132096
1732537181601 3664.0 135168
1732537261096 3744.0 138240
1732537346053 3829.0 141312
1732537433630 3916.0 144384
1732537513748 3996.0 147456
1732537596314 4079.0 150528
1732537683476 4166.0 153600
1732537757141 4240.0 156672
1732537829405 4312.0 159744
1732537912856 4395.0 162816
1732538001790 4484.0 165888
1732538075281 4558.0 168960
1732538156429 4639.0 172032
1732538228118 4711.0 175104
1732538305590 4788.0 178176
1732538412029 4895.0 181248
1732538497110 4980.0 184320
1732538581693 5064.0 187392
1732538666804 5149.0 190464
1732538749892 5232.0 193536
1732538836365 5319.0 196608
1732538919266 5402.0 199680
1732539001256 5484.0 202752
