1732533599482 3072.0 3072
1732533685962 6144.0 6144
1732533775091 9216.0 9216
1732533867625 12288.0 12288
1732533967192 15360.0 15360
1732534038476 18432.0 18432
1732534120523 21504.0 21504
1732534198706 24576.0 24576
1732534268650 27648.0 27648
1732534343373 30720.0 30720
1732534421317 33792.0 33792
1732534509399 36864.0 36864
1732534583437 39936.0 39936
1732534661117 43008.0 43008
1732534741390 46080.0 46080
1732534830770 49152.0 49152
1732534909923 52224.0 52224
1732534994732 55296.0 55296
1732535083268 58368.0 58368
1732535163553 61440.0 61440
1732535249256 64512.0 64512
1732535333452 67584.0 67584
1732535430157 70656.0 70656
1732535505961 73728.0 73728
1732535598856 76800.0 76800
1732535679493 79872.0 79872
1732535766745 82944.0 82944
1732535836888 86016.0 86016
1732535926967 89088.0 89088
1732536014218 92160.0 92160
1732536098461 95232.0 95232
1732536182571 98304.0 98304
1732536256333 101376.0 101376
1732536340771 104448.0 104448
1732536434188 107520.0 107520
1732536519069 110592.0 110592
1732536597340 113664.0 113664
1732536681899 116736.0 116736
1732536767610 119808.0 119808
1732536851988 122880.0 122880
1732536941163 125952.0 125952
1732537022058 129024.0 129024
1732537102482 132096.0 132096
1732537181606 135168.0 135168
1732537261100 138240.0 138240
1732537346058 141312.0 141312
1732537433635 144384.0 144384
1732537513754 147456.0 147456
1732537596319 150528.0 150528
1732537683481 153600.0 153600
1732537757148 156672.0 156672
1732537829408 159744.0 159744
1732537912862 162816.0 162816
1732538001794 165888.0 165888
1732538075284 168960.0 168960
1732538156434 172032.0 172032
1732538228123 175104.0 175104
1732538305595 178176.0 178176
1732538412033 181248.0 181248
1732538497116 184320.0 184320
1732538581698 187392.0 187392
1732538666809 190464.0 190464
1732538749897 193536.0 193536
1732538836371 196608.0 196608
1732538919269 199680.0 199680
1732539001260 202752.0 202752
