1732633504134 63.0 3072
1732633579781 49.0 6144
1732633648645 47.0 9216
1732633716511 47.0 12288
1732633783071 46.0 15360
1732633841762 47.0 18432
1732633907479 47.0 21504
1732633968350 47.0 24576
1732634027455 48.0 27648
1732634085290 48.0 30720
1732634141425 49.0 33792
1732634199756 49.0 36864
1732634245872 50.0 39936
1732634298751 51.0 43008
1732634342719 51.0 46080
1732634394811 52.0 49152
1732634442938 52.0 52224
1732634493178 53.0 55296
1732634556263 53.0 58368
1732634601261 53.0 61440
1732634662145 53.0 64512
1732634722948 53.0 67584
1732634798210 52.0 70656
1732634874188 51.0 73728
1732634948754 51.0 76800
1732635021630 51.0 79872
1732635095915 50.0 82944
1732635164520 50.0 86016
1732635239724 49.0 89088
1732635327178 49.0 92160
1732635383715 49.0 95232
1732635454197 49.0 98304
1732635509719 49.0 101376
1732635577800 49.0 104448
1732635645707 49.0 107520
1732635716702 48.0 110592
1732635785694 48.0 113664
1732635843900 48.0 116736
1732635906935 48.0 119808
1732635971844 48.0 122880
1732636047703 48.0 125952
1732636109564 48.0 129024
1732636173450 48.0 132096
1732636252309 48.0 135168
1732636333450 48.0 138240
1732636404629 47.0 141312
1732636481742 47.0 144384
1732636545826 47.0 147456
1732636627042 47.0 150528
1732636699823 47.0 153600
1732636769720 47.0 156672
1732636842634 47.0 159744
1732636908592 47.0 162816
1732636970712 47.0 165888
1732637043659 47.0 168960
1732637114769 47.0 172032
1732637191593 46.0 175104
1732637266495 46.0 178176
1732637344622 46.0 181248
1732637420432 46.0 184320
1732637486097 46.0 187392
1732637569543 46.0 190464
1732637644105 46.0 193536
1732637707206 46.0 196608
1732637780413 46.0 199680
1732637865140 45.0 202752
