1732633504150 3072.0 3072
1732633579791 6144.0 6144
1732633648657 9216.0 9216
1732633716526 12288.0 12288
1732633783086 15360.0 15360
1732633841777 18432.0 18432
1732633907495 21504.0 21504
1732633968366 24576.0 24576
1732634027469 27648.0 27648
1732634085320 30720.0 30720
1732634141439 33792.0 33792
1732634199772 36864.0 36864
1732634245883 39936.0 39936
1732634298768 43008.0 43008
1732634342734 46080.0 46080
1732634394828 49152.0 49152
1732634442953 52224.0 52224
1732634493192 55296.0 55296
1732634556278 58368.0 58368
1732634601289 61440.0 61440
1732634662161 64512.0 64512
1732634722961 67584.0 67584
1732634798224 70656.0 70656
1732634874203 73728.0 73728
1732634948768 76800.0 76800
1732635021646 79872.0 79872
1732635095931 82944.0 82944
1732635164533 86016.0 86016
1732635239752 89088.0 89088
1732635327192 92160.0 92160
1732635383732 95232.0 95232
1732635454213 98304.0 98304
1732635509747 101376.0 101376
1732635577829 104448.0 104448
1732635645723 107520.0 107520
1732635716718 110592.0 110592
1732635785708 113664.0 113664
1732635843912 116736.0 116736
1732635906948 119808.0 119808
1732635971858 122880.0 122880
1732636047715 125952.0 125952
1732636109580 129024.0 129024
1732636173464 132096.0 132096
1732636252337 135168.0 135168
1732636333461 138240.0 138240
1732636404655 141312.0 141312
1732636481753 144384.0 144384
1732636545843 147456.0 147456
1732636627062 150528.0 150528
1732636699837 153600.0 153600
1732636769748 156672.0 156672
1732636842650 159744.0 159744
1732636908619 162816.0 162816
1732636970729 165888.0 165888
1732637043683 168960.0 168960
1732637114784 172032.0 172032
1732637191603 175104.0 175104
1732637266509 178176.0 178176
1732637344651 181248.0 181248
1732637420459 184320.0 184320
1732637486113 187392.0 187392
1732637569571 190464.0 190464
1732637644121 193536.0 193536
1732637707222 196608.0 196608
1732637780427 199680.0 199680
1732637865155 202752.0 202752
