1732729782128 0.0 0
1732729792172 14.7 1
1732729802215 15.9 2
1732729812253 15.6 3
1732729822298 15.4 4
1732729832342 16.2 5
1732729842404 14.0 6
1732729852472 13.8 7
1732729862536 13.4 8
1732729872626 14.7 9
1732729882695 10.9 10
1732729892769 9.4 11
1732729902833 10.8 12
1732729912885 12.3 13
1732729922953 12.2 14
1732729933026 11.3 15
1732729943086 8.9 16
1732729953181 11.0 17
1732729963266 11.1 18
1732729973341 8.9 19
1732729983415 7.8 20
1732729993489 8.1 21
1732730003555 8.6 22
1732730013627 10.0 23
1732730023717 7.7 24
1732730033798 7.8 25
1732730043864 10.0 26
1732730053935 9.3 27
1732730064013 7.7 28
1732730074080 9.3 29
1732730084156 7.7 30
1732730094231 9.2 31
1732730104311 9.3 32
1732730114605 11.1 33
1732730124675 9.9 34
1732730134756 7.7 35
1732730144830 6.9 36
1732730154905 10.0 37
1732730164977 8.5 38
1732730175074 10.9 39
1732730185163 10.9 40
1732730195235 6.7 41
1732730205330 10.5 42
1732730215409 9.7 43
1732730225491 8.7 44
1732730235581 9.7 45
1732730245666 10.9 46
1732730255739 7.3 47
1732730265810 9.8 48
1732730275890 10.5 49
1732730285965 6.4 50
1732730296038 8.5 51
1732730306116 10.1 52
1732730316202 8.8 53
1732730326286 7.2 54
1732730336358 7.3 55
1732730346448 10.5 56
1732730356524 9.6 57
1732730366611 7.6 58
1732730376679 10.9 59
1732730386780 9.2 60
1732730396864 9.0 61
1732730406942 8.6 62
1732730417031 8.0 63
1732730427107 9.0 64
1732730437190 10.8 65
1732730447270 7.3 66
1732730457354 7.8 67
1732730467426 7.8 68
1732730477514 6.7 69
1732730487602 8.8 70
1732730497699 8.7 71
1732730507775 8.1 72
1732730517879 7.8 73
1732730527955 9.5 74
1732730538050 7.6 75
1732730548134 8.1 76
1732730558223 7.6 77
1732730568296 6.7 78
1732730578383 8.1 79
1732730588474 8.0 80
1732730598557 8.0 81
1732730608640 6.1 82
1732730618730 9.9 83
1732730628805 7.8 84
1732730638890 8.1 85
1732730648971 7.8 86
1732730659045 5.8 87
1732730669127 8.9 88
1732730679186 8.5 89
1732730689268 9.2 90
1732730699354 8.8 91
1732730709434 8.8 92
1732730719523 7.4 93
1732730729602 8.4 94
1732730739704 8.6 95
1732730749792 8.9 96
1732730759879 7.3 97
1732730769950 6.1 98
1732730780052 9.4 99
1732730790134 8.4 100
1732730800209 6.3 101
1732730810314 7.8 102
1732730820403 9.8 103
1732730830495 9.0 104
1732730840557 7.6 105
1732730850643 9.2 106
1732730860717 8.6 107
1732730870808 8.5 108
1732730880911 8.1 109
1732730890992 9.0 110
1732730901083 9.8 111
1732730911169 8.7 112
1732730921249 8.4 113
1732730931326 9.1 114
1732730941400 8.0 115
1732730951483 8.4 116
1732730961593 9.6 117
1732730971656 8.8 118
1732730981751 9.0 119
1732730991831 8.1 120
1732731001928 8.3 121
1732731012010 7.6 122
1732731022092 10.2 123
1732731032194 9.2 124
1732731042292 9.7 125
1732731052386 10.0 126
1732731062464 9.5 127
1732731072547 8.5 128
1732731082629 8.0 129
1732731092739 10.4 130
1732731102825 10.0 131
1732731112904 10.4 132
1732731122982 8.8 133
1732731133083 9.5 134
1732731143182 10.3 135
1732731153276 6.7 136
1732731163377 7.8 137
1732731173454 8.4 138
1732731183520 10.3 139
1732731193613 8.3 140
1732731203695 10.4 141
1732731213794 5.7 142
1732731223874 9.4 143
1732731233965 7.6 144
1732731244055 8.8 145
1732731254141 8.9 146
1732731264246 9.4 147
1732731274344 10.6 148
1732731284443 10.3 149
1732731294529 10.6 150
1732731304623 8.3 151
1732731314688 9.8 152
1732731324779 9.2 153
1732731334867 11.0 154
1732731344958 10.5 155
1732731355029 8.3 156
1732731365109 8.1 157
1732731375191 9.8 158
1732731385292 10.7 159
1732731395384 9.9 160
1732731405483 7.9 161
1732731415581 7.6 162
1732731425679 10.7 163
1732731435775 10.9 164
1732731445874 11.1 165
1732731455949 9.9 166
1732731466046 7.6 167
1732731476140 8.2 168
1732731486230 7.3 169
1732731496325 10.5 170
1732731506417 9.4 171
1732731516495 9.2 172
1732731526595 8.1 173
1732731536682 8.0 174
1732731546775 10.1 175
1732731556867 7.6 176
1732731566958 6.7 177
1732731577045 7.8 178
1732731587135 9.4 179
1732731597204 7.8 180
1732731607265 7.5 181
1732731617350 7.8 182
1732731627422 8.6 183
1732731637502 9.7 184
1732731647572 8.5 185
1732731657671 10.3 186
1732731667755 8.4 187
1732731677858 7.7 188
1732731687952 8.1 189
1732731698039 10.8 190
1732731708140 9.9 191
1732731718236 8.3 192
1732731728330 9.4 193
1732731738430 7.9 194
1732731748527 7.8 195
1732731758635 10.3 196
1732731768741 8.8 197
1732731778832 10.4 198
1732731788929 10.3 199
1732731799020 6.2 200
1732731809121 8.6 201
1732731819211 8.2 202
1732731829310 9.6 203
1732731839400 7.4 204
1732731849518 9.0 205
1732731859617 10.2 206
1732731869718 7.6 207
1732731879821 6.3 208
1732731889908 7.9 209
1732731900016 9.4 210
1732731910132 8.6 211
1732731920223 8.3 212
1732731930327 8.2 213
1732731940419 7.1 214
1732731950527 8.3 215
1732731960627 8.0 216
1732731970715 8.1 217
1732731980826 10.0 218
1732731990911 10.4 219
1732732001021 6.5 220
1732732011131 6.3 221
1732732021206 9.1 222
1732732031287 8.7 223
1732732041392 10.8 224
1732732051493 7.2 225
1732732061588 9.4 226
1732732071689 8.8 227
1732732081793 9.3 228
1732732091890 8.8 229
1732732101999 8.1 230
1732732112103 7.9 231
1732732122202 10.0 232
1732732132296 7.9 233
1732732142402 9.7 234
1732732152502 8.2 235
1732732162608 7.5 236
1732732172703 10.3 237
1732732182824 10.1 238
1732732192923 10.1 239
1732732203044 8.0 240
1732732213157 10.1 241
1732732223252 8.9 242
1732732233364 10.8 243
1732732243470 8.1 244
1732732253578 10.0 245
1732732263688 7.8 246
1732732273802 8.2 247
1732732283894 10.0 248
1732732293958 10.2 249
1732732304052 9.9 250
1732732314161 9.0 251
1732732324268 9.2 252
1732732334375 10.4 253
1732732344485 10.4 254
1732732354587 10.5 255
1732732364686 9.3 256
1732732374804 8.5 257
1732732384910 10.4 258
1732732395012 7.9 259
1732732405121 10.6 260
1732732415229 10.5 261
1732732425338 8.0 262
1732732435428 10.3 263
1732732445513 7.1 264
1732732455603 9.8 265
1732732465722 10.1 266
1732732475830 9.6 267
1732732485940 8.3 268
1732732496023 10.1 269
1732732506120 10.2 270
1732732516225 10.3 271
1732732526326 10.1 272
1732732536413 7.9 273
1732732546523 9.9 274
1732732556646 9.7 275
1732732566764 9.9 276
1732732576872 10.3 277
1732732586979 8.4 278
1732732597076 10.1 279
1732732607197 10.2 280
1732732617289 9.3 281
1732732627667 8.7 282
1732732637791 8.1 283
1732732647915 9.6 284
1732732658008 10.3 285
1732732668123 9.9 286
1732732678237 10.2 287
1732732688347 8.7 288
1732732698449 9.8 289
1732732708559 10.3 290
1732732718681 10.1 291
1732732728798 10.1 292
1732732738912 7.9 293
1732732749037 9.8 294
1732732759155 9.5 295
1732732769256 10.1 296
1732732779353 9.7 297
1732732789470 7.7 298
1732732799572 9.5 299
1732732809695 9.7 300
1732732819811 9.5 301
1732732829929 9.8 302
1732732840046 7.7 303
1732732850151 9.3 304
1732732860258 8.2 305
1732732870364 9.8 306
1732732880490 9.8 307
1732732890603 8.1 308
1732732900740 9.9 309
1732732910841 8.0 310
1732732920956 9.9 311
1732732931065 9.1 312
1732732941173 7.9 313
1732732951285 8.4 314
1732732961405 8.4 315
1732732971521 10.7 316
1732732981631 10.6 317
1732732991731 10.6 318
1732733001839 8.6 319
1732733011944 8.4 320
1732733022061 10.5 321
1732733032189 6.4 322
1732733042291 9.7 323
1732733052365 7.8 324
1732733062475 8.1 325
1732733072592 8.9 326
1732733082705 8.7 327
1732733092822 7.2 328
1732733102910 10.7 329
1732733113030 10.0 330
1732733123112 8.0 331
1732733133206 7.4 332
1732733143310 10.0 333
1732733153430 9.8 334
1732733163544 8.7 335
1732733173657 8.2 336
1732733183765 8.7 337
1732733193892 8.2 338
1732733204020 10.3 339
1732733214137 10.1 340
1732733224255 7.5 341
1732733234362 9.3 342
1732733244477 8.7 343
1732733254588 5.8 344
1732733264718 9.7 345
1732733274841 7.9 346
1732733284957 10.5 347
1732733295077 10.6 348
1732733305183 9.8 349
1732733315321 8.6 350
1732733325455 10.5 351
1732733335563 7.8 352
1732733345662 7.8 353
1732733355782 10.6 354
1732733365888 9.9 355
1732733376019 9.4 356
1732733386151 9.3 357
1732733396263 8.8 358
1732733406362 8.3 359
1732733416481 9.6 360
1732733426607 7.9 361
1732733436726 7.7 362
1732733446843 10.1 363
1732733456964 10.0 364
1732733467081 8.0 365
1732733477204 9.7 366
1732733487315 8.0 367
1732733497447 8.0 368
1732733507556 7.9 369
1732733517671 8.5 370
1732733527766 10.2 371
1732733537898 10.0 372
1732733548009 10.4 373
1732733558119 6.7 374
1732733568221 5.9 375
1732733578350 8.9 376
1732733588469 7.5 377
1732733598588 7.3 378
1732733608706 10.2 379
1732733618781 8.3 380
1732733628887 9.4 381
1732733639024 7.4 382
1732733649142 8.0 383
1732733659226 8.0 384
1732733669305 8.8 385
1732733679410 9.8 386
1732733689521 9.9 387
1732733699701 6.2 388
1732733709843 8.9 389
1732733719961 5.4 390
1732733730083 9.5 391
1732733740220 8.3 392
1732733750342 7.0 393
1732733760471 8.0 394
1732733770595 7.9 395
1732733780717 7.7 396
1732733790814 9.9 397
1732733800943 8.1 398
1732733811062 7.8 399
1732733821178 8.6 400
1732733831263 8.7 401
1732733841383 6.8 402
1732733851513 10.2 403
1732733861628 10.1 404
1732733871764 6.5 405
1732733881895 8.9 406
1732733892014 8.3 407
1732733902139 5.9 408
1732733912264 9.4 409
1732733922384 8.1 410
1732733932514 9.2 411
1732733942644 8.2 412
1732733952770 6.5 413
1732733962891 9.1 414
1732733973013 8.1 415
1732733983137 8.7 416
1732733993260 9.5 417
1732734003384 7.2 418
1732734013513 9.9 419
1732734023632 6.6 420
1732734033758 6.0 421
1732734043870 9.8 422
1732734054000 6.6 423
1732734064123 5.2 424
1732734074253 7.2 425
1732734084378 10.6 426
1732734094489 9.4 427
1732734104614 6.3 428
1732734114763 6.7 429
1732734124887 8.3 430
1732734134967 8.6 431
1732734145083 8.7 432
1732734155213 7.1 433
1732734165337 9.9 434
1732734175479 7.3 435
1732734185637 7.8 436
1732734195768 8.2 437
1732734205900 7.9 438
1732734215976 8.6 439
1732734226104 10.4 440
1732734236217 7.8 441
1732734246356 8.3 442
1732734256483 8.7 443
1732734266610 7.6 444
1732734276746 7.6 445
1732734286873 5.7 446
1732734296996 7.5 447
1732734307093 6.6 448
1732734317234 8.4 449
1732734327365 9.0 450
1732734337492 10.8 451
1732734347616 7.4 452
1732734357738 7.0 453
1732734367862 6.7 454
1732734377991 8.9 455
1732734388104 6.6 456
1732734398243 9.4 457
1732734408328 8.7 458
1732734418451 8.0 459
1732734428572 8.5 460
1732734438701 8.0 461
1732734448842 9.0 462
1732734458973 8.7 463
1732734469108 8.2 464
1732734479197 8.1 465
1732734489335 7.9 466
1732734499469 9.1 467
1732734509610 8.3 468
1732734519692 6.2 469
1732734529830 9.9 470
1732734539967 10.1 471
1732734550103 7.9 472
1732734560265 7.8 473
1732734570445 8.7 474
1732734580585 8.5 475
1732734590713 7.9 476
1732734600843 8.4 477
1732734610948 7.6 478
1732734621077 9.9 479
1732734631189 7.3 480
1732734641272 8.8 481
1732734651372 9.0 482
1732734661498 9.4 483
1732734671645 7.1 484
1732734681775 10.6 485
1732734691883 9.9 486
1732734702013 9.3 487
1732734712150 7.1 488
1732734722247 8.2 489
1732734732381 7.8 490
1732734742524 8.3 491
1732734752653 8.2 492
1732734762786 9.5 493
1732734772925 9.1 494
1732734783058 8.2 495
1732734793194 9.7 496
1732734803333 10.4 497
1732734813467 9.2 498
1732734823586 8.9 499
1732734833722 10.1 500
1732734843865 7.0 501
1732734853997 6.4 502
1732734864140 8.8 503
1732734874253 9.8 504
1732734884388 8.2 505
1732734894523 9.4 506
1732734904662 9.0 507
1732734914809 9.4 508
1732734924947 9.4 509
1732734935092 12.5 510
1732734945239 13.6 511
1732734955330 10.1 512
1732734965399 9.1 513
1732734975506 9.8 514
1732734985618 12.3 515
1732734995774 10.5 516
1732735005921 10.9 517
1732735016074 9.4 518
1732735026217 13.2 519
1732735036313 15.4 520
1732735046447 15.1 521
1732735056573 14.8 522
1732735066719 10.9 523
1732735076856 10.2 524
1732735086997 14.2 525
1732735097093 13.2 526
1732735107245 11.0 527
1732735117381 13.3 528
1732735127517 14.4 529
1732735137622 11.3 530
1732735147745 13.4 531
1732735157897 12.4 532
1732735168043 10.1 533
1732735178184 9.1 534
1732735188323 9.9 535
1732735198474 10.3 536
1732735208728 9.3 537
1732735218817 10.2 538
1732735228954 9.9 539
1732735239115 9.7 540
1732735249257 9.8 541
1732735259403 9.6 542
1732735269513 11.4 543
1732735279657 10.0 544
1732735289791 12.8 545
1732735299958 10.1 546
1732735310046 7.7 547
1732735320178 9.4 548
1732735330327 9.5 549
1732735340473 12.3 550
1732735350619 10.6 551
1732735360761 9.9 552
1732735370891 10.8 553
1732735381034 9.7 554
1732735391174 10.3 555
1732735401311 10.9 556
1732735411477 11.6 557
1732735421595 7.7 558
1732735431756 11.4 559
1732735441902 7.0 560
1732735452024 8.5 561
1732735462162 9.2 562
1732735472284 9.0 563
1732735482429 8.3 564
1732735492584 8.3 565
1732735502731 8.9 566
1732735512886 11.7 567
1732735522986 11.0 568
1732735533106 11.2 569
1732735543267 10.2 570
1732735553411 9.8 571
1732735563569 11.0 572
1732735573728 7.0 573
1732735583888 9.2 574
1732735594034 10.3 575
1732735604171 10.5 576
1732735614309 8.5 577
1732735624458 7.8 578
1732735634600 9.6 579
1732735644767 11.1 580
1732735654926 9.1 581
1732735665074 6.8 582
1732735675191 10.5 583
1732735685324 8.5 584
1732735695462 9.3 585
1732735705608 8.6 586
1732735715756 8.5 587
1732735725899 10.8 588
1732735735998 9.5 589
1732735746141 8.2 590
1732735756258 8.6 591
1732735766392 9.3 592
1732735776542 7.8 593
1732735786713 10.3 594
1732735796860 7.8 595
1732735807016 10.1 596
1732735817115 7.7 597
1732735827270 9.2 598
1732735837413 8.8 599
1732735847520 7.7 600
1732735857620 10.6 601
1732735867768 10.7 602
1732735877904 8.5 603
1732735888026 13.5 604
1732735898162 12.5 605
1732735908314 8.5 606
1732735918463 8.5 607
1732735928614 11.0 608
1732735938759 9.4 609
1732735948896 10.7 610
1732735959047 9.7 611
1732735969191 7.1 612
1732735979323 10.5 613
1732735989426 8.8 614
1732735999560 9.5 615
1732736009726 7.3 616
1732736019807 9.4 617
1732736029943 8.3 618
1732736040089 10.6 619
1732736050244 6.7 620
1732736060381 10.8 621
1732736070536 9.3 622
1732736080681 7.7 623
1732736090837 8.9 624
1732736100946 10.3 625
1732736111080 10.6 626
1732736121224 9.6 627
1732736131345 9.7 628
1732736141506 8.3 629
1732736151661 8.1 630
1732736161811 9.9 631
1732736171949 8.8 632
1732736182089 9.7 633
1732736192248 7.4 634
1732736202344 8.2 635
1732736212498 9.9 636
1732736222656 10.5 637
1732736232806 10.1 638
1732736242976 8.6 639
1732736253135 8.2 640
1732736263274 7.9 641
1732736273426 8.3 642
1732736283577 10.6 643
1732736293732 9.0 644
1732736303880 10.3 645
1732736314029 9.1 646
1732736324188 7.5 647
1732736334351 7.6 648
1732736344524 10.0 649
1732736354680 10.1 650
1732736364834 8.4 651
1732736374994 8.3 652
1732736385158 9.6 653
1732736395322 9.1 654
1732736405477 10.2 655
1732736415637 10.4 656
1732736425813 8.8 657
1732736435942 8.8 658
1732736446091 8.0 659
1732736456244 10.4 660
1732736466394 10.9 661
1732736476549 10.5 662
1732736486688 8.3 663
1732736496822 8.1 664
1732736506977 8.4 665
1732736517133 10.0 666
1732736527244 10.3 667
1732736537325 10.2 668
1732736547477 10.6 669
1732736557649 8.1 670
1732736567763 8.6 671
1732736577899 9.5 672
1732736588063 6.8 673
1732736598212 8.6 674
1732736608364 6.2 675
1732736618512 8.3 676
1732736628672 8.4 677
1732736638826 7.5 678
1732736648972 8.2 679
1732736659132 7.3 680
1732736669291 9.9 681
1732736679449 9.2 682
1732736689606 8.8 683
1732736699763 8.6 684
1732736709904 9.3 685
1732736720057 8.7 686
1732736730211 7.9 687
1732736740374 10.7 688
1732736750529 7.1 689
1732736760683 10.6 690
1732736770830 8.5 691
1732736780936 7.9 692
1732736791093 10.7 693
1732736801235 8.0 694
1732736811378 7.8 695
1732736821526 9.2 696
1732736831682 9.0 697
1732736841843 8.0 698
1732736852011 11.1 699
1732736862177 8.0 700
1732736872325 9.0 701
1732736882452 8.3 702
1732736892596 9.6 703
1732736902750 8.4 704
1732736912903 5.4 705
1732736923057 9.7 706
1732736933219 10.3 707
1732736943331 10.0 708
1732736953492 8.2 709
1732736963612 8.3 710
1732736973761 8.5 711
1732736983908 10.8 712
1732736994069 8.4 713
1732737004174 7.1 714
1732737014333 9.6 715
1732737024510 8.1 716
1732737034680 10.0 717
1732737044780 10.0 718
1732737054953 9.9 719
1732737065111 10.2 720
1732737075279 7.9 721
1732737085437 8.1 722
1732737095604 8.4 723
1732737105761 8.0 724
1732737115921 8.9 725
1732737126068 10.2 726
1732737136170 9.5 727
1732737146322 7.5 728
1732737156506 8.4 729
1732737166662 7.5 730
1732737176809 9.8 731
1732737186979 9.8 732
1732737197129 7.7 733
1732737207240 7.5 734
1732737217363 7.6 735
1732737227524 10.4 736
1732737237679 7.9 737
1732737247855 8.6 738
1732737258011 8.1 739
1732737268175 8.8 740
1732737278343 8.4 741
1732737288518 10.0 742
1732737298682 8.4 743
1732737308833 7.8 744
1732737318986 9.9 745
1732737329149 10.8 746
1732737339307 8.4 747
1732737349472 7.9 748
1732737359646 10.6 749
1732737369801 9.1 750
1732737379967 10.1 751
1732737390125 7.8 752
1732737400296 8.1 753
1732737410456 10.2 754
1732737422970 8.1 755
1732737433148 6.1 756
1732737443315 7.3 757
1732737453473 10.9 758
1732737463640 10.1 759
1732737474223 6.5 760
1732737484391 9.3 761
1732737494566 10.5 762
1732737504716 10.7 763
1732737514884 9.4 764
1732737524993 7.1 765
1732737535185 8.1 766
1732737545353 6.3 767
1732737555471 8.0 768
1732737565586 10.0 769
1732737575747 8.0 770
1732737585906 10.6 771
1732737596078 10.2 772
1732737606186 6.6 773
1732737616337 10.6 774
1732737626530 10.9 775
1732737636690 8.8 776
1732737646820 10.5 777
1732737656981 8.2 778
1732737667148 9.6 779
1732737677307 8.0 780
1732737687482 9.7 781
1732737697667 8.2 782
1732737707850 10.6 783
1732737718020 8.3 784
1732737728191 10.0 785
1732737738315 7.6 786
1732737748501 9.0 787
1732737758666 8.7 788
1732737768822 10.4 789
1732737778988 8.4 790
1732737789148 8.3 791
1732737799324 8.2 792
1732737809501 10.8 793
1732737819671 8.7 794
1732737829840 8.3 795
1732737840005 8.3 796
1732737850121 8.1 797
1732737860285 8.5 798
1732737870466 10.1 799
1732737880652 10.7 800
1732737890822 10.4 801
1732737901005 8.8 802
1732737911170 7.1 803
1732737921330 9.7 804
1732737931500 9.5 805
1732737941668 9.8 806
1732737951832 8.2 807
1732737962045 6.3 808
1732737972210 7.9 809
1732737982354 10.5 810
1732737992497 8.4 811
1732738002663 8.1 812
1732738012839 10.5 813
1732738023008 8.5 814
1732738033130 8.1 815
1732738043303 10.6 816
1732738053479 11.1 817
1732738063657 10.6 818
1732738073843 10.0 819
1732738083992 8.4 820
1732738094147 10.4 821
1732738104264 10.5 822
1732738114401 10.6 823
1732738124556 7.4 824
1732738134722 10.2 825
1732738144907 10.1 826
1732738155060 6.9 827
1732738165236 6.4 828
1732738175417 8.2 829
1732738185536 9.5 830
1732738195683 10.2 831
1732738205838 10.3 832
1732738216010 9.4 833
1732738226178 7.0 834
1732738236343 9.7 835
1732738246508 8.6 836
1732738256696 9.8 837
1732738266859 9.7 838
1732738277030 8.7 839
1732738287191 7.6 840
1732738297361 7.6 841
1732738307522 7.3 842
1732738317693 10.7 843
1732738327885 8.8 844
1732738338081 8.7 845
1732738348267 9.3 846
1732738358387 9.4 847
1732738368508 10.6 848
1732738378657 10.7 849
1732738388838 9.0 850
1732738399005 9.0 851
1732738409175 8.6 852
1732738419313 10.2 853
1732738429488 9.9 854
1732738439665 10.6 855
1732738449779 9.4 856
1732738459944 7.3 857
1732738470129 9.1 858
1732738480307 8.8 859
1732738490449 9.3 860
1732738500562 11.8 861
1732738510748 11.0 862
1732738520906 13.0 863
1732738531032 16.4 864
1732738541193 13.9 865
1732738551360 9.1 866
1732738561540 13.7 867
1732738571713 16.6 868
1732738581831 9.9 869
1732738591943 11.9 870
1732738602098 9.2 871
1732738612268 10.4 872
1732738622445 15.2 873
1732738632570 19.3 874
1732738642715 13.0 875
1732738652875 10.7 876
1732738663039 12.1 877
1732738673208 9.8 878
1732738683369 13.8 879
1732738693529 13.0 880
1732738703679 13.3 881
1732738713831 15.8 882
1732738723958 12.6 883
1732738734149 11.9 884
1732738744340 15.4 885
1732738755087 16.0 886
1732738765264 14.9 887
1732738775453 15.9 888
1732738785577 14.6 889
1732738795737 15.1 890
1732738805906 10.8 891
1732738816096 11.2 892
1732738826268 8.3 893
1732738836445 11.3 894
1732738846576 5.8 895
1732738856722 8.7 896
1732738866895 11.6 897
1732738877111 8.9 898
1732738887297 10.9 899
1732738897424 11.7 900
1732738907597 14.9 901
1732738917742 13.5 902
1732738927909 10.1 903
1732738938086 9.7 904
1732738948226 14.1 905
1732738958407 13.4 906
1732738968595 13.2 907
1732738978734 12.1 908
1732738988882 12.3 909
1732738999060 11.8 910
1732739009233 7.7 911
1732739019415 10.9 912
1732739029571 12.7 913
1732739039761 19.3 914
1732739049923 18.0 915
1732739060123 14.5 916
1732739070258 14.4 917
1732739080411 14.3 918
1732739090544 16.1 919
1732739100726 11.3 920
1732739110905 9.2 921
1732739121059 9.3 922
1732739131203 12.0 923
1732739141318 19.2 924
1732739151459 17.2 925
1732739161613 15.8 926
1732739171741 17.6 927
1732739181922 14.3 928
1732739192106 16.7 929
1732739202266 12.4 930
1732739212411 10.2 931
1732739222588 10.7 932
1732739232761 8.9 933
1732739242930 11.7 934
1732739253110 19.5 935
1732739263293 16.6 936
1732739273458 15.7 937
1732739283702 11.9 938
1732739293872 7.5 939
1732739304060 10.8 940
1732739314210 19.7 941
1732739324394 16.7 942
1732739334547 15.8 943
1732739344729 16.4 944
1732739354928 13.8 945
1732739365077 15.7 946
1732739375235 11.3 947
1732739385382 13.1 948
1732739395506 10.5 949
1732739405670 13.0 950
1732739415779 15.3 951
1732739425939 11.9 952
1732739436120 6.3 953
1732739446250 10.9 954
1732739456391 16.6 955
1732739466523 18.3 956
1732739476675 16.6 957
1732739486860 17.2 958
1732739497032 15.4 959
1732739507156 17.4 960
1732739517293 17.0 961
1732739527427 16.6 962
1732739537585 20.0 963
1732739547744 17.3 964
1732739557862 16.3 965
1732739568057 16.1 966
1732739578248 16.1 967
1732739588420 16.3 968
1732739598581 17.4 969
1732739608744 14.6 970
1732739618938 9.8 971
1732739629122 10.7 972
1732739639311 9.1 973
1732739649509 9.8 974
1732739659693 8.4 975
1732739669889 11.6 976
1732739680026 18.5 977
1732739690212 15.0 978
1732739700399 14.9 979
1732739710590 11.6 980
1732739720777 17.7 981
1732739730968 17.3 982
1732739741150 14.6 983
1732739751285 17.0 984
1732739761403 15.1 985
1732739771584 11.2 986
1732739781770 12.2 987
1732739791957 10.2 988
1732739802133 8.9 989
1732739812307 14.3 990
1732739822481 12.0 991
1732739832692 10.3 992
1732739842849 15.6 993
1732739853048 13.3 994
1732739863225 14.1 995
1732739873413 14.5 996
1732739883546 14.0 997
1732739893714 11.0 998
1732739903925 13.1 999
1732739914133 10.5 1000
1732739924322 10.1 1001
1732739934497 11.0 1002
1732739944695 11.8 1003
1732739954873 12.1 1004
1732739965064 15.5 1005
1732739975247 12.0 1006
1732739985371 17.3 1007
1732739995502 16.4 1008
1732740005652 15.8 1009
1732740015828 16.6 1010
1732740026034 15.2 1011
1732740036211 16.1 1012
1732740046345 11.9 1013
1732740056512 9.2 1014
1732740066663 15.2 1015
1732740077004 18.1 1016
1732740087178 15.3 1017
1732740097345 17.5 1018
1732740107532 15.2 1019
1732740117743 12.8 1020
1732740127936 10.1 1021
1732740138090 8.7 1022
1732740148249 9.2 1023
1732740158450 15.8 1024
1732740168576 11.0 1025
1732740178764 11.9 1026
1732740188937 9.0 1027
1732740199102 10.7 1028
1732740209234 11.2 1029
1732740219404 8.9 1030
1732740229572 7.6 1031
1732740239730 10.0 1032
1732740249938 9.7 1033
1732740260122 15.4 1034
1732740270289 11.3 1035
1732740280476 12.5 1036
1732740290648 13.4 1037
1732740300781 12.0 1038
1732740310962 19.4 1039
1732740321159 17.9 1040
1732740331343 17.8 1041
1732740341499 16.6 1042
1732740351666 16.3 1043
1732740361844 13.1 1044
1732740372036 13.8 1045
1732740382213 16.1 1046
1732740392383 15.3 1047
1732740402562 16.0 1048
1732740412733 13.2 1049
1732740422928 10.1 1050
1732740433142 12.2 1051
1732740443340 9.5 1052
1732740453479 11.1 1053
1732740463653 9.2 1054
1732740473846 8.7 1055
1732740483963 11.2 1056
1732740494149 9.7 1057
1732740504353 10.5 1058
1732740514529 14.3 1059
1732740524719 16.7 1060
1732740534907 15.3 1061
1732740545092 12.2 1062
1732740555303 12.0 1063
1732740565490 11.6 1064
1732740575707 10.9 1065
1732740585924 9.6 1066
1732740596070 13.6 1067
1732740606252 9.7 1068
1732740616430 10.8 1069
1732740626639 11.7 1070
1732740636779 9.2 1071
1732740646922 10.3 1072
1732740657049 10.8 1073
1732740667178 10.5 1074
1732740677375 11.1 1075
1732740687587 9.0 1076
1732740697712 10.6 1077
1732740707923 9.5 1078
1732740718052 11.0 1079
1732740728182 10.5 1080
1732740738311 10.7 1081
1732740748489 11.6 1082
1732740758618 10.7 1083
1732740768741 9.6 1084
1732740778934 10.9 1085
1732740789072 10.6 1086
1732740799215 12.3 1087
1732740809371 9.8 1088
1732740819549 7.5 1089
1732740829679 9.1 1090
1732740839814 11.6 1091
1732740849942 11.3 1092
1732740860116 11.1 1093
1732740870253 9.2 1094
1732740880469 10.8 1095
1732740890596 10.5 1096
1732740900738 11.0 1097
1732740910870 10.6 1098
1732740921002 10.7 1099
1732740931175 13.2 1100
1732740941336 16.2 1101
1732740951495 19.1 1102
1732740961650 17.8 1103
1732740971838 14.2 1104
1732740982031 21.2 1105
1732740992223 15.9 1106
1732741002370 18.8 1107
1732741012524 19.7 1108
1732741022754 14.1 1109
1732741032943 12.3 1110
1732741043140 8.6 1111
1732741053320 11.2 1112
1732741063529 10.8 1113
1732741073715 11.1 1114
1732741083890 8.3 1115
1732741094076 11.0 1116
1732741104274 21.3 1117
1732741114453 18.1 1118
1732741124657 9.7 1119
1732741134802 10.1 1120
1732741144971 14.6 1121
1732741155121 16.7 1122
1732741165315 17.3 1123
1732741175510 11.9 1124
1732741185708 13.5 1125
1732741195884 17.0 1126
1732741206060 17.7 1127
1732741216239 14.7 1128
1732741226391 12.3 1129
1732741236520 18.4 1130
1732741246699 20.0 1131
1732741256898 10.2 1132
1732741267085 12.7 1133
1732741277258 11.7 1134
1732741287461 11.0 1135
1732741297609 11.1 1136
1732741307800 8.4 1137
1732741318014 9.1 1138
1732741328209 9.0 1139
1732741338420 11.1 1140
1732741348658 11.7 1141
1732741358848 10.4 1142
1732741369026 8.8 1143
1732741379235 10.6 1144
1732741389578 9.1 1145
1732741399794 10.6 1146
1732741409991 11.5 1147
1732741420171 8.7 1148
1732741430365 8.8 1149
1732741440571 6.2 1150
1732741450786 11.0 1151
1732741460977 8.8 1152
1732741471195 11.2 1153
1732741481403 8.7 1154
1732741491537 8.5 1155
1732741501665 9.3 1156
1732741511858 10.9 1157
1732741522075 7.9 1158
1732741532297 8.8 1159
1732741542432 10.9 1160
1732741552630 8.7 1161
1732741562838 9.2 1162
1732741572988 11.3 1163
1732741583133 10.6 1164
1732741593328 11.4 1165
1732741603527 9.4 1166
1732741613725 10.0 1167
1732741623868 9.0 1168
1732741634056 11.4 1169
1732741644235 9.3 1170
1732741654444 11.0 1171
1732741664667 8.9 1172
1732741674875 8.6 1173
1732741685023 9.6 1174
1732741695200 11.1 1175
1732741705397 10.9 1176
1732741715588 10.8 1177
1732741725787 8.8 1178
1732741735962 8.5 1179
1732741746169 9.2 1180
1732741756318 9.4 1181
1732741766446 10.0 1182
1732741776589 10.4 1183
1732741786784 8.9 1184
1732741796966 9.2 1185
1732741807155 7.5 1186
1732741817287 9.4 1187
1732741827492 8.4 1188
1732741837700 8.6 1189
1732741847900 9.2 1190
1732741858100 9.6 1191
1732741868295 8.4 1192
1732741878487 10.0 1193
1732741888665 11.6 1194
1732741898848 10.7 1195
1732741909035 9.1 1196
1732741919208 10.6 1197
1732741929387 8.3 1198
1732741939597 10.1 1199
1732741949817 11.4 1200
1732741960013 10.7 1201
1732741970199 8.4 1202
1732741980381 10.8 1203
1732741990573 9.7 1204
1732742000733 10.2 1205
1732742010909 11.7 1206
1732742021132 10.5 1207
1732742031352 8.3 1208
1732742041491 9.2 1209
1732742051692 9.9 1210
1732742061817 9.6 1211
1732742072015 8.8 1212
1732742082198 9.7 1213
1732742092396 9.5 1214
1732742102598 10.0 1215
1732742112777 8.2 1216
1732742122969 8.5 1217
1732742133155 10.5 1218
1732742143376 9.2 1219
1732742153565 10.1 1220
1732742163748 8.8 1221
1732742173980 8.5 1222
1732742184182 8.4 1223
1732742194373 10.3 1224
1732742204567 10.6 1225
1732742214737 10.2 1226
1732742224921 10.4 1227
1732742235135 9.0 1228
1732742245317 10.4 1229
1732742255500 7.9 1230
1732742265681 10.4 1231
1732742275828 8.9 1232
1732742285957 10.0 1233
1732742296153 9.0 1234
1732742306337 9.0 1235
1732742316532 10.0 1236
1732742326716 8.4 1237
1732742336919 10.1 1238
1732742347062 8.2 1239
1732742357220 9.0 1240
1732742367422 9.3 1241
1732742377601 10.5 1242
1732742387784 11.2 1243
1732742397977 10.6 1244
1732742408156 7.9 1245
1732742418296 8.5 1246
1732742428445 10.7 1247
1732742438578 10.4 1248
1732742448779 10.5 1249
1732742458949 8.5 1250
1732742469101 10.0 1251
1732742479293 8.5 1252
1732742489437 9.2 1253
1732742499584 10.4 1254
1732742509791 9.2 1255
1732742519980 9.4 1256
1732742530170 9.9 1257
1732742540362 7.9 1258
1732742550550 8.9 1259
1732742560684 10.7 1260
1732742570875 10.2 1261
1732742581066 10.1 1262
1732742591255 10.3 1263
1732742601451 8.5 1264
1732742611669 9.4 1265
1732742621865 10.2 1266
1732742632083 10.2 1267
1732742642311 9.1 1268
1732742652493 10.6 1269
1732742662763 8.3 1270
1732742672893 11.1 1271
1732742683110 10.3 1272
1732742693262 8.5 1273
1732742703461 10.6 1274
1732742713695 9.2 1275
1732742723908 10.0 1276
1732742734092 9.7 1277
1732742744287 9.6 1278
1732742754504 8.9 1279
1732742764703 9.5 1280
1732742774908 8.4 1281
1732742785110 10.2 1282
1732742795314 9.8 1283
1732742805544 10.1 1284
1732742815725 10.1 1285
1732742825989 8.4 1286
1732742836182 8.9 1287
1732742846341 10.7 1288
1732742856559 10.2 1289
1732742866756 8.8 1290
1732742876953 10.7 1291
1732742887167 10.0 1292
1732742897313 8.4 1293
1732742907460 10.6 1294
1732742917685 10.6 1295
1732742927864 8.6 1296
1732742938033 10.2 1297
1732742948245 9.2 1298
1732742958431 8.7 1299
1732742968620 9.5 1300
1732742978782 11.2 1301
1732742988996 9.8 1302
1732742999199 10.6 1303
1732743009397 9.6 1304
1732743019608 8.5 1305
1732743029798 9.1 1306
1732743039982 8.0 1307
1732743050191 8.6 1308
1732743060382 10.8 1309
1732743070572 10.8 1310
1732743080777 8.4 1311
1732743090949 11.1 1312
1732743101095 9.3 1313
1732743111287 8.7 1314
1732743121427 10.9 1315
1732743131613 8.8 1316
1732743141802 8.3 1317
1732743152005 10.9 1318
1732743162188 8.2 1319
1732743172406 10.5 1320
1732743182613 10.7 1321
1732743192802 10.9 1322
1732743202994 8.6 1323
1732743213188 11.2 1324
1732743223341 11.3 1325
1732743233525 10.6 1326
1732743243782 8.0 1327
1732743253995 9.4 1328
1732743264203 7.0 1329
1732743274433 9.7 1330
1732743284632 10.8 1331
1732743294830 10.2 1332
1732743305039 10.4 1333
1732743315184 9.0 1334
1732743325370 10.8 1335
1732743335533 8.3 1336
1732743345706 9.6 1337
1732743355936 7.1 1338
1732743366126 9.7 1339
1732743376338 8.7 1340
1732743386498 11.1 1341
1732743396661 10.3 1342
1732743406852 10.9 1343
1732743416994 10.7 1344
1732743427184 10.4 1345
1732743437397 9.4 1346
1732743447592 9.3 1347
1732743457799 7.6 1348
1732743467942 8.7 1349
1732743478175 10.8 1350
1732743488375 10.5 1351
1732743498582 8.6 1352
1732743508747 11.2 1353
1732743518945 10.8 1354
1732743529143 10.4 1355
1732743539325 10.4 1356
1732743549508 9.4 1357
1732743559729 7.0 1358
1732743569924 10.3 1359
1732743580114 10.6 1360
1732743590313 8.2 1361
1732743600538 8.9 1362
1732743610729 10.8 1363
1732743620915 8.1 1364
1732743631073 11.1 1365
1732743641258 7.8 1366
1732743651484 9.5 1367
1732743661713 10.9 1368
1732743671949 10.7 1369
1732743682171 8.1 1370
1732743692359 10.7 1371
1732743702506 10.6 1372
1732743712665 10.6 1373
1732743722864 10.7 1374
1732743733062 6.7 1375
1732743743249 10.7 1376
1732743753446 10.6 1377
1732743763659 8.8 1378
1732743773857 10.4 1379
1732743784053 9.0 1380
1732743794254 8.4 1381
1732743804441 11.0 1382
1732743814638 9.7 1383
1732743824881 7.8 1384
1732743835395 10.6 1385
1732743845707 9.4 1386
1732743855846 9.6 1387
1732743865992 10.4 1388
1732743876187 9.8 1389
1732743886333 8.3 1390
1732743896476 11.1 1391
1732743906673 8.4 1392
1732743916877 10.6 1393
1732743927083 9.0 1394
1732743937352 10.5 1395
1732743947563 10.3 1396
1732743957762 9.7 1397
1732743967959 9.2 1398
1732743978172 9.6 1399
1732743988377 9.8 1400
1732743998587 10.0 1401
1732744008742 9.6 1402
1732744018903 8.4 1403
1732744029128 7.6 1404
1732744039352 9.9 1405
1732744049568 10.7 1406
1732744059779 9.0 1407
1732744069921 9.5 1408
1732744080123 9.4 1409
1732744090311 10.1 1410
1732744100524 7.8 1411
1732744110733 10.8 1412
1732744120886 10.7 1413
1732744131099 8.1 1414
1732744141328 8.7 1415
1732744151483 10.5 1416
1732744161648 10.0 1417
1732744171897 11.5 1418
1732744182132 8.5 1419
1732744192351 10.2 1420
1732744202511 10.4 1421
1732744212692 8.2 1422
1732744222875 6.9 1423
1732744233036 10.8 1424
1732744243269 8.5 1425
1732744253479 10.2 1426
1732744263636 9.8 1427
1732744273855 10.2 1428
1732744284013 10.8 1429
1732744294320 9.3 1430
1732744304477 9.5 1431
1732744314728 10.4 1432
1732744324890 10.1 1433
1732744335082 7.2 1434
1732744345286 10.2 1435
1732744355484 7.9 1436
1732744365680 7.8 1437
1732744375872 10.4 1438
1732744386071 8.6 1439
1732744396266 11.2 1440
1732744406465 10.6 1441
1732744416614 8.3 1442
1732744426788 10.2 1443
1732744436995 11.4 1444
1732744447194 10.7 1445
1732744457354 9.8 1446
1732744467502 9.8 1447
1732744477669 10.8 1448
1732744487897 8.8 1449
1732744498112 11.1 1450
1732744508286 9.5 1451
1732744518465 7.8 1452
1732744528662 10.3 1453
1732744538855 8.8 1454
1732744549066 10.4 1455
1732744559239 11.1 1456
1732744569430 8.7 1457
1732744579611 10.4 1458
1732744589775 9.7 1459
1732744599941 9.1 1460
1732744610160 8.7 1461
1732744620333 9.1 1462
1732744630539 8.7 1463
1732744640782 7.8 1464
1732744650943 10.4 1465
1732744661155 8.9 1466
1732744671329 10.5 1467
1732744681541 10.5 1468
1732744691870 8.5 1469
1732744702073 10.3 1470
1732744712268 10.6 1471
1732744722436 8.9 1472
1732744732596 10.4 1473
1732744742776 8.3 1474
1732744752937 10.3 1475
1732744763165 10.4 1476
1732744773359 10.5 1477
1732744783561 10.3 1478
1732744793761 8.7 1479
1732744803970 7.4 1480
1732744814167 10.3 1481
1732744824353 9.1 1482
1732744834548 9.9 1483
1732744844772 9.8 1484
1732744854947 9.4 1485
1732744865172 9.0 1486
1732744875403 8.7 1487
1732744885590 10.6 1488
1732744895771 10.7 1489
1732744905981 10.5 1490
1732744916174 8.3 1491
1732744926357 9.3 1492
1732744936564 7.2 1493
1732744946778 8.3 1494
1732744957001 10.2 1495
1732744967170 10.5 1496
1732744977374 8.7 1497
1732744987597 10.5 1498
1732744997769 10.8 1499
1732745008000 8.0 1500
1732745018200 10.3 1501
1732745028406 10.5 1502
1732745038609 8.0 1503
1732745048832 9.1 1504
1732745058988 10.3 1505
1732745069189 11.0 1506
1732745079387 8.2 1507
1732745089583 9.4 1508
1732745099890 9.0 1509
1732745110064 10.4 1510
1732745120251 10.1 1511
1732745130437 11.3 1512
1732745140630 10.0 1513
1732745150785 8.1 1514
1732745160993 10.4 1515
1732745171206 8.8 1516
1732745181416 8.6 1517
1732745191626 6.8 1518
1732745201857 10.1 1519
1732745212044 8.9 1520
1732745222242 9.0 1521
1732745232451 10.9 1522
1732745242633 10.6 1523
1732745252846 11.4 1524
1732745263062 12.5 1525
1732745273281 9.7 1526
1732745283458 12.3 1527
1732745293685 10.8 1528
1732745303892 12.5 1529
1732745314088 13.5 1530
1732745324310 9.3 1531
1732745334529 9.4 1532
1732745344699 11.4 1533
1732745354922 14.9 1534
1732745365156 11.5 1535
1732745375383 10.1 1536
1732745385589 11.2 1537
1732745395806 12.1 1538
1732745406000 13.7 1539
1732745416165 12.7 1540
1732745426379 10.8 1541
1732745436578 11.9 1542
1732745446783 8.9 1543
1732745457007 10.7 1544
1732745467216 12.2 1545
1732745477453 12.6 1546
1732745487681 11.7 1547
1732745497840 9.8 1548
1732745508157 10.8 1549
1732745518358 10.0 1550
1732745528528 12.0 1551
1732745538750 10.3 1552
1732745548953 10.9 1553
1732745559415 14.2 1554
1732745569627 20.4 1555
1732745579830 21.1 1556
1732745590007 20.5 1557
1732745600213 19.7 1558
1732745610406 19.1 1559
1732745620605 17.4 1560
1732745630788 16.3 1561
1732745640999 13.7 1562
1732745651191 12.9 1563
1732745661387 15.6 1564
1732745671609 19.4 1565
1732745681812 17.1 1566
1732745691993 17.1 1567
1732745702233 14.9 1568
1732745712443 12.6 1569
1732745722588 16.6 1570
1732745732773 17.9 1571
1732745742987 16.2 1572
1732745753207 16.1 1573
1732745763398 15.2 1574
1732745773581 12.9 1575
1732745783759 17.4 1576
1732745793927 18.1 1577
1732745804087 15.7 1578
1732745814322 13.1 1579
1732745824559 16.4 1580
1732745834732 14.4 1581
1732745844957 12.6 1582
1732745855145 13.6 1583
1732745865372 16.4 1584
1732745875601 12.7 1585
1732745885758 14.9 1586
1732745895926 15.5 1587
1732745906137 13.8 1588
1732745916472 15.3 1589
1732745926674 17.1 1590
1732745936902 16.4 1591
1732745947190 19.7 1592
1732745957398 13.6 1593
1732745967571 13.5 1594
1732745977785 14.5 1595
1732745987980 14.3 1596
1732745998211 14.6 1597
1732746008821 14.5 1598
1732746019035 12.7 1599
1732746029207 13.8 1600
1732746039360 10.8 1601
1732746049564 13.3 1602
1732746059780 8.2 1603
1732746069980 10.5 1604
1732746080154 15.9 1605
1732746090348 16.1 1606
1732746100560 20.3 1607
1732746110763 15.1 1608
1732746120943 11.1 1609
1732746131116 15.3 1610
1732746141291 14.3 1611
1732746151511 13.5 1612
1732746161722 15.3 1613
1732746171939 15.6 1614
1732746182124 14.8 1615
1732746192367 14.7 1616
1732746202555 13.4 1617
1732746212778 16.3 1618
1732746222993 13.1 1619
1732746233174 13.9 1620
1732746243650 13.0 1621
1732746253866 14.5 1622
1732746264051 14.5 1623
1732746274287 13.9 1624
1732746284488 11.7 1625
1732746294685 9.1 1626
1732746304967 9.6 1627
1732746315194 13.5 1628
1732746325516 13.0 1629
1732746335746 15.3 1630
1732746345928 15.0 1631
1732746356126 15.0 1632
1732746366337 13.7 1633
1732746376560 12.1 1634
1732746386735 10.6 1635
1732746396907 12.5 1636
1732746407069 11.2 1637
1732746417287 9.8 1638
1732746427501 11.3 1639
1732746437728 11.5 1640
1732746447952 11.6 1641
1732746458196 12.1 1642
1732746468416 10.5 1643
1732746478623 10.2 1644
1732746488839 10.7 1645
1732746499071 10.7 1646
1732746509288 11.8 1647
1732746519515 10.0 1648
1732746529732 9.8 1649
1732746539951 8.6 1650
1732746550162 11.8 1651
1732746560396 11.4 1652
1732746570628 9.6 1653
1732746580797 7.3 1654
1732746591021 10.4 1655
1732746601254 12.1 1656
1732746611453 13.1 1657
1732746621685 11.7 1658
1732746631918 12.2 1659
1732746642150 9.0 1660
1732746652402 11.2 1661
1732746662638 12.7 1662
1732746672869 11.2 1663
1732746683082 11.5 1664
1732746693329 9.3 1665
1732746703511 9.4 1666
1732746713745 12.0 1667
1732746723973 12.8 1668
1732746734271 12.1 1669
1732746744493 10.7 1670
1732746754721 14.4 1671
1732746764944 14.3 1672
1732746775193 15.2 1673
1732746785399 13.8 1674
1732746795604 16.1 1675
1732746805796 18.6 1676
1732746816030 18.7 1677
1732746826202 16.2 1678
1732746836385 15.6 1679
1732746846599 17.2 1680
1732746856766 15.7 1681
1732746866988 19.1 1682
1732746877207 13.3 1683
1732746887434 10.7 1684
1732746897680 11.5 1685
1732746907914 12.4 1686
1732746918124 17.9 1687
1732746928328 17.4 1688
1732746938533 16.9 1689
1732746948743 15.1 1690
1732746958981 17.2 1691
1732746969182 15.2 1692
1732746979371 14.0 1693
1732746989580 11.7 1694
1732746999801 11.3 1695
1732747009985 9.5 1696
1732747020178 9.1 1697
1732747030408 8.3 1698
1732747040610 9.6 1699
1732747050857 8.7 1700
1732747061082 11.5 1701
1732747071324 11.5 1702
1732747081574 11.6 1703
1732747091752 9.6 1704
1732747101980 11.3 1705
1732747112203 11.4 1706
1732747122438 11.0 1707
1732747132655 10.9 1708
1732747142887 10.0 1709
1732747153063 11.2 1710
1732747163299 10.2 1711
1732747173492 11.3 1712
1732747183669 11.3 1713
1732747193883 11.8 1714
1732747204098 10.0 1715
1732747214286 11.2 1716
1732747224494 9.1 1717
1732747234694 8.0 1718
1732747244857 9.3 1719
1732747255063 10.7 1720
1732747265285 9.7 1721
1732747275508 10.4 1722
1732747285695 10.0 1723
1732747295893 11.1 1724
1732747306138 10.4 1725
1732747316486 10.3 1726
1732747327014 10.9 1727
1732747337249 10.7 1728
1732747347423 10.5 1729
1732747357653 9.4 1730
1732747367882 9.0 1731
1732747378114 10.7 1732
1732747388325 11.0 1733
1732747398547 10.9 1734
1732747408797 10.1 1735
1732747419005 11.5 1736
1732747429236 9.3 1737
1732747439458 10.8 1738
1732747449666 11.3 1739
1732747459867 10.8 1740
1732747470102 10.3 1741
1732747480275 11.6 1742
1732747490511 11.4 1743
1732747500747 11.3 1744
1732747510975 11.6 1745
1732747521158 8.9 1746
1732747531314 9.8 1747
1732747541555 8.4 1748
1732747551762 10.3 1749
1732747561985 8.6 1750
1732747572233 11.5 1751
1732747582460 11.8 1752
1732747592652 9.8 1753
1732747602871 11.5 1754
1732747613084 10.9 1755
1732747623300 9.2 1756
1732747633521 10.3 1757
1732747643734 8.0 1758
1732747653984 10.1 1759
1732747664206 8.5 1760
1732747674451 8.7 1761
1732747684672 10.2 1762
1732747694854 10.0 1763
1732747705022 10.8 1764
1732747715222 10.4 1765
1732747725441 9.0 1766
1732747735744 10.2 1767
1732747745978 9.3 1768
1732747756198 10.3 1769
1732747766423 10.7 1770
1732747776614 9.5 1771
1732747786828 9.2 1772
1732747797075 11.1 1773
1732747807318 10.9 1774
1732747817485 11.0 1775
1732747827671 10.8 1776
1732747837888 8.1 1777
1732747848108 9.7 1778
1732747858372 7.6 1779
1732747868564 10.1 1780
1732747878744 10.8 1781
1732747888967 11.4 1782
1732747899199 9.4 1783
1732747909463 9.6 1784
1732747919678 10.3 1785
1732747929853 10.4 1786
1732747940066 8.4 1787
1732747950252 10.5 1788
1732747960498 8.5 1789
1732747970726 9.9 1790
1732747980936 9.9 1791
1732747991156 10.6 1792
1732748001318 9.5 1793
1732748011911 9.3 1794
1732748022125 9.4 1795
1732748032353 7.4 1796
1732748042599 9.7 1797
1732748052833 8.1 1798
1732748063079 8.9 1799
1732748073270 10.7 1800
1732748083493 8.9 1801
1732748093686 8.3 1802
1732748103904 9.2 1803
1732748114150 10.3 1804
1732748124338 11.0 1805
1732748134547 11.0 1806
1732748144781 9.2 1807
1732748155029 7.0 1808
1732748165228 10.6 1809
1732748175467 10.6 1810
1732748185688 11.3 1811
1732748195942 10.4 1812
1732748206172 8.0 1813
1732748216404 9.4 1814
1732748226608 10.5 1815
1732748236839 8.9 1816
1732748247070 8.9 1817
1732748257403 10.1 1818
1732748267572 8.7 1819
1732748277773 10.8 1820
1732748288005 10.3 1821
1732748298219 11.0 1822
1732748308483 11.1 1823
1732748318725 10.3 1824
1732748328938 8.9 1825
1732748339126 7.1 1826
1732748349302 9.7 1827
1732748359525 6.9 1828
1732748369731 10.7 1829
1732748379956 10.2 1830
1732748390191 8.6 1831
1732748400402 10.1 1832
1732748410628 9.3 1833
1732748420807 10.0 1834
1732748431060 8.8 1835
1732748441624 9.8 1836
1732748451843 9.1 1837
1732748462074 9.3 1838
1732748472247 8.5 1839
1732748482477 10.2 1840
1732748492663 10.4 1841
1732748502838 8.8 1842
1732748513012 9.5 1843
1732748523175 9.7 1844
1732748533374 10.7 1845
1732748543625 9.5 1846
1732748553880 8.4 1847
1732748564127 9.8 1848
1732748574320 9.6 1849
1732748584546 6.7 1850
1732748594783 10.2 1851
1732748604991 11.0 1852
1732748615189 9.1 1853
1732748625372 10.2 1854
1732748635593 9.7 1855
1732748645816 9.1 1856
1732748656055 11.3 1857
1732748666298 11.1 1858
1732748676507 10.4 1859
1732748686738 8.6 1860
1732748696980 8.6 1861
1732748707236 10.5 1862
1732748717410 8.7 1863
1732748727628 10.9 1864
1732748737840 9.4 1865
1732748748181 9.9 1866
1732748758411 8.1 1867
1732748768656 9.9 1868
1732748778874 10.8 1869
1732748789141 10.9 1870
1732748799368 10.4 1871
1732748809610 9.2 1872
1732748819854 7.7 1873
1732748830074 9.6 1874
1732748840267 9.7 1875
1732748850490 9.9 1876
1732748860673 10.4 1877
1732748870864 11.1 1878
1732748881057 6.9 1879
1732748891250 8.3 1880
1732748901483 10.5 1881
1732748911660 10.6 1882
1732748921876 10.5 1883
1732748932047 10.9 1884
1732748942260 8.6 1885
1732748952447 10.8 1886
1732748962673 11.0 1887
1732748972853 11.8 1888
1732748983081 10.0 1889
1732748993307 9.3 1890
1732749003537 8.4 1891
1732749013763 9.7 1892
1732749024011 9.5 1893
1732749034270 10.1 1894
1732749044491 10.7 1895
1732749054690 10.5 1896
1732749064878 7.5 1897
1732749075108 8.5 1898
1732749085331 9.6 1899
1732749095526 7.8 1900
1732749105771 10.2 1901
1732749116014 10.9 1902
1732749126239 8.7 1903
1732749136436 9.7 1904
1732749146661 10.1 1905
1732749156838 11.1 1906
1732749167093 11.0 1907
1732749177355 10.5 1908
1732749187601 8.6 1909
1732749197819 10.5 1910
1732749208073 10.8 1911
1732749218344 10.9 1912
1732749228638 10.6 1913
1732749238908 9.7 1914
1732749249150 7.2 1915
1732749259369 9.7 1916
1732749269601 10.2 1917
1732749279805 9.9 1918
1732749290014 8.0 1919
1732749300238 10.5 1920
1732749310478 8.3 1921
1732749320702 7.3 1922
1732749330902 10.3 1923
1732749341182 8.8 1924
1732749351446 10.9 1925
1732749361623 10.3 1926
1732749371815 7.4 1927
1732749382013 7.7 1928
1732749392227 10.7 1929
1732749402463 10.7 1930
1732749412655 8.8 1931
1732749423336 9.7 1932
1732749433579 8.3 1933
1732749443794 9.6 1934
1732749454032 10.2 1935
1732749464272 10.1 1936
1732749474509 10.3 1937
1732749484785 10.7 1938
1732749494994 8.8 1939
1732749505248 10.4 1940
1732749515501 8.7 1941
1732749525757 10.5 1942
1732749536012 9.0 1943
1732749546254 10.1 1944
1732749556507 8.5 1945
1732749566759 11.6 1946
1732749576956 11.1 1947
1732749587191 10.7 1948
1732749597446 9.0 1949
1732749607678 8.1 1950
1732749617895 7.7 1951
1732749628137 9.0 1952
1732749638348 10.5 1953
1732749648615 11.1 1954
1732749658858 10.7 1955
1732749669062 9.2 1956
1732749679301 10.0 1957
1732749689522 11.0 1958
1732749699761 9.0 1959
1732749709997 10.3 1960
1732749720311 10.1 1961
1732749730558 8.2 1962
1732749740798 10.2 1963
1732749751034 9.9 1964
1732749761237 9.7 1965
1732749771469 9.8 1966
1732749781655 8.4 1967
1732749791887 8.9 1968
1732749802119 8.6 1969
1732749812336 8.8 1970
1732749822572 6.4 1971
1732749832843 10.6 1972
1732749843069 11.0 1973
1732749853292 7.8 1974
1732749863531 7.6 1975
1732749873757 10.5 1976
1732749883998 9.9 1977
1732749894240 9.2 1978
1732749904489 10.3 1979
1732749914738 8.9 1980
1732749924945 10.3 1981
1732749935162 9.3 1982
1732749945401 9.4 1983
1732749955655 9.8 1984
