1732729782128 139618.8 0
1732729792172 139618.8 1
1732729802215 139620.6 2
1732729812253 139606.1 3
1732729822298 139606.2 4
1732729832342 139606.2 5
1732729842404 139606.2 6
1732729852472 139606.2 7
1732729862536 139606.5 8
1732729872626 139609.5 9
1732729882695 139609.5 10
1732729892769 139609.5 11
1732729902833 139609.5 12
1732729912885 139609.5 13
1732729922953 139609.4 14
1732729933026 139609.4 15
1732729943086 139609.4 16
1732729953181 139609.4 17
1732729963266 139609.4 18
1732729973341 139609.4 19
1732729983415 139609.4 20
1732729993489 139609.4 21
1732730003555 139609.3 22
1732730013627 139609.3 23
1732730023717 139609.3 24
1732730033798 139609.3 25
1732730043864 139609.3 26
1732730053935 139609.3 27
1732730064013 139609.3 28
1732730074080 139609.3 29
1732730084156 139609.3 30
1732730094231 139609.2 31
1732730104311 139609.2 32
1732730114605 139609.2 33
1732730124675 139609.2 34
1732730134756 139609.2 35
1732730144830 139609.2 36
1732730154905 139609.2 37
1732730164977 139609.2 38
1732730175074 139609.2 39
1732730185163 139609.1 40
1732730195235 139609.1 41
1732730205330 139609.1 42
1732730215409 139609.1 43
1732730225491 139609.1 44
1732730235581 139609.1 45
1732730245666 139609.1 46
1732730255739 139609.1 47
1732730265810 139609.0 48
1732730275890 139609.0 49
1732730285965 139609.0 50
1732730296038 139609.0 51
1732730306116 139609.0 52
1732730316202 139609.0 53
1732730326286 139609.0 54
1732730336358 139609.0 55
1732730346448 139609.0 56
1732730356524 139608.9 57
1732730366611 139608.9 58
1732730376679 139608.9 59
1732730386780 139608.9 60
1732730396864 139608.9 61
1732730406942 139608.9 62
1732730417031 139608.9 63
1732730427107 139608.9 64
1732730437190 139608.9 65
1732730447270 139608.8 66
1732730457354 139608.8 67
1732730467426 139608.8 68
1732730477514 139608.8 69
1732730487602 139608.8 70
1732730497699 139608.8 71
1732730507775 139608.8 72
1732730517879 139608.8 73
1732730527955 139608.7 74
1732730538050 139608.7 75
1732730548134 139608.7 76
1732730558223 139608.7 77
1732730568296 139608.7 78
1732730578383 139608.7 79
1732730588474 139608.7 80
1732730598557 139608.7 81
1732730608640 139608.7 82
1732730618730 139608.6 83
1732730628805 139608.6 84
1732730638890 139608.6 85
1732730648971 139608.6 86
1732730659045 139608.6 87
1732730669127 139608.6 88
1732730679186 139608.6 89
1732730689268 139608.6 90
1732730699354 139608.6 91
1732730709434 139608.5 92
1732730719523 139608.5 93
1732730729602 139608.5 94
1732730739704 139608.5 95
1732730749792 139608.5 96
1732730759879 139608.5 97
1732730769950 139608.5 98
1732730780052 139608.5 99
1732730790134 139608.5 100
1732730800209 139608.4 101
1732730810314 139608.4 102
1732730820403 139608.4 103
1732730830495 139608.4 104
1732730840557 139608.4 105
1732730850643 139608.4 106
1732730860717 139608.4 107
1732730870808 139608.3 108
1732730880911 139608.3 109
1732730890992 139608.3 110
1732730901083 139608.3 111
1732730911169 139608.3 112
1732730921249 139608.3 113
1732730931326 139608.3 114
1732730941400 139608.3 115
1732730951483 139599.9 116
1732730961593 139599.9 117
1732730971656 139599.8 118
1732730981751 139599.8 119
1732730991831 139599.8 120
1732731001928 139599.8 121
1732731012010 139599.8 122
1732731022092 139599.8 123
1732731032194 139599.8 124
1732731042292 139599.8 125
1732731052386 139599.8 126
1732731062464 139599.7 127
1732731072547 139599.7 128
1732731082629 139599.7 129
1732731092739 139599.7 130
1732731102825 139599.7 131
1732731112904 139599.7 132
1732731122982 139599.7 133
1732731133083 139599.7 134
1732731143182 139599.7 135
1732731153276 139599.6 136
1732731163377 139599.6 137
1732731173454 139599.6 138
1732731183520 139599.6 139
1732731193613 139599.6 140
1732731203695 139599.6 141
1732731213794 139599.6 142
1732731223874 139599.6 143
1732731233965 139599.5 144
1732731244055 139599.5 145
1732731254141 139599.5 146
1732731264246 139599.5 147
1732731274344 139599.5 148
1732731284443 139599.5 149
1732731294529 139599.5 150
1732731304623 139599.5 151
1732731314688 139599.5 152
1732731324779 139599.5 153
1732731334867 139599.4 154
1732731344958 139599.4 155
1732731355029 139599.4 156
1732731365109 139599.4 157
1732731375191 139599.4 158
1732731385292 139599.4 159
1732731395384 139599.4 160
1732731405483 139599.4 161
1732731415581 139599.3 162
1732731425679 139599.3 163
1732731435775 139599.3 164
1732731445874 139599.3 165
1732731455949 139599.3 166
1732731466046 139599.3 167
1732731476140 139599.3 168
1732731486230 139599.3 169
1732731496325 139599.2 170
1732731506417 139599.2 171
1732731516495 139599.2 172
1732731526595 139599.2 173
1732731536682 139599.2 174
1732731546775 139599.2 175
1732731556867 139599.2 176
1732731566958 139599.2 177
1732731577045 139599.2 178
1732731587135 139599.1 179
1732731597204 139599.1 180
1732731607265 139599.1 181
1732731617350 139599.1 182
1732731627422 139599.1 183
1732731637502 139599.1 184
1732731647572 139599.1 185
1732731657671 139599.1 186
1732731667755 139599.0 187
1732731677858 139599.0 188
1732731687952 139599.0 189
1732731698039 139599.0 190
1732731708140 139599.0 191
1732731718236 139599.0 192
1732731728330 139599.0 193
1732731738430 139599.0 194
1732731748527 139599.0 195
1732731758635 139598.9 196
1732731768741 139598.9 197
1732731778832 139598.9 198
1732731788929 139598.9 199
1732731799020 139598.9 200
1732731809121 139598.9 201
1732731819211 139598.9 202
1732731829310 139598.9 203
1732731839400 139598.9 204
1732731849518 139598.8 205
1732731859617 139598.8 206
1732731869718 139598.8 207
1732731879821 139598.8 208
1732731889908 139598.8 209
1732731900016 139598.8 210
1732731910132 139598.8 211
1732731920223 139598.8 212
1732731930327 139598.7 213
1732731940419 139598.7 214
1732731950527 139598.7 215
1732731960627 139598.7 216
1732731970715 139598.7 217
1732731980826 139598.7 218
1732731990911 139598.7 219
1732732001021 139598.7 220
1732732011131 139598.7 221
1732732021206 139598.6 222
1732732031287 139598.6 223
1732732041392 139598.6 224
1732732051493 139598.6 225
1732732061588 139598.6 226
1732732071689 139598.6 227
1732732081793 139598.6 228
1732732091890 139598.6 229
1732732101999 139598.6 230
1732732112103 139598.5 231
1732732122202 139598.5 232
1732732132296 139598.5 233
1732732142402 139598.5 234
1732732152502 139598.5 235
1732732162608 139598.5 236
1732732172703 139598.5 237
1732732182824 139598.5 238
1732732192923 139598.5 239
1732732203044 139598.4 240
1732732213157 139598.4 241
1732732223252 139598.4 242
1732732233364 139598.4 243
1732732243470 139598.4 244
1732732253578 139598.4 245
1732732263688 139598.4 246
1732732273802 139598.4 247
1732732283894 139598.3 248
1732732293958 139598.3 249
1732732304052 139598.3 250
1732732314161 139598.3 251
1732732324268 139598.3 252
1732732334375 139598.3 253
1732732344485 139598.3 254
1732732354587 139598.3 255
1732732364686 139598.2 256
1732732374804 139598.2 257
1732732384910 139598.2 258
1732732395012 139598.2 259
1732732405121 139598.2 260
1732732415229 139598.2 261
1732732425338 139598.2 262
1732732435428 139598.2 263
1732732445513 139598.2 264
1732732455603 139598.1 265
1732732465722 139598.1 266
1732732475830 139598.1 267
1732732485940 139598.1 268
1732732496023 139598.1 269
1732732506120 139598.1 270
1732732516225 139598.1 271
1732732526326 139598.1 272
1732732536413 139598.0 273
1732732546523 139598.0 274
1732732556646 139598.0 275
1732732566764 139598.0 276
1732732576872 139598.0 277
1732732586979 139598.0 278
1732732597076 139598.0 279
1732732607197 139598.0 280
1732732617289 139598.0 281
1732732627667 139597.9 282
1732732637791 139597.9 283
1732732647915 139597.9 284
1732732658008 139597.9 285
1732732668123 139597.9 286
1732732678237 139597.9 287
1732732688347 139597.9 288
1732732698449 139597.9 289
1732732708559 139597.9 290
1732732718681 139597.8 291
1732732728798 139597.8 292
1732732738912 139597.8 293
1732732749037 139597.8 294
1732732759155 139597.8 295
1732732769256 139597.8 296
1732732779353 139597.8 297
1732732789470 139597.8 298
1732732799572 139597.8 299
1732732809695 139597.7 300
1732732819811 139597.7 301
1732732829929 139597.7 302
1732732840046 139597.7 303
1732732850151 139597.7 304
1732732860258 139597.7 305
1732732870364 139597.7 306
1732732880490 139597.7 307
1732732890603 139597.6 308
1732732900740 139597.6 309
1732732910841 139597.6 310
1732732920956 139597.6 311
1732732931065 139597.6 312
1732732941173 139597.6 313
1732732951285 139597.6 314
1732732961405 139597.6 315
1732732971521 139597.6 316
1732732981631 139597.5 317
1732732991731 139597.5 318
1732733001839 139597.5 319
1732733011944 139597.5 320
1732733022061 139597.5 321
1732733032189 139597.5 322
1732733042291 139597.5 323
1732733052365 139597.5 324
1732733062475 139597.5 325
1732733072592 139597.4 326
1732733082705 139597.4 327
1732733092822 139597.4 328
1732733102910 139597.4 329
1732733113030 139597.4 330
1732733123112 139597.4 331
1732733133206 139597.4 332
1732733143310 139597.4 333
1732733153430 139597.3 334
1732733163544 139597.3 335
1732733173657 139597.3 336
1732733183765 139597.3 337
1732733193892 139597.3 338
1732733204020 139597.3 339
1732733214137 139597.3 340
1732733224255 139597.3 341
1732733234362 139597.2 342
1732733244477 139597.2 343
1732733254588 139597.2 344
1732733264718 139597.2 345
1732733274841 139597.2 346
1732733284957 139597.2 347
1732733295077 139597.2 348
1732733305183 139597.2 349
1732733315321 139597.2 350
1732733325455 139597.1 351
1732733335563 139597.1 352
1732733345662 139597.1 353
1732733355782 139597.1 354
1732733365888 139597.1 355
1732733376019 139597.1 356
1732733386151 139597.1 357
1732733396263 139597.1 358
1732733406362 139597.0 359
1732733416481 139597.0 360
1732733426607 139597.0 361
1732733436726 139597.0 362
1732733446843 139597.0 363
1732733456964 139597.0 364
1732733467081 139597.0 365
1732733477204 139597.0 366
1732733487315 139597.0 367
1732733497447 139596.9 368
1732733507556 139596.9 369
1732733517671 139596.9 370
1732733527766 139596.9 371
1732733537898 139596.9 372
1732733548009 139596.9 373
1732733558119 139596.9 374
1732733568221 139596.9 375
1732733578350 139596.9 376
1732733588469 139596.8 377
1732733598588 139651.6 378
1732733608706 139651.6 379
1732733618781 139651.6 380
1732733628887 139651.6 381
1732733639024 139651.6 382
1732733649142 139651.6 383
1732733659226 139651.6 384
1732733669305 139651.5 385
1732733679410 139651.5 386
1732733689521 139651.5 387
1732733699701 139651.5 388
1732733709843 139651.5 389
1732733719961 139651.5 390
1732733730083 139651.5 391
1732733740220 139651.5 392
1732733750342 139651.4 393
1732733760471 139651.4 394
1732733770595 139651.4 395
1732733780717 139651.4 396
1732733790814 139651.4 397
1732733800943 139651.4 398
1732733811062 139651.4 399
1732733821178 139651.4 400
1732733831263 139651.4 401
1732733841383 139651.3 402
1732733851513 139651.3 403
1732733861628 139651.3 404
1732733871764 139651.3 405
1732733881895 139651.3 406
1732733892014 139651.3 407
1732733902139 139651.3 408
1732733912264 139651.3 409
1732733922384 139651.2 410
1732733932514 139651.2 411
1732733942644 139651.2 412
1732733952770 139651.2 413
1732733962891 139651.2 414
1732733973013 139651.2 415
1732733983137 139651.2 416
1732733993260 139651.2 417
1732734003384 139651.1 418
1732734013513 139651.1 419
1732734023632 139651.1 420
1732734033758 139651.1 421
1732734043870 139651.1 422
1732734054000 139651.1 423
1732734064123 139651.1 424
1732734074253 139651.1 425
1732734084378 139651.1 426
1732734094489 139651.0 427
1732734104614 139651.0 428
1732734114763 139651.0 429
1732734124887 139651.0 430
1732734134967 139651.0 431
1732734145083 139651.0 432
1732734155213 139651.0 433
1732734165337 139651.0 434
1732734175479 139651.0 435
1732734185637 139650.9 436
1732734195768 139650.9 437
1732734205900 139650.9 438
1732734215976 139650.9 439
1732734226104 139650.9 440
1732734236217 139650.9 441
1732734246356 139650.9 442
1732734256483 139650.9 443
1732734266610 139650.8 444
1732734276746 139650.8 445
1732734286873 139650.8 446
1732734296996 139650.8 447
1732734307093 139650.8 448
1732734317234 139650.8 449
1732734327365 139650.8 450
1732734337492 139650.8 451
1732734347616 139650.8 452
1732734357738 139650.7 453
1732734367862 139650.7 454
1732734377991 139650.7 455
1732734388104 139650.7 456
1732734398243 139650.7 457
1732734408328 139650.7 458
1732734418451 139650.7 459
1732734428572 139650.7 460
1732734438701 139650.7 461
1732734448842 139650.6 462
1732734458973 139650.6 463
1732734469108 139650.6 464
1732734479197 139650.6 465
1732734489335 139650.6 466
1732734499469 139650.6 467
1732734509610 139650.6 468
1732734519692 139650.6 469
1732734529830 139650.6 470
1732734539967 139650.5 471
1732734550103 139650.5 472
1732734560265 139650.5 473
1732734570445 139650.5 474
1732734580585 139650.5 475
1732734590713 139650.5 476
1732734600843 139650.5 477
1732734610948 139650.5 478
1732734621077 139650.4 479
1732734631189 139650.4 480
1732734641272 139650.4 481
1732734651372 139650.4 482
1732734661498 139650.4 483
1732734671645 139650.4 484
1732734681775 139650.4 485
1732734691883 139650.4 486
1732734702013 139650.4 487
1732734712150 139650.3 488
1732734722247 139650.3 489
1732734732381 139650.3 490
1732734742524 139650.3 491
1732734752653 139650.3 492
1732734762786 139650.3 493
1732734772925 139650.3 494
1732734783058 139650.2 495
1732734793194 139650.2 496
1732734803333 139650.2 497
1732734813467 139650.2 498
1732734823586 139650.2 499
1732734833722 139650.2 500
1732734843865 139650.2 501
1732734853997 139650.2 502
1732734864140 139650.2 503
1732734874253 139650.2 504
1732734884388 139650.1 505
1732734894523 139650.1 506
1732734904662 139650.1 507
1732734914809 139650.1 508
1732734924947 139650.1 509
1732734935092 139661.6 510
1732734945239 139658.4 511
1732734955330 139658.3 512
1732734965399 139658.3 513
1732734975506 139657.9 514
1732734985618 139657.3 515
1732734995774 139657.1 516
1732735005921 139657.0 517
1732735016074 139656.9 518
1732735026217 139656.9 519
1732735036313 139656.8 520
1732735046447 139656.8 521
1732735056573 139656.8 522
1732735066719 139656.8 523
1732735076856 139656.8 524
1732735086997 139656.8 525
1732735097093 139656.8 526
1732735107245 139656.8 527
1732735117381 139656.8 528
1732735127517 139656.7 529
1732735137622 139656.7 530
1732735147745 139656.7 531
1732735157897 139659.4 532
1732735168043 139659.4 533
1732735178184 139659.4 534
1732735188323 139659.4 535
1732735198474 139659.4 536
1732735208728 139659.4 537
1732735218817 139659.3 538
1732735228954 139659.3 539
1732735239115 139659.3 540
1732735249257 139659.3 541
1732735259403 139659.3 542
1732735269513 139659.3 543
1732735279657 139659.3 544
1732735289791 139659.3 545
1732735299958 139659.2 546
1732735310046 139659.2 547
1732735320178 139659.2 548
1732735330327 139659.2 549
1732735340473 139659.2 550
1732735350619 139659.2 551
1732735360761 139659.2 552
1732735370891 139659.2 553
1732735381034 139659.2 554
1732735391174 139659.1 555
1732735401311 139659.1 556
1732735411477 139659.1 557
1732735421595 139659.1 558
1732735431756 139659.1 559
1732735441902 139659.1 560
1732735452024 139659.1 561
1732735462162 139659.1 562
1732735472284 139659.1 563
1732735482429 139659.0 564
1732735492584 139659.0 565
1732735502731 139659.0 566
1732735512886 139659.0 567
1732735522986 139659.0 568
1732735533106 139659.0 569
1732735543267 139658.9 570
1732735553411 139658.9 571
1732735563569 139658.9 572
1732735573728 139658.9 573
1732735583888 139658.9 574
1732735594034 139658.9 575
1732735604171 139658.9 576
1732735614309 139658.9 577
1732735624458 139658.9 578
1732735634600 139658.8 579
1732735644767 139658.8 580
1732735654926 139658.8 581
1732735665074 139658.8 582
1732735675191 139658.8 583
1732735685324 139658.8 584
1732735695462 139658.8 585
1732735705608 139658.8 586
1732735715756 139658.8 587
1732735725899 139658.7 588
1732735735998 139658.7 589
1732735746141 139658.7 590
1732735756258 139658.7 591
1732735766392 139658.7 592
1732735776542 139658.7 593
1732735786713 139658.7 594
1732735796860 139658.7 595
1732735807016 139658.6 596
1732735817115 139658.6 597
1732735827270 139658.6 598
1732735837413 139658.6 599
1732735847520 139658.6 600
1732735857620 139658.6 601
1732735867768 139658.6 602
1732735877904 139658.6 603
1732735888026 139637.3 604
1732735898162 139636.9 605
1732735908314 139636.9 606
1732735918463 139636.9 607
1732735928614 139636.9 608
1732735938759 139636.9 609
1732735948896 139636.8 610
1732735959047 139636.8 611
1732735969191 139636.8 612
1732735979323 139636.8 613
1732735989426 139636.8 614
1732735999560 139636.8 615
1732736009726 139636.8 616
1732736019807 139636.8 617
1732736029943 139636.8 618
1732736040089 139636.7 619
1732736050244 139636.7 620
1732736060381 139636.7 621
1732736070536 139636.7 622
1732736080681 139636.7 623
1732736090837 139636.7 624
1732736100946 139636.7 625
1732736111080 139636.7 626
1732736121224 139636.6 627
1732736131345 139636.6 628
1732736141506 139636.6 629
1732736151661 139636.6 630
1732736161811 139636.6 631
1732736171949 139636.6 632
1732736182089 139636.6 633
1732736192248 139636.6 634
1732736202344 139636.6 635
1732736212498 139636.5 636
1732736222656 139636.5 637
1732736232806 139636.5 638
1732736242976 139636.5 639
1732736253135 139636.5 640
1732736263274 139636.5 641
1732736273426 139636.5 642
1732736283577 139636.5 643
1732736293732 139636.4 644
1732736303880 139636.4 645
1732736314029 139636.4 646
1732736324188 139636.4 647
1732736334351 139636.4 648
1732736344524 139636.4 649
1732736354680 139636.4 650
1732736364834 139636.4 651
1732736374994 139636.4 652
1732736385158 139636.3 653
1732736395322 139636.3 654
1732736405477 139636.3 655
1732736415637 139636.3 656
1732736425813 139636.3 657
1732736435942 139636.3 658
1732736446091 139636.3 659
1732736456244 139636.3 660
1732736466394 139636.3 661
1732736476549 139636.2 662
1732736486688 139636.2 663
1732736496822 139636.2 664
1732736506977 139636.2 665
1732736517133 139636.2 666
1732736527244 139636.2 667
1732736537325 139636.2 668
1732736547477 139636.2 669
1732736557649 139636.1 670
1732736567763 139636.1 671
1732736577899 139636.1 672
1732736588063 139636.1 673
1732736598212 139636.1 674
1732736608364 139636.1 675
1732736618512 139636.1 676
1732736628672 139636.1 677
1732736638826 139636.1 678
1732736648972 139636.0 679
1732736659132 139636.0 680
1732736669291 139636.0 681
1732736679449 139636.0 682
1732736689606 139636.0 683
1732736699763 139636.0 684
1732736709904 139636.0 685
1732736720057 139636.0 686
1732736730211 139635.9 687
1732736740374 139635.9 688
1732736750529 139635.9 689
1732736760683 139635.9 690
1732736770830 139635.9 691
1732736780936 139635.9 692
1732736791093 139635.9 693
1732736801235 139635.9 694
1732736811378 139635.9 695
1732736821526 139635.8 696
1732736831682 139635.8 697
1732736841843 139635.8 698
1732736852011 139635.8 699
1732736862177 139635.8 700
1732736872325 139635.8 701
1732736882452 139635.8 702
1732736892596 139635.8 703
1732736902750 139635.8 704
1732736912903 139635.7 705
1732736923057 139635.7 706
1732736933219 139635.7 707
1732736943331 139635.7 708
1732736953492 139635.7 709
1732736963612 139635.7 710
1732736973761 139635.7 711
1732736983908 139635.7 712
1732736994069 139635.7 713
1732737004174 139635.6 714
1732737014333 139635.6 715
1732737024510 139635.6 716
1732737034680 139635.6 717
1732737044780 139635.6 718
1732737054953 139635.6 719
1732737065111 139635.6 720
1732737075279 139635.6 721
1732737085437 139635.5 722
1732737095604 139635.5 723
1732737105761 139635.5 724
1732737115921 139635.5 725
1732737126068 139635.5 726
1732737136170 139635.5 727
1732737146322 139635.5 728
1732737156506 139635.5 729
1732737166662 139635.5 730
1732737176809 139635.4 731
1732737186979 139635.4 732
1732737197129 139635.4 733
1732737207240 139635.4 734
1732737217363 139635.4 735
1732737227524 139635.4 736
1732737237679 139635.4 737
1732737247855 139635.4 738
1732737258011 139635.3 739
1732737268175 139635.3 740
1732737278343 139635.3 741
1732737288518 139635.3 742
1732737298682 139635.3 743
1732737308833 139635.3 744
1732737318986 139635.3 745
1732737329149 139635.3 746
1732737339307 139635.3 747
1732737349472 139635.2 748
1732737359646 139635.2 749
1732737369801 139635.2 750
1732737379967 139635.2 751
1732737390125 139635.2 752
1732737400296 139635.2 753
1732737410456 139635.2 754
1732737422970 139635.2 755
1732737433148 139635.2 756
1732737443315 139635.1 757
1732737453473 139635.1 758
1732737463640 139635.1 759
1732737474223 139635.1 760
1732737484391 139635.1 761
1732737494566 139635.1 762
1732737504716 139635.1 763
1732737514884 139635.1 764
1732737524993 139635.0 765
1732737535185 139635.0 766
1732737545353 139635.0 767
1732737555471 139635.0 768
1732737565586 139626.6 769
1732737575747 139626.6 770
1732737585906 139626.6 771
1732737596078 139626.6 772
1732737606186 139626.6 773
1732737616337 139626.6 774
1732737626530 139626.5 775
1732737636690 139626.5 776
1732737646820 139626.5 777
1732737656981 139626.5 778
1732737667148 139626.5 779
1732737677307 139626.5 780
1732737687482 139626.5 781
1732737697667 139626.5 782
1732737707850 139626.4 783
1732737718020 139626.4 784
1732737728191 139626.4 785
1732737738315 139626.4 786
1732737748501 139626.4 787
1732737758666 139626.4 788
1732737768822 139626.4 789
1732737778988 139626.4 790
1732737789148 139626.4 791
1732737799324 139626.3 792
1732737809501 139626.3 793
1732737819671 139626.3 794
1732737829840 139626.3 795
1732737840005 139626.3 796
1732737850121 139626.3 797
1732737860285 139626.3 798
1732737870466 139626.3 799
1732737880652 139626.3 800
1732737890822 139626.2 801
1732737901005 139626.2 802
1732737911170 139626.2 803
1732737921330 139626.2 804
1732737931500 139626.2 805
1732737941668 139626.2 806
1732737951832 139626.2 807
1732737962045 139626.2 808
1732737972210 139626.1 809
1732737982354 139626.1 810
1732737992497 139626.1 811
1732738002663 139626.1 812
1732738012839 139626.1 813
1732738023008 139626.1 814
1732738033130 139626.1 815
1732738043303 139626.1 816
1732738053479 139626.1 817
1732738063657 139626.0 818
1732738073843 139626.0 819
1732738083992 139626.0 820
1732738094147 139626.0 821
1732738104264 139626.0 822
1732738114401 139626.0 823
1732738124556 139626.0 824
1732738134722 139626.0 825
1732738144907 139626.0 826
1732738155060 139625.9 827
1732738165236 139625.9 828
1732738175417 139625.9 829
1732738185536 139625.9 830
1732738195683 139625.9 831
1732738205838 139625.9 832
1732738216010 139625.9 833
1732738226178 139625.9 834
1732738236343 139625.8 835
1732738246508 139625.8 836
1732738256696 139625.8 837
1732738266859 139625.8 838
1732738277030 139625.8 839
1732738287191 139625.8 840
1732738297361 139625.8 841
1732738307522 139625.8 842
1732738317693 139625.8 843
1732738327885 139625.7 844
1732738338081 139625.7 845
1732738348267 139625.7 846
1732738358387 139625.7 847
1732738368508 139625.7 848
1732738378657 139625.7 849
1732738388838 139625.7 850
1732738399005 139625.7 851
1732738409175 139625.6 852
1732738419313 139625.6 853
1732738429488 139625.6 854
1732738439665 139625.6 855
1732738449779 139625.6 856
1732738459944 139625.6 857
1732738470129 139625.6 858
1732738480307 139625.6 859
1732738490449 139625.5 860
1732738500562 139625.5 861
1732738510748 139625.5 862
1732738520906 139622.4 863
1732738531032 139625.5 864
1732738541193 139621.9 865
1732738551360 139622.2 866
1732738561540 139622.2 867
1732738571713 139612.0 868
1732738581831 139615.7 869
1732738591943 139606.6 870
1732738602098 139606.6 871
1732738612268 139602.1 872
1732738622445 139610.3 873
1732738632570 139607.0 874
1732738642715 139605.9 875
1732738652875 139605.6 876
1732738663039 139609.0 877
1732738673208 139606.8 878
1732738683369 139606.5 879
1732738693529 139610.0 880
1732738703679 139605.2 881
1732738713831 139608.8 882
1732738723958 139604.1 883
1732738734149 139606.3 884
1732738744340 139607.8 885
1732738755087 139603.0 886
1732738765264 139606.5 887
1732738775453 139608.8 888
1732738785577 139604.0 889
1732738795737 139607.6 890
1732738805906 139606.1 891
1732738816096 139606.1 892
1732738826268 139606.0 893
1732738836445 139606.6 894
1732738846576 139606.6 895
1732738856722 139606.3 896
1732738866895 139605.9 897
1732738877111 139605.9 898
1732738887297 139605.7 899
1732738897424 139604.8 900
1732738907597 139603.5 901
1732738917742 139602.3 902
1732738927909 139601.5 903
1732738938086 139601.5 904
1732738948226 139601.1 905
1732738958407 139617.9 906
1732738968595 139617.6 907
1732738978734 139617.4 908
1732738988882 139616.9 909
1732738999060 139620.3 910
1732739009233 139619.8 911
1732739019415 139619.8 912
1732739029571 139619.7 913
1732739039761 139616.6 914
1732739049923 139616.2 915
1732739060123 139619.8 916
1732739070258 139614.4 917
1732739080411 139618.0 918
1732739090544 139615.8 919
1732739100726 139615.6 920
1732739110905 139615.5 921
1732739121059 139615.3 922
1732739131203 139615.3 923
1732739141318 139615.0 924
1732739151459 139611.6 925
1732739161613 139615.6 926
1732739171741 139619.2 927
1732739181922 139614.4 928
1732739192106 139618.0 929
1732739202266 139616.8 930
1732739212411 139616.8 931
1732739222588 139616.8 932
1732739232761 139616.7 933
1732739242930 139616.7 934
1732739253110 139616.5 935
1732739263293 139615.5 936
1732739273458 139616.4 937
1732739283702 139616.4 938
1732739293872 139616.4 939
1732739304060 139616.4 940
1732739314210 139614.1 941
1732739324394 139616.5 942
1732739334547 139619.9 943
1732739344729 139616.3 944
1732739354928 139619.9 945
1732739365077 139615.0 946
1732739375235 139615.0 947
1732739385382 139617.6 948
1732739395506 139617.6 949
1732739405670 139613.9 950
1732739415779 139617.4 951
1732739425939 139617.4 952
1732739436120 139617.3 953
1732739446250 139617.3 954
1732739456391 139614.9 955
1732739466523 139618.5 956
1732739476675 139618.2 957
1732739486860 139617.3 958
1732739497032 139615.9 959
1732739507156 139619.4 960
1732739517293 139614.7 961
1732739527427 139618.3 962
1732739537585 139613.5 963
1732739547744 139617.1 964
1732739557862 139616.9 965
1732739568057 139614.7 966
1732739578248 139618.3 967
1732739588420 139618.0 968
1732739598581 139617.1 969
1732739608744 139616.9 970
1732739618938 139615.6 971
1732739629122 139615.6 972
1732739639311 139615.6 973
1732739649509 139615.5 974
1732739659693 139615.5 975
1732739669889 139615.5 976
1732739680026 139619.0 977
1732739690212 139615.5 978
1732739700399 139616.8 979
1732739710590 139616.8 980
1732739720777 139620.2 981
1732739730968 139614.3 982
1732739741150 139617.8 983
1732739751285 139613.1 984
1732739761403 139616.6 985
1732739771584 139616.6 986
1732739781770 139616.6 987
1732739791957 139616.6 988
1732739802133 139616.5 989
1732739812307 139616.5 990
1732739822481 139616.5 991
1732739832692 139616.5 992
1732739842849 139616.4 993
1732739853048 139616.4 994
1732739863225 139616.2 995
1732739873413 139615.0 996
1732739883546 139614.9 997
1732739893714 139614.3 998
1732739903925 139614.3 999
1732739914133 139614.3 1000
1732739924322 139614.2 1001
1732739934497 139614.2 1002
1732739944695 139614.2 1003
1732739954873 139614.1 1004
1732739965064 139614.2 1005
1732739975247 139613.1 1006
1732739985371 139612.8 1007
1732739995502 139616.4 1008
1732740005652 139611.7 1009
1732740015828 139615.2 1010
1732740026034 139610.5 1011
1732740036211 139612.8 1012
1732740046345 139614.2 1013
1732740056512 139614.1 1014
1732740066663 139617.5 1015
1732740077004 139612.6 1016
1732740087178 139615.0 1017
1732740097345 139614.1 1018
1732740107532 139613.8 1019
1732740117743 139613.9 1020
1732740127936 139613.9 1021
1732740138090 139613.9 1022
1732740148249 139613.9 1023
1732740158450 139617.3 1024
1732740168576 139617.3 1025
1732740178764 139617.3 1026
1732740188937 139617.3 1027
1732740199102 139617.3 1028
1732740209234 139617.3 1029
1732740219404 139617.2 1030
1732740229572 139617.2 1031
1732740239730 139617.2 1032
1732740249938 139617.2 1033
1732740260122 139614.7 1034
1732740270289 139614.7 1035
1732740280476 139614.7 1036
1732740290648 139612.3 1037
1732740300781 139612.3 1038
1732740310962 139610.0 1039
1732740321159 139615.9 1040
1732740331343 139611.2 1041
1732740341499 139614.8 1042
1732740351666 139613.6 1043
1732740361844 139611.2 1044
1732740372036 139615.7 1045
1732740382213 139611.0 1046
1732740392383 139614.6 1047
1732740402562 139616.9 1048
1732740412733 139612.1 1049
1732740422928 139610.9 1050
1732740433142 139610.8 1051
1732740443340 139610.8 1052
1732740453479 139610.8 1053
1732740463653 139610.8 1054
1732740473846 139610.8 1055
1732740483963 139610.7 1056
1732740494149 139610.7 1057
1732740504353 139610.7 1058
1732740514529 139612.0 1059
1732740524719 139613.0 1060
1732740534907 139613.2 1061
1732740545092 139613.0 1062
1732740555303 139612.7 1063
1732740565490 139612.7 1064
1732740575707 139612.5 1065
1732740585924 139612.3 1066
1732740596070 139612.2 1067
1732740606252 139612.2 1068
1732740616430 139612.2 1069
1732740626639 139612.2 1070
1732740636779 139612.2 1071
1732740646922 139612.2 1072
1732740657049 139612.2 1073
1732740667178 139612.1 1074
1732740677375 139612.1 1075
1732740687587 139612.1 1076
1732740697712 139612.1 1077
1732740707923 139612.1 1078
1732740718052 139612.1 1079
1732740728182 139612.1 1080
1732740738311 139612.1 1081
1732740748489 139612.0 1082
1732740758618 139611.9 1083
1732740768741 139611.9 1084
1732740778934 139611.9 1085
1732740789072 139611.9 1086
1732740799215 139611.9 1087
1732740809371 139611.8 1088
1732740819549 139611.8 1089
1732740829679 139611.8 1090
1732740839814 139611.7 1091
1732740849942 139611.7 1092
1732740860116 139611.7 1093
1732740870253 139611.7 1094
1732740880469 139611.7 1095
1732740890596 139611.7 1096
1732740900738 139611.7 1097
1732740910870 139611.6 1098
1732740921002 139611.4 1099
1732740931175 139611.2 1100
1732740941336 139611.0 1101
1732740951495 139614.6 1102
1732740961650 139612.1 1103
1732740971838 139612.1 1104
1732740982031 139615.5 1105
1732740992223 139610.6 1106
1732741002370 139609.5 1107
1732741012524 139604.8 1108
1732741022754 139610.4 1109
1732741032943 139610.4 1110
1732741043140 139610.4 1111
1732741053320 139610.4 1112
1732741063529 139610.4 1113
1732741073715 139610.3 1114
1732741083890 139610.3 1115
1732741094076 139610.3 1116
1732741104274 139606.8 1117
1732741114453 139609.0 1118
1732741124657 139609.0 1119
1732741134802 139609.0 1120
1732741144971 139609.1 1121
1732741155121 139604.4 1122
1732741165315 139606.6 1123
1732741175510 139606.6 1124
1732741185708 139607.9 1125
1732741195884 139610.2 1126
1732741206060 139605.5 1127
1732741216239 139607.6 1128
1732741226391 139607.6 1129
1732741236520 139606.4 1130
1732741246699 139604.2 1131
1732741256898 139604.2 1132
1732741267085 139604.1 1133
1732741277258 139604.1 1134
1732741287461 139604.1 1135
1732741297609 139604.1 1136
1732741307800 139604.1 1137
1732741318014 139604.1 1138
1732741328209 139604.0 1139
1732741338420 139604.0 1140
1732741348658 139604.0 1141
1732741358848 139604.0 1142
1732741369026 139604.0 1143
1732741379235 139604.0 1144
1732741389578 139603.9 1145
1732741399794 139603.9 1146
1732741409991 139603.9 1147
1732741420171 139603.9 1148
1732741430365 139603.9 1149
1732741440571 139603.9 1150
1732741450786 139603.9 1151
1732741460977 139603.8 1152
1732741471195 139603.8 1153
1732741481403 139603.8 1154
1732741491537 139603.8 1155
1732741501665 139603.8 1156
1732741511858 139603.8 1157
1732741522075 139603.8 1158
1732741532297 139603.8 1159
1732741542432 139603.7 1160
1732741552630 139603.7 1161
1732741562838 139603.7 1162
1732741572988 139603.7 1163
1732741583133 139603.7 1164
1732741593328 139603.7 1165
1732741603527 139603.7 1166
1732741613725 139603.7 1167
1732741623868 139603.6 1168
1732741634056 139603.6 1169
1732741644235 139603.6 1170
1732741654444 139603.5 1171
1732741664667 139603.6 1172
1732741674875 139603.5 1173
1732741685023 139603.5 1174
1732741695200 139603.5 1175
1732741705397 139603.5 1176
1732741715588 139603.5 1177
1732741725787 139603.5 1178
1732741735962 139603.5 1179
1732741746169 139603.5 1180
1732741756318 139603.4 1181
1732741766446 139603.4 1182
1732741776589 139603.4 1183
1732741786784 139603.4 1184
1732741796966 139603.3 1185
1732741807155 139603.3 1186
1732741817287 139603.3 1187
1732741827492 139603.3 1188
1732741837700 139603.3 1189
1732741847900 139603.3 1190
1732741858100 139603.3 1191
1732741868295 139603.3 1192
1732741878487 139603.3 1193
1732741888665 139603.2 1194
1732741898848 139603.2 1195
1732741909035 139603.2 1196
1732741919208 139603.2 1197
1732741929387 139603.2 1198
1732741939597 139603.2 1199
1732741949817 139603.2 1200
1732741960013 139603.2 1201
1732741970199 139603.2 1202
1732741980381 139603.1 1203
1732741990573 139603.1 1204
1732742000733 139603.1 1205
1732742010909 139603.0 1206
1732742021132 139603.0 1207
1732742031352 139603.0 1208
1732742041491 139603.0 1209
1732742051692 139603.0 1210
1732742061817 139603.0 1211
1732742072015 139603.0 1212
1732742082198 139603.0 1213
1732742092396 139603.0 1214
1732742102598 139602.9 1215
1732742112777 139602.9 1216
1732742122969 139602.9 1217
1732742133155 139602.9 1218
1732742143376 139602.9 1219
1732742153565 139602.9 1220
1732742163748 139602.9 1221
1732742173980 139602.9 1222
1732742184182 139602.9 1223
1732742194373 139602.8 1224
1732742204567 139602.8 1225
1732742214737 139602.8 1226
1732742224921 139602.8 1227
1732742235135 139602.8 1228
1732742245317 139602.8 1229
1732742255500 139602.8 1230
1732742265681 139602.8 1231
1732742275828 139602.8 1232
1732742285957 139602.7 1233
1732742296153 139602.7 1234
1732742306337 139602.7 1235
1732742316532 139602.7 1236
1732742326716 139602.7 1237
1732742336919 139602.7 1238
1732742347062 139602.7 1239
1732742357220 139602.6 1240
1732742367422 139602.6 1241
1732742377601 139602.6 1242
1732742387784 139602.6 1243
1732742397977 139602.4 1244
1732742408156 139602.4 1245
1732742418296 139602.4 1246
1732742428445 139602.4 1247
1732742438578 139602.4 1248
1732742448779 139602.4 1249
1732742458949 139602.4 1250
1732742469101 139602.3 1251
1732742479293 139602.3 1252
1732742489437 139602.3 1253
1732742499584 139602.3 1254
1732742509791 139602.3 1255
1732742519980 139602.3 1256
1732742530170 139602.2 1257
1732742540362 139602.2 1258
1732742550550 139602.2 1259
1732742560684 139602.2 1260
1732742570875 139602.2 1261
1732742581066 139602.2 1262
1732742591255 139602.2 1263
1732742601451 139602.2 1264
1732742611669 139602.1 1265
1732742621865 139602.1 1266
1732742632083 139602.1 1267
1732742642311 139602.1 1268
1732742652493 139602.1 1269
1732742662763 139602.1 1270
1732742672893 139602.1 1271
1732742683110 139602.1 1272
1732742693262 139602.0 1273
1732742703461 139602.0 1274
1732742713695 139602.0 1275
1732742723908 139602.0 1276
1732742734092 139602.0 1277
1732742744287 139602.0 1278
1732742754504 139602.0 1279
1732742764703 139601.9 1280
1732742774908 139601.9 1281
1732742785110 139601.9 1282
1732742795314 139601.9 1283
1732742805544 139601.9 1284
1732742815725 139601.9 1285
1732742825989 139601.9 1286
1732742836182 139601.8 1287
1732742846341 139601.8 1288
1732742856559 139601.8 1289
1732742866756 139601.8 1290
1732742876953 139601.8 1291
1732742887167 139601.7 1292
1732742897313 139601.7 1293
1732742907460 139601.7 1294
1732742917685 139601.7 1295
1732742927864 139601.7 1296
1732742938033 139601.7 1297
1732742948245 139601.7 1298
1732742958431 139601.7 1299
1732742968620 139601.6 1300
1732742978782 139601.6 1301
1732742988996 139601.6 1302
1732742999199 139601.6 1303
1732743009397 139601.6 1304
1732743019608 139601.6 1305
1732743029798 139601.6 1306
1732743039982 139601.6 1307
1732743050191 139601.6 1308
1732743060382 139601.5 1309
1732743070572 139601.5 1310
1732743080777 139601.4 1311
1732743090949 139601.4 1312
1732743101095 139601.4 1313
1732743111287 139601.4 1314
1732743121427 139601.4 1315
1732743131613 139601.4 1316
1732743141802 139601.4 1317
1732743152005 139601.4 1318
1732743162188 139601.4 1319
1732743172406 139601.4 1320
1732743182613 139601.3 1321
1732743192802 139601.3 1322
1732743202994 139601.2 1323
1732743213188 139601.2 1324
1732743223341 139601.2 1325
1732743233525 139601.2 1326
1732743243782 139601.2 1327
1732743253995 139601.2 1328
1732743264203 139601.1 1329
1732743274433 139601.1 1330
1732743284632 139601.1 1331
1732743294830 139601.1 1332
1732743305039 139601.1 1333
1732743315184 139601.1 1334
1732743325370 139601.0 1335
1732743335533 139601.0 1336
1732743345706 139601.0 1337
1732743355936 139601.0 1338
1732743366126 139601.0 1339
1732743376338 139601.0 1340
1732743386498 139601.0 1341
1732743396661 139601.0 1342
1732743406852 139600.9 1343
1732743416994 139600.9 1344
1732743427184 139600.9 1345
1732743437397 139600.9 1346
1732743447592 139600.9 1347
1732743457799 139600.9 1348
1732743467942 139600.9 1349
1732743478175 139600.9 1350
1732743488375 139600.9 1351
1732743498582 139600.8 1352
1732743508747 139600.8 1353
1732743518945 139600.8 1354
1732743529143 139600.8 1355
1732743539325 139600.8 1356
1732743549508 139600.8 1357
1732743559729 139600.8 1358
1732743569924 139600.8 1359
1732743580114 139600.7 1360
1732743590313 139600.7 1361
1732743600538 139600.7 1362
1732743610729 139600.7 1363
1732743620915 139600.7 1364
1732743631073 139600.7 1365
1732743641258 139600.7 1366
1732743651484 139600.7 1367
1732743661713 139600.6 1368
1732743671949 139600.6 1369
1732743682171 139600.6 1370
1732743692359 139600.6 1371
1732743702506 139600.6 1372
1732743712665 139600.5 1373
1732743722864 139600.5 1374
1732743733062 139600.5 1375
1732743743249 139600.5 1376
1732743753446 139600.5 1377
1732743763659 139600.5 1378
1732743773857 139600.4 1379
1732743784053 139600.4 1380
1732743794254 139600.4 1381
1732743804441 139600.4 1382
1732743814638 139600.4 1383
1732743824881 139600.4 1384
1732743835395 139600.4 1385
1732743845707 139600.4 1386
1732743855846 139600.4 1387
1732743865992 139600.3 1388
1732743876187 139600.3 1389
1732743886333 139600.3 1390
1732743896476 139600.3 1391
1732743906673 139600.3 1392
1732743916877 139600.3 1393
1732743927083 139600.2 1394
1732743937352 139600.2 1395
1732743947563 139600.2 1396
1732743957762 139600.2 1397
1732743967959 139600.2 1398
1732743978172 139600.2 1399
1732743988377 139600.2 1400
1732743998587 139600.1 1401
1732744008742 139600.1 1402
1732744018903 139600.1 1403
1732744029128 139600.1 1404
1732744039352 139600.1 1405
1732744049568 139600.1 1406
1732744059779 139600.1 1407
1732744069921 139600.1 1408
1732744080123 139600.0 1409
1732744090311 139600.0 1410
1732744100524 139600.0 1411
1732744110733 139600.0 1412
1732744120886 139600.0 1413
1732744131099 139600.0 1414
1732744141328 139600.0 1415
1732744151483 139599.9 1416
1732744161648 139599.9 1417
1732744171897 139599.9 1418
1732744182132 139599.9 1419
1732744192351 139599.9 1420
1732744202511 139599.9 1421
1732744212692 139599.8 1422
1732744222875 139599.8 1423
1732744233036 139599.8 1424
1732744243269 139599.8 1425
1732744253479 139599.8 1426
1732744263636 139599.8 1427
1732744273855 139599.8 1428
1732744284013 139599.7 1429
1732744294320 139599.7 1430
1732744304477 139599.7 1431
1732744314728 139599.7 1432
1732744324890 139599.7 1433
1732744335082 139599.7 1434
1732744345286 139599.7 1435
1732744355484 139599.7 1436
1732744365680 139599.7 1437
1732744375872 139599.6 1438
1732744386071 139599.6 1439
1732744396266 139599.6 1440
1732744406465 139599.6 1441
1732744416614 139599.6 1442
1732744426788 139599.6 1443
1732744436995 139599.6 1444
1732744447194 139599.5 1445
1732744457354 139599.5 1446
1732744467502 139599.5 1447
1732744477669 139599.5 1448
1732744487897 139599.5 1449
1732744498112 139599.5 1450
1732744508286 139599.5 1451
1732744518465 139599.5 1452
1732744528662 139599.5 1453
1732744538855 139599.5 1454
1732744549066 139599.4 1455
1732744559239 139599.4 1456
1732744569430 139599.4 1457
1732744579611 139599.4 1458
1732744589775 139599.4 1459
1732744599941 139599.4 1460
1732744610160 139599.4 1461
1732744620333 139599.4 1462
1732744630539 139599.3 1463
1732744640782 139599.3 1464
1732744650943 139599.3 1465
1732744661155 139599.3 1466
1732744671329 139599.3 1467
1732744681541 139599.3 1468
1732744691870 139599.3 1469
1732744702073 139590.8 1470
1732744712268 139590.8 1471
1732744722436 139590.8 1472
1732744732596 139590.8 1473
1732744742776 139590.8 1474
1732744752937 139590.8 1475
1732744763165 139590.8 1476
1732744773359 139590.8 1477
1732744783561 139590.7 1478
1732744793761 139590.7 1479
1732744803970 139590.7 1480
1732744814167 139590.7 1481
1732744824353 139590.7 1482
1732744834548 139590.7 1483
1732744844772 139590.7 1484
1732744854947 139590.7 1485
1732744865172 139590.7 1486
1732744875403 139590.6 1487
1732744885590 139590.6 1488
1732744895771 139590.6 1489
1732744905981 139590.6 1490
1732744916174 139590.6 1491
1732744926357 139590.6 1492
1732744936564 139590.6 1493
1732744946778 139590.6 1494
1732744957001 139590.6 1495
1732744967170 139590.5 1496
1732744977374 139590.5 1497
1732744987597 139590.5 1498
1732744997769 139590.5 1499
1732745008000 139590.5 1500
1732745018200 139590.5 1501
1732745028406 139590.5 1502
1732745038609 139590.5 1503
1732745048832 139590.4 1504
1732745058988 139590.4 1505
1732745069189 139590.4 1506
1732745079387 139590.4 1507
1732745089583 139590.4 1508
1732745099890 139590.4 1509
1732745110064 139590.4 1510
1732745120251 139590.4 1511
1732745130437 139590.4 1512
1732745140630 139590.3 1513
1732745150785 139590.3 1514
1732745160993 139590.3 1515
1732745171206 139590.3 1516
1732745181416 139590.3 1517
1732745191626 139590.3 1518
1732745201857 139590.3 1519
1732745212044 139590.3 1520
1732745222242 139590.2 1521
1732745232451 139590.2 1522
1732745242633 139590.2 1523
1732745252846 139590.2 1524
1732745263062 139590.2 1525
1732745273281 139590.1 1526
1732745283458 139589.5 1527
1732745293685 139589.1 1528
1732745303892 139589.1 1529
1732745314088 139588.7 1530
1732745324310 139588.8 1531
1732745334529 139588.8 1532
1732745344699 139588.8 1533
1732745354922 139588.6 1534
1732745365156 139588.6 1535
1732745375383 139588.6 1536
1732745385589 139588.3 1537
1732745395806 139588.3 1538
1732745406000 139588.4 1539
1732745416165 139588.0 1540
1732745426379 139588.0 1541
1732745436578 139588.0 1542
1732745446783 139588.0 1543
1732745457007 139588.0 1544
1732745467216 139587.9 1545
1732745477453 139587.8 1546
1732745487681 139587.8 1547
1732745497840 139587.8 1548
1732745508157 139584.7 1549
1732745518358 139584.6 1550
1732745528528 139584.6 1551
1732745538750 139584.6 1552
1732745548953 139584.5 1553
1732745559415 139587.7 1554
1732745569627 139594.5 1555
1732745579830 139589.2 1556
1732745590007 139592.4 1557
1732745600213 139592.2 1558
1732745610406 139590.0 1559
1732745620605 139589.8 1560
1732745630788 139593.4 1561
1732745640999 139588.7 1562
1732745651191 139592.2 1563
1732745661387 139594.5 1564
1732745671609 139589.8 1565
1732745681812 139593.3 1566
1732745691993 139591.0 1567
1732745702233 139590.7 1568
1732745712443 139594.1 1569
1732745722588 139589.3 1570
1732745732773 139592.9 1571
1732745742987 139586.8 1572
1732745753207 139590.4 1573
1732745763398 139590.1 1574
1732745773581 139589.2 1575
1732745783759 139590.1 1576
1732745793927 139591.5 1577
1732745804087 139590.4 1578
1732745814322 139589.2 1579
1732745824559 139586.7 1580
1732745834732 139588.9 1581
1732745844957 139592.5 1582
1732745855145 139590.3 1583
1732745865372 139589.9 1584
1732745875601 139591.2 1585
1732745885758 139588.9 1586
1732745895926 139592.4 1587
1732745906137 139588.8 1588
1732745916472 139591.2 1589
1732745926674 139586.4 1590
1732745936902 139591.1 1591
1732745947190 139593.5 1592
1732745957398 139589.8 1593
1732745967571 139588.9 1594
1732745977785 139588.6 1595
1732745987980 139592.2 1596
1732745998211 139587.5 1597
1732746008821 139589.8 1598
1732746019035 139590.0 1599
1732746029207 139587.5 1600
1732746039360 139587.5 1601
1732746049564 139593.3 1602
1732746059780 139593.3 1603
1732746069980 139593.3 1604
1732746080154 139589.8 1605
1732746090348 139592.1 1606
1732746100560 139587.3 1607
1732746110763 139588.3 1608
1732746120943 139588.3 1609
1732746131116 139589.6 1610
1732746141291 139591.8 1611
1732746151511 139588.4 1612
1732746161722 139593.0 1613
1732746171939 139588.3 1614
1732746182124 139591.8 1615
1732746192367 139587.1 1616
1732746202555 139589.5 1617
1732746212778 139589.2 1618
1732746222993 139588.3 1619
1732746233174 139589.2 1620
1732746243650 139590.5 1621
1732746253866 139585.8 1622
1732746264051 139588.1 1623
1732746274287 139587.0 1624
1732746284488 139587.0 1625
1732746294685 139587.0 1626
1732746304967 139587.0 1627
1732746315194 139591.6 1628
1732746325516 139594.9 1629
1732746335746 139597.3 1630
1732746345928 139597.0 1631
1732746356126 139596.1 1632
1732746366337 139595.9 1633
1732746376560 139595.8 1634
1732746386735 139595.6 1635
1732746396907 139595.6 1636
1732746407069 139595.6 1637
1732746417287 139595.6 1638
1732746427501 139595.5 1639
1732746437728 139595.4 1640
1732746447952 139595.4 1641
1732746458196 139595.4 1642
1732746468416 139595.3 1643
1732746478623 139595.3 1644
1732746488839 139595.3 1645
1732746499071 139595.2 1646
1732746509288 139595.1 1647
1732746519515 139595.1 1648
1732746529732 139595.1 1649
1732746539951 139595.1 1650
1732746550162 139595.0 1651
1732746560396 139594.9 1652
1732746570628 139594.8 1653
1732746580797 139594.8 1654
1732746591021 139594.5 1655
1732746601254 139593.9 1656
1732746611453 139593.8 1657
1732746621685 139593.8 1658
1732746631918 139593.8 1659
1732746642150 139593.8 1660
1732746652402 139593.7 1661
1732746662638 139593.3 1662
1732746672869 139593.3 1663
1732746683082 139593.3 1664
1732746693329 139593.3 1665
1732746703511 139593.2 1666
1732746713745 139593.2 1667
1732746723973 139592.7 1668
1732746734271 139591.8 1669
1732746744493 139591.7 1670
1732746754721 139594.3 1671
1732746764944 139594.2 1672
1732746775193 139593.3 1673
1732746785399 139593.0 1674
1732746795604 139592.1 1675
1732746805796 139588.3 1676
1732746816030 139586.7 1677
1732746826202 139585.9 1678
1732746836385 139584.8 1679
1732746846599 139578.7 1680
1732746856766 139582.1 1681
1732746866988 139578.0 1682
1732746877207 139575.9 1683
1732746887434 139575.9 1684
1732746897680 139575.9 1685
1732746907914 139575.3 1686
1732746918124 139578.5 1687
1732746928328 139577.6 1688
1732746938533 139577.3 1689
1732746948743 139580.9 1690
1732746958981 139574.9 1691
1732746969182 139578.5 1692
1732746979371 139603.1 1693
1732746989580 139603.1 1694
1732746999801 139603.1 1695
1732747009985 139603.1 1696
1732747020178 139603.1 1697
1732747030408 139603.1 1698
1732747040610 139603.0 1699
1732747050857 139603.0 1700
1732747061082 139603.0 1701
1732747071324 139603.0 1702
1732747081574 139603.0 1703
1732747091752 139603.0 1704
1732747101980 139603.0 1705
1732747112203 139603.0 1706
1732747122438 139602.9 1707
1732747132655 139602.9 1708
1732747142887 139602.9 1709
1732747153063 139602.9 1710
1732747163299 139602.9 1711
1732747173492 139602.9 1712
1732747183669 139602.9 1713
1732747193883 139602.9 1714
1732747204098 139602.8 1715
1732747214286 139602.8 1716
1732747224494 139602.8 1717
1732747234694 139602.8 1718
1732747244857 139602.8 1719
1732747255063 139602.8 1720
1732747265285 139602.8 1721
1732747275508 139602.8 1722
1732747285695 139602.8 1723
1732747295893 139602.7 1724
1732747306138 139602.7 1725
1732747316486 139602.7 1726
1732747327014 139602.7 1727
1732747337249 139602.7 1728
1732747347423 139602.7 1729
1732747357653 139602.7 1730
1732747367882 139602.7 1731
1732747378114 139602.6 1732
1732747388325 139602.6 1733
1732747398547 139602.6 1734
1732747408797 139602.6 1735
1732747419005 139602.6 1736
1732747429236 139602.6 1737
1732747439458 139602.6 1738
1732747449666 139602.6 1739
1732747459867 139602.6 1740
1732747470102 139602.5 1741
1732747480275 139602.5 1742
1732747490511 139602.5 1743
1732747500747 139602.5 1744
1732747510975 139602.5 1745
1732747521158 139602.5 1746
1732747531314 139602.5 1747
1732747541555 139602.5 1748
1732747551762 139602.4 1749
1732747561985 139602.4 1750
1732747572233 139602.4 1751
1732747582460 139602.4 1752
1732747592652 139602.4 1753
1732747602871 139602.4 1754
1732747613084 139602.4 1755
1732747623300 139602.4 1756
1732747633521 139602.3 1757
1732747643734 139602.3 1758
1732747653984 139602.3 1759
1732747664206 139602.3 1760
1732747674451 139602.3 1761
1732747684672 139602.3 1762
1732747694854 139602.3 1763
1732747705022 139602.3 1764
1732747715222 139602.2 1765
1732747725441 139602.2 1766
1732747735744 139602.2 1767
1732747745978 139602.2 1768
1732747756198 139602.2 1769
1732747766423 139602.2 1770
1732747776614 139602.2 1771
1732747786828 139602.2 1772
1732747797075 139602.1 1773
1732747807318 139602.1 1774
1732747817485 139602.1 1775
1732747827671 139602.1 1776
1732747837888 139602.1 1777
1732747848108 139602.1 1778
1732747858372 139602.1 1779
1732747868564 139602.1 1780
1732747878744 139602.0 1781
1732747888967 139602.0 1782
1732747899199 139602.0 1783
1732747909463 139602.0 1784
1732747919678 139602.0 1785
1732747929853 139602.0 1786
1732747940066 139602.0 1787
1732747950252 139602.0 1788
1732747960498 139601.9 1789
1732747970726 139601.9 1790
1732747980936 139601.9 1791
1732747991156 139601.9 1792
1732748001318 139601.9 1793
1732748011911 139601.9 1794
1732748022125 139601.9 1795
1732748032353 139601.9 1796
1732748042599 139601.9 1797
1732748052833 139601.8 1798
1732748063079 139601.8 1799
1732748073270 139601.8 1800
1732748083493 139601.8 1801
1732748093686 139601.8 1802
1732748103904 139601.8 1803
1732748114150 139601.8 1804
1732748124338 139601.8 1805
1732748134547 139601.8 1806
1732748144781 139601.7 1807
1732748155029 139601.7 1808
1732748165228 139601.7 1809
1732748175467 139601.7 1810
1732748185688 139601.7 1811
1732748195942 139601.7 1812
1732748206172 139601.7 1813
1732748216404 139601.7 1814
1732748226608 139601.6 1815
1732748236839 139601.6 1816
1732748247070 139601.6 1817
1732748257403 139601.6 1818
1732748267572 139601.6 1819
1732748277773 139601.6 1820
1732748288005 139601.6 1821
1732748298219 139601.6 1822
1732748308483 139601.6 1823
1732748318725 139601.5 1824
1732748328938 139601.5 1825
1732748339126 139601.5 1826
1732748349302 139601.5 1827
1732748359525 139601.5 1828
1732748369731 139601.5 1829
1732748379956 139601.5 1830
1732748390191 139601.5 1831
1732748400402 139601.4 1832
1732748410628 139601.4 1833
1732748420807 139601.4 1834
1732748431060 139601.4 1835
1732748441624 139601.4 1836
1732748451843 139601.4 1837
1732748462074 139601.4 1838
1732748472247 139601.4 1839
1732748482477 139601.4 1840
1732748492663 139601.3 1841
1732748502838 139601.3 1842
1732748513012 139601.3 1843
1732748523175 139601.3 1844
1732748533374 139601.3 1845
1732748543625 139601.3 1846
1732748553880 139601.3 1847
1732748564127 139601.3 1848
1732748574320 139601.2 1849
1732748584546 139601.2 1850
1732748594783 139601.2 1851
1732748604991 139601.2 1852
1732748615189 139601.2 1853
1732748625372 139601.2 1854
1732748635593 139601.2 1855
1732748645816 139601.2 1856
1732748656055 139601.2 1857
1732748666298 139601.1 1858
1732748676507 139601.1 1859
1732748686738 139601.1 1860
1732748696980 139601.1 1861
1732748707236 139601.1 1862
1732748717410 139601.1 1863
1732748727628 139601.1 1864
1732748737840 139601.1 1865
1732748748181 139601.0 1866
1732748758411 139601.0 1867
1732748768656 139601.0 1868
1732748778874 139601.0 1869
1732748789141 139601.0 1870
1732748799368 139601.0 1871
1732748809610 139601.0 1872
1732748819854 139601.0 1873
1732748830074 139601.0 1874
1732748840267 139600.9 1875
1732748850490 139600.9 1876
1732748860673 139600.9 1877
1732748870864 139600.9 1878
1732748881057 139600.9 1879
1732748891250 139600.9 1880
1732748901483 139600.9 1881
1732748911660 139600.9 1882
1732748921876 139600.9 1883
1732748932047 139600.8 1884
1732748942260 139600.8 1885
1732748952447 139600.8 1886
1732748962673 139600.8 1887
1732748972853 139600.8 1888
1732748983081 139600.8 1889
1732748993307 139600.8 1890
1732749003537 139600.8 1891
1732749013763 139600.7 1892
1732749024011 139600.7 1893
1732749034270 139600.7 1894
1732749044491 139600.7 1895
1732749054690 139600.7 1896
1732749064878 139600.7 1897
1732749075108 139600.7 1898
1732749085331 139600.7 1899
1732749095526 139600.7 1900
1732749105771 139600.6 1901
1732749116014 139600.6 1902
1732749126239 139600.6 1903
1732749136436 139600.6 1904
1732749146661 139600.6 1905
1732749156838 139600.6 1906
1732749167093 139600.6 1907
1732749177355 139600.6 1908
1732749187601 139600.5 1909
1732749197819 139600.5 1910
1732749208073 139600.5 1911
1732749218344 139600.5 1912
1732749228638 139600.5 1913
1732749238908 139600.5 1914
1732749249150 139600.5 1915
1732749259369 139600.5 1916
1732749269601 139600.5 1917
1732749279805 139600.4 1918
1732749290014 139600.4 1919
1732749300238 139600.4 1920
1732749310478 139600.4 1921
1732749320702 139600.4 1922
1732749330902 139600.4 1923
1732749341182 139600.4 1924
1732749351446 139600.4 1925
1732749361623 139600.4 1926
1732749371815 139600.3 1927
1732749382013 139600.3 1928
1732749392227 139600.3 1929
1732749402463 139600.3 1930
1732749412655 139600.3 1931
1732749423336 139600.3 1932
1732749433579 139600.3 1933
1732749443794 139600.3 1934
1732749454032 139600.2 1935
1732749464272 139600.2 1936
1732749474509 139600.2 1937
1732749484785 139600.2 1938
1732749494994 139600.2 1939
1732749505248 139600.2 1940
1732749515501 139600.2 1941
1732749525757 139600.2 1942
1732749536012 139600.1 1943
1732749546254 139600.1 1944
1732749556507 139600.1 1945
1732749566759 139600.1 1946
1732749576956 139600.1 1947
1732749587191 139600.1 1948
1732749597446 139600.1 1949
1732749607678 139600.1 1950
1732749617895 139600.1 1951
1732749628137 139600.0 1952
1732749638348 139600.0 1953
1732749648615 139600.0 1954
1732749658858 139600.0 1955
1732749669062 139600.0 1956
1732749679301 139600.0 1957
1732749689522 139600.0 1958
1732749699761 139600.0 1959
1732749709997 139600.0 1960
1732749720311 139599.9 1961
1732749730558 139599.9 1962
1732749740798 139599.9 1963
1732749751034 139599.9 1964
1732749761237 139599.9 1965
1732749771469 139599.9 1966
1732749781655 139599.9 1967
1732749791887 139599.9 1968
1732749802119 139599.8 1969
1732749812336 139599.8 1970
1732749822572 139599.8 1971
1732749832843 139599.8 1972
1732749843069 139599.8 1973
1732749853292 139599.8 1974
1732749863531 139599.8 1975
1732749873757 139599.8 1976
1732749883998 139599.7 1977
1732749894240 139599.7 1978
1732749904489 139599.7 1979
1732749914738 139599.7 1980
1732749924945 139599.7 1981
1732749935162 139599.7 1982
1732749945401 139599.7 1983
1732749955655 139599.7 1984
