1732729782128 122758.9 0
1732729792172 122758.9 1
1732729802215 122757.1 2
1732729812253 122771.6 3
1732729822298 122771.4 4
1732729832342 122771.5 5
1732729842404 122771.5 6
1732729852472 122771.5 7
1732729862536 122771.2 8
1732729872626 122768.2 9
1732729882695 122768.2 10
1732729892769 122768.2 11
1732729902833 122768.2 12
1732729912885 122768.2 13
1732729922953 122768.2 14
1732729933026 122768.2 15
1732729943086 122768.2 16
1732729953181 122768.3 17
1732729963266 122768.3 18
1732729973341 122768.3 19
1732729983415 122768.3 20
1732729993489 122768.3 21
1732730003555 122768.3 22
1732730013627 122768.3 23
1732730023717 122768.3 24
1732730033798 122768.3 25
1732730043864 122768.4 26
1732730053935 122768.4 27
1732730064013 122768.4 28
1732730074080 122768.4 29
1732730084156 122768.4 30
1732730094231 122768.4 31
1732730104311 122768.4 32
1732730114605 122768.4 33
1732730124675 122768.4 34
1732730134756 122768.5 35
1732730144830 122768.5 36
1732730154905 122768.5 37
1732730164977 122768.5 38
1732730175074 122768.5 39
1732730185163 122768.5 40
1732730195235 122768.5 41
1732730205330 122768.5 42
1732730215409 122768.6 43
1732730225491 122768.6 44
1732730235581 122768.6 45
1732730245666 122768.6 46
1732730255739 122768.6 47
1732730265810 122768.6 48
1732730275890 122768.6 49
1732730285965 122768.6 50
1732730296038 122768.7 51
1732730306116 122768.7 52
1732730316202 122768.7 53
1732730326286 122768.7 54
1732730336358 122768.7 55
1732730346448 122768.7 56
1732730356524 122768.7 57
1732730366611 122768.7 58
1732730376679 122768.7 59
1732730386780 122768.8 60
1732730396864 122768.8 61
1732730406942 122768.8 62
1732730417031 122768.8 63
1732730427107 122768.8 64
1732730437190 122768.8 65
1732730447270 122768.8 66
1732730457354 122768.8 67
1732730467426 122768.8 68
1732730477514 122768.9 69
1732730487602 122768.9 70
1732730497699 122768.9 71
1732730507775 122768.9 72
1732730517879 122768.9 73
1732730527955 122768.9 74
1732730538050 122768.9 75
1732730548134 122768.9 76
1732730558223 122768.9 77
1732730568296 122769.0 78
1732730578383 122769.0 79
1732730588474 122769.0 80
1732730598557 122769.0 81
1732730608640 122769.0 82
1732730618730 122769.0 83
1732730628805 122769.0 84
1732730638890 122769.0 85
1732730648971 122769.1 86
1732730659045 122769.1 87
1732730669127 122769.1 88
1732730679186 122769.1 89
1732730689268 122769.1 90
1732730699354 122769.1 91
1732730709434 122769.1 92
1732730719523 122769.1 93
1732730729602 122769.1 94
1732730739704 122769.2 95
1732730749792 122769.2 96
1732730759879 122769.2 97
1732730769950 122769.2 98
1732730780052 122769.2 99
1732730790134 122769.2 100
1732730800209 122769.2 101
1732730810314 122769.2 102
1732730820403 122769.3 103
1732730830495 122769.3 104
1732730840557 122769.3 105
1732730850643 122769.3 106
1732730860717 122769.3 107
1732730870808 122769.3 108
1732730880911 122769.3 109
1732730890992 122769.3 110
1732730901083 122769.3 111
1732730911169 122769.4 112
1732730921249 122769.4 113
1732730931326 122769.4 114
1732730941400 122769.4 115
1732730951483 122777.8 116
1732730961593 122777.8 117
1732730971656 122777.8 118
1732730981751 122777.8 119
1732730991831 122777.8 120
1732731001928 122777.8 121
1732731012010 122777.9 122
1732731022092 122777.9 123
1732731032194 122777.9 124
1732731042292 122777.9 125
1732731052386 122777.9 126
1732731062464 122777.9 127
1732731072547 122777.9 128
1732731082629 122777.9 129
1732731092739 122777.9 130
1732731102825 122778.0 131
1732731112904 122778.0 132
1732731122982 122778.0 133
1732731133083 122778.0 134
1732731143182 122778.0 135
1732731153276 122778.0 136
1732731163377 122778.0 137
1732731173454 122778.0 138
1732731183520 122778.1 139
1732731193613 122778.1 140
1732731203695 122778.1 141
1732731213794 122778.1 142
1732731223874 122778.1 143
1732731233965 122778.1 144
1732731244055 122778.1 145
1732731254141 122778.1 146
1732731264246 122778.1 147
1732731274344 122778.2 148
1732731284443 122778.2 149
1732731294529 122778.2 150
1732731304623 122778.2 151
1732731314688 122778.2 152
1732731324779 122778.2 153
1732731334867 122778.2 154
1732731344958 122778.2 155
1732731355029 122778.3 156
1732731365109 122778.3 157
1732731375191 122778.3 158
1732731385292 122778.3 159
1732731395384 122778.3 160
1732731405483 122778.3 161
1732731415581 122778.3 162
1732731425679 122778.3 163
1732731435775 122778.3 164
1732731445874 122778.4 165
1732731455949 122778.4 166
1732731466046 122778.4 167
1732731476140 122778.4 168
1732731486230 122778.4 169
1732731496325 122778.4 170
1732731506417 122778.4 171
1732731516495 122778.4 172
1732731526595 122778.5 173
1732731536682 122778.5 174
1732731546775 122778.5 175
1732731556867 122778.5 176
1732731566958 122778.5 177
1732731577045 122778.5 178
1732731587135 122778.5 179
1732731597204 122778.5 180
1732731607265 122778.5 181
1732731617350 122778.6 182
1732731627422 122778.6 183
1732731637502 122778.6 184
1732731647572 122778.6 185
1732731657671 122778.6 186
1732731667755 122778.6 187
1732731677858 122778.6 188
1732731687952 122778.6 189
1732731698039 122778.6 190
1732731708140 122778.7 191
1732731718236 122778.7 192
1732731728330 122778.7 193
1732731738430 122778.7 194
1732731748527 122778.7 195
1732731758635 122778.7 196
1732731768741 122778.7 197
1732731778832 122778.7 198
1732731788929 122778.7 199
1732731799020 122778.8 200
1732731809121 122778.8 201
1732731819211 122778.8 202
1732731829310 122778.8 203
1732731839400 122778.8 204
1732731849518 122778.8 205
1732731859617 122778.8 206
1732731869718 122778.8 207
1732731879821 122778.9 208
1732731889908 122778.9 209
1732731900016 122778.9 210
1732731910132 122778.9 211
1732731920223 122778.9 212
1732731930327 122778.9 213
1732731940419 122778.9 214
1732731950527 122778.9 215
1732731960627 122778.9 216
1732731970715 122779.0 217
1732731980826 122779.0 218
1732731990911 122779.0 219
1732732001021 122779.0 220
1732732011131 122779.0 221
1732732021206 122779.0 222
1732732031287 122779.0 223
1732732041392 122779.0 224
1732732051493 122779.0 225
1732732061588 122779.1 226
1732732071689 122779.1 227
1732732081793 122779.1 228
1732732091890 122779.1 229
1732732101999 122779.1 230
1732732112103 122779.1 231
1732732122202 122779.1 232
1732732132296 122779.1 233
1732732142402 122779.1 234
1732732152502 122779.2 235
1732732162608 122779.2 236
1732732172703 122779.2 237
1732732182824 122779.2 238
1732732192923 122779.2 239
1732732203044 122779.2 240
1732732213157 122779.2 241
1732732223252 122779.2 242
1732732233364 122779.3 243
1732732243470 122779.3 244
1732732253578 122779.3 245
1732732263688 122779.3 246
1732732273802 122779.3 247
1732732283894 122779.3 248
1732732293958 122779.3 249
1732732304052 122779.3 250
1732732314161 122779.4 251
1732732324268 122779.4 252
1732732334375 122779.4 253
1732732344485 122779.4 254
1732732354587 122779.4 255
1732732364686 122779.4 256
1732732374804 122779.4 257
1732732384910 122779.4 258
1732732395012 122779.5 259
1732732405121 122779.5 260
1732732415229 122779.5 261
1732732425338 122779.5 262
1732732435428 122779.5 263
1732732445513 122779.5 264
1732732455603 122779.5 265
1732732465722 122779.5 266
1732732475830 122779.5 267
1732732485940 122779.6 268
1732732496023 122779.6 269
1732732506120 122779.6 270
1732732516225 122779.6 271
1732732526326 122779.6 272
1732732536413 122779.6 273
1732732546523 122779.6 274
1732732556646 122779.6 275
1732732566764 122779.6 276
1732732576872 122779.7 277
1732732586979 122779.7 278
1732732597076 122779.7 279
1732732607197 122779.7 280
1732732617289 122779.7 281
1732732627667 122779.7 282
1732732637791 122779.7 283
1732732647915 122779.7 284
1732732658008 122779.8 285
1732732668123 122779.8 286
1732732678237 122779.8 287
1732732688347 122779.8 288
1732732698449 122779.8 289
1732732708559 122779.8 290
1732732718681 122779.8 291
1732732728798 122779.8 292
1732732738912 122779.8 293
1732732749037 122779.9 294
1732732759155 122779.9 295
1732732769256 122779.9 296
1732732779353 122779.9 297
1732732789470 122779.9 298
1732732799572 122779.9 299
1732732809695 122779.9 300
1732732819811 122779.9 301
1732732829929 122779.9 302
1732732840046 122780.0 303
1732732850151 122780.0 304
1732732860258 122780.0 305
1732732870364 122780.0 306
1732732880490 122780.0 307
1732732890603 122780.0 308
1732732900740 122780.0 309
1732732910841 122780.0 310
1732732920956 122780.0 311
1732732931065 122780.1 312
1732732941173 122780.1 313
1732732951285 122780.1 314
1732732961405 122780.1 315
1732732971521 122780.1 316
1732732981631 122780.1 317
1732732991731 122780.1 318
1732733001839 122780.1 319
1732733011944 122780.2 320
1732733022061 122780.2 321
1732733032189 122780.2 322
1732733042291 122780.2 323
1732733052365 122780.2 324
1732733062475 122780.2 325
1732733072592 122780.2 326
1732733082705 122780.2 327
1732733092822 122780.2 328
1732733102910 122780.3 329
1732733113030 122780.3 330
1732733123112 122780.3 331
1732733133206 122780.3 332
1732733143310 122780.3 333
1732733153430 122780.3 334
1732733163544 122780.3 335
1732733173657 122780.3 336
1732733183765 122780.3 337
1732733193892 122780.4 338
1732733204020 122780.4 339
1732733214137 122780.4 340
1732733224255 122780.4 341
1732733234362 122780.4 342
1732733244477 122780.4 343
1732733254588 122780.4 344
1732733264718 122780.4 345
1732733274841 122780.5 346
1732733284957 122780.5 347
1732733295077 122780.5 348
1732733305183 122780.5 349
1732733315321 122780.5 350
1732733325455 122780.5 351
1732733335563 122780.5 352
1732733345662 122780.5 353
1732733355782 122780.6 354
1732733365888 122780.6 355
1732733376019 122780.6 356
1732733386151 122780.6 357
1732733396263 122780.6 358
1732733406362 122780.6 359
1732733416481 122780.6 360
1732733426607 122780.6 361
1732733436726 122780.6 362
1732733446843 122780.7 363
1732733456964 122780.7 364
1732733467081 122780.7 365
1732733477204 122780.7 366
1732733487315 122780.7 367
1732733497447 122780.7 368
1732733507556 122780.7 369
1732733517671 122780.7 370
1732733527766 122780.7 371
1732733537898 122780.8 372
1732733548009 122780.8 373
1732733558119 122780.8 374
1732733568221 122780.8 375
1732733578350 122780.8 376
1732733588469 122780.8 377
1732733598588 122726.0 378
1732733608706 122726.1 379
1732733618781 122726.1 380
1732733628887 122726.1 381
1732733639024 122726.1 382
1732733649142 122726.1 383
1732733659226 122726.1 384
1732733669305 122726.1 385
1732733679410 122726.1 386
1732733689521 122726.1 387
1732733699701 122726.2 388
1732733709843 122726.2 389
1732733719961 122726.2 390
1732733730083 122726.2 391
1732733740220 122726.2 392
1732733750342 122726.2 393
1732733760471 122726.2 394
1732733770595 122726.2 395
1732733780717 122726.2 396
1732733790814 122726.3 397
1732733800943 122726.3 398
1732733811062 122726.3 399
1732733821178 122726.3 400
1732733831263 122726.3 401
1732733841383 122726.3 402
1732733851513 122726.3 403
1732733861628 122726.3 404
1732733871764 122726.4 405
1732733881895 122726.4 406
1732733892014 122726.4 407
1732733902139 122726.4 408
1732733912264 122726.4 409
1732733922384 122726.4 410
1732733932514 122726.4 411
1732733942644 122726.4 412
1732733952770 122726.5 413
1732733962891 122726.5 414
1732733973013 122726.5 415
1732733983137 122726.5 416
1732733993260 122726.5 417
1732734003384 122726.5 418
1732734013513 122726.5 419
1732734023632 122726.5 420
1732734033758 122726.5 421
1732734043870 122726.6 422
1732734054000 122726.6 423
1732734064123 122726.6 424
1732734074253 122726.6 425
1732734084378 122726.6 426
1732734094489 122726.6 427
1732734104614 122726.6 428
1732734114763 122726.6 429
1732734124887 122726.6 430
1732734134967 122726.7 431
1732734145083 122726.7 432
1732734155213 122726.7 433
1732734165337 122726.7 434
1732734175479 122726.7 435
1732734185637 122726.7 436
1732734195768 122726.7 437
1732734205900 122726.7 438
1732734215976 122726.8 439
1732734226104 122726.8 440
1732734236217 122726.8 441
1732734246356 122726.8 442
1732734256483 122726.8 443
1732734266610 122726.8 444
1732734276746 122726.8 445
1732734286873 122726.8 446
1732734296996 122726.8 447
1732734307093 122726.9 448
1732734317234 122726.9 449
1732734327365 122726.9 450
1732734337492 122726.9 451
1732734347616 122726.9 452
1732734357738 122726.9 453
1732734367862 122726.9 454
1732734377991 122726.9 455
1732734388104 122727.0 456
1732734398243 122727.0 457
1732734408328 122727.0 458
1732734418451 122727.0 459
1732734428572 122727.0 460
1732734438701 122727.0 461
1732734448842 122727.0 462
1732734458973 122727.0 463
1732734469108 122727.0 464
1732734479197 122727.1 465
1732734489335 122727.1 466
1732734499469 122727.1 467
1732734509610 122727.1 468
1732734519692 122727.1 469
1732734529830 122727.1 470
1732734539967 122727.1 471
1732734550103 122727.1 472
1732734560265 122727.1 473
1732734570445 122727.2 474
1732734580585 122727.2 475
1732734590713 122727.2 476
1732734600843 122727.2 477
1732734610948 122727.2 478
1732734621077 122727.2 479
1732734631189 122727.2 480
1732734641272 122727.2 481
1732734651372 122727.2 482
1732734661498 122727.3 483
1732734671645 122727.3 484
1732734681775 122727.3 485
1732734691883 122727.3 486
1732734702013 122727.3 487
1732734712150 122727.3 488
1732734722247 122727.3 489
1732734732381 122727.3 490
1732734742524 122727.4 491
1732734752653 122727.4 492
1732734762786 122727.4 493
1732734772925 122727.4 494
1732734783058 122727.4 495
1732734793194 122727.4 496
1732734803333 122727.4 497
1732734813467 122727.4 498
1732734823586 122727.5 499
1732734833722 122727.5 500
1732734843865 122727.5 501
1732734853997 122727.5 502
1732734864140 122727.5 503
1732734874253 122727.5 504
1732734884388 122727.5 505
1732734894523 122727.5 506
1732734904662 122727.6 507
1732734914809 122727.6 508
1732734924947 122727.6 509
1732734935092 122716.1 510
1732734945239 122719.3 511
1732734955330 122719.4 512
1732734965399 122719.4 513
1732734975506 122719.8 514
1732734985618 122720.4 515
1732734995774 122720.6 516
1732735005921 122720.7 517
1732735016074 122720.7 518
1732735026217 122720.7 519
1732735036313 122720.9 520
1732735046447 122720.9 521
1732735056573 122720.9 522
1732735066719 122720.8 523
1732735076856 122720.8 524
1732735086997 122720.9 525
1732735097093 122720.8 526
1732735107245 122720.9 527
1732735117381 122720.9 528
1732735127517 122720.9 529
1732735137622 122720.9 530
1732735147745 122720.9 531
1732735157897 122718.2 532
1732735168043 122718.3 533
1732735178184 122718.3 534
1732735188323 122718.3 535
1732735198474 122718.3 536
1732735208728 122718.3 537
1732735218817 122718.3 538
1732735228954 122718.3 539
1732735239115 122718.3 540
1732735249257 122718.3 541
1732735259403 122718.4 542
1732735269513 122718.4 543
1732735279657 122718.4 544
1732735289791 122718.4 545
1732735299958 122718.4 546
1732735310046 122718.4 547
1732735320178 122718.4 548
1732735330327 122718.4 549
1732735340473 122718.5 550
1732735350619 122718.5 551
1732735360761 122718.5 552
1732735370891 122718.5 553
1732735381034 122718.5 554
1732735391174 122718.5 555
1732735401311 122718.5 556
1732735411477 122718.5 557
1732735421595 122718.5 558
1732735431756 122718.6 559
1732735441902 122718.6 560
1732735452024 122718.6 561
1732735462162 122718.6 562
1732735472284 122718.6 563
1732735482429 122718.6 564
1732735492584 122718.6 565
1732735502731 122718.6 566
1732735512886 122718.7 567
1732735522986 122718.7 568
1732735533106 122718.7 569
1732735543267 122718.7 570
1732735553411 122718.7 571
1732735563569 122718.7 572
1732735573728 122718.7 573
1732735583888 122718.8 574
1732735594034 122718.8 575
1732735604171 122718.8 576
1732735614309 122718.8 577
1732735624458 122718.8 578
1732735634600 122718.8 579
1732735644767 122718.8 580
1732735654926 122718.8 581
1732735665074 122718.9 582
1732735675191 122718.9 583
1732735685324 122718.9 584
1732735695462 122718.9 585
1732735705608 122718.9 586
1732735715756 122718.9 587
1732735725899 122718.9 588
1732735735998 122718.9 589
1732735746141 122718.9 590
1732735756258 122719.0 591
1732735766392 122719.0 592
1732735776542 122719.0 593
1732735786713 122719.0 594
1732735796860 122719.0 595
1732735807016 122719.0 596
1732735817115 122719.0 597
1732735827270 122719.0 598
1732735837413 122719.1 599
1732735847520 122719.1 600
1732735857620 122719.1 601
1732735867768 122719.1 602
1732735877904 122719.1 603
1732735888026 122740.3 604
1732735898162 122740.8 605
1732735908314 122740.8 606
1732735918463 122740.8 607
1732735928614 122740.8 608
1732735938759 122740.8 609
1732735948896 122740.8 610
1732735959047 122740.8 611
1732735969191 122740.8 612
1732735979323 122740.9 613
1732735989426 122740.9 614
1732735999560 122740.9 615
1732736009726 122740.9 616
1732736019807 122740.9 617
1732736029943 122740.9 618
1732736040089 122740.9 619
1732736050244 122740.9 620
1732736060381 122740.9 621
1732736070536 122741.0 622
1732736080681 122741.0 623
1732736090837 122741.0 624
1732736100946 122741.0 625
1732736111080 122741.0 626
1732736121224 122741.0 627
1732736131345 122741.0 628
1732736141506 122741.0 629
1732736151661 122741.1 630
1732736161811 122741.1 631
1732736171949 122741.1 632
1732736182089 122741.1 633
1732736192248 122741.1 634
1732736202344 122741.1 635
1732736212498 122741.1 636
1732736222656 122741.1 637
1732736232806 122741.1 638
1732736242976 122741.2 639
1732736253135 122741.2 640
1732736263274 122741.2 641
1732736273426 122741.2 642
1732736283577 122741.2 643
1732736293732 122741.2 644
1732736303880 122741.2 645
1732736314029 122741.2 646
1732736324188 122741.2 647
1732736334351 122741.3 648
1732736344524 122741.3 649
1732736354680 122741.3 650
1732736364834 122741.3 651
1732736374994 122741.3 652
1732736385158 122741.3 653
1732736395322 122741.3 654
1732736405477 122741.3 655
1732736415637 122741.3 656
1732736425813 122741.4 657
1732736435942 122741.4 658
1732736446091 122741.4 659
1732736456244 122741.4 660
1732736466394 122741.4 661
1732736476549 122741.4 662
1732736486688 122741.4 663
1732736496822 122741.4 664
1732736506977 122741.4 665
1732736517133 122741.5 666
1732736527244 122741.5 667
1732736537325 122741.5 668
1732736547477 122741.5 669
1732736557649 122741.5 670
1732736567763 122741.5 671
1732736577899 122741.5 672
1732736588063 122741.5 673
1732736598212 122741.6 674
1732736608364 122741.6 675
1732736618512 122741.6 676
1732736628672 122741.6 677
1732736638826 122741.6 678
1732736648972 122741.6 679
1732736659132 122741.6 680
1732736669291 122741.6 681
1732736679449 122741.7 682
1732736689606 122741.7 683
1732736699763 122741.7 684
1732736709904 122741.7 685
1732736720057 122741.7 686
1732736730211 122741.7 687
1732736740374 122741.7 688
1732736750529 122741.7 689
1732736760683 122741.7 690
1732736770830 122741.8 691
1732736780936 122741.8 692
1732736791093 122741.8 693
1732736801235 122741.8 694
1732736811378 122741.8 695
1732736821526 122741.8 696
1732736831682 122741.8 697
1732736841843 122741.8 698
1732736852011 122741.9 699
1732736862177 122741.9 700
1732736872325 122741.9 701
1732736882452 122741.9 702
1732736892596 122741.9 703
1732736902750 122741.9 704
1732736912903 122741.9 705
1732736923057 122741.9 706
1732736933219 122741.9 707
1732736943331 122742.0 708
1732736953492 122742.0 709
1732736963612 122742.0 710
1732736973761 122742.0 711
1732736983908 122742.0 712
1732736994069 122742.0 713
1732737004174 122742.0 714
1732737014333 122742.0 715
1732737024510 122742.0 716
1732737034680 122742.1 717
1732737044780 122742.1 718
1732737054953 122742.1 719
1732737065111 122742.1 720
1732737075279 122742.1 721
1732737085437 122742.1 722
1732737095604 122742.1 723
1732737105761 122742.1 724
1732737115921 122742.1 725
1732737126068 122742.2 726
1732737136170 122742.2 727
1732737146322 122742.2 728
1732737156506 122742.2 729
1732737166662 122742.2 730
1732737176809 122742.2 731
1732737186979 122742.2 732
1732737197129 122742.2 733
1732737207240 122742.3 734
1732737217363 122742.3 735
1732737227524 122742.3 736
1732737237679 122742.3 737
1732737247855 122742.3 738
1732737258011 122742.3 739
1732737268175 122742.3 740
1732737278343 122742.3 741
1732737288518 122742.3 742
1732737298682 122742.4 743
1732737308833 122742.4 744
1732737318986 122742.4 745
1732737329149 122742.4 746
1732737339307 122742.4 747
1732737349472 122742.4 748
1732737359646 122742.4 749
1732737369801 122742.4 750
1732737379967 122742.5 751
1732737390125 122742.5 752
1732737400296 122742.5 753
1732737410456 122742.5 754
1732737422970 122742.5 755
1732737433148 122742.5 756
1732737443315 122742.5 757
1732737453473 122742.5 758
1732737463640 122742.5 759
1732737474223 122742.6 760
1732737484391 122742.6 761
1732737494566 122742.6 762
1732737504716 122742.6 763
1732737514884 122742.6 764
1732737524993 122742.6 765
1732737535185 122742.6 766
1732737545353 122742.6 767
1732737555471 122742.6 768
1732737565586 122751.0 769
1732737575747 122751.1 770
1732737585906 122751.1 771
1732737596078 122751.1 772
1732737606186 122751.1 773
1732737616337 122751.1 774
1732737626530 122751.1 775
1732737636690 122751.1 776
1732737646820 122751.1 777
1732737656981 122751.1 778
1732737667148 122751.2 779
1732737677307 122751.2 780
1732737687482 122751.2 781
1732737697667 122751.2 782
1732737707850 122751.2 783
1732737718020 122751.2 784
1732737728191 122751.2 785
1732737738315 122751.2 786
1732737748501 122751.3 787
1732737758666 122751.3 788
1732737768822 122751.3 789
1732737778988 122751.3 790
1732737789148 122751.3 791
1732737799324 122751.3 792
1732737809501 122751.3 793
1732737819671 122751.3 794
1732737829840 122751.3 795
1732737840005 122751.4 796
1732737850121 122751.4 797
1732737860285 122751.4 798
1732737870466 122751.4 799
1732737880652 122751.4 800
1732737890822 122751.4 801
1732737901005 122751.4 802
1732737911170 122751.4 803
1732737921330 122751.5 804
1732737931500 122751.5 805
1732737941668 122751.5 806
1732737951832 122751.5 807
1732737962045 122751.5 808
1732737972210 122751.5 809
1732737982354 122751.5 810
1732737992497 122751.5 811
1732738002663 122751.5 812
1732738012839 122751.6 813
1732738023008 122751.6 814
1732738033130 122751.6 815
1732738043303 122751.6 816
1732738053479 122751.6 817
1732738063657 122751.6 818
1732738073843 122751.6 819
1732738083992 122751.6 820
1732738094147 122751.7 821
1732738104264 122751.7 822
1732738114401 122751.7 823
1732738124556 122751.7 824
1732738134722 122751.7 825
1732738144907 122751.7 826
1732738155060 122751.7 827
1732738165236 122751.7 828
1732738175417 122751.8 829
1732738185536 122751.8 830
1732738195683 122751.8 831
1732738205838 122751.8 832
1732738216010 122751.8 833
1732738226178 122751.8 834
1732738236343 122751.8 835
1732738246508 122751.8 836
1732738256696 122751.8 837
1732738266859 122751.9 838
1732738277030 122751.9 839
1732738287191 122751.9 840
1732738297361 122751.9 841
1732738307522 122751.9 842
1732738317693 122751.9 843
1732738327885 122751.9 844
1732738338081 122751.9 845
1732738348267 122751.9 846
1732738358387 122752.0 847
1732738368508 122752.0 848
1732738378657 122752.0 849
1732738388838 122752.0 850
1732738399005 122752.0 851
1732738409175 122752.0 852
1732738419313 122752.0 853
1732738429488 122752.0 854
1732738439665 122752.0 855
1732738449779 122752.1 856
1732738459944 122752.1 857
1732738470129 122752.1 858
1732738480307 122752.1 859
1732738490449 122752.1 860
1732738500562 122752.1 861
1732738510748 122752.1 862
1732738520906 122755.2 863
1732738531032 122752.1 864
1732738541193 122755.8 865
1732738551360 122755.5 866
1732738561540 122755.5 867
1732738571713 122765.7 868
1732738581831 122761.9 869
1732738591943 122771.0 870
1732738602098 122771.1 871
1732738612268 122775.6 872
1732738622445 122767.3 873
1732738632570 122770.6 874
1732738642715 122771.8 875
1732738652875 122772.1 876
1732738663039 122768.6 877
1732738673208 122770.9 878
1732738683369 122771.2 879
1732738693529 122767.6 880
1732738703679 122772.4 881
1732738713831 122768.9 882
1732738723958 122773.6 883
1732738734149 122771.3 884
1732738744340 122769.8 885
1732738755087 122774.7 886
1732738765264 122771.2 887
1732738775453 122768.8 888
1732738785577 122773.6 889
1732738795737 122770.1 890
1732738805906 122771.5 891
1732738816096 122771.5 892
1732738826268 122771.6 893
1732738836445 122771.1 894
1732738846576 122771.1 895
1732738856722 122771.4 896
1732738866895 122771.8 897
1732738877111 122771.8 898
1732738887297 122771.9 899
1732738897424 122772.9 900
1732738907597 122774.1 901
1732738917742 122775.3 902
1732738927909 122776.2 903
1732738938086 122776.2 904
1732738948226 122776.5 905
1732738958407 122759.7 906
1732738968595 122760.1 907
1732738978734 122760.2 908
1732738988882 122760.7 909
1732738999060 122757.4 910
1732739009233 122757.9 911
1732739019415 122757.9 912
1732739029571 122758.0 913
1732739039761 122761.1 914
1732739049923 122761.4 915
1732739060123 122757.9 916
1732739070258 122763.2 917
1732739080411 122759.7 918
1732739090544 122761.9 919
1732739100726 122762.1 920
1732739110905 122762.2 921
1732739121059 122762.3 922
1732739131203 122762.4 923
1732739141318 122762.6 924
1732739151459 122766.1 925
1732739161613 122762.1 926
1732739171741 122758.5 927
1732739181922 122763.2 928
1732739192106 122759.6 929
1732739202266 122760.9 930
1732739212411 122760.9 931
1732739222588 122760.9 932
1732739232761 122760.9 933
1732739242930 122761.0 934
1732739253110 122761.2 935
1732739263293 122762.1 936
1732739273458 122761.2 937
1732739283702 122761.2 938
1732739293872 122761.2 939
1732739304060 122761.3 940
1732739314210 122763.5 941
1732739324394 122761.2 942
1732739334547 122757.7 943
1732739344729 122761.4 944
1732739354928 122757.8 945
1732739365077 122762.6 946
1732739375235 122762.6 947
1732739385382 122760.1 948
1732739395506 122760.1 949
1732739405670 122763.8 950
1732739415779 122760.2 951
1732739425939 122760.2 952
1732739436120 122760.3 953
1732739446250 122760.3 954
1732739456391 122762.7 955
1732739466523 122759.2 956
1732739476675 122759.4 957
1732739486860 122760.3 958
1732739497032 122761.8 959
1732739507156 122758.2 960
1732739517293 122762.9 961
1732739527427 122759.4 962
1732739537585 122764.1 963
1732739547744 122760.6 964
1732739557862 122760.8 965
1732739568057 122762.9 966
1732739578248 122759.4 967
1732739588420 122759.6 968
1732739598581 122760.5 969
1732739608744 122760.8 970
1732739618938 122762.0 971
1732739629122 122762.0 972
1732739639311 122762.1 973
1732739649509 122762.1 974
1732739659693 122762.2 975
1732739669889 122762.2 976
1732739680026 122758.6 977
1732739690212 122762.2 978
1732739700399 122760.9 979
1732739710590 122760.9 980
1732739720777 122757.4 981
1732739730968 122763.4 982
1732739741150 122759.8 983
1732739751285 122764.5 984
1732739761403 122761.1 985
1732739771584 122761.1 986
1732739781770 122761.1 987
1732739791957 122761.1 988
1732739802133 122761.2 989
1732739812307 122761.2 990
1732739822481 122761.2 991
1732739832692 122761.2 992
1732739842849 122761.2 993
1732739853048 122761.3 994
1732739863225 122761.4 995
1732739873413 122762.7 996
1732739883546 122762.7 997
1732739893714 122763.3 998
1732739903925 122763.4 999
1732739914133 122763.4 1000
1732739924322 122763.4 1001
1732739934497 122763.4 1002
1732739944695 122763.4 1003
1732739954873 122763.5 1004
1732739965064 122763.4 1005
1732739975247 122764.6 1006
1732739985371 122764.8 1007
1732739995502 122761.3 1008
1732740005652 122766.0 1009
1732740015828 122762.5 1010
1732740026034 122767.2 1011
1732740036211 122764.8 1012
1732740046345 122763.5 1013
1732740056512 122763.5 1014
1732740066663 122760.2 1015
1732740077004 122765.0 1016
1732740087178 122762.7 1017
1732740097345 122763.6 1018
1732740107532 122763.8 1019
1732740117743 122763.7 1020
1732740127936 122763.8 1021
1732740138090 122763.8 1022
1732740148249 122763.8 1023
1732740158450 122760.3 1024
1732740168576 122760.4 1025
1732740178764 122760.3 1026
1732740188937 122760.4 1027
1732740199102 122760.4 1028
1732740209234 122760.4 1029
1732740219404 122760.4 1030
1732740229572 122760.4 1031
1732740239730 122760.4 1032
1732740249938 122760.4 1033
1732740260122 122762.9 1034
1732740270289 122762.9 1035
1732740280476 122762.9 1036
1732740290648 122765.4 1037
1732740300781 122765.4 1038
1732740310962 122767.7 1039
1732740321159 122761.8 1040
1732740331343 122766.5 1041
1732740341499 122762.9 1042
1732740351666 122764.0 1043
1732740361844 122766.5 1044
1732740372036 122762.0 1045
1732740382213 122766.7 1046
1732740392383 122763.1 1047
1732740402562 122760.8 1048
1732740412733 122765.5 1049
1732740422928 122766.8 1050
1732740433142 122766.8 1051
1732740443340 122766.9 1052
1732740453479 122766.9 1053
1732740463653 122766.9 1054
1732740473846 122766.9 1055
1732740483963 122766.9 1056
1732740494149 122766.9 1057
1732740504353 122766.9 1058
1732740514529 122765.6 1059
1732740524719 122764.6 1060
1732740534907 122764.4 1061
1732740545092 122764.6 1062
1732740555303 122765.0 1063
1732740565490 122765.0 1064
1732740575707 122765.1 1065
1732740585924 122765.3 1066
1732740596070 122765.4 1067
1732740606252 122765.5 1068
1732740616430 122765.5 1069
1732740626639 122765.5 1070
1732740636779 122765.5 1071
1732740646922 122765.5 1072
1732740657049 122765.5 1073
1732740667178 122765.5 1074
1732740677375 122765.5 1075
1732740687587 122765.5 1076
1732740697712 122765.5 1077
1732740707923 122765.6 1078
1732740718052 122765.6 1079
1732740728182 122765.6 1080
1732740738311 122765.6 1081
1732740748489 122765.7 1082
1732740758618 122765.7 1083
1732740768741 122765.7 1084
1732740778934 122765.8 1085
1732740789072 122765.7 1086
1732740799215 122765.8 1087
1732740809371 122765.8 1088
1732740819549 122765.9 1089
1732740829679 122765.9 1090
1732740839814 122765.9 1091
1732740849942 122765.9 1092
1732740860116 122765.9 1093
1732740870253 122765.9 1094
1732740880469 122766.0 1095
1732740890596 122766.0 1096
1732740900738 122766.0 1097
1732740910870 122766.0 1098
1732740921002 122766.3 1099
1732740931175 122766.5 1100
1732740941336 122766.6 1101
1732740951495 122763.1 1102
1732740961650 122765.5 1103
1732740971838 122765.5 1104
1732740982031 122762.2 1105
1732740992223 122767.0 1106
1732741002370 122768.1 1107
1732741012524 122772.8 1108
1732741022754 122767.3 1109
1732741032943 122767.2 1110
1732741043140 122767.3 1111
1732741053320 122767.3 1112
1732741063529 122767.3 1113
1732741073715 122767.3 1114
1732741083890 122767.3 1115
1732741094076 122767.3 1116
1732741104274 122770.8 1117
1732741114453 122768.6 1118
1732741124657 122768.6 1119
1732741134802 122768.7 1120
1732741144971 122768.6 1121
1732741155121 122773.3 1122
1732741165315 122771.1 1123
1732741175510 122771.1 1124
1732741185708 122769.8 1125
1732741195884 122767.4 1126
1732741206060 122772.1 1127
1732741216239 122770.0 1128
1732741226391 122770.1 1129
1732741236520 122771.3 1130
1732741246699 122773.5 1131
1732741256898 122773.5 1132
1732741267085 122773.5 1133
1732741277258 122773.6 1134
1732741287461 122773.5 1135
1732741297609 122773.6 1136
1732741307800 122773.6 1137
1732741318014 122773.6 1138
1732741328209 122773.6 1139
1732741338420 122773.7 1140
1732741348658 122773.7 1141
1732741358848 122773.7 1142
1732741369026 122773.7 1143
1732741379235 122773.7 1144
1732741389578 122773.7 1145
1732741399794 122773.7 1146
1732741409991 122773.7 1147
1732741420171 122773.7 1148
1732741430365 122773.8 1149
1732741440571 122773.8 1150
1732741450786 122773.8 1151
1732741460977 122773.8 1152
1732741471195 122773.8 1153
1732741481403 122773.8 1154
1732741491537 122773.9 1155
1732741501665 122773.9 1156
1732741511858 122773.9 1157
1732741522075 122773.9 1158
1732741532297 122773.9 1159
1732741542432 122773.9 1160
1732741552630 122773.9 1161
1732741562838 122773.9 1162
1732741572988 122774.0 1163
1732741583133 122774.0 1164
1732741593328 122774.0 1165
1732741603527 122774.0 1166
1732741613725 122774.0 1167
1732741623868 122774.0 1168
1732741634056 122774.1 1169
1732741644235 122774.1 1170
1732741654444 122774.1 1171
1732741664667 122774.1 1172
1732741674875 122774.1 1173
1732741685023 122774.1 1174
1732741695200 122774.2 1175
1732741705397 122774.2 1176
1732741715588 122774.2 1177
1732741725787 122774.2 1178
1732741735962 122774.2 1179
1732741746169 122774.2 1180
1732741756318 122774.3 1181
1732741766446 122774.3 1182
1732741776589 122774.3 1183
1732741786784 122774.3 1184
1732741796966 122774.3 1185
1732741807155 122774.3 1186
1732741817287 122774.3 1187
1732741827492 122774.3 1188
1732741837700 122774.3 1189
1732741847900 122774.4 1190
1732741858100 122774.4 1191
1732741868295 122774.4 1192
1732741878487 122774.4 1193
1732741888665 122774.4 1194
1732741898848 122774.4 1195
1732741909035 122774.4 1196
1732741919208 122774.5 1197
1732741929387 122774.5 1198
1732741939597 122774.5 1199
1732741949817 122774.5 1200
1732741960013 122774.5 1201
1732741970199 122774.5 1202
1732741980381 122774.5 1203
1732741990573 122774.6 1204
1732742000733 122774.6 1205
1732742010909 122774.6 1206
1732742021132 122774.6 1207
1732742031352 122774.6 1208
1732742041491 122774.7 1209
1732742051692 122774.7 1210
1732742061817 122774.7 1211
1732742072015 122774.7 1212
1732742082198 122774.7 1213
1732742092396 122774.7 1214
1732742102598 122774.7 1215
1732742112777 122774.7 1216
1732742122969 122774.7 1217
1732742133155 122774.8 1218
1732742143376 122774.8 1219
1732742153565 122774.8 1220
1732742163748 122774.8 1221
1732742173980 122774.8 1222
1732742184182 122774.8 1223
1732742194373 122774.8 1224
1732742204567 122774.8 1225
1732742214737 122774.9 1226
1732742224921 122774.9 1227
1732742235135 122774.9 1228
1732742245317 122774.9 1229
1732742255500 122774.9 1230
1732742265681 122774.9 1231
1732742275828 122774.9 1232
1732742285957 122774.9 1233
1732742296153 122774.9 1234
1732742306337 122775.0 1235
1732742316532 122775.0 1236
1732742326716 122775.0 1237
1732742336919 122775.0 1238
1732742347062 122775.0 1239
1732742357220 122775.0 1240
1732742367422 122775.0 1241
1732742377601 122775.0 1242
1732742387784 122775.1 1243
1732742397977 122775.2 1244
1732742408156 122775.2 1245
1732742418296 122775.2 1246
1732742428445 122775.3 1247
1732742438578 122775.3 1248
1732742448779 122775.3 1249
1732742458949 122775.3 1250
1732742469101 122775.3 1251
1732742479293 122775.4 1252
1732742489437 122775.4 1253
1732742499584 122775.4 1254
1732742509791 122775.4 1255
1732742519980 122775.4 1256
1732742530170 122775.4 1257
1732742540362 122775.4 1258
1732742550550 122775.4 1259
1732742560684 122775.4 1260
1732742570875 122775.5 1261
1732742581066 122775.5 1262
1732742591255 122775.5 1263
1732742601451 122775.5 1264
1732742611669 122775.5 1265
1732742621865 122775.5 1266
1732742632083 122775.5 1267
1732742642311 122775.6 1268
1732742652493 122775.6 1269
1732742662763 122775.6 1270
1732742672893 122775.6 1271
1732742683110 122775.6 1272
1732742693262 122775.6 1273
1732742703461 122775.6 1274
1732742713695 122775.6 1275
1732742723908 122775.7 1276
1732742734092 122775.7 1277
1732742744287 122775.7 1278
1732742754504 122775.7 1279
1732742764703 122775.7 1280
1732742774908 122775.7 1281
1732742785110 122775.7 1282
1732742795314 122775.7 1283
1732742805544 122775.8 1284
1732742815725 122775.8 1285
1732742825989 122775.8 1286
1732742836182 122775.8 1287
1732742846341 122775.9 1288
1732742856559 122775.9 1289
1732742866756 122775.9 1290
1732742876953 122775.9 1291
1732742887167 122775.9 1292
1732742897313 122775.9 1293
1732742907460 122775.9 1294
1732742917685 122775.9 1295
1732742927864 122775.9 1296
1732742938033 122776.0 1297
1732742948245 122776.0 1298
1732742958431 122776.0 1299
1732742968620 122776.0 1300
1732742978782 122776.0 1301
1732742988996 122776.0 1302
1732742999199 122776.0 1303
1732743009397 122776.1 1304
1732743019608 122776.1 1305
1732743029798 122776.1 1306
1732743039982 122776.1 1307
1732743050191 122776.1 1308
1732743060382 122776.2 1309
1732743070572 122776.2 1310
1732743080777 122776.2 1311
1732743090949 122776.2 1312
1732743101095 122776.2 1313
1732743111287 122776.3 1314
1732743121427 122776.3 1315
1732743131613 122776.3 1316
1732743141802 122776.3 1317
1732743152005 122776.3 1318
1732743162188 122776.3 1319
1732743172406 122776.3 1320
1732743182613 122776.3 1321
1732743192802 122776.4 1322
1732743202994 122776.5 1323
1732743213188 122776.5 1324
1732743223341 122776.5 1325
1732743233525 122776.5 1326
1732743243782 122776.5 1327
1732743253995 122776.5 1328
1732743264203 122776.5 1329
1732743274433 122776.5 1330
1732743284632 122776.5 1331
1732743294830 122776.5 1332
1732743305039 122776.6 1333
1732743315184 122776.6 1334
1732743325370 122776.6 1335
1732743335533 122776.6 1336
1732743345706 122776.6 1337
1732743355936 122776.7 1338
1732743366126 122776.7 1339
1732743376338 122776.7 1340
1732743386498 122776.7 1341
1732743396661 122776.7 1342
1732743406852 122776.7 1343
1732743416994 122776.7 1344
1732743427184 122776.7 1345
1732743437397 122776.7 1346
1732743447592 122776.8 1347
1732743457799 122776.8 1348
1732743467942 122776.8 1349
1732743478175 122776.8 1350
1732743488375 122776.8 1351
1732743498582 122776.8 1352
1732743508747 122776.8 1353
1732743518945 122776.8 1354
1732743529143 122776.8 1355
1732743539325 122776.9 1356
1732743549508 122776.9 1357
1732743559729 122776.9 1358
1732743569924 122776.9 1359
1732743580114 122776.9 1360
1732743590313 122776.9 1361
1732743600538 122776.9 1362
1732743610729 122776.9 1363
1732743620915 122776.9 1364
1732743631073 122777.0 1365
1732743641258 122777.0 1366
1732743651484 122777.0 1367
1732743661713 122777.0 1368
1732743671949 122777.1 1369
1732743682171 122777.1 1370
1732743692359 122777.1 1371
1732743702506 122777.1 1372
1732743712665 122777.2 1373
1732743722864 122777.2 1374
1732743733062 122777.2 1375
1732743743249 122777.2 1376
1732743753446 122777.2 1377
1732743763659 122777.2 1378
1732743773857 122777.2 1379
1732743784053 122777.2 1380
1732743794254 122777.3 1381
1732743804441 122777.2 1382
1732743814638 122777.3 1383
1732743824881 122777.3 1384
1732743835395 122777.3 1385
1732743845707 122777.3 1386
1732743855846 122777.3 1387
1732743865992 122777.3 1388
1732743876187 122777.3 1389
1732743886333 122777.3 1390
1732743896476 122777.4 1391
1732743906673 122777.4 1392
1732743916877 122777.4 1393
1732743927083 122777.4 1394
1732743937352 122777.5 1395
1732743947563 122777.5 1396
1732743957762 122777.5 1397
1732743967959 122777.5 1398
1732743978172 122777.5 1399
1732743988377 122777.5 1400
1732743998587 122777.5 1401
1732744008742 122777.5 1402
1732744018903 122777.5 1403
1732744029128 122777.6 1404
1732744039352 122777.6 1405
1732744049568 122777.6 1406
1732744059779 122777.6 1407
1732744069921 122777.6 1408
1732744080123 122777.6 1409
1732744090311 122777.6 1410
1732744100524 122777.6 1411
1732744110733 122777.6 1412
1732744120886 122777.7 1413
1732744131099 122777.7 1414
1732744141328 122777.7 1415
1732744151483 122777.7 1416
1732744161648 122777.8 1417
1732744171897 122777.8 1418
1732744182132 122777.8 1419
1732744192351 122777.8 1420
1732744202511 122777.8 1421
1732744212692 122777.8 1422
1732744222875 122777.8 1423
1732744233036 122777.8 1424
1732744243269 122777.8 1425
1732744253479 122777.9 1426
1732744263636 122777.9 1427
1732744273855 122777.9 1428
1732744284013 122777.9 1429
1732744294320 122777.9 1430
1732744304477 122777.9 1431
1732744314728 122777.9 1432
1732744324890 122778.0 1433
1732744335082 122778.0 1434
1732744345286 122778.0 1435
1732744355484 122778.0 1436
1732744365680 122778.0 1437
1732744375872 122778.0 1438
1732744386071 122778.0 1439
1732744396266 122778.1 1440
1732744406465 122778.1 1441
1732744416614 122778.1 1442
1732744426788 122778.1 1443
1732744436995 122778.1 1444
1732744447194 122778.1 1445
1732744457354 122778.1 1446
1732744467502 122778.1 1447
1732744477669 122778.1 1448
1732744487897 122778.1 1449
1732744498112 122778.2 1450
1732744508286 122778.2 1451
1732744518465 122778.2 1452
1732744528662 122778.2 1453
1732744538855 122778.2 1454
1732744549066 122778.2 1455
1732744559239 122778.2 1456
1732744569430 122778.2 1457
1732744579611 122778.3 1458
1732744589775 122778.3 1459
1732744599941 122778.3 1460
1732744610160 122778.3 1461
1732744620333 122778.3 1462
1732744630539 122778.3 1463
1732744640782 122778.4 1464
1732744650943 122778.4 1465
1732744661155 122778.4 1466
1732744671329 122778.4 1467
1732744681541 122778.4 1468
1732744691870 122778.4 1469
1732744702073 122786.8 1470
1732744712268 122786.8 1471
1732744722436 122786.8 1472
1732744732596 122786.9 1473
1732744742776 122786.9 1474
1732744752937 122786.9 1475
1732744763165 122786.9 1476
1732744773359 122786.9 1477
1732744783561 122786.9 1478
1732744793761 122786.9 1479
1732744803970 122786.9 1480
1732744814167 122786.9 1481
1732744824353 122786.9 1482
1732744834548 122787.0 1483
1732744844772 122787.0 1484
1732744854947 122787.0 1485
1732744865172 122787.0 1486
1732744875403 122787.0 1487
1732744885590 122787.0 1488
1732744895771 122787.0 1489
1732744905981 122787.0 1490
1732744916174 122787.1 1491
1732744926357 122787.1 1492
1732744936564 122787.1 1493
1732744946778 122787.1 1494
1732744957001 122787.1 1495
1732744967170 122787.1 1496
1732744977374 122787.1 1497
1732744987597 122787.1 1498
1732744997769 122787.1 1499
1732745008000 122787.2 1500
1732745018200 122787.2 1501
1732745028406 122787.2 1502
1732745038609 122787.2 1503
1732745048832 122787.2 1504
1732745058988 122787.2 1505
1732745069189 122787.2 1506
1732745079387 122787.2 1507
1732745089583 122787.3 1508
1732745099890 122787.3 1509
1732745110064 122787.3 1510
1732745120251 122787.3 1511
1732745130437 122787.3 1512
1732745140630 122787.3 1513
1732745150785 122787.3 1514
1732745160993 122787.3 1515
1732745171206 122787.4 1516
1732745181416 122787.4 1517
1732745191626 122787.4 1518
1732745201857 122787.4 1519
1732745212044 122787.4 1520
1732745222242 122787.4 1521
1732745232451 122787.4 1522
1732745242633 122787.4 1523
1732745252846 122787.4 1524
1732745263062 122787.5 1525
1732745273281 122787.6 1526
1732745283458 122788.1 1527
1732745293685 122788.6 1528
1732745303892 122788.6 1529
1732745314088 122789.0 1530
1732745324310 122788.9 1531
1732745334529 122788.9 1532
1732745344699 122788.9 1533
1732745354922 122789.1 1534
1732745365156 122789.1 1535
1732745375383 122789.1 1536
1732745385589 122789.3 1537
1732745395806 122789.3 1538
1732745406000 122789.3 1539
1732745416165 122789.6 1540
1732745426379 122789.7 1541
1732745436578 122789.7 1542
1732745446783 122789.7 1543
1732745457007 122789.7 1544
1732745467216 122789.8 1545
1732745477453 122789.9 1546
1732745487681 122789.9 1547
1732745497840 122789.9 1548
1732745508157 122793.0 1549
1732745518358 122793.0 1550
1732745528528 122793.1 1551
1732745538750 122793.1 1552
1732745548953 122793.2 1553
1732745559415 122789.9 1554
1732745569627 122783.1 1555
1732745579830 122788.5 1556
1732745590007 122785.2 1557
1732745600213 122785.5 1558
1732745610406 122787.6 1559
1732745620605 122787.9 1560
1732745630788 122784.3 1561
1732745640999 122789.0 1562
1732745651191 122785.4 1563
1732745661387 122783.1 1564
1732745671609 122787.8 1565
1732745681812 122784.4 1566
1732745691993 122786.7 1567
1732745702233 122786.9 1568
1732745712443 122783.6 1569
1732745722588 122788.3 1570
1732745732773 122784.8 1571
1732745742987 122790.8 1572
1732745753207 122787.3 1573
1732745763398 122787.5 1574
1732745773581 122788.4 1575
1732745783759 122787.6 1576
1732745793927 122786.1 1577
1732745804087 122787.2 1578
1732745814322 122788.5 1579
1732745824559 122791.0 1580
1732745834732 122788.8 1581
1732745844957 122785.2 1582
1732745855145 122787.4 1583
1732745865372 122787.7 1584
1732745875601 122786.4 1585
1732745885758 122788.8 1586
1732745895926 122785.2 1587
1732745906137 122788.8 1588
1732745916472 122786.5 1589
1732745926674 122791.2 1590
1732745936902 122786.5 1591
1732745947190 122784.2 1592
1732745957398 122787.9 1593
1732745967571 122788.8 1594
1732745977785 122789.0 1595
1732745987980 122785.5 1596
1732745998211 122790.2 1597
1732746008821 122787.9 1598
1732746019035 122787.7 1599
1732746029207 122790.1 1600
1732746039360 122790.1 1601
1732746049564 122784.3 1602
1732746059780 122784.4 1603
1732746069980 122784.4 1604
1732746080154 122787.8 1605
1732746090348 122785.6 1606
1732746100560 122790.4 1607
1732746110763 122789.4 1608
1732746120943 122789.4 1609
1732746131116 122788.1 1610
1732746141291 122785.9 1611
1732746151511 122789.3 1612
1732746161722 122784.6 1613
1732746171939 122789.4 1614
1732746182124 122785.8 1615
1732746192367 122790.5 1616
1732746202555 122788.2 1617
1732746212778 122788.4 1618
1732746222993 122789.3 1619
1732746233174 122788.5 1620
1732746243650 122787.1 1621
1732746253866 122791.9 1622
1732746264051 122789.5 1623
1732746274287 122790.6 1624
1732746284488 122790.6 1625
1732746294685 122790.7 1626
1732746304967 122790.7 1627
1732746315194 122786.0 1628
1732746325516 122782.7 1629
1732746335746 122780.4 1630
1732746345928 122780.6 1631
1732746356126 122781.5 1632
1732746366337 122781.8 1633
1732746376560 122781.9 1634
1732746386735 122782.0 1635
1732746396907 122782.1 1636
1732746407069 122782.1 1637
1732746417287 122782.1 1638
1732746427501 122782.2 1639
1732746437728 122782.2 1640
1732746447952 122782.2 1641
1732746458196 122782.3 1642
1732746468416 122782.4 1643
1732746478623 122782.4 1644
1732746488839 122782.4 1645
1732746499071 122782.5 1646
1732746509288 122782.5 1647
1732746519515 122782.6 1648
1732746529732 122782.6 1649
1732746539951 122782.6 1650
1732746550162 122782.7 1651
1732746560396 122782.8 1652
1732746570628 122782.8 1653
1732746580797 122782.8 1654
1732746591021 122783.2 1655
1732746601254 122783.8 1656
1732746611453 122783.8 1657
1732746621685 122783.9 1658
1732746631918 122783.9 1659
1732746642150 122783.9 1660
1732746652402 122783.9 1661
1732746662638 122784.4 1662
1732746672869 122784.4 1663
1732746683082 122784.4 1664
1732746693329 122784.4 1665
1732746703511 122784.4 1666
1732746713745 122784.5 1667
1732746723973 122785.0 1668
1732746734271 122785.9 1669
1732746744493 122786.0 1670
1732746754721 122783.3 1671
1732746764944 122783.5 1672
1732746775193 122784.4 1673
1732746785399 122784.7 1674
1732746795604 122785.6 1675
1732746805796 122789.4 1676
1732746816030 122790.9 1677
1732746826202 122791.8 1678
1732746836385 122792.9 1679
1732746846599 122799.0 1680
1732746856766 122795.5 1681
1732746866988 122799.6 1682
1732746877207 122801.7 1683
1732746887434 122801.7 1684
1732746897680 122801.7 1685
1732746907914 122802.4 1686
1732746918124 122799.1 1687
1732746928328 122800.1 1688
1732746938533 122800.3 1689
1732746948743 122796.8 1690
1732746958981 122802.7 1691
1732746969182 122799.2 1692
1732746979371 122774.5 1693
1732746989580 122774.6 1694
1732746999801 122774.6 1695
1732747009985 122774.6 1696
1732747020178 122774.6 1697
1732747030408 122774.6 1698
1732747040610 122774.6 1699
1732747050857 122774.6 1700
1732747061082 122774.6 1701
1732747071324 122774.7 1702
1732747081574 122774.7 1703
1732747091752 122774.7 1704
1732747101980 122774.7 1705
1732747112203 122774.7 1706
1732747122438 122774.7 1707
1732747132655 122774.7 1708
1732747142887 122774.7 1709
1732747153063 122774.7 1710
1732747163299 122774.8 1711
1732747173492 122774.8 1712
1732747183669 122774.8 1713
1732747193883 122774.8 1714
1732747204098 122774.8 1715
1732747214286 122774.8 1716
1732747224494 122774.8 1717
1732747234694 122774.8 1718
1732747244857 122774.9 1719
1732747255063 122774.9 1720
1732747265285 122774.9 1721
1732747275508 122774.9 1722
1732747285695 122774.9 1723
1732747295893 122774.9 1724
1732747306138 122774.9 1725
1732747316486 122774.9 1726
1732747327014 122775.0 1727
1732747337249 122775.0 1728
1732747347423 122775.0 1729
1732747357653 122775.0 1730
1732747367882 122775.0 1731
1732747378114 122775.0 1732
1732747388325 122775.0 1733
1732747398547 122775.0 1734
1732747408797 122775.1 1735
1732747419005 122775.1 1736
1732747429236 122775.1 1737
1732747439458 122775.1 1738
1732747449666 122775.1 1739
1732747459867 122775.1 1740
1732747470102 122775.1 1741
1732747480275 122775.1 1742
1732747490511 122775.2 1743
1732747500747 122775.2 1744
1732747510975 122775.2 1745
1732747521158 122775.2 1746
1732747531314 122775.2 1747
1732747541555 122775.2 1748
1732747551762 122775.2 1749
1732747561985 122775.2 1750
1732747572233 122775.2 1751
1732747582460 122775.3 1752
1732747592652 122775.3 1753
1732747602871 122775.3 1754
1732747613084 122775.3 1755
1732747623300 122775.3 1756
1732747633521 122775.3 1757
1732747643734 122775.3 1758
1732747653984 122775.4 1759
1732747664206 122775.4 1760
1732747674451 122775.4 1761
1732747684672 122775.4 1762
1732747694854 122775.4 1763
1732747705022 122775.4 1764
1732747715222 122775.4 1765
1732747725441 122775.4 1766
1732747735744 122775.4 1767
1732747745978 122775.5 1768
1732747756198 122775.5 1769
1732747766423 122775.5 1770
1732747776614 122775.5 1771
1732747786828 122775.5 1772
1732747797075 122775.5 1773
1732747807318 122775.5 1774
1732747817485 122775.5 1775
1732747827671 122775.6 1776
1732747837888 122775.6 1777
1732747848108 122775.6 1778
1732747858372 122775.6 1779
1732747868564 122775.6 1780
1732747878744 122775.6 1781
1732747888967 122775.6 1782
1732747899199 122775.6 1783
1732747909463 122775.7 1784
1732747919678 122775.7 1785
1732747929853 122775.7 1786
1732747940066 122775.7 1787
1732747950252 122775.7 1788
1732747960498 122775.7 1789
1732747970726 122775.7 1790
1732747980936 122775.7 1791
1732747991156 122775.7 1792
1732748001318 122775.8 1793
1732748011911 122775.8 1794
1732748022125 122775.8 1795
1732748032353 122775.8 1796
1732748042599 122775.8 1797
1732748052833 122775.8 1798
1732748063079 122775.8 1799
1732748073270 122775.8 1800
1732748083493 122775.9 1801
1732748093686 122775.9 1802
1732748103904 122775.9 1803
1732748114150 122775.9 1804
1732748124338 122775.9 1805
1732748134547 122775.9 1806
1732748144781 122775.9 1807
1732748155029 122775.9 1808
1732748165228 122775.9 1809
1732748175467 122776.0 1810
1732748185688 122776.0 1811
1732748195942 122776.0 1812
1732748206172 122776.0 1813
1732748216404 122776.0 1814
1732748226608 122776.0 1815
1732748236839 122776.0 1816
1732748247070 122776.0 1817
1732748257403 122776.1 1818
1732748267572 122776.1 1819
1732748277773 122776.1 1820
1732748288005 122776.1 1821
1732748298219 122776.1 1822
1732748308483 122776.1 1823
1732748318725 122776.1 1824
1732748328938 122776.1 1825
1732748339126 122776.1 1826
1732748349302 122776.2 1827
1732748359525 122776.2 1828
1732748369731 122776.2 1829
1732748379956 122776.2 1830
1732748390191 122776.2 1831
1732748400402 122776.2 1832
1732748410628 122776.2 1833
1732748420807 122776.2 1834
1732748431060 122776.3 1835
1732748441624 122776.3 1836
1732748451843 122776.3 1837
1732748462074 122776.3 1838
1732748472247 122776.3 1839
1732748482477 122776.3 1840
1732748492663 122776.3 1841
1732748502838 122776.3 1842
1732748513012 122776.3 1843
1732748523175 122776.4 1844
1732748533374 122776.4 1845
1732748543625 122776.4 1846
1732748553880 122776.4 1847
1732748564127 122776.4 1848
1732748574320 122776.4 1849
1732748584546 122776.4 1850
1732748594783 122776.4 1851
1732748604991 122776.4 1852
1732748615189 122776.5 1853
1732748625372 122776.5 1854
1732748635593 122776.5 1855
1732748645816 122776.5 1856
1732748656055 122776.5 1857
1732748666298 122776.5 1858
1732748676507 122776.5 1859
1732748686738 122776.5 1860
1732748696980 122776.5 1861
1732748707236 122776.6 1862
1732748717410 122776.6 1863
1732748727628 122776.6 1864
1732748737840 122776.6 1865
1732748748181 122776.6 1866
1732748758411 122776.6 1867
1732748768656 122776.6 1868
1732748778874 122776.6 1869
1732748789141 122776.7 1870
1732748799368 122776.7 1871
1732748809610 122776.7 1872
1732748819854 122776.7 1873
1732748830074 122776.7 1874
1732748840267 122776.7 1875
1732748850490 122776.7 1876
1732748860673 122776.7 1877
1732748870864 122776.8 1878
1732748881057 122776.8 1879
1732748891250 122776.8 1880
1732748901483 122776.8 1881
1732748911660 122776.8 1882
1732748921876 122776.8 1883
1732748932047 122776.8 1884
1732748942260 122776.8 1885
1732748952447 122776.8 1886
1732748962673 122776.9 1887
1732748972853 122776.9 1888
1732748983081 122776.9 1889
1732748993307 122776.9 1890
1732749003537 122776.9 1891
1732749013763 122776.9 1892
1732749024011 122776.9 1893
1732749034270 122776.9 1894
1732749044491 122776.9 1895
1732749054690 122777.0 1896
1732749064878 122777.0 1897
1732749075108 122777.0 1898
1732749085331 122777.0 1899
1732749095526 122777.0 1900
1732749105771 122777.0 1901
1732749116014 122777.0 1902
1732749126239 122777.0 1903
1732749136436 122777.1 1904
1732749146661 122777.1 1905
1732749156838 122777.1 1906
1732749167093 122777.1 1907
1732749177355 122777.1 1908
1732749187601 122777.1 1909
1732749197819 122777.1 1910
1732749208073 122777.1 1911
1732749218344 122777.1 1912
1732749228638 122777.2 1913
1732749238908 122777.2 1914
1732749249150 122777.2 1915
1732749259369 122777.2 1916
1732749269601 122777.2 1917
1732749279805 122777.2 1918
1732749290014 122777.2 1919
1732749300238 122777.2 1920
1732749310478 122777.3 1921
1732749320702 122777.3 1922
1732749330902 122777.3 1923
1732749341182 122777.3 1924
1732749351446 122777.3 1925
1732749361623 122777.3 1926
1732749371815 122777.3 1927
1732749382013 122777.3 1928
1732749392227 122777.3 1929
1732749402463 122777.4 1930
1732749412655 122777.4 1931
1732749423336 122777.4 1932
1732749433579 122777.4 1933
1732749443794 122777.4 1934
1732749454032 122777.4 1935
1732749464272 122777.4 1936
1732749474509 122777.4 1937
1732749484785 122777.4 1938
1732749494994 122777.5 1939
1732749505248 122777.5 1940
1732749515501 122777.5 1941
1732749525757 122777.5 1942
1732749536012 122777.5 1943
1732749546254 122777.5 1944
1732749556507 122777.5 1945
1732749566759 122777.5 1946
1732749576956 122777.6 1947
1732749587191 122777.6 1948
1732749597446 122777.6 1949
1732749607678 122777.6 1950
1732749617895 122777.6 1951
1732749628137 122777.6 1952
1732749638348 122777.6 1953
1732749648615 122777.6 1954
1732749658858 122777.6 1955
1732749669062 122777.7 1956
1732749679301 122777.7 1957
1732749689522 122777.7 1958
1732749699761 122777.7 1959
1732749709997 122777.7 1960
1732749720311 122777.7 1961
1732749730558 122777.7 1962
1732749740798 122777.7 1963
1732749751034 122777.8 1964
1732749761237 122777.8 1965
1732749771469 122777.8 1966
1732749781655 122777.8 1967
1732749791887 122777.8 1968
1732749802119 122777.8 1969
1732749812336 122777.8 1970
1732749822572 122777.8 1971
1732749832843 122777.9 1972
1732749843069 122777.9 1973
1732749853292 122777.9 1974
1732749863531 122777.9 1975
1732749873757 122777.9 1976
1732749883998 122777.9 1977
1732749894240 122777.9 1978
1732749904489 122777.9 1979
1732749914738 122777.9 1980
1732749924945 122778.0 1981
1732749935162 122778.0 1982
1732749945401 122778.0 1983
1732749955655 122778.0 1984
