1732729782128 9.9 0
1732729792172 17.6 1
1732729802215 26.5 2
1732729812253 26.7 3
1732729822298 26.7 4
1732729832342 26.8 5
1732729842404 32.7 6
1732729852472 32.7 7
1732729862536 32.7 8
1732729872626 32.0 9
1732729882695 32.0 10
1732729892769 32.0 11
1732729902833 32.0 12
1732729912885 32.2 13
1732729922953 32.0 14
1732729933026 32.6 15
1732729943086 32.6 16
1732729953181 32.6 17
1732729963266 32.6 18
1732729973341 32.6 19
1732729983415 32.6 20
1732729993489 32.6 21
1732730003555 32.6 22
1732730013627 32.6 23
1732730023717 32.6 24
1732730033798 32.6 25
1732730043864 32.6 26
1732730053935 32.6 27
1732730064013 32.6 28
1732730074080 32.6 29
1732730084156 32.6 30
1732730094231 32.6 31
1732730104311 32.6 32
1732730114605 32.6 33
1732730124675 32.6 34
1732730134756 32.6 35
1732730144830 32.6 36
1732730154905 32.6 37
1732730164977 32.6 38
1732730175074 32.6 39
1732730185163 32.6 40
1732730195235 32.6 41
1732730205330 32.6 42
1732730215409 32.6 43
1732730225491 32.6 44
1732730235581 32.6 45
1732730245666 32.6 46
1732730255739 32.6 47
1732730265810 32.6 48
1732730275890 32.6 49
1732730285965 32.6 50
1732730296038 32.6 51
1732730306116 32.6 52
1732730316202 32.6 53
1732730326286 32.6 54
1732730336358 32.6 55
1732730346448 32.6 56
1732730356524 32.6 57
1732730366611 32.3 58
1732730376679 32.3 59
1732730386780 32.3 60
1732730396864 32.3 61
1732730406942 32.3 62
1732730417031 32.3 63
1732730427107 32.3 64
1732730437190 32.2 65
1732730447270 32.2 66
1732730457354 32.2 67
1732730467426 32.2 68
1732730477514 32.2 69
1732730487602 32.2 70
1732730497699 32.2 71
1732730507775 32.2 72
1732730517879 32.2 73
1732730527955 32.4 74
1732730538050 32.4 75
1732730548134 32.4 76
1732730558223 32.4 77
1732730568296 32.4 78
1732730578383 32.4 79
1732730588474 32.4 80
1732730598557 32.4 81
1732730608640 32.4 82
1732730618730 32.4 83
1732730628805 32.4 84
1732730638890 32.4 85
1732730648971 32.4 86
1732730659045 32.4 87
1732730669127 32.4 88
1732730679186 32.4 89
1732730689268 32.4 90
1732730699354 32.4 91
1732730709434 32.4 92
1732730719523 32.4 93
1732730729602 32.4 94
1732730739704 32.4 95
1732730749792 32.4 96
1732730759879 32.4 97
1732730769950 32.4 98
1732730780052 32.4 99
1732730790134 32.4 100
1732730800209 32.4 101
1732730810314 32.4 102
1732730820403 32.4 103
1732730830495 32.4 104
1732730840557 32.4 105
1732730850643 32.4 106
1732730860717 32.4 107
1732730870808 32.4 108
1732730880911 32.4 109
1732730890992 32.4 110
1732730901083 32.4 111
1732730911169 32.4 112
1732730921249 32.4 113
1732730931326 32.4 114
1732730941400 32.4 115
1732730951483 32.4 116
1732730961593 32.1 117
1732730971656 32.1 118
1732730981751 32.1 119
1732730991831 32.1 120
1732731001928 32.1 121
1732731012010 32.1 122
1732731022092 32.1 123
1732731032194 32.1 124
1732731042292 32.1 125
1732731052386 32.1 126
1732731062464 32.1 127
1732731072547 32.1 128
1732731082629 32.1 129
1732731092739 32.1 130
1732731102825 32.1 131
1732731112904 32.1 132
1732731122982 32.1 133
1732731133083 32.1 134
1732731143182 32.1 135
1732731153276 32.1 136
1732731163377 32.1 137
1732731173454 32.2 138
1732731183520 32.2 139
1732731193613 32.2 140
1732731203695 32.2 141
1732731213794 32.2 142
1732731223874 32.2 143
1732731233965 32.2 144
1732731244055 32.2 145
1732731254141 32.2 146
1732731264246 32.2 147
1732731274344 32.2 148
1732731284443 32.2 149
1732731294529 32.2 150
1732731304623 32.2 151
1732731314688 32.2 152
1732731324779 32.2 153
1732731334867 32.2 154
1732731344958 32.2 155
1732731355029 32.2 156
1732731365109 32.2 157
1732731375191 32.2 158
1732731385292 32.2 159
1732731395384 32.2 160
1732731405483 32.2 161
1732731415581 32.2 162
1732731425679 32.2 163
1732731435775 32.2 164
1732731445874 32.2 165
1732731455949 32.2 166
1732731466046 32.2 167
1732731476140 32.2 168
1732731486230 32.2 169
1732731496325 32.2 170
1732731506417 32.2 171
1732731516495 32.2 172
1732731526595 32.2 173
1732731536682 32.2 174
1732731546775 32.2 175
1732731556867 32.2 176
1732731566958 32.2 177
1732731577045 32.2 178
1732731587135 32.2 179
1732731597204 32.2 180
1732731607265 32.2 181
1732731617350 32.2 182
1732731627422 32.2 183
1732731637502 32.2 184
1732731647572 32.2 185
1732731657671 32.2 186
1732731667755 32.2 187
1732731677858 32.2 188
1732731687952 32.2 189
1732731698039 32.2 190
1732731708140 32.2 191
1732731718236 32.2 192
1732731728330 32.2 193
1732731738430 32.2 194
1732731748527 32.2 195
1732731758635 32.2 196
1732731768741 32.2 197
1732731778832 32.2 198
1732731788929 32.2 199
1732731799020 32.2 200
1732731809121 32.2 201
1732731819211 32.2 202
1732731829310 32.2 203
1732731839400 32.2 204
1732731849518 32.2 205
1732731859617 32.2 206
1732731869718 32.2 207
1732731879821 32.2 208
1732731889908 32.2 209
1732731900016 32.2 210
1732731910132 32.2 211
1732731920223 32.2 212
1732731930327 32.2 213
1732731940419 32.2 214
1732731950527 32.2 215
1732731960627 32.2 216
1732731970715 32.2 217
1732731980826 32.2 218
1732731990911 32.2 219
1732732001021 32.2 220
1732732011131 32.2 221
1732732021206 32.2 222
1732732031287 32.2 223
1732732041392 32.2 224
1732732051493 32.2 225
1732732061588 32.2 226
1732732071689 32.2 227
1732732081793 32.2 228
1732732091890 32.2 229
1732732101999 32.2 230
1732732112103 32.2 231
1732732122202 32.2 232
1732732132296 32.2 233
1732732142402 32.2 234
1732732152502 32.2 235
1732732162608 32.2 236
1732732172703 32.2 237
1732732182824 32.2 238
1732732192923 32.2 239
1732732203044 32.2 240
1732732213157 32.2 241
1732732223252 32.2 242
1732732233364 32.2 243
1732732243470 32.2 244
1732732253578 32.2 245
1732732263688 32.2 246
1732732273802 32.2 247
1732732283894 32.2 248
1732732293958 32.2 249
1732732304052 32.2 250
1732732314161 32.2 251
1732732324268 32.2 252
1732732334375 32.2 253
1732732344485 32.4 254
1732732354587 32.4 255
1732732364686 32.4 256
1732732374804 32.4 257
1732732384910 32.4 258
1732732395012 32.4 259
1732732405121 32.4 260
1732732415229 32.4 261
1732732425338 32.4 262
1732732435428 32.4 263
1732732445513 32.4 264
1732732455603 32.4 265
1732732465722 32.4 266
1732732475830 32.4 267
1732732485940 32.4 268
1732732496023 32.4 269
1732732506120 32.4 270
1732732516225 32.4 271
1732732526326 32.4 272
1732732536413 32.4 273
1732732546523 32.4 274
1732732556646 32.4 275
1732732566764 32.4 276
1732732576872 32.4 277
1732732586979 32.4 278
1732732597076 32.4 279
1732732607197 32.4 280
1732732617289 32.4 281
1732732627667 32.4 282
1732732637791 32.4 283
1732732647915 32.4 284
1732732658008 32.4 285
1732732668123 32.4 286
1732732678237 32.4 287
1732732688347 32.4 288
1732732698449 32.4 289
1732732708559 32.4 290
1732732718681 32.4 291
1732732728798 32.4 292
1732732738912 32.4 293
1732732749037 32.4 294
1732732759155 32.4 295
1732732769256 32.2 296
1732732779353 32.2 297
1732732789470 32.2 298
1732732799572 32.2 299
1732732809695 32.2 300
1732732819811 32.2 301
1732732829929 32.2 302
1732732840046 32.2 303
1732732850151 32.2 304
1732732860258 32.2 305
1732732870364 32.2 306
1732732880490 32.2 307
1732732890603 32.2 308
1732732900740 32.2 309
1732732910841 32.2 310
1732732920956 32.2 311
1732732931065 32.2 312
1732732941173 32.2 313
1732732951285 32.2 314
1732732961405 32.2 315
1732732971521 32.2 316
1732732981631 32.2 317
1732732991731 32.2 318
1732733001839 32.2 319
1732733011944 32.2 320
1732733022061 32.2 321
1732733032189 32.2 322
1732733042291 32.2 323
1732733052365 32.2 324
1732733062475 32.2 325
1732733072592 32.2 326
1732733082705 32.2 327
1732733092822 32.2 328
1732733102910 32.2 329
1732733113030 32.2 330
1732733123112 32.2 331
1732733133206 32.2 332
1732733143310 32.2 333
1732733153430 32.2 334
1732733163544 32.2 335
1732733173657 32.2 336
1732733183765 32.2 337
1732733193892 32.2 338
1732733204020 32.2 339
1732733214137 32.2 340
1732733224255 32.2 341
1732733234362 32.2 342
1732733244477 32.2 343
1732733254588 32.2 344
1732733264718 32.2 345
1732733274841 32.2 346
1732733284957 32.2 347
1732733295077 32.2 348
1732733305183 32.2 349
1732733315321 32.2 350
1732733325455 32.2 351
1732733335563 32.2 352
1732733345662 32.2 353
1732733355782 32.2 354
1732733365888 32.2 355
1732733376019 32.2 356
1732733386151 32.2 357
1732733396263 32.2 358
1732733406362 32.2 359
1732733416481 32.2 360
1732733426607 32.2 361
1732733436726 32.2 362
1732733446843 32.2 363
1732733456964 32.2 364
1732733467081 32.2 365
1732733477204 32.2 366
1732733487315 32.2 367
1732733497447 32.2 368
1732733507556 32.2 369
1732733517671 32.2 370
1732733527766 32.2 371
1732733537898 32.2 372
1732733548009 32.2 373
1732733558119 32.2 374
1732733568221 32.2 375
1732733578350 32.2 376
1732733588469 32.2 377
1732733598588 32.2 378
1732733608706 32.2 379
1732733618781 32.2 380
1732733628887 32.2 381
1732733639024 32.2 382
1732733649142 32.2 383
1732733659226 32.2 384
1732733669305 32.2 385
1732733679410 32.2 386
1732733689521 32.2 387
1732733699701 32.2 388
1732733709843 32.2 389
1732733719961 32.2 390
1732733730083 32.2 391
1732733740220 32.2 392
1732733750342 32.2 393
1732733760471 32.2 394
1732733770595 32.2 395
1732733780717 32.2 396
1732733790814 32.2 397
1732733800943 32.2 398
1732733811062 32.2 399
1732733821178 32.2 400
1732733831263 32.2 401
1732733841383 32.2 402
1732733851513 32.2 403
1732733861628 32.2 404
1732733871764 32.2 405
1732733881895 32.2 406
1732733892014 32.2 407
1732733902139 32.2 408
1732733912264 32.2 409
1732733922384 32.2 410
1732733932514 32.2 411
1732733942644 32.2 412
1732733952770 32.2 413
1732733962891 32.2 414
1732733973013 32.2 415
1732733983137 32.2 416
1732733993260 32.2 417
1732734003384 32.2 418
1732734013513 32.2 419
1732734023632 32.2 420
1732734033758 32.2 421
1732734043870 32.2 422
1732734054000 32.2 423
1732734064123 32.2 424
1732734074253 32.2 425
1732734084378 32.2 426
1732734094489 32.2 427
1732734104614 32.2 428
1732734114763 32.2 429
1732734124887 32.2 430
1732734134967 32.2 431
1732734145083 32.2 432
1732734155213 32.2 433
1732734165337 32.2 434
1732734175479 32.2 435
1732734185637 32.2 436
1732734195768 32.2 437
1732734205900 32.2 438
1732734215976 32.2 439
1732734226104 32.2 440
1732734236217 32.2 441
1732734246356 32.2 442
1732734256483 32.2 443
1732734266610 32.2 444
1732734276746 32.2 445
1732734286873 32.2 446
1732734296996 32.2 447
1732734307093 32.2 448
1732734317234 32.2 449
1732734327365 32.2 450
1732734337492 32.2 451
1732734347616 32.2 452
1732734357738 32.2 453
1732734367862 32.2 454
1732734377991 32.2 455
1732734388104 32.2 456
1732734398243 32.2 457
1732734408328 32.2 458
1732734418451 32.2 459
1732734428572 32.2 460
1732734438701 32.2 461
1732734448842 32.2 462
1732734458973 32.2 463
1732734469108 32.2 464
1732734479197 32.2 465
1732734489335 32.2 466
1732734499469 32.2 467
1732734509610 32.2 468
1732734519692 32.2 469
1732734529830 32.2 470
1732734539967 32.2 471
1732734550103 32.2 472
1732734560265 32.2 473
1732734570445 32.2 474
1732734580585 32.2 475
1732734590713 32.2 476
1732734600843 32.2 477
1732734610948 32.2 478
1732734621077 32.2 479
1732734631189 32.2 480
1732734641272 32.2 481
1732734651372 32.2 482
1732734661498 32.2 483
1732734671645 32.2 484
1732734681775 32.2 485
1732734691883 32.2 486
1732734702013 32.2 487
1732734712150 32.2 488
1732734722247 32.2 489
1732734732381 32.2 490
1732734742524 32.2 491
1732734752653 32.2 492
1732734762786 32.2 493
1732734772925 32.2 494
1732734783058 32.2 495
1732734793194 32.2 496
1732734803333 32.2 497
1732734813467 32.2 498
1732734823586 32.2 499
1732734833722 32.2 500
1732734843865 32.2 501
1732734853997 32.2 502
1732734864140 32.2 503
1732734874253 32.2 504
1732734884388 32.2 505
1732734894523 32.4 506
1732734904662 32.3 507
1732734914809 32.3 508
1732734924947 32.2 509
1732734935092 32.8 510
1732734945239 32.7 511
1732734955330 32.7 512
1732734965399 32.7 513
1732734975506 32.7 514
1732734985618 32.9 515
1732734995774 32.8 516
1732735005921 33.5 517
1732735016074 33.5 518
1732735026217 33.5 519
1732735036313 34.3 520
1732735046447 33.0 521
1732735056573 33.0 522
1732735066719 33.0 523
1732735076856 33.0 524
1732735086997 33.0 525
1732735097093 33.0 526
1732735107245 33.0 527
1732735117381 33.0 528
1732735127517 33.0 529
1732735137622 33.0 530
1732735147745 33.0 531
1732735157897 32.5 532
1732735168043 32.2 533
1732735178184 32.2 534
1732735188323 32.6 535
1732735198474 32.4 536
1732735208728 32.4 537
1732735218817 32.4 538
1732735228954 32.4 539
1732735239115 32.4 540
1732735249257 32.4 541
1732735259403 32.3 542
1732735269513 32.3 543
1732735279657 32.4 544
1732735289791 32.5 545
1732735299958 32.4 546
1732735310046 32.4 547
1732735320178 32.3 548
1732735330327 32.3 549
1732735340473 32.4 550
1732735350619 32.4 551
1732735360761 32.3 552
1732735370891 32.4 553
1732735381034 32.3 554
1732735391174 32.3 555
1732735401311 32.4 556
1732735411477 32.4 557
1732735421595 32.3 558
1732735431756 32.4 559
1732735441902 32.3 560
1732735452024 32.3 561
1732735462162 32.3 562
1732735472284 32.3 563
1732735482429 32.3 564
1732735492584 32.3 565
1732735502731 32.3 566
1732735512886 32.3 567
1732735522986 32.3 568
1732735533106 32.3 569
1732735543267 32.3 570
1732735553411 32.3 571
1732735563569 32.3 572
1732735573728 32.3 573
1732735583888 32.3 574
1732735594034 32.3 575
1732735604171 32.3 576
1732735614309 32.3 577
1732735624458 32.3 578
1732735634600 32.3 579
1732735644767 32.3 580
1732735654926 32.3 581
1732735665074 32.3 582
1732735675191 32.3 583
1732735685324 32.3 584
1732735695462 32.3 585
1732735705608 32.3 586
1732735715756 32.3 587
1732735725899 32.3 588
1732735735998 32.3 589
1732735746141 32.3 590
1732735756258 32.3 591
1732735766392 32.3 592
1732735776542 32.2 593
1732735786713 32.2 594
1732735796860 32.2 595
1732735807016 32.2 596
1732735817115 32.2 597
1732735827270 32.2 598
1732735837413 32.2 599
1732735847520 32.2 600
1732735857620 32.2 601
1732735867768 32.2 602
1732735877904 32.2 603
1732735888026 32.2 604
1732735898162 32.2 605
1732735908314 32.2 606
1732735918463 32.2 607
1732735928614 32.2 608
1732735938759 32.2 609
1732735948896 32.2 610
1732735959047 32.2 611
1732735969191 32.2 612
1732735979323 32.2 613
1732735989426 32.2 614
1732735999560 32.2 615
1732736009726 32.2 616
1732736019807 32.2 617
1732736029943 32.2 618
1732736040089 32.2 619
1732736050244 32.2 620
1732736060381 32.2 621
1732736070536 32.2 622
1732736080681 32.2 623
1732736090837 32.2 624
1732736100946 32.2 625
1732736111080 32.2 626
1732736121224 32.2 627
1732736131345 32.2 628
1732736141506 32.2 629
1732736151661 32.2 630
1732736161811 32.2 631
1732736171949 32.3 632
1732736182089 32.3 633
1732736192248 32.3 634
1732736202344 32.3 635
1732736212498 32.3 636
1732736222656 32.3 637
1732736232806 32.3 638
1732736242976 32.3 639
1732736253135 32.3 640
1732736263274 32.3 641
1732736273426 32.3 642
1732736283577 32.3 643
1732736293732 32.3 644
1732736303880 32.3 645
1732736314029 32.3 646
1732736324188 32.3 647
1732736334351 32.3 648
1732736344524 32.3 649
1732736354680 32.3 650
1732736364834 32.3 651
1732736374994 32.3 652
1732736385158 32.3 653
1732736395322 32.3 654
1732736405477 32.3 655
1732736415637 32.3 656
1732736425813 32.3 657
1732736435942 32.3 658
1732736446091 32.3 659
1732736456244 32.3 660
1732736466394 32.8 661
1732736476549 32.8 662
1732736486688 32.8 663
1732736496822 32.8 664
1732736506977 32.8 665
1732736517133 32.8 666
1732736527244 32.8 667
1732736537325 32.8 668
1732736547477 32.8 669
1732736557649 32.8 670
1732736567763 32.8 671
1732736577899 32.8 672
1732736588063 32.8 673
1732736598212 32.8 674
1732736608364 32.8 675
1732736618512 32.8 676
1732736628672 32.8 677
1732736638826 32.8 678
1732736648972 32.8 679
1732736659132 32.8 680
1732736669291 32.7 681
1732736679449 32.7 682
1732736689606 32.7 683
1732736699763 32.7 684
1732736709904 32.7 685
1732736720057 32.8 686
1732736730211 32.8 687
1732736740374 32.8 688
1732736750529 32.8 689
1732736760683 32.8 690
1732736770830 32.8 691
1732736780936 32.8 692
1732736791093 32.8 693
1732736801235 32.8 694
1732736811378 32.8 695
1732736821526 32.8 696
1732736831682 32.8 697
1732736841843 32.8 698
1732736852011 32.8 699
1732736862177 32.8 700
1732736872325 32.8 701
1732736882452 32.8 702
1732736892596 32.8 703
1732736902750 32.8 704
1732736912903 32.8 705
1732736923057 32.8 706
1732736933219 32.8 707
1732736943331 32.8 708
1732736953492 32.8 709
1732736963612 32.8 710
1732736973761 32.5 711
1732736983908 32.5 712
1732736994069 32.5 713
1732737004174 32.5 714
1732737014333 32.5 715
1732737024510 32.5 716
1732737034680 32.5 717
1732737044780 32.4 718
1732737054953 32.4 719
1732737065111 32.2 720
1732737075279 32.2 721
1732737085437 32.2 722
1732737095604 32.2 723
1732737105761 32.2 724
1732737115921 32.2 725
1732737126068 32.2 726
1732737136170 32.2 727
1732737146322 32.2 728
1732737156506 32.2 729
1732737166662 32.2 730
1732737176809 32.2 731
1732737186979 32.2 732
1732737197129 32.2 733
1732737207240 32.2 734
1732737217363 32.2 735
1732737227524 32.2 736
1732737237679 32.2 737
1732737247855 32.2 738
1732737258011 32.2 739
1732737268175 32.2 740
1732737278343 32.2 741
1732737288518 32.2 742
1732737298682 32.2 743
1732737308833 32.2 744
1732737318986 32.2 745
1732737329149 32.2 746
1732737339307 32.2 747
1732737349472 32.2 748
1732737359646 32.2 749
1732737369801 32.2 750
1732737379967 32.2 751
1732737390125 32.2 752
1732737400296 32.2 753
1732737410456 32.2 754
1732737422970 32.2 755
1732737433148 32.2 756
1732737443315 32.3 757
1732737453473 32.2 758
1732737463640 32.2 759
1732737474223 32.2 760
1732737484391 32.2 761
1732737494566 32.2 762
1732737504716 32.2 763
1732737514884 32.2 764
1732737524993 32.2 765
1732737535185 32.2 766
1732737545353 32.2 767
1732737555471 32.2 768
1732737565586 32.2 769
1732737575747 32.2 770
1732737585906 32.2 771
1732737596078 32.2 772
1732737606186 32.2 773
1732737616337 32.2 774
1732737626530 32.2 775
1732737636690 32.2 776
1732737646820 32.2 777
1732737656981 32.2 778
1732737667148 32.2 779
1732737677307 32.2 780
1732737687482 32.2 781
1732737697667 32.2 782
1732737707850 32.2 783
1732737718020 32.2 784
1732737728191 32.2 785
1732737738315 32.2 786
1732737748501 32.2 787
1732737758666 32.2 788
1732737768822 32.2 789
1732737778988 32.2 790
1732737789148 32.3 791
1732737799324 32.3 792
1732737809501 32.3 793
1732737819671 32.3 794
1732737829840 32.3 795
1732737840005 32.3 796
1732737850121 32.3 797
1732737860285 32.2 798
1732737870466 32.2 799
1732737880652 32.2 800
1732737890822 32.2 801
1732737901005 32.2 802
1732737911170 32.2 803
1732737921330 32.2 804
1732737931500 32.2 805
1732737941668 32.2 806
1732737951832 32.2 807
1732737962045 32.2 808
1732737972210 32.2 809
1732737982354 32.2 810
1732737992497 32.2 811
1732738002663 32.2 812
1732738012839 32.2 813
1732738023008 32.2 814
1732738033130 32.2 815
1732738043303 32.2 816
1732738053479 32.2 817
1732738063657 32.2 818
1732738073843 32.2 819
1732738083992 32.2 820
1732738094147 32.2 821
1732738104264 32.2 822
1732738114401 32.2 823
1732738124556 32.2 824
1732738134722 32.2 825
1732738144907 32.2 826
1732738155060 32.2 827
1732738165236 32.2 828
1732738175417 32.2 829
1732738185536 32.2 830
1732738195683 32.2 831
1732738205838 32.2 832
1732738216010 32.2 833
1732738226178 32.2 834
1732738236343 32.2 835
1732738246508 32.2 836
1732738256696 32.2 837
1732738266859 32.2 838
1732738277030 32.3 839
1732738287191 32.3 840
1732738297361 32.2 841
1732738307522 32.2 842
1732738317693 32.2 843
1732738327885 32.2 844
1732738338081 32.2 845
1732738348267 32.2 846
1732738358387 32.2 847
1732738368508 32.2 848
1732738378657 32.2 849
1732738388838 32.3 850
1732738399005 32.3 851
1732738409175 32.3 852
1732738419313 32.3 853
1732738429488 32.3 854
1732738439665 32.3 855
1732738449779 32.3 856
1732738459944 32.3 857
1732738470129 32.3 858
1732738480307 32.3 859
1732738490449 32.3 860
1732738500562 32.4 861
1732738510748 32.3 862
1732738520906 32.6 863
1732738531032 33.2 864
1732738541193 33.4 865
1732738551360 33.3 866
1732738561540 32.7 867
1732738571713 33.0 868
1732738581831 32.9 869
1732738591943 32.9 870
1732738602098 32.9 871
1732738612268 32.9 872
1732738622445 33.2 873
1732738632570 33.0 874
1732738642715 32.8 875
1732738652875 32.9 876
1732738663039 32.8 877
1732738673208 32.8 878
1732738683369 32.9 879
1732738693529 32.8 880
1732738703679 32.8 881
1732738713831 32.8 882
1732738723958 32.8 883
1732738734149 32.8 884
1732738744340 33.1 885
1732738755087 33.0 886
1732738765264 33.0 887
1732738775453 32.8 888
1732738785577 33.0 889
1732738795737 32.9 890
1732738805906 32.9 891
1732738816096 32.9 892
1732738826268 32.8 893
1732738836445 32.8 894
1732738846576 32.8 895
1732738856722 32.8 896
1732738866895 32.8 897
1732738877111 32.8 898
1732738887297 32.9 899
1732738897424 33.0 900
1732738907597 33.3 901
1732738917742 33.3 902
1732738927909 33.1 903
1732738938086 33.0 904
1732738948226 33.0 905
1732738958407 33.0 906
1732738968595 33.0 907
1732738978734 32.9 908
1732738988882 33.1 909
1732738999060 33.3 910
1732739009233 33.0 911
1732739019415 33.0 912
1732739029571 33.1 913
1732739039761 33.1 914
1732739049923 33.0 915
1732739060123 33.0 916
1732739070258 33.0 917
1732739080411 32.7 918
1732739090544 32.7 919
1732739100726 32.7 920
1732739110905 32.7 921
1732739121059 32.6 922
1732739131203 32.6 923
1732739141318 32.6 924
1732739151459 32.6 925
1732739161613 32.6 926
1732739171741 32.6 927
1732739181922 32.6 928
1732739192106 32.6 929
1732739202266 32.6 930
1732739212411 32.6 931
1732739222588 32.5 932
1732739232761 32.5 933
1732739242930 32.5 934
1732739253110 32.6 935
1732739263293 32.6 936
1732739273458 32.6 937
1732739283702 32.6 938
1732739293872 32.6 939
1732739304060 32.5 940
1732739314210 32.6 941
1732739324394 32.6 942
1732739334547 32.6 943
1732739344729 32.6 944
1732739354928 32.6 945
1732739365077 32.6 946
1732739375235 32.6 947
1732739385382 32.6 948
1732739395506 32.6 949
1732739405670 32.6 950
1732739415779 32.6 951
1732739425939 32.6 952
1732739436120 32.5 953
1732739446250 32.4 954
1732739456391 32.6 955
1732739466523 32.6 956
1732739476675 32.6 957
1732739486860 32.6 958
1732739497032 32.6 959
1732739507156 32.6 960
1732739517293 32.6 961
1732739527427 32.6 962
1732739537585 32.6 963
1732739547744 32.8 964
1732739557862 32.8 965
1732739568057 32.8 966
1732739578248 32.8 967
1732739588420 32.8 968
1732739598581 32.8 969
1732739608744 32.8 970
1732739618938 32.8 971
1732739629122 32.8 972
1732739639311 32.7 973
1732739649509 32.7 974
1732739659693 32.7 975
1732739669889 32.8 976
1732739680026 32.8 977
1732739690212 32.8 978
1732739700399 32.8 979
1732739710590 32.8 980
1732739720777 32.9 981
1732739730968 32.7 982
1732739741150 32.8 983
1732739751285 32.8 984
1732739761403 32.8 985
1732739771584 32.8 986
1732739781770 32.7 987
1732739791957 32.8 988
1732739802133 32.9 989
1732739812307 33.4 990
1732739822481 33.0 991
1732739832692 33.3 992
1732739842849 33.6 993
1732739853048 33.1 994
1732739863225 33.5 995
1732739873413 33.2 996
1732739883546 33.8 997
1732739893714 33.4 998
1732739903925 33.3 999
1732739914133 33.1 1000
1732739924322 33.2 1001
1732739934497 33.0 1002
1732739944695 33.0 1003
1732739954873 32.9 1004
1732739965064 33.0 1005
1732739975247 33.0 1006
1732739985371 33.0 1007
1732739995502 33.0 1008
1732740005652 33.0 1009
1732740015828 33.0 1010
1732740026034 32.9 1011
1732740036211 32.9 1012
1732740046345 32.9 1013
1732740056512 32.9 1014
1732740066663 33.0 1015
1732740077004 33.0 1016
1732740087178 32.9 1017
1732740097345 32.9 1018
1732740107532 32.9 1019
1732740117743 33.0 1020
1732740127936 32.9 1021
1732740138090 32.8 1022
1732740148249 32.9 1023
1732740158450 33.0 1024
1732740168576 32.9 1025
1732740178764 32.9 1026
1732740188937 32.9 1027
1732740199102 32.8 1028
1732740209234 32.8 1029
1732740219404 32.8 1030
1732740229572 32.8 1031
1732740239730 32.8 1032
1732740249938 32.8 1033
1732740260122 33.0 1034
1732740270289 32.9 1035
1732740280476 32.7 1036
1732740290648 32.7 1037
1732740300781 32.7 1038
1732740310962 32.7 1039
1732740321159 32.7 1040
1732740331343 32.5 1041
1732740341499 32.5 1042
1732740351666 32.5 1043
1732740361844 32.6 1044
1732740372036 32.7 1045
1732740382213 32.6 1046
1732740392383 32.6 1047
1732740402562 32.6 1048
1732740412733 32.6 1049
1732740422928 32.6 1050
1732740433142 32.6 1051
1732740443340 32.5 1052
1732740453479 32.5 1053
1732740463653 32.5 1054
1732740473846 32.5 1055
1732740483963 32.5 1056
1732740494149 32.5 1057
1732740504353 32.5 1058
1732740514529 32.6 1059
1732740524719 32.7 1060
1732740534907 32.7 1061
1732740545092 32.8 1062
1732740555303 32.7 1063
1732740565490 32.6 1064
1732740575707 32.7 1065
1732740585924 33.0 1066
1732740596070 32.9 1067
1732740606252 32.9 1068
1732740616430 32.9 1069
1732740626639 32.9 1070
1732740636779 32.9 1071
1732740646922 32.9 1072
1732740657049 32.9 1073
1732740667178 32.9 1074
1732740677375 32.9 1075
1732740687587 32.9 1076
1732740697712 32.9 1077
1732740707923 32.9 1078
1732740718052 32.9 1079
1732740728182 32.9 1080
1732740738311 32.9 1081
1732740748489 32.9 1082
1732740758618 32.9 1083
1732740768741 32.9 1084
1732740778934 32.9 1085
1732740789072 32.9 1086
1732740799215 33.0 1087
1732740809371 32.9 1088
1732740819549 32.9 1089
1732740829679 33.0 1090
1732740839814 32.9 1091
1732740849942 32.9 1092
1732740860116 32.9 1093
1732740870253 32.9 1094
1732740880469 32.9 1095
1732740890596 32.9 1096
1732740900738 32.9 1097
1732740910870 32.9 1098
1732740921002 33.0 1099
1732740931175 33.3 1100
1732740941336 33.1 1101
1732740951495 33.4 1102
1732740961650 33.0 1103
1732740971838 33.1 1104
1732740982031 33.2 1105
1732740992223 33.1 1106
1732741002370 33.1 1107
1732741012524 33.1 1108
1732741022754 33.1 1109
1732741032943 33.1 1110
1732741043140 33.1 1111
1732741053320 32.9 1112
1732741063529 32.9 1113
1732741073715 32.9 1114
1732741083890 32.9 1115
1732741094076 32.9 1116
1732741104274 33.1 1117
1732741114453 33.1 1118
1732741124657 33.1 1119
1732741134802 33.1 1120
1732741144971 33.1 1121
1732741155121 33.1 1122
1732741165315 33.1 1123
1732741175510 32.8 1124
1732741185708 32.7 1125
1732741195884 32.7 1126
1732741206060 32.7 1127
1732741216239 32.7 1128
1732741226391 32.7 1129
1732741236520 32.8 1130
1732741246699 32.8 1131
1732741256898 32.7 1132
1732741267085 33.1 1133
1732741277258 33.5 1134
1732741287461 33.5 1135
1732741297609 33.5 1136
1732741307800 33.5 1137
1732741318014 33.5 1138
1732741328209 33.5 1139
1732741338420 33.5 1140
1732741348658 33.5 1141
1732741358848 33.5 1142
1732741369026 33.5 1143
1732741379235 33.5 1144
1732741389578 33.5 1145
1732741399794 33.5 1146
1732741409991 33.5 1147
1732741420171 33.5 1148
1732741430365 33.5 1149
1732741440571 33.5 1150
1732741450786 33.5 1151
1732741460977 33.5 1152
1732741471195 33.5 1153
1732741481403 33.2 1154
1732741491537 33.2 1155
1732741501665 33.2 1156
1732741511858 33.2 1157
1732741522075 33.2 1158
1732741532297 33.2 1159
1732741542432 33.2 1160
1732741552630 33.2 1161
1732741562838 33.2 1162
1732741572988 33.2 1163
1732741583133 33.2 1164
1732741593328 33.2 1165
1732741603527 33.2 1166
1732741613725 33.2 1167
1732741623868 33.2 1168
1732741634056 33.2 1169
1732741644235 33.2 1170
1732741654444 33.2 1171
1732741664667 33.2 1172
1732741674875 33.2 1173
1732741685023 33.2 1174
1732741695200 33.2 1175
1732741705397 33.2 1176
1732741715588 33.2 1177
1732741725787 33.2 1178
1732741735962 33.2 1179
1732741746169 33.2 1180
1732741756318 33.2 1181
1732741766446 33.2 1182
1732741776589 33.2 1183
1732741786784 33.1 1184
1732741796966 33.1 1185
1732741807155 33.1 1186
1732741817287 33.1 1187
1732741827492 33.1 1188
1732741837700 33.0 1189
1732741847900 33.0 1190
1732741858100 33.0 1191
1732741868295 32.8 1192
1732741878487 32.8 1193
1732741888665 32.8 1194
1732741898848 32.8 1195
1732741909035 32.8 1196
1732741919208 32.8 1197
1732741929387 32.8 1198
1732741939597 32.8 1199
1732741949817 32.8 1200
1732741960013 32.8 1201
1732741970199 32.8 1202
1732741980381 32.8 1203
1732741990573 33.1 1204
1732742000733 33.1 1205
1732742010909 33.1 1206
1732742021132 33.1 1207
1732742031352 33.1 1208
1732742041491 33.1 1209
1732742051692 33.1 1210
1732742061817 33.1 1211
1732742072015 33.1 1212
1732742082198 33.1 1213
1732742092396 33.1 1214
1732742102598 33.1 1215
1732742112777 33.1 1216
1732742122969 33.1 1217
1732742133155 33.1 1218
1732742143376 33.1 1219
1732742153565 33.1 1220
1732742163748 33.1 1221
1732742173980 33.1 1222
1732742184182 33.1 1223
1732742194373 33.1 1224
1732742204567 33.1 1225
1732742214737 33.1 1226
1732742224921 33.1 1227
1732742235135 33.1 1228
1732742245317 33.1 1229
1732742255500 33.1 1230
1732742265681 33.1 1231
1732742275828 33.1 1232
1732742285957 33.1 1233
1732742296153 33.1 1234
1732742306337 33.1 1235
1732742316532 33.1 1236
1732742326716 33.1 1237
1732742336919 33.1 1238
1732742347062 33.1 1239
1732742357220 33.1 1240
1732742367422 33.1 1241
1732742377601 32.8 1242
1732742387784 32.8 1243
1732742397977 32.8 1244
1732742408156 32.8 1245
1732742418296 32.8 1246
1732742428445 32.8 1247
1732742438578 32.8 1248
1732742448779 32.8 1249
1732742458949 32.8 1250
1732742469101 32.8 1251
1732742479293 32.8 1252
1732742489437 32.8 1253
1732742499584 32.8 1254
1732742509791 32.8 1255
1732742519980 32.8 1256
1732742530170 32.9 1257
1732742540362 32.8 1258
1732742550550 32.8 1259
1732742560684 32.8 1260
1732742570875 32.8 1261
1732742581066 32.8 1262
1732742591255 32.8 1263
1732742601451 32.8 1264
1732742611669 32.8 1265
1732742621865 32.8 1266
1732742632083 32.8 1267
1732742642311 32.8 1268
1732742652493 32.8 1269
1732742662763 32.8 1270
1732742672893 32.8 1271
1732742683110 32.8 1272
1732742693262 32.8 1273
1732742703461 32.8 1274
1732742713695 32.8 1275
1732742723908 32.8 1276
1732742734092 32.8 1277
1732742744287 32.8 1278
1732742754504 32.8 1279
1732742764703 32.8 1280
1732742774908 32.8 1281
1732742785110 32.8 1282
1732742795314 32.8 1283
1732742805544 32.8 1284
1732742815725 32.8 1285
1732742825989 32.8 1286
1732742836182 32.8 1287
1732742846341 32.8 1288
1732742856559 32.8 1289
1732742866756 32.8 1290
1732742876953 32.8 1291
1732742887167 32.8 1292
1732742897313 32.8 1293
1732742907460 32.8 1294
1732742917685 32.8 1295
1732742927864 32.8 1296
1732742938033 32.8 1297
1732742948245 32.8 1298
1732742958431 32.8 1299
1732742968620 32.8 1300
1732742978782 32.8 1301
1732742988996 32.8 1302
1732742999199 32.8 1303
1732743009397 32.8 1304
1732743019608 32.8 1305
1732743029798 32.8 1306
1732743039982 32.8 1307
1732743050191 32.8 1308
1732743060382 32.8 1309
1732743070572 32.8 1310
1732743080777 32.8 1311
1732743090949 32.8 1312
1732743101095 32.8 1313
1732743111287 32.8 1314
1732743121427 32.8 1315
1732743131613 32.8 1316
1732743141802 32.8 1317
1732743152005 33.1 1318
1732743162188 33.1 1319
1732743172406 33.1 1320
1732743182613 33.1 1321
1732743192802 33.1 1322
1732743202994 33.1 1323
1732743213188 33.1 1324
1732743223341 33.1 1325
1732743233525 33.1 1326
1732743243782 33.1 1327
1732743253995 33.1 1328
1732743264203 33.1 1329
1732743274433 33.1 1330
1732743284632 33.1 1331
1732743294830 33.1 1332
1732743305039 33.1 1333
1732743315184 33.1 1334
1732743325370 33.1 1335
1732743335533 33.1 1336
1732743345706 33.1 1337
1732743355936 33.1 1338
1732743366126 33.1 1339
1732743376338 33.1 1340
1732743386498 33.1 1341
1732743396661 33.1 1342
1732743406852 33.1 1343
1732743416994 33.1 1344
1732743427184 33.1 1345
1732743437397 33.1 1346
1732743447592 33.1 1347
1732743457799 33.1 1348
1732743467942 33.1 1349
1732743478175 33.1 1350
1732743488375 33.1 1351
1732743498582 33.1 1352
1732743508747 33.1 1353
1732743518945 33.1 1354
1732743529143 33.1 1355
1732743539325 33.1 1356
1732743549508 33.1 1357
1732743559729 33.1 1358
1732743569924 33.1 1359
1732743580114 32.9 1360
1732743590313 32.9 1361
1732743600538 32.9 1362
1732743610729 32.9 1363
1732743620915 32.9 1364
1732743631073 32.9 1365
1732743641258 32.9 1366
1732743651484 32.9 1367
1732743661713 32.9 1368
1732743671949 32.9 1369
1732743682171 32.9 1370
1732743692359 32.9 1371
1732743702506 32.9 1372
1732743712665 32.9 1373
1732743722864 32.9 1374
1732743733062 32.9 1375
1732743743249 32.9 1376
1732743753446 32.9 1377
1732743763659 32.9 1378
1732743773857 32.9 1379
1732743784053 32.9 1380
1732743794254 32.9 1381
1732743804441 32.9 1382
1732743814638 32.9 1383
1732743824881 32.9 1384
1732743835395 32.9 1385
1732743845707 32.9 1386
1732743855846 32.9 1387
1732743865992 32.9 1388
1732743876187 32.9 1389
1732743886333 32.9 1390
1732743896476 32.9 1391
1732743906673 32.9 1392
1732743916877 32.9 1393
1732743927083 32.9 1394
1732743937352 32.9 1395
1732743947563 32.9 1396
1732743957762 32.9 1397
1732743967959 32.9 1398
1732743978172 32.9 1399
1732743988377 32.9 1400
1732743998587 32.9 1401
1732744008742 32.9 1402
1732744018903 32.9 1403
1732744029128 32.9 1404
1732744039352 32.9 1405
1732744049568 32.9 1406
1732744059779 32.9 1407
1732744069921 32.9 1408
1732744080123 32.9 1409
1732744090311 32.9 1410
1732744100524 32.9 1411
1732744110733 32.9 1412
1732744120886 32.9 1413
1732744131099 32.9 1414
1732744141328 32.9 1415
1732744151483 32.9 1416
1732744161648 32.9 1417
1732744171897 32.9 1418
1732744182132 32.9 1419
1732744192351 32.9 1420
1732744202511 32.9 1421
1732744212692 32.9 1422
1732744222875 32.9 1423
1732744233036 32.9 1424
1732744243269 32.9 1425
1732744253479 32.9 1426
1732744263636 32.9 1427
1732744273855 32.9 1428
1732744284013 32.9 1429
1732744294320 32.9 1430
1732744304477 32.9 1431
1732744314728 32.9 1432
1732744324890 32.9 1433
1732744335082 32.9 1434
1732744345286 32.9 1435
1732744355484 32.9 1436
1732744365680 32.9 1437
1732744375872 32.9 1438
1732744386071 32.9 1439
1732744396266 32.9 1440
1732744406465 32.9 1441
1732744416614 32.9 1442
1732744426788 32.9 1443
1732744436995 32.9 1444
1732744447194 32.9 1445
1732744457354 32.9 1446
1732744467502 32.9 1447
1732744477669 32.9 1448
1732744487897 32.9 1449
1732744498112 32.9 1450
1732744508286 32.9 1451
1732744518465 32.9 1452
1732744528662 32.9 1453
1732744538855 32.9 1454
1732744549066 32.9 1455
1732744559239 32.9 1456
1732744569430 32.9 1457
1732744579611 32.9 1458
1732744589775 32.9 1459
1732744599941 32.9 1460
1732744610160 32.9 1461
1732744620333 32.9 1462
1732744630539 32.9 1463
1732744640782 32.9 1464
1732744650943 32.9 1465
1732744661155 32.9 1466
1732744671329 32.9 1467
1732744681541 32.9 1468
1732744691870 32.9 1469
1732744702073 32.9 1470
1732744712268 32.9 1471
1732744722436 32.9 1472
1732744732596 32.9 1473
1732744742776 32.9 1474
1732744752937 32.9 1475
1732744763165 32.9 1476
1732744773359 32.9 1477
1732744783561 32.9 1478
1732744793761 32.9 1479
1732744803970 32.9 1480
1732744814167 32.9 1481
1732744824353 32.9 1482
1732744834548 32.9 1483
1732744844772 32.9 1484
1732744854947 32.9 1485
1732744865172 32.9 1486
1732744875403 32.9 1487
1732744885590 32.9 1488
1732744895771 32.9 1489
1732744905981 32.9 1490
1732744916174 32.9 1491
1732744926357 32.9 1492
1732744936564 32.9 1493
1732744946778 32.9 1494
1732744957001 32.9 1495
1732744967170 32.9 1496
1732744977374 32.9 1497
1732744987597 32.9 1498
1732744997769 32.9 1499
1732745008000 32.9 1500
1732745018200 32.9 1501
1732745028406 32.9 1502
1732745038609 32.9 1503
1732745048832 32.9 1504
1732745058988 32.9 1505
1732745069189 32.9 1506
1732745079387 32.9 1507
1732745089583 32.9 1508
1732745099890 32.9 1509
1732745110064 32.9 1510
1732745120251 32.9 1511
1732745130437 32.9 1512
1732745140630 32.9 1513
1732745150785 32.9 1514
1732745160993 32.9 1515
1732745171206 32.9 1516
1732745181416 32.9 1517
1732745191626 32.9 1518
1732745201857 32.9 1519
1732745212044 32.9 1520
1732745222242 32.9 1521
1732745232451 33.1 1522
1732745242633 32.8 1523
1732745252846 32.8 1524
1732745263062 33.3 1525
1732745273281 33.2 1526
1732745283458 33.4 1527
1732745293685 34.3 1528
1732745303892 34.3 1529
1732745314088 34.2 1530
1732745324310 34.3 1531
1732745334529 34.2 1532
1732745344699 34.2 1533
1732745354922 32.9 1534
1732745365156 32.8 1535
1732745375383 32.8 1536
1732745385589 33.0 1537
1732745395806 33.5 1538
1732745406000 33.3 1539
1732745416165 33.1 1540
1732745426379 33.1 1541
1732745436578 32.9 1542
1732745446783 32.9 1543
1732745457007 32.9 1544
1732745467216 32.8 1545
1732745477453 32.9 1546
1732745487681 32.9 1547
1732745497840 33.1 1548
1732745508157 33.4 1549
1732745518358 33.3 1550
1732745528528 33.0 1551
1732745538750 32.7 1552
1732745548953 33.1 1553
1732745559415 33.0 1554
1732745569627 33.0 1555
1732745579830 32.7 1556
1732745590007 32.7 1557
1732745600213 32.8 1558
1732745610406 32.7 1559
1732745620605 32.7 1560
1732745630788 32.7 1561
1732745640999 32.6 1562
1732745651191 32.6 1563
1732745661387 32.6 1564
1732745671609 32.6 1565
1732745681812 32.6 1566
1732745691993 32.7 1567
1732745702233 32.7 1568
1732745712443 32.7 1569
1732745722588 32.7 1570
1732745732773 32.7 1571
1732745742987 32.7 1572
1732745753207 32.7 1573
1732745763398 32.7 1574
1732745773581 32.7 1575
1732745783759 32.7 1576
1732745793927 32.7 1577
1732745804087 32.7 1578
1732745814322 32.7 1579
1732745824559 32.8 1580
1732745834732 32.6 1581
1732745844957 32.6 1582
1732745855145 32.4 1583
1732745865372 32.5 1584
1732745875601 32.5 1585
1732745885758 32.5 1586
1732745895926 32.4 1587
1732745906137 32.5 1588
1732745916472 32.4 1589
1732745926674 32.5 1590
1732745936902 32.5 1591
1732745947190 32.5 1592
1732745957398 32.5 1593
1732745967571 32.4 1594
1732745977785 32.4 1595
1732745987980 32.5 1596
1732745998211 32.4 1597
1732746008821 32.4 1598
1732746019035 32.5 1599
1732746029207 32.5 1600
1732746039360 32.4 1601
1732746049564 32.5 1602
1732746059780 32.5 1603
1732746069980 32.5 1604
1732746080154 32.5 1605
1732746090348 32.5 1606
1732746100560 32.5 1607
1732746110763 32.5 1608
1732746120943 32.5 1609
1732746131116 32.5 1610
1732746141291 32.4 1611
1732746151511 32.5 1612
1732746161722 32.4 1613
1732746171939 32.4 1614
1732746182124 32.4 1615
1732746192367 32.4 1616
1732746202555 32.4 1617
1732746212778 32.4 1618
1732746222993 32.4 1619
1732746233174 32.5 1620
1732746243650 32.4 1621
1732746253866 32.4 1622
1732746264051 32.4 1623
1732746274287 32.4 1624
1732746284488 32.4 1625
1732746294685 32.3 1626
1732746304967 32.3 1627
1732746315194 32.4 1628
1732746325516 32.4 1629
1732746335746 32.4 1630
1732746345928 32.4 1631
1732746356126 32.4 1632
1732746366337 32.5 1633
1732746376560 32.5 1634
1732746386735 32.5 1635
1732746396907 32.5 1636
1732746407069 32.5 1637
1732746417287 32.5 1638
1732746427501 32.5 1639
1732746437728 32.4 1640
1732746447952 32.4 1641
1732746458196 32.4 1642
1732746468416 32.4 1643
1732746478623 32.4 1644
1732746488839 32.4 1645
1732746499071 32.4 1646
1732746509288 32.4 1647
1732746519515 32.4 1648
1732746529732 32.4 1649
1732746539951 32.4 1650
1732746550162 32.6 1651
1732746560396 32.6 1652
1732746570628 32.6 1653
1732746580797 32.6 1654
1732746591021 32.6 1655
1732746601254 32.6 1656
1732746611453 32.7 1657
1732746621685 32.4 1658
1732746631918 32.5 1659
1732746642150 32.4 1660
1732746652402 32.4 1661
1732746662638 32.5 1662
1732746672869 32.4 1663
1732746683082 32.4 1664
1732746693329 32.4 1665
1732746703511 32.5 1666
1732746713745 32.6 1667
1732746723973 32.6 1668
1732746734271 32.7 1669
1732746744493 32.7 1670
1732746754721 32.9 1671
1732746764944 32.6 1672
1732746775193 32.7 1673
1732746785399 32.6 1674
1732746795604 32.7 1675
1732746805796 32.6 1676
1732746816030 32.7 1677
1732746826202 33.0 1678
1732746836385 33.1 1679
1732746846599 32.7 1680
1732746856766 32.7 1681
1732746866988 32.7 1682
1732746877207 32.7 1683
1732746887434 32.7 1684
1732746897680 32.6 1685
1732746907914 32.7 1686
1732746918124 32.8 1687
1732746928328 32.6 1688
1732746938533 32.6 1689
1732746948743 32.6 1690
1732746958981 32.6 1691
1732746969182 32.6 1692
1732746979371 31.9 1693
1732746989580 32.0 1694
1732746999801 31.9 1695
1732747009985 31.9 1696
1732747020178 31.9 1697
1732747030408 31.9 1698
1732747040610 31.9 1699
1732747050857 31.9 1700
1732747061082 31.9 1701
1732747071324 31.9 1702
1732747081574 31.9 1703
1732747091752 31.9 1704
1732747101980 31.9 1705
1732747112203 31.9 1706
1732747122438 31.9 1707
1732747132655 31.9 1708
1732747142887 31.9 1709
1732747153063 31.9 1710
1732747163299 31.9 1711
1732747173492 31.9 1712
1732747183669 31.9 1713
1732747193883 31.9 1714
1732747204098 31.9 1715
1732747214286 31.9 1716
1732747224494 31.9 1717
1732747234694 31.9 1718
1732747244857 31.9 1719
1732747255063 31.9 1720
1732747265285 31.9 1721
1732747275508 31.9 1722
1732747285695 31.9 1723
1732747295893 31.9 1724
1732747306138 31.9 1725
1732747316486 31.9 1726
1732747327014 31.9 1727
1732747337249 31.9 1728
1732747347423 31.9 1729
1732747357653 31.9 1730
1732747367882 31.9 1731
1732747378114 31.9 1732
1732747388325 31.9 1733
1732747398547 31.9 1734
1732747408797 31.9 1735
1732747419005 31.9 1736
1732747429236 31.9 1737
1732747439458 31.9 1738
1732747449666 31.9 1739
1732747459867 31.9 1740
1732747470102 31.9 1741
1732747480275 31.9 1742
1732747490511 31.9 1743
1732747500747 31.9 1744
1732747510975 31.9 1745
1732747521158 31.9 1746
1732747531314 31.9 1747
1732747541555 31.9 1748
1732747551762 31.9 1749
1732747561985 31.9 1750
1732747572233 31.9 1751
1732747582460 31.9 1752
1732747592652 31.9 1753
1732747602871 32.0 1754
1732747613084 32.0 1755
1732747623300 32.0 1756
1732747633521 32.0 1757
1732747643734 32.0 1758
1732747653984 32.0 1759
1732747664206 32.0 1760
1732747674451 32.0 1761
1732747684672 32.0 1762
1732747694854 32.0 1763
1732747705022 32.0 1764
1732747715222 32.0 1765
1732747725441 32.0 1766
1732747735744 32.0 1767
1732747745978 32.0 1768
1732747756198 32.0 1769
1732747766423 32.0 1770
1732747776614 32.0 1771
1732747786828 32.0 1772
1732747797075 32.0 1773
1732747807318 32.0 1774
1732747817485 32.0 1775
1732747827671 32.0 1776
1732747837888 32.0 1777
1732747848108 32.0 1778
1732747858372 32.0 1779
1732747868564 32.0 1780
1732747878744 32.0 1781
1732747888967 32.0 1782
1732747899199 32.0 1783
1732747909463 32.6 1784
1732747919678 32.5 1785
1732747929853 32.5 1786
1732747940066 32.5 1787
1732747950252 32.5 1788
1732747960498 32.5 1789
1732747970726 32.5 1790
1732747980936 32.5 1791
1732747991156 32.5 1792
1732748001318 32.5 1793
1732748011911 32.5 1794
1732748022125 32.5 1795
1732748032353 32.5 1796
1732748042599 32.5 1797
1732748052833 32.5 1798
1732748063079 32.5 1799
1732748073270 32.5 1800
1732748083493 32.5 1801
1732748093686 32.5 1802
1732748103904 32.5 1803
1732748114150 32.5 1804
1732748124338 32.5 1805
1732748134547 32.5 1806
1732748144781 32.5 1807
1732748155029 32.5 1808
1732748165228 32.5 1809
1732748175467 32.5 1810
1732748185688 32.5 1811
1732748195942 32.5 1812
1732748206172 32.5 1813
1732748216404 32.5 1814
1732748226608 32.5 1815
1732748236839 32.5 1816
1732748247070 32.5 1817
1732748257403 32.5 1818
1732748267572 32.5 1819
1732748277773 32.5 1820
1732748288005 32.5 1821
1732748298219 32.5 1822
1732748308483 32.5 1823
1732748318725 32.5 1824
1732748328938 32.5 1825
1732748339126 32.5 1826
1732748349302 32.5 1827
1732748359525 32.5 1828
1732748369731 32.5 1829
1732748379956 32.5 1830
1732748390191 32.5 1831
1732748400402 32.5 1832
1732748410628 32.5 1833
1732748420807 32.5 1834
1732748431060 32.5 1835
1732748441624 32.4 1836
1732748451843 32.4 1837
1732748462074 32.4 1838
1732748472247 32.4 1839
1732748482477 32.4 1840
1732748492663 32.4 1841
1732748502838 32.2 1842
1732748513012 32.2 1843
1732748523175 32.2 1844
1732748533374 32.2 1845
1732748543625 32.2 1846
1732748553880 32.2 1847
1732748564127 32.2 1848
1732748574320 32.2 1849
1732748584546 32.2 1850
1732748594783 32.2 1851
1732748604991 32.2 1852
1732748615189 32.2 1853
1732748625372 32.2 1854
1732748635593 32.2 1855
1732748645816 32.2 1856
1732748656055 32.2 1857
1732748666298 32.2 1858
1732748676507 32.2 1859
1732748686738 32.2 1860
1732748696980 32.2 1861
1732748707236 32.2 1862
1732748717410 32.2 1863
1732748727628 32.2 1864
1732748737840 32.2 1865
1732748748181 32.2 1866
1732748758411 32.2 1867
1732748768656 32.2 1868
1732748778874 32.2 1869
1732748789141 32.2 1870
1732748799368 32.2 1871
1732748809610 32.2 1872
1732748819854 32.2 1873
1732748830074 32.2 1874
1732748840267 32.2 1875
1732748850490 32.2 1876
1732748860673 32.2 1877
1732748870864 32.2 1878
1732748881057 32.2 1879
1732748891250 32.2 1880
1732748901483 32.2 1881
1732748911660 32.2 1882
1732748921876 32.2 1883
1732748932047 32.2 1884
1732748942260 32.2 1885
1732748952447 32.2 1886
1732748962673 32.2 1887
1732748972853 32.2 1888
1732748983081 32.2 1889
1732748993307 32.2 1890
1732749003537 32.2 1891
1732749013763 32.2 1892
1732749024011 32.2 1893
1732749034270 32.2 1894
1732749044491 32.2 1895
1732749054690 32.2 1896
1732749064878 32.2 1897
1732749075108 32.2 1898
1732749085331 32.2 1899
1732749095526 32.2 1900
1732749105771 32.2 1901
1732749116014 32.2 1902
1732749126239 32.2 1903
1732749136436 32.2 1904
1732749146661 32.2 1905
1732749156838 32.2 1906
1732749167093 32.2 1907
1732749177355 32.2 1908
1732749187601 32.2 1909
1732749197819 32.2 1910
1732749208073 32.2 1911
1732749218344 32.2 1912
1732749228638 32.2 1913
1732749238908 32.2 1914
1732749249150 32.2 1915
1732749259369 32.2 1916
1732749269601 32.2 1917
1732749279805 32.2 1918
1732749290014 32.2 1919
1732749300238 32.2 1920
1732749310478 32.2 1921
1732749320702 32.2 1922
1732749330902 32.2 1923
1732749341182 32.2 1924
1732749351446 32.2 1925
1732749361623 32.2 1926
1732749371815 32.2 1927
1732749382013 32.2 1928
1732749392227 32.2 1929
1732749402463 32.2 1930
1732749412655 32.2 1931
1732749423336 32.2 1932
1732749433579 32.2 1933
1732749443794 32.2 1934
1732749454032 32.2 1935
1732749464272 32.2 1936
1732749474509 32.2 1937
1732749484785 32.2 1938
1732749494994 32.2 1939
1732749505248 32.2 1940
1732749515501 32.2 1941
1732749525757 32.2 1942
1732749536012 32.2 1943
1732749546254 32.2 1944
1732749556507 32.2 1945
1732749566759 32.2 1946
1732749576956 32.2 1947
1732749587191 32.2 1948
1732749597446 32.2 1949
1732749607678 32.2 1950
1732749617895 32.2 1951
1732749628137 32.2 1952
1732749638348 32.2 1953
1732749648615 32.2 1954
1732749658858 32.2 1955
1732749669062 32.2 1956
1732749679301 32.2 1957
1732749689522 32.2 1958
1732749699761 32.2 1959
1732749709997 32.2 1960
1732749720311 32.2 1961
1732749730558 32.2 1962
1732749740798 32.2 1963
1732749751034 32.2 1964
1732749761237 32.2 1965
1732749771469 32.2 1966
1732749781655 32.2 1967
1732749791887 32.2 1968
1732749802119 32.2 1969
1732749812336 32.2 1970
1732749822572 32.2 1971
1732749832843 32.2 1972
1732749843069 32.2 1973
1732749853292 32.2 1974
1732749863531 32.2 1975
1732749873757 32.2 1976
1732749883998 32.2 1977
1732749894240 32.2 1978
1732749904489 32.2 1979
1732749914738 32.2 1980
1732749924945 32.2 1981
1732749935162 32.2 1982
1732749945401 32.2 1983
1732749955655 32.2 1984
