1732729782128 56.7 0
1732729792172 107.6 1
1732729802215 266.3 2
1732729812253 266.9 3
1732729822298 268.4 4
1732729832342 272.0 5
1732729842404 144.2 6
1732729852472 269.2 7
1732729862536 280.4 8
1732729872626 261.3 9
1732729882695 267.5 10
1732729892769 243.8 11
1732729902833 284.6 12
1732729912885 285.5 13
1732729922953 281.1 14
1732729933026 276.1 15
1732729943086 283.2 16
1732729953181 278.9 17
1732729963266 282.7 18
1732729973341 243.6 19
1732729983415 275.2 20
1732729993489 209.1 21
1732730003555 269.1 22
1732730013627 269.5 23
1732730023717 287.1 24
1732730033798 118.7 25
1732730043864 287.1 26
1732730053935 119.2 27
1732730064013 253.9 28
1732730074080 268.3 29
1732730084156 277.7 30
1732730094231 119.2 31
1732730104311 267.4 32
1732730114605 269.4 33
1732730124675 147.9 34
1732730134756 119.8 35
1732730144830 210.8 36
1732730154905 147.0 37
1732730164977 287.3 38
1732730175074 273.3 39
1732730185163 266.8 40
1732730195235 132.8 41
1732730205330 268.5 42
1732730215409 121.3 43
1732730225491 128.0 44
1732730235581 276.9 45
1732730245666 279.2 46
1732730255739 144.7 47
1732730265810 279.3 48
1732730275890 235.1 49
1732730285965 200.0 50
1732730296038 182.9 51
1732730306116 292.0 52
1732730316202 137.9 53
1732730326286 148.4 54
1732730336358 118.9 55
1732730346448 271.5 56
1732730356524 139.5 57
1732730366611 119.1 58
1732730376679 280.9 59
1732730386780 268.2 60
1732730396864 283.2 61
1732730406942 247.6 62
1732730417031 146.3 63
1732730427107 276.5 64
1732730437190 273.6 65
1732730447270 129.0 66
1732730457354 119.2 67
1732730467426 118.8 68
1732730477514 123.2 69
1732730487602 271.6 70
1732730497699 143.7 71
1732730507775 264.7 72
1732730517879 264.4 73
1732730527955 266.4 74
1732730538050 279.8 75
1732730548134 116.1 76
1732730558223 271.9 77
1732730568296 141.2 78
1732730578383 268.4 79
1732730588474 268.6 80
1732730598557 281.7 81
1732730608640 173.6 82
1732730618730 269.2 83
1732730628805 276.6 84
1732730638890 273.0 85
1732730648971 198.8 86
1732730659045 183.5 87
1732730669127 118.1 88
1732730679186 131.7 89
1732730689268 277.3 90
1732730699354 118.9 91
1732730709434 140.1 92
1732730719523 118.5 93
1732730729602 268.0 94
1732730739704 118.1 95
1732730749792 272.3 96
1732730759879 161.1 97
1732730769950 116.4 98
1732730780052 277.4 99
1732730790134 276.9 100
1732730800209 267.4 101
1732730810314 134.6 102
1732730820403 270.9 103
1732730830495 118.4 104
1732730840557 279.7 105
1732730850643 270.2 106
1732730860717 272.3 107
1732730870808 273.8 108
1732730880911 217.6 109
1732730890992 118.1 110
1732730901083 279.8 111
1732730911169 274.8 112
1732730921249 277.3 113
1732730931326 136.9 114
1732730941400 137.9 115
1732730951483 265.2 116
1732730961593 263.0 117
1732730971656 127.1 118
1732730981751 265.7 119
1732730991831 288.5 120
1732731001928 118.9 121
1732731012010 275.8 122
1732731022092 269.1 123
1732731032194 119.7 124
1732731042292 277.5 125
1732731052386 263.0 126
1732731062464 149.0 127
1732731072547 266.8 128
1732731082629 266.3 129
1732731092739 272.1 130
1732731102825 265.3 131
1732731112904 267.6 132
1732731122982 134.8 133
1732731133083 266.9 134
1732731143182 262.4 135
1732731153276 268.2 136
1732731163377 261.9 137
1732731173454 151.2 138
1732731183520 293.3 139
1732731193613 284.1 140
1732731203695 279.9 141
1732731213794 118.4 142
1732731223874 287.3 143
1732731233965 157.0 144
1732731244055 118.9 145
1732731254141 158.6 146
1732731264246 285.9 147
1732731274344 284.3 148
1732731284443 277.3 149
1732731294529 279.6 150
1732731304623 279.5 151
1732731314688 145.2 152
1732731324779 276.6 153
1732731334867 271.2 154
1732731344958 271.6 155
1732731355029 274.6 156
1732731365109 120.4 157
1732731375191 281.2 158
1732731385292 288.8 159
1732731395384 146.6 160
1732731405483 135.3 161
1732731415581 119.9 162
1732731425679 275.3 163
1732731435775 281.7 164
1732731445874 289.4 165
1732731455949 142.1 166
1732731466046 274.7 167
1732731476140 286.0 168
1732731486230 119.0 169
1732731496325 281.9 170
1732731506417 133.3 171
1732731516495 283.0 172
1732731526595 256.4 173
1732731536682 267.8 174
1732731546775 143.7 175
1732731556867 126.1 176
1732731566958 126.9 177
1732731577045 117.0 178
1732731587135 142.6 179
1732731597204 173.2 180
1732731607265 132.6 181
1732731617350 176.3 182
1732731627422 274.4 183
1732731637502 142.4 184
1732731647572 277.3 185
1732731657671 263.3 186
1732731667755 117.8 187
1732731677858 269.2 188
1732731687952 232.4 189
1732731698039 285.0 190
1732731708140 267.3 191
1732731718236 119.3 192
1732731728330 266.9 193
1732731738430 259.6 194
1732731748527 264.8 195
1732731758635 270.4 196
1732731768741 174.3 197
1732731778832 278.9 198
1732731788929 270.1 199
1732731799020 118.9 200
1732731809121 151.3 201
1732731819211 118.4 202
1732731829310 242.0 203
1732731839400 138.4 204
1732731849518 265.0 205
1732731859617 261.1 206
1732731869718 142.9 207
1732731879821 264.9 208
1732731889908 267.2 209
1732731900016 142.7 210
1732731910132 282.0 211
1732731920223 270.6 212
1732731930327 284.0 213
1732731940419 243.3 214
1732731950527 280.9 215
1732731960627 274.6 216
1732731970715 116.8 217
1732731980826 278.1 218
1732731990911 172.3 219
1732732001021 200.2 220
1732732011131 124.1 221
1732732021206 143.9 222
1732732031287 277.9 223
1732732041392 267.5 224
1732732051493 273.8 225
1732732061588 132.1 226
1732732071689 268.8 227
1732732081793 155.4 228
1732732091890 269.8 229
1732732101999 281.1 230
1732732112103 240.1 231
1732732122202 154.2 232
1732732132296 282.1 233
1732732142402 250.6 234
1732732152502 260.6 235
1732732162608 147.6 236
1732732172703 275.0 237
1732732182824 272.7 238
1732732192923 272.3 239
1732732203044 269.4 240
1732732213157 277.8 241
1732732223252 270.0 242
1732732233364 271.2 243
1732732243470 259.3 244
1732732253578 261.2 245
1732732263688 194.1 246
1732732273802 270.9 247
1732732283894 271.5 248
1732732293958 270.6 249
1732732304052 276.3 250
1732732314161 158.9 251
1732732324268 264.9 252
1732732334375 265.7 253
1732732344485 267.2 254
1732732354587 265.7 255
1732732364686 287.9 256
1732732374804 275.0 257
1732732384910 267.7 258
1732732395012 120.8 259
1732732405121 289.5 260
1732732415229 267.1 261
1732732425338 169.5 262
1732732435428 272.2 263
1732732445513 201.9 264
1732732455603 273.9 265
1732732465722 269.4 266
1732732475830 190.3 267
1732732485940 255.4 268
1732732496023 255.2 269
1732732506120 259.9 270
1732732516225 255.1 271
1732732526326 259.1 272
1732732536413 262.7 273
1732732546523 260.7 274
1732732556646 263.5 275
1732732566764 259.2 276
1732732576872 261.7 277
1732732586979 261.2 278
1732732597076 263.2 279
1732732607197 262.1 280
1732732617289 139.8 281
1732732627667 268.4 282
1732732637791 137.8 283
1732732647915 282.2 284
1732732658008 262.0 285
1732732668123 261.1 286
1732732678237 259.0 287
1732732688347 140.9 288
1732732698449 265.7 289
1732732708559 265.3 290
1732732718681 271.5 291
1732732728798 270.5 292
1732732738912 205.6 293
1732732749037 276.8 294
1732732759155 276.6 295
1732732769256 285.9 296
1732732779353 272.7 297
1732732789470 268.1 298
1732732799572 269.9 299
1732732809695 277.7 300
1732732819811 279.1 301
1732732829929 281.0 302
1732732840046 279.9 303
1732732850151 276.1 304
1732732860258 144.7 305
1732732870364 273.6 306
1732732880490 270.9 307
1732732890603 268.7 308
1732732900740 269.7 309
1732732910841 268.2 310
1732732920956 267.8 311
1732732931065 133.2 312
1732732941173 271.6 313
1732732951285 180.8 314
1732732961405 273.8 315
1732732971521 275.6 316
1732732981631 281.5 317
1732732991731 283.8 318
1732733001839 270.9 319
1732733011944 273.1 320
1732733022061 274.7 321
1732733032189 276.4 322
1732733042291 265.7 323
1732733052365 270.0 324
1732733062475 280.7 325
1732733072592 262.2 326
1732733082705 268.3 327
1732733092822 268.4 328
1732733102910 262.3 329
1732733113030 279.2 330
1732733123112 209.6 331
1732733133206 267.7 332
1732733143310 265.1 333
1732733153430 216.8 334
1732733163544 261.8 335
1732733173657 265.7 336
1732733183765 274.5 337
1732733193892 268.3 338
1732733204020 268.4 339
1732733214137 264.1 340
1732733224255 260.5 341
1732733234362 143.7 342
1732733244477 269.5 343
1732733254588 117.4 344
1732733264718 257.8 345
1732733274841 256.5 346
1732733284957 267.3 347
1732733295077 267.3 348
1732733305183 159.0 349
1732733315321 254.4 350
1732733325455 260.3 351
1732733335563 119.3 352
1732733345662 268.3 353
1732733355782 264.6 354
1732733365888 176.5 355
1732733376019 262.1 356
1732733386151 122.1 357
1732733396263 282.9 358
1732733406362 269.2 359
1732733416481 264.6 360
1732733426607 269.0 361
1732733436726 255.0 362
1732733446843 260.2 363
1732733456964 275.7 364
1732733467081 263.9 365
1732733477204 267.7 366
1732733487315 282.9 367
1732733497447 264.5 368
1732733507556 263.1 369
1732733517671 140.4 370
1732733527766 262.4 371
1732733537898 266.9 372
1732733548009 274.3 373
1732733558119 136.5 374
1732733568221 237.9 375
1732733578350 135.6 376
1732733588469 229.2 377
1732733598588 144.8 378
1732733608706 262.4 379
1732733618781 117.6 380
1732733628887 271.3 381
1732733639024 143.4 382
1732733649142 262.3 383
1732733659226 259.8 384
1732733669305 255.2 385
1732733679410 258.4 386
1732733689521 260.5 387
1732733699701 117.4 388
1732733709843 247.8 389
1732733719961 116.2 390
1732733730083 157.7 391
1732733740220 255.7 392
1732733750342 257.7 393
1732733760471 208.4 394
1732733770595 236.9 395
1732733780717 259.4 396
1732733790814 266.4 397
1732733800943 265.5 398
1732733811062 252.2 399
1732733821178 250.7 400
1732733831263 195.3 401
1732733841383 117.6 402
1732733851513 259.0 403
1732733861628 265.8 404
1732733871764 118.2 405
1732733881895 284.6 406
1732733892014 118.5 407
1732733902139 116.7 408
1732733912264 262.2 409
1732733922384 265.2 410
1732733932514 140.0 411
1732733942644 135.5 412
1732733952770 273.1 413
1732733962891 278.3 414
1732733973013 141.4 415
1732733983137 255.2 416
1732733993260 141.7 417
1732734003384 120.4 418
1732734013513 216.1 419
1732734023632 149.3 420
1732734033758 115.9 421
1732734043870 263.1 422
1732734054000 140.9 423
1732734064123 114.6 424
1732734074253 115.2 425
1732734084378 269.5 426
1732734094489 137.5 427
1732734104614 116.3 428
1732734114763 275.0 429
1732734124887 227.6 430
1732734134967 237.8 431
1732734145083 272.2 432
1732734155213 117.0 433
1732734165337 275.6 434
1732734175479 142.1 435
1732734185637 127.1 436
1732734195768 139.3 437
1732734205900 169.7 438
1732734215976 276.3 439
1732734226104 260.4 440
1732734236217 271.1 441
1732734246356 278.2 442
1732734256483 264.5 443
1732734266610 252.1 444
1732734276746 141.4 445
1732734286873 132.0 446
1732734296996 115.8 447
1732734307093 261.8 448
1732734317234 266.8 449
1732734327365 263.9 450
1732734337492 277.1 451
1732734347616 276.7 452
1732734357738 141.7 453
1732734367862 171.5 454
1732734377991 265.8 455
1732734388104 115.7 456
1732734398243 142.0 457
1732734408328 267.5 458
1732734418451 272.9 459
1732734428572 272.3 460
1732734438701 144.0 461
1732734448842 273.5 462
1732734458973 274.1 463
1732734469108 186.8 464
1732734479197 192.7 465
1732734489335 287.3 466
1732734499469 276.3 467
1732734509610 156.3 468
1732734519692 118.4 469
1732734529830 267.2 470
1732734539967 228.3 471
1732734550103 273.4 472
1732734560265 168.9 473
1732734570445 271.1 474
1732734580585 255.5 475
1732734590713 265.7 476
1732734600843 118.0 477
1732734610948 271.2 478
1732734621077 265.0 479
1732734631189 138.0 480
1732734641272 272.3 481
1732734651372 133.3 482
1732734661498 266.6 483
1732734671645 279.9 484
1732734681775 278.8 485
1732734691883 143.3 486
1732734702013 278.5 487
1732734712150 232.9 488
1732734722247 275.7 489
1732734732381 277.1 490
1732734742524 273.2 491
1732734752653 278.7 492
1732734762786 141.4 493
1732734772925 273.7 494
1732734783058 137.1 495
1732734793194 265.1 496
1732734803333 282.7 497
1732734813467 267.4 498
1732734823586 261.2 499
1732734833722 276.1 500
1732734843865 130.8 501
1732734853997 117.4 502
1732734864140 143.0 503
1732734874253 278.1 504
1732734884388 285.4 505
1732734894523 283.3 506
1732734904662 285.7 507
1732734914809 275.0 508
1732734924947 267.1 509
1732734935092 265.5 510
1732734945239 145.4 511
1732734955330 268.3 512
1732734965399 265.9 513
1732734975506 230.0 514
1732734985618 132.1 515
1732734995774 144.0 516
1732735005921 283.1 517
1732735016074 269.8 518
1732735026217 269.2 519
1732735036313 273.1 520
1732735046447 122.4 521
1732735056573 155.9 522
1732735066719 147.0 523
1732735076856 273.2 524
1732735086997 123.2 525
1732735097093 153.3 526
1732735107245 123.5 527
1732735117381 275.6 528
1732735127517 120.9 529
1732735137622 280.4 530
1732735147745 274.8 531
1732735157897 263.6 532
1732735168043 267.6 533
1732735178184 186.8 534
1732735188323 139.8 535
1732735198474 265.5 536
1732735208728 270.1 537
1732735218817 148.5 538
1732735228954 122.2 539
1732735239115 282.4 540
1732735249257 268.1 541
1732735259403 273.9 542
1732735269513 278.7 543
1732735279657 270.2 544
1732735289791 227.8 545
1732735299958 144.2 546
1732735310046 278.1 547
1732735320178 278.8 548
1732735330327 212.1 549
1732735340473 268.0 550
1732735350619 262.2 551
1732735360761 138.2 552
1732735370891 273.5 553
1732735381034 198.8 554
1732735391174 271.5 555
1732735401311 279.4 556
1732735411477 147.0 557
1732735421595 280.6 558
1732735431756 163.7 559
1732735441902 191.2 560
1732735452024 287.3 561
1732735462162 270.4 562
1732735472284 265.3 563
1732735482429 280.3 564
1732735492584 268.9 565
1732735502731 280.4 566
1732735512886 270.6 567
1732735522986 266.4 568
1732735533106 280.2 569
1732735543267 162.1 570
1732735553411 249.2 571
1732735563569 246.7 572
1732735573728 119.9 573
1732735583888 264.7 574
1732735594034 277.3 575
1732735604171 260.9 576
1732735614309 228.0 577
1732735624458 127.9 578
1732735634600 263.3 579
1732735644767 264.3 580
1732735654926 271.8 581
1732735665074 131.7 582
1732735675191 273.8 583
1732735685324 265.9 584
1732735695462 123.8 585
1732735705608 120.7 586
1732735715756 272.1 587
1732735725899 266.6 588
1732735735998 128.7 589
1732735746141 268.6 590
1732735756258 277.3 591
1732735766392 260.8 592
1732735776542 119.2 593
1732735786713 267.8 594
1732735796860 269.2 595
1732735807016 144.9 596
1732735817115 272.4 597
1732735827270 265.3 598
1732735837413 205.0 599
1732735847520 123.6 600
1732735857620 267.0 601
1732735867768 263.3 602
1732735877904 120.7 603
1732735888026 253.3 604
1732735898162 264.8 605
1732735908314 119.9 606
1732735918463 272.7 607
1732735928614 265.4 608
1732735938759 139.1 609
1732735948896 277.0 610
1732735959047 127.3 611
1732735969191 120.1 612
1732735979323 272.7 613
1732735989426 153.5 614
1732735999560 264.7 615
1732736009726 133.9 616
1732736019807 269.0 617
1732736029943 279.6 618
1732736040089 276.9 619
1732736050244 131.5 620
1732736060381 279.3 621
1732736070536 267.4 622
1732736080681 265.9 623
1732736090837 269.5 624
1732736100946 265.3 625
1732736111080 262.7 626
1732736121224 263.3 627
1732736131345 275.5 628
1732736141506 268.0 629
1732736151661 265.4 630
1732736161811 164.9 631
1732736171949 274.2 632
1732736182089 144.2 633
1732736192248 119.2 634
1732736202344 132.4 635
1732736212498 258.1 636
1732736222656 263.5 637
1732736232806 263.0 638
1732736242976 202.5 639
1732736253135 272.7 640
1732736263274 212.7 641
1732736273426 260.6 642
1732736283577 256.7 643
1732736293732 126.6 644
1732736303880 257.8 645
1732736314029 129.9 646
1732736324188 148.5 647
1732736334351 250.5 648
1732736344524 261.2 649
1732736354680 254.7 650
1732736364834 180.2 651
1732736374994 268.7 652
1732736385158 156.3 653
1732736395322 255.6 654
1732736405477 253.8 655
1732736415637 265.3 656
1732736425813 270.4 657
1732736435942 269.0 658
1732736446091 269.6 659
1732736456244 257.1 660
1732736466394 262.8 661
1732736476549 259.2 662
1732736486688 120.2 663
1732736496822 267.1 664
1732736506977 281.8 665
1732736517133 252.4 666
1732736527244 261.9 667
1732736537325 263.2 668
1732736547477 260.2 669
1732736557649 264.0 670
1732736567763 265.1 671
1732736577899 142.3 672
1732736588063 135.0 673
1732736598212 271.6 674
1732736608364 117.8 675
1732736618512 268.5 676
1732736628672 270.1 677
1732736638826 254.6 678
1732736648972 118.2 679
1732736659132 142.4 680
1732736669291 263.6 681
1732736679449 281.6 682
1732736689606 272.7 683
1732736699763 126.5 684
1732736709904 271.5 685
1732736720057 119.1 686
1732736730211 249.7 687
1732736740374 264.1 688
1732736750529 260.9 689
1732736760683 258.5 690
1732736770830 269.4 691
1732736780936 149.9 692
1732736791093 258.0 693
1732736801235 265.7 694
1732736811378 143.2 695
1732736821526 267.0 696
1732736831682 123.2 697
1732736841843 266.7 698
1732736852011 261.3 699
1732736862177 202.5 700
1732736872325 121.0 701
1732736882452 118.8 702
1732736892596 274.6 703
1732736902750 250.7 704
1732736912903 116.9 705
1732736923057 260.5 706
1732736933219 256.1 707
1732736943331 255.2 708
1732736953492 135.2 709
1732736963612 264.5 710
1732736973761 261.1 711
1732736983908 259.4 712
1732736994069 203.0 713
1732737004174 144.4 714
1732737014333 272.3 715
1732737024510 143.7 716
1732737034680 259.9 717
1732737044780 252.3 718
1732737054953 261.1 719
1732737065111 261.2 720
1732737075279 194.3 721
1732737085437 203.9 722
1732737095604 253.3 723
1732737105761 143.9 724
1732737115921 263.9 725
1732737126068 268.8 726
1732737136170 143.8 727
1732737146322 260.0 728
1732737156506 274.6 729
1732737166662 270.0 730
1732737176809 275.2 731
1732737186979 268.6 732
1732737197129 276.2 733
1732737207240 122.9 734
1732737217363 263.0 735
1732737227524 260.8 736
1732737237679 267.6 737
1732737247855 268.8 738
1732737258011 259.6 739
1732737268175 237.0 740
1732737278343 151.3 741
1732737288518 252.6 742
1732737298682 260.9 743
1732737308833 263.3 744
1732737318986 279.9 745
1732737329149 279.8 746
1732737339307 257.6 747
1732737349472 258.4 748
1732737359646 256.2 749
1732737369801 262.7 750
1732737379967 144.2 751
1732737390125 280.1 752
1732737400296 137.7 753
1732737410456 255.5 754
1732737422970 259.0 755
1732737433148 127.2 756
1732737443315 269.0 757
1732737453473 260.5 758
1732737463640 235.6 759
1732737474223 128.4 760
1732737484391 259.8 761
1732737494566 265.1 762
1732737504716 278.4 763
1732737514884 137.6 764
1732737524993 263.3 765
1732737535185 137.0 766
1732737545353 270.8 767
1732737555471 117.3 768
1732737565586 265.7 769
1732737575747 276.6 770
1732737585906 267.0 771
1732737596078 211.6 772
1732737606186 259.1 773
1732737616337 277.2 774
1732737626530 264.3 775
1732737636690 271.8 776
1732737646820 270.3 777
1732737656981 184.3 778
1732737667148 138.3 779
1732737677307 263.9 780
1732737687482 132.1 781
1732737697667 258.1 782
1732737707850 265.1 783
1732737718020 152.4 784
1732737728191 259.2 785
1732737738315 146.6 786
1732737748501 277.2 787
1732737758666 257.0 788
1732737768822 263.7 789
1732737778988 189.0 790
1732737789148 118.9 791
1732737799324 261.2 792
1732737809501 251.9 793
1732737819671 260.9 794
1732737829840 256.4 795
1732737840005 256.0 796
1732737850121 254.8 797
1732737860285 271.5 798
1732737870466 265.0 799
1732737880652 257.5 800
1732737890822 256.8 801
1732737901005 137.2 802
1732737911170 261.6 803
1732737921330 172.2 804
1732737931500 267.1 805
1732737941668 254.8 806
1732737951832 269.8 807
1732737962045 154.4 808
1732737972210 136.5 809
1732737982354 260.2 810
1732737992497 229.1 811
1732738002663 137.5 812
1732738012839 270.9 813
1732738023008 264.0 814
1732738033130 213.9 815
1732738043303 257.8 816
1732738053479 268.9 817
1732738063657 258.5 818
1732738073843 239.2 819
1732738083992 138.5 820
1732738094147 247.9 821
1732738104264 237.6 822
1732738114401 244.4 823
1732738124556 251.0 824
1732738134722 266.1 825
1732738144907 243.6 826
1732738155060 119.4 827
1732738165236 136.1 828
1732738175417 118.2 829
1732738185536 250.7 830
1732738195683 257.4 831
1732738205838 257.6 832
1732738216010 144.4 833
1732738226178 251.7 834
1732738236343 270.9 835
1732738246508 122.0 836
1732738256696 263.5 837
1732738266859 140.1 838
1732738277030 144.1 839
1732738287191 137.0 840
1732738297361 214.0 841
1732738307522 267.2 842
1732738317693 256.5 843
1732738327885 254.2 844
1732738338081 266.9 845
1732738348267 134.6 846
1732738358387 255.9 847
1732738368508 264.5 848
1732738378657 260.9 849
1732738388838 269.3 850
1732738399005 262.8 851
1732738409175 263.9 852
1732738419313 254.8 853
1732738429488 256.8 854
1732738439665 261.7 855
1732738449779 144.7 856
1732738459944 185.1 857
1732738470129 262.9 858
1732738480307 259.7 859
1732738490449 250.2 860
1732738500562 258.9 861
1732738510748 258.2 862
1732738520906 151.7 863
1732738531032 174.3 864
1732738541193 256.8 865
1732738551360 119.5 866
1732738561540 256.4 867
1732738571713 252.7 868
1732738581831 278.4 869
1732738591943 121.1 870
1732738602098 122.0 871
1732738612268 257.6 872
1732738622445 264.1 873
1732738632570 203.4 874
1732738642715 256.3 875
1732738652875 266.3 876
1732738663039 147.1 877
1732738673208 138.1 878
1732738683369 203.3 879
1732738693529 257.6 880
1732738703679 267.2 881
1732738713831 123.2 882
1732738723958 263.2 883
1732738734149 148.4 884
1732738744340 222.3 885
1732738755087 263.6 886
1732738765264 121.0 887
1732738775453 267.5 888
1732738785577 135.7 889
1732738795737 243.6 890
1732738805906 138.7 891
1732738816096 145.9 892
1732738826268 263.8 893
1732738836445 265.0 894
1732738846576 258.6 895
1732738856722 125.6 896
1732738866895 253.4 897
1732738877111 229.9 898
1732738887297 254.1 899
1732738897424 274.8 900
1732738907597 256.1 901
1732738917742 131.2 902
1732738927909 283.0 903
1732738938086 257.6 904
1732738948226 259.9 905
1732738958407 277.2 906
1732738968595 246.3 907
1732738978734 256.8 908
1732738988882 136.4 909
1732738999060 122.2 910
1732739009233 262.9 911
1732739019415 258.7 912
1732739029571 266.1 913
1732739039761 244.9 914
1732739049923 149.2 915
1732739060123 259.0 916
1732739070258 259.5 917
1732739080411 156.8 918
1732739090544 255.9 919
1732739100726 259.9 920
1732739110905 254.6 921
1732739121059 132.0 922
1732739131203 260.6 923
1732739141318 261.1 924
1732739151459 263.1 925
1732739161613 254.5 926
1732739171741 263.6 927
1732739181922 264.0 928
1732739192106 261.1 929
1732739202266 258.4 930
1732739212411 256.8 931
1732739222588 263.9 932
1732739232761 257.8 933
1732739242930 258.9 934
1732739253110 259.9 935
1732739263293 266.1 936
1732739273458 273.5 937
1732739283702 283.4 938
1732739293872 133.4 939
1732739304060 253.0 940
1732739314210 265.7 941
1732739324394 253.6 942
1732739334547 259.0 943
1732739344729 266.7 944
1732739354928 159.2 945
1732739365077 255.0 946
1732739375235 256.2 947
1732739385382 138.0 948
1732739395506 264.3 949
1732739405670 264.7 950
1732739415779 136.9 951
1732739425939 269.9 952
1732739436120 120.1 953
1732739446250 262.6 954
1732739456391 261.3 955
1732739466523 257.9 956
1732739476675 138.2 957
1732739486860 249.3 958
1732739497032 240.4 959
1732739507156 178.2 960
1732739517293 269.4 961
1732739527427 264.1 962
1732739537585 265.2 963
1732739547744 266.8 964
1732739557862 125.5 965
1732739568057 258.5 966
1732739578248 262.0 967
1732739588420 255.3 968
1732739598581 253.5 969
1732739608744 256.2 970
1732739618938 120.1 971
1732739629122 267.7 972
1732739639311 126.7 973
1732739649509 258.9 974
1732739659693 256.5 975
1732739669889 167.2 976
1732739680026 241.3 977
1732739690212 254.8 978
1732739700399 242.4 979
1732739710590 251.2 980
1732739720777 123.0 981
1732739730968 248.6 982
1732739741150 249.4 983
1732739751285 255.6 984
1732739761403 248.2 985
1732739771584 246.0 986
1732739781770 260.1 987
1732739791957 247.6 988
1732739802133 136.9 989
1732739812307 270.0 990
1732739822481 158.6 991
1732739832692 254.3 992
1732739842849 257.5 993
1732739853048 181.0 994
1732739863225 243.7 995
1732739873413 244.5 996
1732739883546 264.5 997
1732739893714 249.2 998
1732739903925 242.5 999
1732739914133 146.0 1000
1732739924322 237.5 1001
1732739934497 249.8 1002
1732739944695 251.7 1003
1732739954873 258.6 1004
1732739965064 274.4 1005
1732739975247 141.5 1006
1732739985371 265.6 1007
1732739995502 262.1 1008
1732740005652 268.4 1009
1732740015828 260.9 1010
1732740026034 139.8 1011
1732740036211 257.2 1012
1732740046345 224.2 1013
1732740056512 262.5 1014
1732740066663 254.0 1015
1732740077004 251.6 1016
1732740087178 232.8 1017
1732740097345 245.3 1018
1732740107532 245.0 1019
1732740117743 251.8 1020
1732740127936 259.0 1021
1732740138090 150.0 1022
1732740148249 269.1 1023
1732740158450 249.7 1024
1732740168576 242.1 1025
1732740178764 260.4 1026
1732740188937 261.8 1027
1732740199102 249.5 1028
1732740209234 236.2 1029
1732740219404 258.4 1030
1732740229572 119.5 1031
1732740239730 211.2 1032
1732740249938 258.9 1033
1732740260122 258.7 1034
1732740270289 245.8 1035
1732740280476 252.3 1036
1732740290648 259.9 1037
1732740300781 254.4 1038
1732740310962 246.8 1039
1732740321159 239.2 1040
1732740331343 163.8 1041
1732740341499 244.8 1042
1732740351666 245.8 1043
1732740361844 240.3 1044
1732740372036 129.8 1045
1732740382213 253.4 1046
1732740392383 260.5 1047
1732740402562 134.1 1048
1732740412733 258.5 1049
1732740422928 275.2 1050
1732740433142 257.9 1051
1732740443340 256.0 1052
1732740453479 249.6 1053
1732740463653 271.3 1054
1732740473846 267.2 1055
1732740483963 258.1 1056
1732740494149 134.9 1057
1732740504353 259.7 1058
1732740514529 246.2 1059
1732740524719 140.0 1060
1732740534907 246.0 1061
1732740545092 258.6 1062
1732740555303 243.7 1063
1732740565490 244.0 1064
1732740575707 250.3 1065
1732740585924 140.0 1066
1732740596070 253.3 1067
1732740606252 125.7 1068
1732740616430 258.1 1069
1732740626639 242.5 1070
1732740636779 266.5 1071
1732740646922 140.0 1072
1732740657049 271.9 1073
1732740667178 269.5 1074
1732740677375 244.7 1075
1732740687587 264.9 1076
1732740697712 254.9 1077
1732740707923 250.5 1078
1732740718052 259.0 1079
1732740728182 266.0 1080
1732740738311 259.3 1081
1732740748489 263.0 1082
1732740758618 222.0 1083
1732740768741 262.6 1084
1732740778934 267.9 1085
1732740789072 256.2 1086
1732740799215 262.7 1087
1732740809371 146.3 1088
1732740819549 234.6 1089
1732740829679 254.1 1090
1732740839814 265.3 1091
1732740849942 256.5 1092
1732740860116 253.4 1093
1732740870253 139.4 1094
1732740880469 255.7 1095
1732740890596 250.7 1096
1732740900738 242.6 1097
1732740910870 255.8 1098
1732740921002 254.4 1099
1732740931175 177.2 1100
1732740941336 258.6 1101
1732740951495 260.2 1102
1732740961650 261.7 1103
1732740971838 258.0 1104
1732740982031 257.1 1105
1732740992223 256.0 1106
1732741002370 256.8 1107
1732741012524 253.1 1108
1732741022754 265.7 1109
1732741032943 260.2 1110
1732741043140 257.9 1111
1732741053320 262.0 1112
1732741063529 261.1 1113
1732741073715 258.7 1114
1732741083890 271.0 1115
1732741094076 157.1 1116
1732741104274 253.0 1117
1732741114453 251.6 1118
1732741124657 146.2 1119
1732741134802 257.1 1120
1732741144971 273.9 1121
1732741155121 139.2 1122
1732741165315 252.4 1123
1732741175510 260.9 1124
1732741185708 266.0 1125
1732741195884 261.5 1126
1732741206060 154.7 1127
1732741216239 265.8 1128
1732741226391 273.9 1129
1732741236520 261.5 1130
1732741246699 278.6 1131
1732741256898 140.1 1132
1732741267085 257.0 1133
1732741277258 263.3 1134
1732741287461 260.2 1135
1732741297609 260.3 1136
1732741307800 235.6 1137
1732741318014 268.2 1138
1732741328209 245.3 1139
1732741338420 263.1 1140
1732741348658 267.2 1141
1732741358848 177.4 1142
1732741369026 264.5 1143
1732741379235 251.4 1144
1732741389578 271.3 1145
1732741399794 247.9 1146
1732741409991 270.0 1147
1732741420171 267.5 1148
1732741430365 231.8 1149
1732741440571 172.0 1150
1732741450786 261.0 1151
1732741460977 269.7 1152
1732741471195 268.3 1153
1732741481403 138.2 1154
1732741491537 261.4 1155
1732741501665 120.2 1156
1732741511858 252.5 1157
1732741522075 261.7 1158
1732741532297 257.3 1159
1732741542432 267.0 1160
1732741552630 263.6 1161
1732741562838 267.5 1162
1732741572988 258.1 1163
1732741583133 266.0 1164
1732741593328 264.8 1165
1732741603527 137.1 1166
1732741613725 258.4 1167
1732741623868 252.5 1168
1732741634056 264.3 1169
1732741644235 127.0 1170
1732741654444 260.9 1171
1732741664667 237.3 1172
1732741674875 120.8 1173
1732741685023 261.7 1174
1732741695200 255.5 1175
1732741705397 256.1 1176
1732741715588 254.2 1177
1732741725787 254.6 1178
1732741735962 121.0 1179
1732741746169 269.5 1180
1732741756318 121.4 1181
1732741766446 272.5 1182
1732741776589 259.7 1183
1732741786784 258.0 1184
1732741796966 272.7 1185
1732741807155 125.9 1186
1732741817287 263.5 1187
1732741827492 263.0 1188
1732741837700 242.7 1189
1732741847900 123.0 1190
1732741858100 257.5 1191
1732741868295 168.7 1192
1732741878487 268.7 1193
1732741888665 274.3 1194
1732741898848 128.7 1195
1732741909035 254.8 1196
1732741919208 149.3 1197
1732741929387 124.1 1198
1732741939597 252.0 1199
1732741949817 250.4 1200
1732741960013 250.9 1201
1732741970199 246.1 1202
1732741980381 229.9 1203
1732741990573 249.2 1204
1732742000733 241.4 1205
1732742010909 261.6 1206
1732742021132 244.6 1207
1732742031352 241.2 1208
1732742041491 134.4 1209
1732742051692 247.1 1210
1732742061817 240.5 1211
1732742072015 251.5 1212
1732742082198 243.2 1213
1732742092396 247.5 1214
1732742102598 236.9 1215
1732742112777 255.2 1216
1732742122969 120.5 1217
1732742133155 255.7 1218
1732742143376 276.3 1219
1732742153565 253.0 1220
1732742163748 251.8 1221
1732742173980 250.9 1222
1732742184182 253.7 1223
1732742194373 261.5 1224
1732742204567 256.4 1225
1732742214737 249.4 1226
1732742224921 227.8 1227
1732742235135 247.6 1228
1732742245317 241.1 1229
1732742255500 249.2 1230
1732742265681 253.0 1231
1732742275828 123.0 1232
1732742285957 253.2 1233
1732742296153 253.7 1234
1732742306337 258.1 1235
1732742316532 260.4 1236
1732742326716 254.8 1237
1732742336919 250.6 1238
1732742347062 269.6 1239
1732742357220 261.3 1240
1732742367422 267.6 1241
1732742377601 243.5 1242
1732742387784 253.0 1243
1732742397977 268.0 1244
1732742408156 251.2 1245
1732742418296 224.5 1246
1732742428445 248.7 1247
1732742438578 250.5 1248
1732742448779 247.5 1249
1732742458949 138.4 1250
1732742469101 241.7 1251
1732742479293 241.8 1252
1732742489437 118.8 1253
1732742499584 243.6 1254
1732742509791 144.0 1255
1732742519980 252.6 1256
1732742530170 240.6 1257
1732742540362 119.3 1258
1732742550550 237.8 1259
1732742560684 255.6 1260
1732742570875 259.1 1261
1732742581066 254.8 1262
1732742591255 249.2 1263
1732742601451 138.4 1264
1732742611669 262.7 1265
1732742621865 257.7 1266
1732742632083 224.2 1267
1732742642311 254.5 1268
1732742652493 249.1 1269
1732742662763 265.2 1270
1732742672893 241.9 1271
1732742683110 252.2 1272
1732742693262 255.5 1273
1732742703461 254.5 1274
1732742713695 138.5 1275
1732742723908 245.3 1276
1732742734092 240.7 1277
1732742744287 206.9 1278
1732742754504 246.0 1279
1732742764703 257.5 1280
1732742774908 154.6 1281
1732742785110 249.4 1282
1732742795314 236.4 1283
1732742805544 253.7 1284
1732742815725 251.6 1285
1732742825989 120.2 1286
1732742836182 136.7 1287
1732742846341 255.9 1288
1732742856559 190.7 1289
1732742866756 251.0 1290
1732742876953 255.5 1291
1732742887167 254.1 1292
1732742897313 254.0 1293
1732742907460 242.5 1294
1732742917685 252.4 1295
1732742927864 247.3 1296
1732742938033 250.7 1297
1732742948245 154.3 1298
1732742958431 255.9 1299
1732742968620 119.6 1300
1732742978782 242.2 1301
1732742988996 250.6 1302
1732742999199 247.0 1303
1732743009397 159.6 1304
1732743019608 237.4 1305
1732743029798 246.0 1306
1732743039982 143.7 1307
1732743050191 262.1 1308
1732743060382 253.2 1309
1732743070572 248.1 1310
1732743080777 248.4 1311
1732743090949 252.4 1312
1732743101095 249.9 1313
1732743111287 260.5 1314
1732743121427 246.4 1315
1732743131613 265.6 1316
1732743141802 262.6 1317
1732743152005 250.7 1318
1732743162188 118.9 1319
1732743172406 254.1 1320
1732743182613 259.4 1321
1732743192802 246.6 1322
1732743202994 250.3 1323
1732743213188 251.9 1324
1732743223341 259.3 1325
1732743233525 212.5 1326
1732743243782 248.1 1327
1732743253995 139.7 1328
1732743264203 118.5 1329
1732743274433 241.8 1330
1732743284632 247.5 1331
1732743294830 249.9 1332
1732743305039 266.0 1333
1732743315184 268.5 1334
1732743325370 262.7 1335
1732743335533 263.3 1336
1732743345706 145.1 1337
1732743355936 119.6 1338
1732743366126 264.6 1339
1732743376338 181.2 1340
1732743386498 239.5 1341
1732743396661 241.5 1342
1732743406852 246.7 1343
1732743416994 239.7 1344
1732743427184 254.1 1345
1732743437397 248.3 1346
1732743447592 252.2 1347
1732743457799 256.0 1348
1732743467942 258.8 1349
1732743478175 263.4 1350
1732743488375 247.2 1351
1732743498582 256.3 1352
1732743508747 244.0 1353
1732743518945 239.6 1354
1732743529143 238.6 1355
1732743539325 243.8 1356
1732743549508 120.0 1357
1732743559729 136.2 1358
1732743569924 240.4 1359
1732743580114 247.8 1360
1732743590313 241.3 1361
1732743600538 269.2 1362
1732743610729 252.9 1363
1732743620915 256.4 1364
1732743631073 245.4 1365
1732743641258 270.9 1366
1732743651484 253.0 1367
1732743661713 244.6 1368
1732743671949 249.2 1369
1732743682171 246.2 1370
1732743692359 255.4 1371
1732743702506 252.7 1372
1732743712665 256.2 1373
1732743722864 260.4 1374
1732743733062 140.2 1375
1732743743249 262.2 1376
1732743753446 248.1 1377
1732743763659 256.3 1378
1732743773857 255.4 1379
1732743784053 121.7 1380
1732743794254 260.9 1381
1732743804441 267.5 1382
1732743814638 128.2 1383
1732743824881 266.8 1384
1732743835395 261.2 1385
1732743845707 145.8 1386
1732743855846 248.8 1387
1732743865992 263.9 1388
1732743876187 259.8 1389
1732743886333 252.9 1390
1732743896476 256.4 1391
1732743906673 273.3 1392
1732743916877 241.1 1393
1732743927083 248.6 1394
1732743937352 253.0 1395
1732743947563 247.9 1396
1732743957762 165.8 1397
1732743967959 250.1 1398
1732743978172 144.6 1399
1732743988377 259.0 1400
1732743998587 255.9 1401
1732744008742 262.7 1402
1732744018903 254.6 1403
1732744029128 253.1 1404
1732744039352 257.2 1405
1732744049568 261.0 1406
1732744059779 273.9 1407
1732744069921 160.9 1408
1732744080123 260.2 1409
1732744090311 255.6 1410
1732744100524 250.5 1411
1732744110733 252.9 1412
1732744120886 267.1 1413
1732744131099 278.6 1414
1732744141328 267.3 1415
1732744151483 252.0 1416
1732744161648 259.7 1417
1732744171897 260.1 1418
1732744182132 259.0 1419
1732744192351 250.4 1420
1732744202511 259.5 1421
1732744212692 120.9 1422
1732744222875 235.4 1423
1732744233036 269.7 1424
1732744243269 252.6 1425
1732744253479 253.0 1426
1732744263636 252.9 1427
1732744273855 260.9 1428
1732744284013 247.8 1429
1732744294320 138.4 1430
1732744304477 239.4 1431
1732744314728 257.4 1432
1732744324890 255.2 1433
1732744335082 272.7 1434
1732744345286 263.7 1435
1732744355484 137.9 1436
1732744365680 263.4 1437
1732744375872 274.3 1438
1732744386071 266.0 1439
1732744396266 263.8 1440
1732744406465 275.2 1441
1732744416614 269.5 1442
1732744426788 259.0 1443
1732744436995 268.6 1444
1732744447194 268.6 1445
1732744457354 165.7 1446
1732744467502 272.2 1447
1732744477669 267.2 1448
1732744487897 212.7 1449
1732744498112 271.3 1450
1732744508286 131.1 1451
1732744518465 120.9 1452
1732744528662 273.6 1453
1732744538855 262.2 1454
1732744549066 269.5 1455
1732744559239 262.7 1456
1732744569430 241.2 1457
1732744579611 262.1 1458
1732744589775 120.6 1459
1732744599941 258.7 1460
1732744610160 271.3 1461
1732744620333 146.2 1462
1732744630539 133.0 1463
1732744640782 185.1 1464
1732744650943 249.6 1465
1732744661155 264.7 1466
1732744671329 255.7 1467
1732744681541 269.5 1468
1732744691870 248.5 1469
1732744702073 243.0 1470
1732744712268 263.6 1471
1732744722436 266.4 1472
1732744732596 252.8 1473
1732744742776 189.0 1474
1732744752937 257.4 1475
1732744763165 249.0 1476
1732744773359 256.1 1477
1732744783561 277.2 1478
1732744793761 265.4 1479
1732744803970 259.4 1480
1732744814167 253.2 1481
1732744824353 256.9 1482
1732744834548 144.5 1483
1732744844772 260.0 1484
1732744854947 154.3 1485
1732744865172 266.1 1486
1732744875403 262.6 1487
1732744885590 254.2 1488
1732744895771 254.9 1489
1732744905981 252.3 1490
1732744916174 256.7 1491
1732744926357 145.2 1492
1732744936564 258.1 1493
1732744946778 262.4 1494
1732744957001 255.0 1495
1732744967170 252.0 1496
1732744977374 252.6 1497
1732744987597 255.0 1498
1732744997769 240.1 1499
1732745008000 267.5 1500
1732745018200 263.6 1501
1732745028406 181.3 1502
1732745038609 133.7 1503
1732745048832 266.4 1504
1732745058988 259.3 1505
1732745069189 250.9 1506
1732745079387 223.5 1507
1732745089583 157.2 1508
1732745099890 254.5 1509
1732745110064 245.7 1510
1732745120251 245.1 1511
1732745130437 240.7 1512
1732745140630 249.5 1513
1732745150785 257.0 1514
1732745160993 256.0 1515
1732745171206 126.5 1516
1732745181416 250.7 1517
1732745191626 119.2 1518
1732745201857 250.6 1519
1732745212044 127.5 1520
1732745222242 250.3 1521
1732745232451 172.5 1522
1732745242633 249.6 1523
1732745252846 277.6 1524
1732745263062 265.3 1525
1732745273281 148.1 1526
1732745283458 258.7 1527
1732745293685 133.7 1528
1732745303892 264.8 1529
1732745314088 257.5 1530
1732745324310 267.1 1531
1732745334529 140.2 1532
1732745344699 266.7 1533
1732745354922 276.9 1534
1732745365156 257.3 1535
1732745375383 262.1 1536
1732745385589 134.9 1537
1732745395806 141.9 1538
1732745406000 266.7 1539
1732745416165 168.1 1540
1732745426379 255.3 1541
1732745436578 253.6 1542
1732745446783 138.6 1543
1732745457007 254.9 1544
1732745467216 267.2 1545
1732745477453 246.3 1546
1732745487681 260.8 1547
1732745497840 136.1 1548
1732745508157 122.5 1549
1732745518358 243.1 1550
1732745528528 256.8 1551
1732745538750 213.0 1552
1732745548953 263.2 1553
1732745559415 257.5 1554
1732745569627 131.3 1555
1732745579830 246.1 1556
1732745590007 245.5 1557
1732745600213 254.6 1558
1732745610406 142.7 1559
1732745620605 128.0 1560
1732745630788 257.0 1561
1732745640999 246.1 1562
1732745651191 121.1 1563
1732745661387 254.4 1564
1732745671609 250.6 1565
1732745681812 158.0 1566
1732745691993 261.6 1567
1732745702233 262.6 1568
1732745712443 242.0 1569
1732745722588 240.6 1570
1732745732773 252.1 1571
1732745742987 243.1 1572
1732745753207 241.9 1573
1732745763398 242.3 1574
1732745773581 239.5 1575
1732745783759 239.9 1576
1732745793927 240.6 1577
1732745804087 246.8 1578
1732745814322 244.8 1579
1732745824559 234.5 1580
1732745834732 121.8 1581
1732745844957 247.7 1582
1732745855145 236.7 1583
1732745865372 258.2 1584
1732745875601 254.3 1585
1732745885758 258.6 1586
1732745895926 248.1 1587
1732745906137 255.2 1588
1732745916472 254.9 1589
1732745926674 236.0 1590
1732745936902 252.4 1591
1732745947190 253.6 1592
1732745957398 142.4 1593
1732745967571 259.8 1594
1732745977785 256.5 1595
1732745987980 244.5 1596
1732745998211 248.5 1597
1732746008821 239.4 1598
1732746019035 142.1 1599
1732746029207 254.4 1600
1732746039360 259.9 1601
1732746049564 251.0 1602
1732746059780 254.8 1603
1732746069980 272.8 1604
1732746080154 138.7 1605
1732746090348 251.7 1606
1732746100560 255.3 1607
1732746110763 250.6 1608
1732746120943 254.7 1609
1732746131116 254.2 1610
1732746141291 134.5 1611
1732746151511 248.5 1612
1732746161722 250.6 1613
1732746171939 253.2 1614
1732746182124 248.7 1615
1732746192367 257.0 1616
1732746202555 262.7 1617
1732746212778 257.6 1618
1732746222993 255.5 1619
1732746233174 250.6 1620
1732746243650 257.6 1621
1732746253866 147.1 1622
1732746264051 255.1 1623
1732746274287 264.3 1624
1732746284488 265.2 1625
1732746294685 146.8 1626
1732746304967 267.4 1627
1732746315194 138.7 1628
1732746325516 269.7 1629
1732746335746 260.1 1630
1732746345928 261.5 1631
1732746356126 272.1 1632
1732746366337 138.0 1633
1732746376560 262.9 1634
1732746386735 265.7 1635
1732746396907 269.9 1636
1732746407069 272.9 1637
1732746417287 141.2 1638
1732746427501 271.4 1639
1732746437728 180.0 1640
1732746447952 262.9 1641
1732746458196 257.9 1642
1732746468416 135.5 1643
1732746478623 258.6 1644
1732746488839 267.5 1645
1732746499071 252.8 1646
1732746509288 247.6 1647
1732746519515 140.2 1648
1732746529732 131.9 1649
1732746539951 126.7 1650
1732746550162 261.9 1651
1732746560396 247.2 1652
1732746570628 265.1 1653
1732746580797 185.2 1654
1732746591021 272.5 1655
1732746601254 263.5 1656
1732746611453 249.7 1657
1732746621685 252.9 1658
1732746631918 254.6 1659
1732746642150 255.6 1660
1732746652402 250.0 1661
1732746662638 264.5 1662
1732746672869 256.4 1663
1732746683082 262.7 1664
1732746693329 275.7 1665
1732746703511 250.4 1666
1732746713745 278.5 1667
1732746723973 263.6 1668
1732746734271 268.1 1669
1732746744493 246.7 1670
1732746754721 264.0 1671
1732746764944 241.5 1672
1732746775193 266.9 1673
1732746785399 262.3 1674
1732746795604 166.0 1675
1732746805796 249.8 1676
1732746816030 259.7 1677
1732746826202 251.9 1678
1732746836385 259.0 1679
1732746846599 259.7 1680
1732746856766 155.9 1681
1732746866988 256.6 1682
1732746877207 259.9 1683
1732746887434 132.1 1684
1732746897680 267.7 1685
1732746907914 207.1 1686
1732746918124 258.8 1687
1732746928328 261.0 1688
1732746938533 282.5 1689
1732746948743 281.6 1690
1732746958981 252.3 1691
1732746969182 251.8 1692
1732746979371 257.7 1693
1732746989580 256.9 1694
1732746999801 262.9 1695
1732747009985 261.1 1696
1732747020178 122.0 1697
1732747030408 254.8 1698
1732747040610 268.7 1699
1732747050857 268.5 1700
1732747061082 260.7 1701
1732747071324 261.1 1702
1732747081574 249.0 1703
1732747091752 248.1 1704
1732747101980 253.2 1705
1732747112203 256.5 1706
1732747122438 239.1 1707
1732747132655 259.3 1708
1732747142887 139.6 1709
1732747153063 196.8 1710
1732747163299 250.9 1711
1732747173492 243.7 1712
1732747183669 261.1 1713
1732747193883 251.3 1714
1732747204098 138.2 1715
1732747214286 165.5 1716
1732747224494 255.7 1717
1732747234694 119.1 1718
1732747244857 244.8 1719
1732747255063 244.6 1720
1732747265285 120.8 1721
1732747275508 241.3 1722
1732747285695 249.2 1723
1732747295893 251.9 1724
1732747306138 139.8 1725
1732747316486 247.7 1726
1732747327014 240.1 1727
1732747337249 147.8 1728
1732747347423 239.4 1729
1732747357653 253.5 1730
1732747367882 120.6 1731
1732747378114 257.1 1732
1732747388325 242.2 1733
1732747398547 192.0 1734
1732747408797 244.2 1735
1732747419005 238.5 1736
1732747429236 250.1 1737
1732747439458 251.3 1738
1732747449666 246.8 1739
1732747459867 153.4 1740
1732747470102 251.3 1741
1732747480275 235.5 1742
1732747490511 242.5 1743
1732747500747 238.9 1744
1732747510975 243.3 1745
1732747521158 156.1 1746
1732747531314 248.2 1747
1732747541555 120.7 1748
1732747551762 243.1 1749
1732747561985 258.2 1750
1732747572233 250.8 1751
1732747582460 251.9 1752
1732747592652 238.6 1753
1732747602871 238.7 1754
1732747613084 191.2 1755
1732747623300 246.7 1756
1732747633521 236.8 1757
1732747643734 118.8 1758
1732747653984 237.1 1759
1732747664206 207.9 1760
1732747674451 241.4 1761
1732747684672 225.6 1762
1732747694854 233.9 1763
1732747705022 235.3 1764
1732747715222 239.2 1765
1732747725441 244.8 1766
1732747735744 173.0 1767
1732747745978 246.8 1768
1732747756198 245.5 1769
1732747766423 225.3 1770
1732747776614 244.4 1771
1732747786828 249.1 1772
1732747797075 261.8 1773
1732747807318 251.9 1774
1732747817485 248.4 1775
1732747827671 255.5 1776
1732747837888 132.4 1777
1732747848108 250.3 1778
1732747858372 247.7 1779
1732747868564 250.7 1780
1732747878744 244.5 1781
1732747888967 248.4 1782
1732747899199 181.0 1783
1732747909463 252.6 1784
1732747919678 248.3 1785
1732747929853 267.2 1786
1732747940066 257.6 1787
1732747950252 243.5 1788
1732747960498 226.6 1789
1732747970726 244.0 1790
1732747980936 238.3 1791
1732747991156 236.1 1792
1732748001318 120.9 1793
1732748011911 231.0 1794
1732748022125 143.5 1795
1732748032353 243.1 1796
1732748042599 247.3 1797
1732748052833 131.7 1798
1732748063079 123.8 1799
1732748073270 251.7 1800
1732748083493 255.8 1801
1732748093686 153.9 1802
1732748103904 254.5 1803
1732748114150 263.9 1804
1732748124338 247.9 1805
1732748134547 258.5 1806
1732748144781 120.9 1807
1732748155029 261.0 1808
1732748165228 253.2 1809
1732748175467 254.2 1810
1732748185688 249.8 1811
1732748195942 144.6 1812
1732748206172 131.4 1813
1732748216404 257.5 1814
1732748226608 253.0 1815
1732748236839 273.1 1816
1732748247070 256.9 1817
1732748257403 252.6 1818
1732748267572 231.1 1819
1732748277773 246.9 1820
1732748288005 242.1 1821
1732748298219 232.2 1822
1732748308483 235.1 1823
1732748318725 172.9 1824
1732748328938 226.5 1825
1732748339126 119.3 1826
1732748349302 259.6 1827
1732748359525 256.7 1828
1732748369731 250.9 1829
1732748379956 252.9 1830
1732748390191 136.9 1831
1732748400402 236.5 1832
1732748410628 119.5 1833
1732748420807 244.4 1834
1732748431060 260.7 1835
1732748441624 244.4 1836
1732748451843 146.0 1837
1732748462074 249.6 1838
1732748472247 247.8 1839
1732748482477 246.7 1840
1732748492663 237.4 1841
1732748502838 260.3 1842
1732748513012 157.5 1843
1732748523175 253.0 1844
1732748533374 254.6 1845
1732748543625 144.4 1846
1732748553880 237.8 1847
1732748564127 249.0 1848
1732748574320 162.7 1849
1732748584546 242.6 1850
1732748594783 253.3 1851
1732748604991 256.4 1852
1732748615189 255.2 1853
1732748625372 258.9 1854
1732748635593 155.3 1855
1732748645816 253.0 1856
1732748656055 253.4 1857
1732748666298 242.7 1858
1732748676507 145.3 1859
1732748686738 259.6 1860
1732748696980 136.5 1861
1732748707236 258.4 1862
1732748717410 256.1 1863
1732748727628 248.8 1864
1732748737840 120.7 1865
1732748748181 242.6 1866
1732748758411 240.1 1867
1732748768656 235.0 1868
1732748778874 233.0 1869
1732748789141 238.5 1870
1732748799368 233.6 1871
1732748809610 123.9 1872
1732748819854 136.7 1873
1732748830074 238.9 1874
1732748840267 241.8 1875
1732748850490 248.4 1876
1732748860673 250.9 1877
1732748870864 256.7 1878
1732748881057 215.8 1879
1732748891250 251.7 1880
1732748901483 249.0 1881
1732748911660 253.6 1882
1732748921876 247.3 1883
1732748932047 243.4 1884
1732748942260 250.7 1885
1732748952447 249.9 1886
1732748962673 244.0 1887
1732748972853 244.1 1888
1732748983081 142.1 1889
1732748993307 221.0 1890
1732749003537 232.8 1891
1732749013763 170.5 1892
1732749024011 238.6 1893
1732749034270 239.8 1894
1732749044491 230.3 1895
1732749054690 251.1 1896
1732749064878 135.9 1897
1732749075108 120.6 1898
1732749085331 144.4 1899
1732749095526 143.5 1900
1732749105771 269.4 1901
1732749116014 261.2 1902
1732749126239 167.2 1903
1732749136436 131.3 1904
1732749146661 258.2 1905
1732749156838 247.0 1906
1732749167093 244.1 1907
1732749177355 244.3 1908
1732749187601 243.5 1909
1732749197819 243.2 1910
1732749208073 238.3 1911
1732749218344 229.1 1912
1732749228638 231.9 1913
1732749238908 156.0 1914
1732749249150 253.5 1915
1732749259369 235.2 1916
1732749269601 238.4 1917
1732749279805 244.2 1918
1732749290014 251.4 1919
1732749300238 252.4 1920
1732749310478 144.2 1921
1732749320702 252.8 1922
1732749330902 258.6 1923
1732749341182 131.8 1924
1732749351446 257.3 1925
1732749361623 245.6 1926
1732749371815 143.9 1927
1732749382013 258.8 1928
1732749392227 253.3 1929
1732749402463 185.0 1930
1732749412655 251.7 1931
1732749423336 158.7 1932
1732749433579 139.5 1933
1732749443794 251.9 1934
1732749454032 244.2 1935
1732749464272 246.7 1936
1732749474509 237.1 1937
1732749484785 233.7 1938
1732749494994 241.8 1939
1732749505248 240.2 1940
1732749515501 247.2 1941
1732749525757 254.2 1942
1732749536012 248.2 1943
1732749546254 246.9 1944
1732749556507 251.5 1945
1732749566759 260.3 1946
1732749576956 243.8 1947
1732749587191 249.6 1948
1732749597446 260.7 1949
1732749607678 260.4 1950
1732749617895 213.5 1951
1732749628137 256.1 1952
1732749638348 257.3 1953
1732749648615 265.5 1954
1732749658858 252.3 1955
1732749669062 135.1 1956
1732749679301 257.4 1957
1732749689522 254.0 1958
1732749699761 248.1 1959
1732749709997 253.9 1960
1732749720311 250.5 1961
1732749730558 243.2 1962
1732749740798 249.2 1963
1732749751034 248.1 1964
1732749761237 249.0 1965
1732749771469 243.3 1966
1732749781655 211.0 1967
1732749791887 121.2 1968
1732749802119 243.9 1969
1732749812336 243.1 1970
1732749822572 118.2 1971
1732749832843 251.7 1972
1732749843069 258.2 1973
1732749853292 118.9 1974
1732749863531 263.9 1975
1732749873757 257.9 1976
1732749883998 153.4 1977
1732749894240 252.5 1978
1732749904489 261.8 1979
1732749914738 137.0 1980
1732749924945 250.4 1981
1732749935162 120.9 1982
1732749945401 135.0 1983
1732749955655 248.1 1984
