1732729782128 2544.0 0
1732729792172 4533.8 1
1732729802215 6830.2 2
1732729812253 6871.2 3
1732729822298 6892.2 4
1732729832342 6894.3 5
1732729842404 8429.4 6
1732729852472 8430.0 7
1732729862536 8427.5 8
1732729872626 8244.2 9
1732729882695 8246.2 10
1732729892769 8246.2 11
1732729902833 8246.2 12
1732729912885 8285.3 13
1732729922953 8254.3 14
1732729933026 8388.8 15
1732729943086 8388.8 16
1732729953181 8388.8 17
1732729963266 8388.8 18
1732729973341 8388.8 19
1732729983415 8388.8 20
1732729993489 8388.8 21
1732730003555 8388.8 22
1732730013627 8388.8 23
1732730023717 8388.8 24
1732730033798 8388.8 25
1732730043864 8388.8 26
1732730053935 8389.1 27
1732730064013 8403.9 28
1732730074080 8403.9 29
1732730084156 8403.9 30
1732730094231 8404.3 31
1732730104311 8403.9 32
1732730114605 8403.9 33
1732730124675 8403.9 34
1732730134756 8395.5 35
1732730144830 8395.2 36
1732730154905 8395.5 37
1732730164977 8395.2 38
1732730175074 8395.2 39
1732730185163 8395.2 40
1732730195235 8395.2 41
1732730205330 8395.2 42
1732730215409 8395.5 43
1732730225491 8395.4 44
1732730235581 8395.0 45
1732730245666 8395.0 46
1732730255739 8395.0 47
1732730265810 8395.0 48
1732730275890 8395.4 49
1732730285965 8395.0 50
1732730296038 8395.0 51
1732730306116 8395.0 52
1732730316202 8395.4 53
1732730326286 8395.0 54
1732730336358 8395.0 55
1732730346448 8395.0 56
1732730356524 8395.4 57
1732730366611 8328.4 58
1732730376679 8330.2 59
1732730386780 8330.2 60
1732730396864 8330.2 61
1732730406942 8330.5 62
1732730417031 8332.6 63
1732730427107 8332.3 64
1732730437190 8296.5 65
1732730447270 8296.8 66
1732730457354 8296.8 67
1732730467426 8296.5 68
1732730477514 8296.8 69
1732730487602 8296.5 70
1732730497699 8296.8 71
1732730507775 8296.5 72
1732730517879 8296.5 73
1732730527955 8348.7 74
1732730538050 8354.7 75
1732730548134 8354.7 76
1732730558223 8354.7 77
1732730568296 8354.7 78
1732730578383 8354.7 79
1732730588474 8354.7 80
1732730598557 8354.7 81
1732730608640 8354.8 82
1732730618730 8354.8 83
1732730628805 8354.8 84
1732730638890 8354.8 85
1732730648971 8354.8 86
1732730659045 8348.5 87
1732730669127 8348.5 88
1732730679186 8348.5 89
1732730689268 8348.5 90
1732730699354 8348.5 91
1732730709434 8348.5 92
1732730719523 8348.5 93
1732730729602 8348.5 94
1732730739704 8353.3 95
1732730749792 8353.3 96
1732730759879 8353.3 97
1732730769950 8353.3 98
1732730780052 8353.3 99
1732730790134 8353.3 100
1732730800209 8353.3 101
1732730810314 8353.3 102
1732730820403 8352.6 103
1732730830495 8352.6 104
1732730840557 8352.6 105
1732730850643 8352.6 106
1732730860717 8352.6 107
1732730870808 8352.6 108
1732730880911 8352.6 109
1732730890992 8352.6 110
1732730901083 8352.6 111
1732730911169 8354.7 112
1732730921249 8354.7 113
1732730931326 8354.7 114
1732730941400 8354.7 115
1732730951483 8354.7 116
1732730961593 8282.5 117
1732730971656 8282.5 118
1732730981751 8282.5 119
1732730991831 8282.5 120
1732731001928 8282.5 121
1732731012010 8282.5 122
1732731022092 8282.5 123
1732731032194 8282.5 124
1732731042292 8282.5 125
1732731052386 8282.5 126
1732731062464 8282.5 127
1732731072547 8282.5 128
1732731082629 8282.5 129
1732731092739 8282.5 130
1732731102825 8282.5 131
1732731112904 8282.5 132
1732731122982 8282.5 133
1732731133083 8282.5 134
1732731143182 8282.5 135
1732731153276 8284.6 136
1732731163377 8284.6 137
1732731173454 8286.7 138
1732731183520 8286.7 139
1732731193613 8286.7 140
1732731203695 8286.7 141
1732731213794 8291.5 142
1732731223874 8291.5 143
1732731233965 8291.5 144
1732731244055 8290.9 145
1732731254141 8290.9 146
1732731264246 8290.9 147
1732731274344 8290.9 148
1732731284443 8290.9 149
1732731294529 8290.9 150
1732731304623 8290.9 151
1732731314688 8290.9 152
1732731324779 8290.9 153
1732731334867 8290.9 154
1732731344958 8290.9 155
1732731355029 8290.9 156
1732731365109 8290.9 157
1732731375191 8290.9 158
1732731385292 8290.9 159
1732731395384 8290.9 160
1732731405483 8290.9 161
1732731415581 8290.9 162
1732731425679 8290.9 163
1732731435775 8290.9 164
1732731445874 8290.9 165
1732731455949 8290.9 166
1732731466046 8290.9 167
1732731476140 8291.5 168
1732731486230 8290.9 169
1732731496325 8290.9 170
1732731506417 8290.9 171
1732731516495 8290.9 172
1732731526595 8290.9 173
1732731536682 8290.9 174
1732731546775 8290.9 175
1732731556867 8290.9 176
1732731566958 8286.7 177
1732731577045 8286.7 178
1732731587135 8286.7 179
1732731597204 8286.7 180
1732731607265 8291.5 181
1732731617350 8291.5 182
1732731627422 8291.5 183
1732731637502 8291.5 184
1732731647572 8291.5 185
1732731657671 8291.5 186
1732731667755 8290.9 187
1732731677858 8290.9 188
1732731687952 8290.9 189
1732731698039 8290.9 190
1732731708140 8290.9 191
1732731718236 8290.9 192
1732731728330 8290.9 193
1732731738430 8290.9 194
1732731748527 8290.9 195
1732731758635 8290.9 196
1732731768741 8290.9 197
1732731778832 8290.9 198
1732731788929 8290.9 199
1732731799020 8290.9 200
1732731809121 8290.9 201
1732731819211 8290.9 202
1732731829310 8290.9 203
1732731839400 8290.9 204
1732731849518 8290.9 205
1732731859617 8290.9 206
1732731869718 8286.7 207
1732731879821 8286.7 208
1732731889908 8286.7 209
1732731900016 8286.7 210
1732731910132 8288.8 211
1732731920223 8293.6 212
1732731930327 8293.6 213
1732731940419 8293.0 214
1732731950527 8293.0 215
1732731960627 8295.1 216
1732731970715 8295.1 217
1732731980826 8295.1 218
1732731990911 8295.1 219
1732732001021 8295.1 220
1732732011131 8295.1 221
1732732021206 8295.1 222
1732732031287 8295.1 223
1732732041392 8295.1 224
1732732051493 8295.1 225
1732732061588 8295.1 226
1732732071689 8295.1 227
1732732081793 8295.1 228
1732732091890 8295.1 229
1732732101999 8295.1 230
1732732112103 8295.1 231
1732732122202 8295.1 232
1732732132296 8295.1 233
1732732142402 8295.1 234
1732732152502 8295.1 235
1732732162608 8289.8 236
1732732172703 8289.8 237
1732732182824 8289.8 238
1732732192923 8289.8 239
1732732203044 8289.8 240
1732732213157 8289.8 241
1732732223252 8289.8 242
1732732233364 8289.8 243
1732732243470 8289.8 244
1732732253578 8289.8 245
1732732263688 8289.8 246
1732732273802 8289.8 247
1732732283894 8289.8 248
1732732293958 8289.8 249
1732732304052 8289.8 250
1732732314161 8289.8 251
1732732324268 8289.8 252
1732732334375 8289.8 253
1732732344485 8358.3 254
1732732354587 8358.1 255
1732732364686 8358.0 256
1732732374804 8358.0 257
1732732384910 8358.0 258
1732732395012 8358.0 259
1732732405121 8358.0 260
1732732415229 8358.0 261
1732732425338 8358.0 262
1732732435428 8358.0 263
1732732445513 8358.0 264
1732732455603 8358.0 265
1732732465722 8358.0 266
1732732475830 8358.0 267
1732732485940 8358.0 268
1732732496023 8358.0 269
1732732506120 8358.0 270
1732732516225 8358.0 271
1732732526326 8358.0 272
1732732536413 8358.0 273
1732732546523 8358.0 274
1732732556646 8358.0 275
1732732566764 8358.0 276
1732732576872 8358.0 277
1732732586979 8358.0 278
1732732597076 8358.0 279
1732732607197 8358.0 280
1732732617289 8358.0 281
1732732627667 8358.0 282
1732732637791 8358.0 283
1732732647915 8358.0 284
1732732658008 8358.0 285
1732732668123 8358.0 286
1732732678237 8358.0 287
1732732688347 8358.0 288
1732732698449 8358.0 289
1732732708559 8358.0 290
1732732718681 8358.0 291
1732732728798 8358.0 292
1732732738912 8358.0 293
1732732749037 8358.0 294
1732732759155 8358.0 295
1732732769256 8289.8 296
1732732779353 8289.8 297
1732732789470 8289.8 298
1732732799572 8289.8 299
1732732809695 8289.8 300
1732732819811 8289.8 301
1732732829929 8289.8 302
1732732840046 8289.8 303
1732732850151 8289.8 304
1732732860258 8289.8 305
1732732870364 8289.8 306
1732732880490 8289.8 307
1732732890603 8289.8 308
1732732900740 8289.8 309
1732732910841 8289.8 310
1732732920956 8289.8 311
1732732931065 8289.8 312
1732732941173 8289.8 313
1732732951285 8289.8 314
1732732961405 8289.8 315
1732732971521 8289.8 316
1732732981631 8289.8 317
1732732991731 8289.8 318
1732733001839 8289.8 319
1732733011944 8289.8 320
1732733022061 8289.8 321
1732733032189 8289.8 322
1732733042291 8289.8 323
1732733052365 8291.9 324
1732733062475 8291.9 325
1732733072592 8291.9 326
1732733082705 8291.9 327
1732733092822 8291.9 328
1732733102910 8291.9 329
1732733113030 8291.9 330
1732733123112 8291.9 331
1732733133206 8291.9 332
1732733143310 8291.9 333
1732733153430 8291.9 334
1732733163544 8291.9 335
1732733173657 8291.9 336
1732733183765 8291.9 337
1732733193892 8291.9 338
1732733204020 8291.9 339
1732733214137 8291.9 340
1732733224255 8291.9 341
1732733234362 8291.9 342
1732733244477 8291.9 343
1732733254588 8291.9 344
1732733264718 8291.9 345
1732733274841 8291.9 346
1732733284957 8291.9 347
1732733295077 8291.9 348
1732733305183 8291.9 349
1732733315321 8291.9 350
1732733325455 8291.9 351
1732733335563 8291.9 352
1732733345662 8291.9 353
1732733355782 8291.9 354
1732733365888 8291.9 355
1732733376019 8291.9 356
1732733386151 8296.5 357
1732733396263 8296.8 358
1732733406362 8296.8 359
1732733416481 8296.1 360
1732733426607 8296.1 361
1732733436726 8296.1 362
1732733446843 8296.1 363
1732733456964 8296.1 364
1732733467081 8296.1 365
1732733477204 8296.1 366
1732733487315 8298.3 367
1732733497447 8298.3 368
1732733507556 8298.3 369
1732733517671 8298.3 370
1732733527766 8298.3 371
1732733537898 8298.3 372
1732733548009 8298.3 373
1732733558119 8298.3 374
1732733568221 8298.3 375
1732733578350 8298.3 376
1732733588469 8298.3 377
1732733598588 8299.0 378
1732733608706 8299.0 379
1732733618781 8298.3 380
1732733628887 8298.3 381
1732733639024 8298.3 382
1732733649142 8298.3 383
1732733659226 8298.3 384
1732733669305 8298.3 385
1732733679410 8298.3 386
1732733689521 8298.3 387
1732733699701 8298.3 388
1732733709843 8298.3 389
1732733719961 8298.3 390
1732733730083 8298.3 391
1732733740220 8298.3 392
1732733750342 8298.3 393
1732733760471 8298.3 394
1732733770595 8298.3 395
1732733780717 8298.3 396
1732733790814 8298.3 397
1732733800943 8298.3 398
1732733811062 8298.3 399
1732733821178 8299.0 400
1732733831263 8299.0 401
1732733841383 8298.6 402
1732733851513 8299.0 403
1732733861628 8298.3 404
1732733871764 8298.3 405
1732733881895 8298.3 406
1732733892014 8298.3 407
1732733902139 8300.4 408
1732733912264 8301.1 409
1732733922384 8301.1 410
1732733932514 8301.1 411
1732733942644 8300.4 412
1732733952770 8300.4 413
1732733962891 8300.4 414
1732733973013 8301.1 415
1732733983137 8300.4 416
1732733993260 8300.4 417
1732734003384 8300.4 418
1732734013513 8300.4 419
1732734023632 8300.4 420
1732734033758 8300.4 421
1732734043870 8300.4 422
1732734054000 8300.4 423
1732734064123 8300.4 424
1732734074253 8302.5 425
1732734084378 8302.5 426
1732734094489 8302.5 427
1732734104614 8302.5 428
1732734114763 8302.5 429
1732734124887 8302.5 430
1732734134967 8302.5 431
1732734145083 8302.5 432
1732734155213 8302.5 433
1732734165337 8302.5 434
1732734175479 8302.5 435
1732734185637 8302.5 436
1732734195768 8302.5 437
1732734205900 8302.5 438
1732734215976 8302.5 439
1732734226104 8302.5 440
1732734236217 8302.5 441
1732734246356 8302.5 442
1732734256483 8302.5 443
1732734266610 8298.3 444
1732734276746 8298.3 445
1732734286873 8300.4 446
1732734296996 8300.4 447
1732734307093 8300.4 448
1732734317234 8300.4 449
1732734327365 8300.4 450
1732734337492 8300.4 451
1732734347616 8300.4 452
1732734357738 8300.4 453
1732734367862 8300.4 454
1732734377991 8300.4 455
1732734388104 8302.5 456
1732734398243 8302.5 457
1732734408328 8302.5 458
1732734418451 8302.5 459
1732734428572 8302.5 460
1732734438701 8302.5 461
1732734448842 8302.5 462
1732734458973 8302.5 463
1732734469108 8302.5 464
1732734479197 8302.5 465
1732734489335 8307.3 466
1732734499469 8306.7 467
1732734509610 8306.7 468
1732734519692 8306.7 469
1732734529830 8306.7 470
1732734539967 8306.7 471
1732734550103 8306.7 472
1732734560265 8306.7 473
1732734570445 8302.5 474
1732734580585 8302.5 475
1732734590713 8302.5 476
1732734600843 8302.5 477
1732734610948 8302.5 478
1732734621077 8302.5 479
1732734631189 8307.3 480
1732734641272 8306.7 481
1732734651372 8306.7 482
1732734661498 8306.7 483
1732734671645 8306.7 484
1732734681775 8306.7 485
1732734691883 8306.7 486
1732734702013 8306.7 487
1732734712150 8306.7 488
1732734722247 8306.7 489
1732734732381 8306.7 490
1732734742524 8308.8 491
1732734752653 8309.4 492
1732734762786 8309.4 493
1732734772925 8309.4 494
1732734783058 8309.4 495
1732734793194 8309.4 496
1732734803333 8309.4 497
1732734813467 8309.4 498
1732734823586 8308.8 499
1732734833722 8308.8 500
1732734843865 8309.1 501
1732734853997 8309.4 502
1732734864140 8308.8 503
1732734874253 8308.8 504
1732734884388 8308.8 505
1732734894523 8338.6 506
1732734904662 8314.4 507
1732734914809 8321.5 508
1732734924947 8294.4 509
1732734935092 8445.5 510
1732734945239 8424.4 511
1732734955330 8432.4 512
1732734965399 8430.5 513
1732734975506 8428.7 514
1732734985618 8468.2 515
1732734995774 8456.0 516
1732735005921 8632.6 517
1732735016074 8643.1 518
1732735026217 8632.9 519
1732735036313 8837.7 520
1732735046447 8493.3 521
1732735056573 8495.4 522
1732735066719 8495.7 523
1732735076856 8495.4 524
1732735086997 8491.5 525
1732735097093 8508.3 526
1732735107245 8491.5 527
1732735117381 8493.3 528
1732735127517 8495.4 529
1732735137622 8494.8 530
1732735147745 8495.4 531
1732735157897 8362.9 532
1732735168043 8306.3 533
1732735178184 8306.2 534
1732735188323 8399.4 535
1732735198474 8352.1 536
1732735208728 8338.1 537
1732735218817 8347.4 538
1732735228954 8348.0 539
1732735239115 8360.4 540
1732735249257 8349.2 541
1732735259403 8327.9 542
1732735269513 8325.8 543
1732735279657 8357.9 544
1732735289791 8368.8 545
1732735299958 8341.3 546
1732735310046 8360.2 547
1732735320178 8328.4 548
1732735330327 8331.4 549
1732735340473 8340.0 550
1732735350619 8349.9 551
1732735360761 8322.0 552
1732735370891 8342.9 553
1732735381034 8329.0 554
1732735391174 8328.1 555
1732735401311 8347.4 556
1732735411477 8348.8 557
1732735421595 8325.6 558
1732735431756 8358.6 559
1732735441902 8324.6 560
1732735452024 8322.7 561
1732735462162 8322.7 562
1732735472284 8323.1 563
1732735482429 8323.1 564
1732735492584 8322.4 565
1732735502731 8323.1 566
1732735512886 8317.4 567
1732735522986 8317.4 568
1732735533106 8317.4 569
1732735543267 8313.2 570
1732735553411 8315.3 571
1732735563569 8322.4 572
1732735573728 8315.7 573
1732735583888 8315.3 574
1732735594034 8315.3 575
1732735604171 8315.3 576
1732735614309 8315.7 577
1732735624458 8315.7 578
1732735634600 8315.3 579
1732735644767 8315.3 580
1732735654926 8315.3 581
1732735665074 8317.8 582
1732735675191 8317.4 583
1732735685324 8317.4 584
1732735695462 8317.8 585
1732735705608 8317.8 586
1732735715756 8325.9 587
1732735725899 8325.9 588
1732735735998 8326.2 589
1732735746141 8325.9 590
1732735756258 8325.9 591
1732735766392 8325.9 592
1732735776542 8294.6 593
1732735786713 8294.6 594
1732735796860 8298.8 595
1732735807016 8299.2 596
1732735817115 8298.8 597
1732735827270 8298.8 598
1732735837413 8295.0 599
1732735847520 8295.0 600
1732735857620 8294.6 601
1732735867768 8300.4 602
1732735877904 8295.0 603
1732735888026 8294.6 604
1732735898162 8294.6 605
1732735908314 8295.0 606
1732735918463 8294.6 607
1732735928614 8294.6 608
1732735938759 8294.6 609
1732735948896 8300.6 610
1732735959047 8292.9 611
1732735969191 8292.9 612
1732735979323 8292.5 613
1732735989426 8292.9 614
1732735999560 8292.5 615
1732736009726 8292.9 616
1732736019807 8292.5 617
1732736029943 8292.5 618
1732736040089 8292.5 619
1732736050244 8295.0 620
1732736060381 8294.6 621
1732736070536 8290.4 622
1732736080681 8290.4 623
1732736090837 8294.6 624
1732736100946 8294.6 625
1732736111080 8294.6 626
1732736121224 8294.6 627
1732736131345 8294.6 628
1732736141506 8293.8 629
1732736151661 8293.8 630
1732736161811 8294.6 631
1732736171949 8313.0 632
1732736182089 8313.0 633
1732736192248 8313.0 634
1732736202344 8313.0 635
1732736212498 8313.0 636
1732736222656 8313.0 637
1732736232806 8313.0 638
1732736242976 8313.0 639
1732736253135 8313.7 640
1732736263274 8313.7 641
1732736273426 8313.7 642
1732736283577 8313.7 643
1732736293732 8313.4 644
1732736303880 8315.8 645
1732736314029 8315.8 646
1732736324188 8315.8 647
1732736334351 8315.1 648
1732736344524 8315.1 649
1732736354680 8315.1 650
1732736364834 8315.1 651
1732736374994 8315.1 652
1732736385158 8315.1 653
1732736395322 8315.1 654
1732736405477 8315.1 655
1732736415637 8315.1 656
1732736425813 8315.1 657
1732736435942 8315.1 658
1732736446091 8315.1 659
1732736456244 8315.1 660
1732736466394 8445.8 661
1732736476549 8445.8 662
1732736486688 8445.8 663
1732736496822 8445.8 664
1732736506977 8445.8 665
1732736517133 8445.8 666
1732736527244 8445.8 667
1732736537325 8445.8 668
1732736547477 8445.8 669
1732736557649 8445.8 670
1732736567763 8445.8 671
1732736577899 8445.8 672
1732736588063 8445.8 673
1732736598212 8445.8 674
1732736608364 8445.8 675
1732736618512 8445.8 676
1732736628672 8445.8 677
1732736638826 8445.8 678
1732736648972 8445.8 679
1732736659132 8445.8 680
1732736669291 8438.7 681
1732736679449 8438.7 682
1732736689606 8438.7 683
1732736699763 8438.7 684
1732736709904 8438.7 685
1732736720057 8446.5 686
1732736730211 8446.5 687
1732736740374 8444.4 688
1732736750529 8444.4 689
1732736760683 8444.4 690
1732736770830 8445.9 691
1732736780936 8445.9 692
1732736791093 8445.9 693
1732736801235 8445.9 694
1732736811378 8445.9 695
1732736821526 8445.9 696
1732736831682 8445.9 697
1732736841843 8445.9 698
1732736852011 8445.9 699
1732736862177 8445.9 700
1732736872325 8445.9 701
1732736882452 8445.9 702
1732736892596 8447.5 703
1732736902750 8447.5 704
1732736912903 8447.5 705
1732736923057 8447.5 706
1732736933219 8447.5 707
1732736943331 8447.5 708
1732736953492 8447.5 709
1732736963612 8447.5 710
1732736973761 8383.0 711
1732736983908 8383.0 712
1732736994069 8383.0 713
1732737004174 8383.0 714
1732737014333 8383.0 715
1732737024510 8383.0 716
1732737034680 8383.0 717
1732737044780 8349.4 718
1732737054953 8349.4 719
1732737065111 8300.2 720
1732737075279 8300.2 721
1732737085437 8300.2 722
1732737095604 8302.3 723
1732737105761 8304.4 724
1732737115921 8304.4 725
1732737126068 8304.4 726
1732737136170 8304.4 727
1732737146322 8304.4 728
1732737156506 8309.2 729
1732737166662 8309.2 730
1732737176809 8309.2 731
1732737186979 8309.2 732
1732737197129 8308.6 733
1732737207240 8308.6 734
1732737217363 8308.6 735
1732737227524 8308.6 736
1732737237679 8309.2 737
1732737247855 8309.2 738
1732737258011 8309.2 739
1732737268175 8309.2 740
1732737278343 8309.2 741
1732737288518 8308.6 742
1732737298682 8308.6 743
1732737308833 8308.6 744
1732737318986 8308.6 745
1732737329149 8308.6 746
1732737339307 8308.6 747
1732737349472 8308.6 748
1732737359646 8308.6 749
1732737369801 8310.7 750
1732737379967 8310.7 751
1732737390125 8310.7 752
1732737400296 8310.7 753
1732737410456 8310.7 754
1732737422970 8310.7 755
1732737433148 8310.7 756
1732737443315 8311.3 757
1732737453473 8310.7 758
1732737463640 8310.7 759
1732737474223 8310.7 760
1732737484391 8310.7 761
1732737494566 8310.7 762
1732737504716 8310.7 763
1732737514884 8310.7 764
1732737524993 8310.7 765
1732737535185 8310.7 766
1732737545353 8310.7 767
1732737555471 8310.7 768
1732737565586 8310.7 769
1732737575747 8306.5 770
1732737585906 8306.5 771
1732737596078 8306.5 772
1732737606186 8306.5 773
1732737616337 8306.5 774
1732737626530 8306.5 775
1732737636690 8306.5 776
1732737646820 8306.5 777
1732737656981 8306.5 778
1732737667148 8306.5 779
1732737677307 8306.5 780
1732737687482 8306.5 781
1732737697667 8306.5 782
1732737707850 8306.5 783
1732737718020 8306.5 784
1732737728191 8306.5 785
1732737738315 8306.5 786
1732737748501 8306.5 787
1732737758666 8306.5 788
1732737768822 8306.5 789
1732737778988 8306.5 790
1732737789148 8311.3 791
1732737799324 8311.3 792
1732737809501 8311.3 793
1732737819671 8311.3 794
1732737829840 8311.3 795
1732737840005 8311.3 796
1732737850121 8311.3 797
1732737860285 8310.7 798
1732737870466 8306.5 799
1732737880652 8306.5 800
1732737890822 8306.5 801
1732737901005 8306.5 802
1732737911170 8306.5 803
1732737921330 8306.5 804
1732737931500 8306.5 805
1732737941668 8306.5 806
1732737951832 8306.5 807
1732737962045 8306.5 808
1732737972210 8306.5 809
1732737982354 8306.5 810
1732737992497 8306.5 811
1732738002663 8306.5 812
1732738012839 8306.5 813
1732738023008 8306.5 814
1732738033130 8306.5 815
1732738043303 8306.5 816
1732738053479 8306.5 817
1732738063657 8306.5 818
1732738073843 8306.5 819
1732738083992 8306.5 820
1732738094147 8306.5 821
1732738104264 8306.5 822
1732738114401 8306.5 823
1732738124556 8306.5 824
1732738134722 8306.5 825
1732738144907 8306.5 826
1732738155060 8306.5 827
1732738165236 8306.5 828
1732738175417 8306.5 829
1732738185536 8306.5 830
1732738195683 8306.5 831
1732738205838 8306.5 832
1732738216010 8306.5 833
1732738226178 8306.5 834
1732738236343 8306.5 835
1732738246508 8306.5 836
1732738256696 8306.5 837
1732738266859 8306.5 838
1732738277030 8311.3 839
1732738287191 8311.3 840
1732738297361 8310.7 841
1732738307522 8310.7 842
1732738317693 8310.7 843
1732738327885 8310.7 844
1732738338081 8310.7 845
1732738348267 8310.7 846
1732738358387 8310.7 847
1732738368508 8310.7 848
1732738378657 8310.7 849
1732738388838 8312.8 850
1732738399005 8313.4 851
1732738409175 8312.8 852
1732738419313 8312.8 853
1732738429488 8312.8 854
1732738439665 8312.8 855
1732738449779 8312.8 856
1732738459944 8312.8 857
1732738470129 8312.8 858
1732738480307 8312.8 859
1732738490449 8336.2 860
1732738500562 8354.5 861
1732738510748 8331.5 862
1732738520906 8391.6 863
1732738531032 8558.4 864
1732738541193 8600.0 865
1732738551360 8592.0 866
1732738561540 8435.9 867
1732738571713 8498.1 868
1732738581831 8477.2 869
1732738591943 8473.3 870
1732738602098 8471.8 871
1732738612268 8471.7 872
1732738622445 8564.3 873
1732738632570 8516.7 874
1732738642715 8464.8 875
1732738652875 8466.1 876
1732738663039 8443.6 877
1732738673208 8443.4 878
1732738683369 8472.6 879
1732738693529 8445.6 880
1732738703679 8459.8 881
1732738713831 8454.5 882
1732738723958 8440.8 883
1732738734149 8455.3 884
1732738744340 8527.9 885
1732738755087 8494.1 886
1732738765264 8493.7 887
1732738775453 8453.8 888
1732738785577 8510.5 889
1732738795737 8480.0 890
1732738805906 8479.1 891
1732738816096 8483.6 892
1732738826268 8456.4 893
1732738836445 8464.7 894
1732738846576 8460.6 895
1732738856722 8461.0 896
1732738866895 8464.1 897
1732738877111 8464.5 898
1732738887297 8477.3 899
1732738897424 8500.5 900
1732738907597 8577.2 901
1732738917742 8581.8 902
1732738927909 8521.4 903
1732738938086 8513.8 904
1732738948226 8511.8 905
1732738958407 8512.0 906
1732738968595 8514.8 907
1732738978734 8482.6 908
1732738988882 8522.9 909
1732738999060 8586.6 910
1732739009233 8500.2 911
1732739019415 8501.5 912
1732739029571 8520.5 913
1732739039761 8530.2 914
1732739049923 8507.2 915
1732739060123 8495.9 916
1732739070258 8494.7 917
1732739080411 8423.7 918
1732739090544 8436.3 919
1732739100726 8428.3 920
1732739110905 8424.3 921
1732739121059 8388.9 922
1732739131203 8399.6 923
1732739141318 8406.3 924
1732739151459 8392.1 925
1732739161613 8395.6 926
1732739171741 8391.1 927
1732739181922 8391.1 928
1732739192106 8391.1 929
1732739202266 8399.0 930
1732739212411 8398.9 931
1732739222588 8363.4 932
1732739232761 8363.8 933
1732739242930 8377.1 934
1732739253110 8392.0 935
1732739263293 8392.0 936
1732739273458 8402.6 937
1732739283702 8395.0 938
1732739293872 8394.7 939
1732739304060 8363.1 940
1732739314210 8392.0 941
1732739324394 8391.8 942
1732739334547 8397.8 943
1732739344729 8391.5 944
1732739354928 8391.4 945
1732739365077 8405.3 946
1732739375235 8389.5 947
1732739385382 8409.0 948
1732739395506 8394.0 949
1732739405670 8405.1 950
1732739415779 8406.8 951
1732739425939 8392.8 952
1732739436120 8384.5 953
1732739446250 8355.2 954
1732739456391 8406.1 955
1732739466523 8395.0 956
1732739476675 8388.7 957
1732739486860 8388.5 958
1732739497032 8392.9 959
1732739507156 8388.9 960
1732739517293 8388.5 961
1732739527427 8388.7 962
1732739537585 8411.7 963
1732739547744 8451.1 964
1732739557862 8451.2 965
1732739568057 8450.9 966
1732739578248 8455.7 967
1732739588420 8455.1 968
1732739598581 8449.3 969
1732739608744 8453.2 970
1732739618938 8462.7 971
1732739629122 8458.1 972
1732739639311 8417.2 973
1732739649509 8417.0 974
1732739659693 8421.0 975
1732739669889 8461.5 976
1732739680026 8455.3 977
1732739690212 8462.7 978
1732739700399 8461.5 979
1732739710590 8456.8 980
1732739720777 8470.8 981
1732739730968 8438.5 982
1732739741150 8446.9 983
1732739751285 8442.8 984
1732739761403 8457.7 985
1732739771584 8452.0 986
1732739781770 8420.9 987
1732739791957 8448.5 988
1732739802133 8485.2 989
1732739812307 8612.4 990
1732739822481 8512.5 991
1732739832692 8570.1 992
1732739842849 8659.1 993
1732739853048 8525.5 994
1732739863225 8625.5 995
1732739873413 8543.1 996
1732739883546 8698.9 997
1732739893714 8599.8 998
1732739903925 8588.5 999
1732739914133 8518.2 1000
1732739924322 8543.9 1001
1732739934497 8516.3 1002
1732739944695 8501.2 1003
1732739954873 8472.6 1004
1732739965064 8503.4 1005
1732739975247 8510.2 1006
1732739985371 8494.3 1007
1732739995502 8498.4 1008
1732740005652 8494.2 1009
1732740015828 8496.0 1010
1732740026034 8483.2 1011
1732740036211 8479.5 1012
1732740046345 8484.2 1013
1732740056512 8483.2 1014
1732740066663 8508.8 1015
1732740077004 8504.2 1016
1732740087178 8485.3 1017
1732740097345 8485.3 1018
1732740107532 8485.5 1019
1732740117743 8495.6 1020
1732740127936 8490.8 1021
1732740138090 8453.9 1022
1732740148249 8465.7 1023
1732740158450 8501.0 1024
1732740168576 8488.7 1025
1732740178764 8488.7 1026
1732740188937 8488.7 1027
1732740199102 8457.2 1028
1732740209234 8457.2 1029
1732740219404 8451.3 1030
1732740229572 8451.3 1031
1732740239730 8451.7 1032
1732740249938 8451.3 1033
1732740260122 8494.3 1034
1732740270289 8489.7 1035
1732740280476 8436.3 1036
1732740290648 8425.0 1037
1732740300781 8418.2 1038
1732740310962 8425.3 1039
1732740321159 8438.9 1040
1732740331343 8372.7 1041
1732740341499 8371.3 1042
1732740351666 8382.5 1043
1732740361844 8398.6 1044
1732740372036 8416.9 1045
1732740382213 8398.6 1046
1732740392383 8398.7 1047
1732740402562 8402.9 1048
1732740412733 8396.5 1049
1732740422928 8398.2 1050
1732740433142 8398.2 1051
1732740443340 8368.9 1052
1732740453479 8368.9 1053
1732740463653 8363.0 1054
1732740473846 8363.0 1055
1732740483963 8363.0 1056
1732740494149 8363.4 1057
1732740504353 8363.0 1058
1732740514529 8407.7 1059
1732740524719 8415.6 1060
1732740534907 8417.6 1061
1732740545092 8440.0 1062
1732740555303 8421.1 1063
1732740565490 8409.9 1064
1732740575707 8420.7 1065
1732740585924 8496.0 1066
1732740596070 8474.3 1067
1732740606252 8473.5 1068
1732740616430 8467.7 1069
1732740626639 8467.7 1070
1732740636779 8465.6 1071
1732740646922 8465.9 1072
1732740657049 8465.6 1073
1732740667178 8465.7 1074
1732740677375 8465.7 1075
1732740687587 8467.8 1076
1732740697712 8467.8 1077
1732740707923 8467.9 1078
1732740718052 8467.8 1079
1732740728182 8467.8 1080
1732740738311 8467.8 1081
1732740748489 8473.5 1082
1732740758618 8482.4 1083
1732740768741 8482.4 1084
1732740778934 8482.4 1085
1732740789072 8482.1 1086
1732740799215 8508.3 1087
1732740809371 8482.1 1088
1732740819549 8477.8 1089
1732740829679 8493.8 1090
1732740839814 8476.8 1091
1732740849942 8476.8 1092
1732740860116 8473.3 1093
1732740870253 8473.3 1094
1732740880469 8469.1 1095
1732740890596 8469.0 1096
1732740900738 8469.0 1097
1732740910870 8487.2 1098
1732740921002 8516.7 1099
1732740931175 8580.0 1100
1732740941336 8528.1 1101
1732740951495 8600.6 1102
1732740961650 8512.7 1103
1732740971838 8523.3 1104
1732740982031 8544.1 1105
1732740992223 8540.8 1106
1732741002370 8528.9 1107
1732741012524 8540.3 1108
1732741022754 8532.8 1109
1732741032943 8532.1 1110
1732741043140 8526.7 1111
1732741053320 8482.8 1112
1732741063529 8482.7 1113
1732741073715 8482.8 1114
1732741083890 8482.8 1115
1732741094076 8483.0 1116
1732741104274 8526.9 1117
1732741114453 8528.7 1118
1732741124657 8520.0 1119
1732741134802 8519.4 1120
1732741144971 8531.6 1121
1732741155121 8522.8 1122
1732741165315 8535.4 1123
1732741175510 8456.2 1124
1732741185708 8437.8 1125
1732741195884 8424.8 1126
1732741206060 8424.7 1127
1732741216239 8434.7 1128
1732741226391 8426.9 1129
1732741236520 8445.3 1130
1732741246699 8446.9 1131
1732741256898 8429.1 1132
1732741267085 8518.0 1133
1732741277258 8623.6 1134
1732741287461 8623.6 1135
1732741297609 8623.8 1136
1732741307800 8623.6 1137
1732741318014 8623.6 1138
1732741328209 8624.1 1139
1732741338420 8623.6 1140
1732741348658 8623.6 1141
1732741358848 8623.6 1142
1732741369026 8623.6 1143
1732741379235 8623.9 1144
1732741389578 8623.6 1145
1732741399794 8623.6 1146
1732741409991 8623.6 1147
1732741420171 8623.6 1148
1732741430365 8623.9 1149
1732741440571 8623.6 1150
1732741450786 8623.6 1151
1732741460977 8623.6 1152
1732741471195 8623.6 1153
1732741481403 8548.5 1154
1732741491537 8552.7 1155
1732741501665 8553.2 1156
1732741511858 8557.0 1157
1732741522075 8556.9 1158
1732741532297 8557.0 1159
1732741542432 8554.8 1160
1732741552630 8554.8 1161
1732741562838 8555.3 1162
1732741572988 8557.0 1163
1732741583133 8556.9 1164
1732741593328 8556.9 1165
1732741603527 8556.9 1166
1732741613725 8556.9 1167
1732741623868 8556.9 1168
1732741634056 8557.0 1169
1732741644235 8557.4 1170
1732741654444 8556.9 1171
1732741664667 8556.9 1172
1732741674875 8556.9 1173
1732741685023 8556.9 1174
1732741695200 8558.0 1175
1732741705397 8558.0 1176
1732741715588 8558.0 1177
1732741725787 8558.0 1178
1732741735962 8558.3 1179
1732741746169 8558.0 1180
1732741756318 8559.5 1181
1732741766446 8561.2 1182
1732741776589 8557.0 1183
1732741786784 8526.4 1184
1732741796966 8536.8 1185
1732741807155 8537.1 1186
1732741817287 8536.8 1187
1732741827492 8536.8 1188
1732741837700 8504.2 1189
1732741847900 8503.9 1190
1732741858100 8504.0 1191
1732741868295 8443.3 1192
1732741878487 8442.9 1193
1732741888665 8442.9 1194
1732741898848 8443.3 1195
1732741909035 8442.9 1196
1732741919208 8442.9 1197
1732741929387 8443.3 1198
1732741939597 8442.9 1199
1732741949817 8442.9 1200
1732741960013 8442.9 1201
1732741970199 8442.9 1202
1732741980381 8442.9 1203
1732741990573 8529.0 1204
1732742000733 8535.3 1205
1732742010909 8535.3 1206
1732742021132 8535.3 1207
1732742031352 8535.3 1208
1732742041491 8535.3 1209
1732742051692 8535.3 1210
1732742061817 8535.3 1211
1732742072015 8535.3 1212
1732742082198 8524.9 1213
1732742092396 8524.9 1214
1732742102598 8524.9 1215
1732742112777 8524.9 1216
1732742122969 8525.0 1217
1732742133155 8525.0 1218
1732742143376 8525.0 1219
1732742153565 8524.9 1220
1732742163748 8525.0 1221
1732742173980 8524.9 1222
1732742184182 8524.9 1223
1732742194373 8524.9 1224
1732742204567 8524.9 1225
1732742214737 8524.9 1226
1732742224921 8524.9 1227
1732742235135 8524.9 1228
1732742245317 8524.9 1229
1732742255500 8524.9 1230
1732742265681 8524.9 1231
1732742275828 8524.9 1232
1732742285957 8524.9 1233
1732742296153 8524.9 1234
1732742306337 8524.9 1235
1732742316532 8524.9 1236
1732742326716 8524.9 1237
1732742336919 8524.9 1238
1732742347062 8524.9 1239
1732742357220 8524.9 1240
1732742367422 8524.9 1241
1732742377601 8460.5 1242
1732742387784 8460.6 1243
1732742397977 8460.6 1244
1732742408156 8460.5 1245
1732742418296 8460.5 1246
1732742428445 8460.5 1247
1732742438578 8460.5 1248
1732742448779 8460.5 1249
1732742458949 8460.5 1250
1732742469101 8460.5 1251
1732742479293 8460.5 1252
1732742489437 8460.5 1253
1732742499584 8460.5 1254
1732742509791 8460.5 1255
1732742519980 8465.4 1256
1732742530170 8465.5 1257
1732742540362 8465.4 1258
1732742550550 8465.4 1259
1732742560684 8464.6 1260
1732742570875 8464.6 1261
1732742581066 8464.6 1262
1732742591255 8464.8 1263
1732742601451 8464.6 1264
1732742611669 8464.6 1265
1732742621865 8464.6 1266
1732742632083 8464.6 1267
1732742642311 8464.6 1268
1732742652493 8464.6 1269
1732742662763 8464.6 1270
1732742672893 8464.8 1271
1732742683110 8460.4 1272
1732742693262 8460.4 1273
1732742703461 8460.4 1274
1732742713695 8460.4 1275
1732742723908 8460.6 1276
1732742734092 8460.6 1277
1732742744287 8460.6 1278
1732742754504 8460.4 1279
1732742764703 8460.6 1280
1732742774908 8460.4 1281
1732742785110 8460.4 1282
1732742795314 8460.4 1283
1732742805544 8460.4 1284
1732742815725 8460.4 1285
1732742825989 8460.4 1286
1732742836182 8460.6 1287
1732742846341 8460.4 1288
1732742856559 8460.4 1289
1732742866756 8460.4 1290
1732742876953 8460.6 1291
1732742887167 8460.4 1292
1732742897313 8460.4 1293
1732742907460 8460.4 1294
1732742917685 8460.4 1295
1732742927864 8465.3 1296
1732742938033 8465.3 1297
1732742948245 8465.3 1298
1732742958431 8465.3 1299
1732742968620 8465.3 1300
1732742978782 8465.3 1301
1732742988996 8464.6 1302
1732742999199 8464.6 1303
1732743009397 8464.6 1304
1732743019608 8464.6 1305
1732743029798 8464.6 1306
1732743039982 8464.6 1307
1732743050191 8464.6 1308
1732743060382 8464.6 1309
1732743070572 8464.6 1310
1732743080777 8464.6 1311
1732743090949 8464.6 1312
1732743101095 8464.6 1313
1732743111287 8464.6 1314
1732743121427 8464.6 1315
1732743131613 8464.8 1316
1732743141802 8464.6 1317
1732743152005 8529.2 1318
1732743162188 8529.2 1319
1732743172406 8529.2 1320
1732743182613 8529.2 1321
1732743192802 8529.4 1322
1732743202994 8529.4 1323
1732743213188 8529.1 1324
1732743223341 8529.1 1325
1732743233525 8529.1 1326
1732743243782 8529.1 1327
1732743253995 8529.1 1328
1732743264203 8529.1 1329
1732743274433 8529.1 1330
1732743284632 8524.9 1331
1732743294830 8524.9 1332
1732743305039 8524.9 1333
1732743315184 8525.1 1334
1732743325370 8525.1 1335
1732743335533 8525.1 1336
1732743345706 8524.9 1337
1732743355936 8524.9 1338
1732743366126 8524.9 1339
1732743376338 8524.9 1340
1732743386498 8524.9 1341
1732743396661 8524.9 1342
1732743406852 8524.9 1343
1732743416994 8525.1 1344
1732743427184 8524.9 1345
1732743437397 8524.9 1346
1732743447592 8524.9 1347
1732743457799 8527.0 1348
1732743467942 8529.1 1349
1732743478175 8529.1 1350
1732743488375 8529.1 1351
1732743498582 8529.1 1352
1732743508747 8529.1 1353
1732743518945 8529.1 1354
1732743529143 8529.1 1355
1732743539325 8529.2 1356
1732743549508 8529.2 1357
1732743559729 8531.3 1358
1732743569924 8531.3 1359
1732743580114 8466.8 1360
1732743590313 8466.8 1361
1732743600538 8466.9 1362
1732743610729 8466.9 1363
1732743620915 8466.8 1364
1732743631073 8466.8 1365
1732743641258 8466.8 1366
1732743651484 8466.8 1367
1732743661713 8466.8 1368
1732743671949 8466.8 1369
1732743682171 8466.9 1370
1732743692359 8466.8 1371
1732743702506 8466.8 1372
1732743712665 8466.8 1373
1732743722864 8466.8 1374
1732743733062 8466.8 1375
1732743743249 8466.8 1376
1732743753446 8466.8 1377
1732743763659 8466.8 1378
1732743773857 8466.8 1379
1732743784053 8466.8 1380
1732743794254 8466.8 1381
1732743804441 8466.8 1382
1732743814638 8466.8 1383
1732743824881 8466.8 1384
1732743835395 8466.8 1385
1732743845707 8466.8 1386
1732743855846 8466.8 1387
1732743865992 8466.8 1388
1732743876187 8466.8 1389
1732743886333 8466.8 1390
1732743896476 8466.9 1391
1732743906673 8466.8 1392
1732743916877 8466.9 1393
1732743927083 8466.8 1394
1732743937352 8466.9 1395
1732743947563 8466.8 1396
1732743957762 8466.8 1397
1732743967959 8466.9 1398
1732743978172 8466.8 1399
1732743988377 8466.8 1400
1732743998587 8466.8 1401
1732744008742 8466.8 1402
1732744018903 8466.8 1403
1732744029128 8466.9 1404
1732744039352 8466.8 1405
1732744049568 8466.8 1406
1732744059779 8466.8 1407
1732744069921 8466.8 1408
1732744080123 8466.8 1409
1732744090311 8466.8 1410
1732744100524 8466.8 1411
1732744110733 8466.8 1412
1732744120886 8466.8 1413
1732744131099 8466.8 1414
1732744141328 8466.9 1415
1732744151483 8466.8 1416
1732744161648 8466.9 1417
1732744171897 8466.9 1418
1732744182132 8466.8 1419
1732744192351 8466.8 1420
1732744202511 8466.8 1421
1732744212692 8466.9 1422
1732744222875 8466.8 1423
1732744233036 8466.8 1424
1732744243269 8466.8 1425
1732744253479 8466.8 1426
1732744263636 8466.8 1427
1732744273855 8466.9 1428
1732744284013 8466.8 1429
1732744294320 8466.8 1430
1732744304477 8466.8 1431
1732744314728 8466.8 1432
1732744324890 8466.8 1433
1732744335082 8471.6 1434
1732744345286 8471.6 1435
1732744355484 8471.6 1436
1732744365680 8471.6 1437
1732744375872 8471.6 1438
1732744386071 8471.6 1439
1732744396266 8471.6 1440
1732744406465 8471.6 1441
1732744416614 8471.0 1442
1732744426788 8471.0 1443
1732744436995 8471.1 1444
1732744447194 8471.0 1445
1732744457354 8471.0 1446
1732744467502 8471.0 1447
1732744477669 8471.0 1448
1732744487897 8466.8 1449
1732744498112 8466.9 1450
1732744508286 8466.8 1451
1732744518465 8466.8 1452
1732744528662 8466.8 1453
1732744538855 8466.8 1454
1732744549066 8466.8 1455
1732744559239 8466.8 1456
1732744569430 8466.9 1457
1732744579611 8466.8 1458
1732744589775 8466.8 1459
1732744599941 8466.8 1460
1732744610160 8466.8 1461
1732744620333 8466.8 1462
1732744630539 8466.8 1463
1732744640782 8471.6 1464
1732744650943 8471.6 1465
1732744661155 8471.0 1466
1732744671329 8471.0 1467
1732744681541 8471.0 1468
1732744691870 8471.0 1469
1732744702073 8471.0 1470
1732744712268 8471.0 1471
1732744722436 8471.0 1472
1732744732596 8471.0 1473
1732744742776 8471.0 1474
1732744752937 8471.0 1475
1732744763165 8471.0 1476
1732744773359 8471.0 1477
1732744783561 8466.8 1478
1732744793761 8466.8 1479
1732744803970 8466.8 1480
1732744814167 8466.8 1481
1732744824353 8466.8 1482
1732744834548 8466.8 1483
1732744844772 8466.8 1484
1732744854947 8466.8 1485
1732744865172 8466.9 1486
1732744875403 8466.8 1487
1732744885590 8466.8 1488
1732744895771 8466.8 1489
1732744905981 8466.8 1490
1732744916174 8466.8 1491
1732744926357 8466.8 1492
1732744936564 8466.8 1493
1732744946778 8466.8 1494
1732744957001 8466.8 1495
1732744967170 8466.8 1496
1732744977374 8466.8 1497
1732744987597 8466.8 1498
1732744997769 8466.8 1499
1732745008000 8466.8 1500
1732745018200 8466.8 1501
1732745028406 8466.8 1502
1732745038609 8466.8 1503
1732745048832 8466.8 1504
1732745058988 8466.8 1505
1732745069189 8466.8 1506
1732745079387 8466.8 1507
1732745089583 8466.8 1508
1732745099890 8466.8 1509
1732745110064 8466.8 1510
1732745120251 8466.8 1511
1732745130437 8466.8 1512
1732745140630 8466.8 1513
1732745150785 8466.8 1514
1732745160993 8466.8 1515
1732745171206 8466.8 1516
1732745181416 8466.8 1517
1732745191626 8466.8 1518
1732745201857 8466.8 1519
1732745212044 8466.8 1520
1732745222242 8466.8 1521
1732745232451 8541.2 1522
1732745242633 8440.6 1523
1732745252846 8440.6 1524
1732745263062 8585.6 1525
1732745273281 8554.5 1526
1732745283458 8616.3 1527
1732745293685 8831.5 1528
1732745303892 8845.9 1529
1732745314088 8825.4 1530
1732745324310 8844.7 1531
1732745334529 8822.9 1532
1732745344699 8816.6 1533
1732745354922 8466.5 1534
1732745365156 8462.5 1535
1732745375383 8452.6 1536
1732745385589 8497.3 1537
1732745395806 8638.8 1538
1732745406000 8578.7 1539
1732745416165 8521.1 1540
1732745426379 8518.6 1541
1732745436578 8468.7 1542
1732745446783 8468.7 1543
1732745457007 8481.3 1544
1732745467216 8458.5 1545
1732745477453 8468.7 1546
1732745487681 8468.7 1547
1732745497840 8532.9 1548
1732745508157 8605.8 1549
1732745518358 8592.4 1550
1732745528528 8501.1 1551
1732745538750 8434.2 1552
1732745548953 8523.1 1553
1732745559415 8496.9 1554
1732745569627 8495.7 1555
1732745579830 8428.7 1556
1732745590007 8428.1 1557
1732745600213 8452.0 1558
1732745610406 8434.9 1559
1732745620605 8434.7 1560
1732745630788 8423.4 1561
1732745640999 8412.9 1562
1732745651191 8406.5 1563
1732745661387 8404.7 1564
1732745671609 8394.6 1565
1732745681812 8399.2 1566
1732745691993 8428.0 1567
1732745702233 8414.8 1568
1732745712443 8420.2 1569
1732745722588 8422.5 1570
1732745732773 8427.2 1571
1732745742987 8438.8 1572
1732745753207 8421.0 1573
1732745763398 8420.4 1574
1732745773581 8420.3 1575
1732745783759 8423.1 1576
1732745793927 8420.9 1577
1732745804087 8419.8 1578
1732745814322 8415.3 1579
1732745824559 8451.5 1580
1732745834732 8406.8 1581
1732745844957 8389.6 1582
1732745855145 8360.7 1583
1732745865372 8373.9 1584
1732745875601 8368.9 1585
1732745885758 8366.1 1586
1732745895926 8360.2 1587
1732745906137 8370.3 1588
1732745916472 8360.2 1589
1732745926674 8370.9 1590
1732745936902 8370.3 1591
1732745947190 8372.2 1592
1732745957398 8368.8 1593
1732745967571 8361.5 1594
1732745977785 8361.5 1595
1732745987980 8362.4 1596
1732745998211 8357.3 1597
1732746008821 8357.3 1598
1732746019035 8367.0 1599
1732746029207 8362.9 1600
1732746039360 8358.9 1601
1732746049564 8382.2 1602
1732746059780 8374.3 1603
1732746069980 8374.3 1604
1732746080154 8372.7 1605
1732746090348 8372.3 1606
1732746100560 8379.6 1607
1732746110763 8380.2 1608
1732746120943 8368.9 1609
1732746131116 8377.9 1610
1732746141291 8357.0 1611
1732746151511 8362.5 1612
1732746161722 8358.3 1613
1732746171939 8351.3 1614
1732746182124 8351.4 1615
1732746192367 8351.3 1616
1732746202555 8351.4 1617
1732746212778 8351.3 1618
1732746222993 8351.3 1619
1732746233174 8364.1 1620
1732746243650 8357.8 1621
1732746253866 8350.5 1622
1732746264051 8350.5 1623
1732746274287 8360.3 1624
1732746284488 8348.6 1625
1732746294685 8325.9 1626
1732746304967 8325.6 1627
1732746315194 8360.2 1628
1732746325516 8353.4 1629
1732746335746 8353.4 1630
1732746345928 8353.4 1631
1732746356126 8353.4 1632
1732746366337 8365.7 1633
1732746376560 8382.7 1634
1732746386735 8379.4 1635
1732746396907 8376.9 1636
1732746407069 8368.4 1637
1732746417287 8372.9 1638
1732746427501 8372.9 1639
1732746437728 8349.2 1640
1732746447952 8340.4 1641
1732746458196 8362.1 1642
1732746468416 8347.7 1643
1732746478623 8342.5 1644
1732746488839 8342.5 1645
1732746499071 8342.6 1646
1732746509288 8356.4 1647
1732746519515 8351.8 1648
1732746529732 8356.5 1649
1732746539951 8352.3 1650
1732746550162 8393.4 1651
1732746560396 8397.4 1652
1732746570628 8392.2 1653
1732746580797 8392.3 1654
1732746591021 8392.8 1655
1732746601254 8406.0 1656
1732746611453 8430.2 1657
1732746621685 8353.5 1658
1732746631918 8363.4 1659
1732746642150 8353.5 1660
1732746652402 8340.8 1661
1732746662638 8383.8 1662
1732746672869 8360.9 1663
1732746683082 8360.9 1664
1732746693329 8361.0 1665
1732746703511 8365.6 1666
1732746713745 8388.8 1667
1732746723973 8413.1 1668
1732746734271 8417.6 1669
1732746744493 8427.6 1670
1732746754721 8468.6 1671
1732746764944 8401.8 1672
1732746775193 8436.8 1673
1732746785399 8411.1 1674
1732746795604 8423.2 1675
1732746805796 8404.1 1676
1732746816030 8423.5 1677
1732746826202 8509.5 1678
1732746836385 8532.5 1679
1732746846599 8422.9 1680
1732746856766 8429.5 1681
1732746866988 8426.2 1682
1732746877207 8421.0 1683
1732746887434 8425.6 1684
1732746897680 8401.8 1685
1732746907914 8420.2 1686
1732746918124 8455.9 1687
1732746928328 8403.9 1688
1732746938533 8401.6 1689
1732746948743 8401.6 1690
1732746958981 8401.8 1691
1732746969182 8401.7 1692
1732746979371 8229.8 1693
1732746989580 8251.8 1694
1732746999801 8228.0 1695
1732747009985 8227.9 1696
1732747020178 8227.9 1697
1732747030408 8228.0 1698
1732747040610 8227.9 1699
1732747050857 8227.9 1700
1732747061082 8227.9 1701
1732747071324 8227.9 1702
1732747081574 8227.9 1703
1732747091752 8228.0 1704
1732747101980 8227.9 1705
1732747112203 8227.9 1706
1732747122438 8227.9 1707
1732747132655 8227.9 1708
1732747142887 8228.2 1709
1732747153063 8227.9 1710
1732747163299 8227.9 1711
1732747173492 8227.9 1712
1732747183669 8227.9 1713
1732747193883 8227.9 1714
1732747204098 8228.0 1715
1732747214286 8227.9 1716
1732747224494 8227.9 1717
1732747234694 8227.9 1718
1732747244857 8227.9 1719
1732747255063 8227.9 1720
1732747265285 8227.9 1721
1732747275508 8227.9 1722
1732747285695 8228.0 1723
1732747295893 8230.8 1724
1732747306138 8227.9 1725
1732747316486 8227.9 1726
1732747327014 8227.9 1727
1732747337249 8228.6 1728
1732747347423 8227.9 1729
1732747357653 8227.9 1730
1732747367882 8227.9 1731
1732747378114 8227.9 1732
1732747388325 8227.9 1733
1732747398547 8227.9 1734
1732747408797 8227.9 1735
1732747419005 8227.9 1736
1732747429236 8227.9 1737
1732747439458 8227.9 1738
1732747449666 8227.9 1739
1732747459867 8227.9 1740
1732747470102 8227.9 1741
1732747480275 8223.7 1742
1732747490511 8223.7 1743
1732747500747 8223.7 1744
1732747510975 8223.7 1745
1732747521158 8223.7 1746
1732747531314 8223.7 1747
1732747541555 8222.9 1748
1732747551762 8222.9 1749
1732747561985 8222.9 1750
1732747572233 8222.9 1751
1732747582460 8222.9 1752
1732747592652 8223.8 1753
1732747602871 8239.4 1754
1732747613084 8238.1 1755
1732747623300 8238.1 1756
1732747633521 8238.0 1757
1732747643734 8238.0 1758
1732747653984 8238.0 1759
1732747664206 8238.0 1760
1732747674451 8238.1 1761
1732747684672 8238.0 1762
1732747694854 8238.0 1763
1732747705022 8238.1 1764
1732747715222 8238.1 1765
1732747725441 8238.0 1766
1732747735744 8238.1 1767
1732747745978 8238.0 1768
1732747756198 8238.1 1769
1732747766423 8238.1 1770
1732747776614 8238.0 1771
1732747786828 8238.7 1772
1732747797075 8238.0 1773
1732747807318 8238.0 1774
1732747817485 8238.0 1775
1732747827671 8238.0 1776
1732747837888 8238.0 1777
1732747848108 8238.1 1778
1732747858372 8238.1 1779
1732747868564 8238.0 1780
1732747878744 8238.0 1781
1732747888967 8238.1 1782
1732747899199 8234.4 1783
1732747909463 8388.1 1784
1732747919678 8369.1 1785
1732747929853 8369.1 1786
1732747940066 8369.1 1787
1732747950252 8369.1 1788
1732747960498 8369.1 1789
1732747970726 8369.1 1790
1732747980936 8369.1 1791
1732747991156 8369.1 1792
1732748001318 8369.1 1793
1732748011911 8369.1 1794
1732748022125 8369.1 1795
1732748032353 8369.1 1796
1732748042599 8371.2 1797
1732748052833 8371.2 1798
1732748063079 8371.2 1799
1732748073270 8371.2 1800
1732748083493 8367.0 1801
1732748093686 8367.0 1802
1732748103904 8367.0 1803
1732748114150 8367.0 1804
1732748124338 8367.0 1805
1732748134547 8367.0 1806
1732748144781 8364.9 1807
1732748155029 8364.9 1808
1732748165228 8364.9 1809
1732748175467 8370.1 1810
1732748185688 8370.1 1811
1732748195942 8370.1 1812
1732748206172 8365.9 1813
1732748216404 8365.9 1814
1732748226608 8365.9 1815
1732748236839 8371.2 1816
1732748247070 8371.2 1817
1732748257403 8371.2 1818
1732748267572 8371.2 1819
1732748277773 8371.2 1820
1732748288005 8371.2 1821
1732748298219 8371.2 1822
1732748308483 8371.2 1823
1732748318725 8371.2 1824
1732748328938 8371.2 1825
1732748339126 8371.2 1826
1732748349302 8371.2 1827
1732748359525 8374.5 1828
1732748369731 8374.5 1829
1732748379956 8374.5 1830
1732748390191 8371.5 1831
1732748400402 8371.5 1832
1732748410628 8376.4 1833
1732748420807 8376.4 1834
1732748431060 8376.4 1835
1732748441624 8342.1 1836
1732748451843 8342.1 1837
1732748462074 8342.1 1838
1732748472247 8342.1 1839
1732748482477 8342.1 1840
1732748492663 8342.1 1841
1732748502838 8294.8 1842
1732748513012 8294.8 1843
1732748523175 8294.8 1844
1732748533374 8294.8 1845
1732748543625 8294.8 1846
1732748553880 8294.8 1847
1732748564127 8294.8 1848
1732748574320 8294.8 1849
1732748584546 8294.8 1850
1732748594783 8294.8 1851
1732748604991 8294.8 1852
1732748615189 8294.8 1853
1732748625372 8294.8 1854
1732748635593 8294.8 1855
1732748645816 8294.8 1856
1732748656055 8294.8 1857
1732748666298 8294.8 1858
1732748676507 8294.8 1859
1732748686738 8290.6 1860
1732748696980 8290.6 1861
1732748707236 8290.6 1862
1732748717410 8290.6 1863
1732748727628 8290.6 1864
1732748737840 8290.6 1865
1732748748181 8290.6 1866
1732748758411 8290.6 1867
1732748768656 8290.6 1868
1732748778874 8290.6 1869
1732748789141 8290.6 1870
1732748799368 8290.6 1871
1732748809610 8290.6 1872
1732748819854 8290.6 1873
1732748830074 8290.6 1874
1732748840267 8290.6 1875
1732748850490 8290.6 1876
1732748860673 8290.6 1877
1732748870864 8290.6 1878
1732748881057 8290.6 1879
1732748891250 8290.6 1880
1732748901483 8290.6 1881
1732748911660 8290.6 1882
1732748921876 8290.6 1883
1732748932047 8290.6 1884
1732748942260 8290.6 1885
1732748952447 8290.6 1886
1732748962673 8290.6 1887
1732748972853 8290.6 1888
1732748983081 8290.6 1889
1732748993307 8290.6 1890
1732749003537 8290.6 1891
1732749013763 8290.6 1892
1732749024011 8290.6 1893
1732749034270 8290.6 1894
1732749044491 8290.6 1895
1732749054690 8290.6 1896
1732749064878 8290.6 1897
1732749075108 8290.6 1898
1732749085331 8290.6 1899
1732749095526 8290.6 1900
1732749105771 8290.6 1901
1732749116014 8290.6 1902
1732749126239 8290.6 1903
1732749136436 8290.6 1904
1732749146661 8290.6 1905
1732749156838 8290.6 1906
1732749167093 8290.6 1907
1732749177355 8290.6 1908
1732749187601 8290.6 1909
1732749197819 8290.6 1910
1732749208073 8290.6 1911
1732749218344 8290.6 1912
1732749228638 8290.6 1913
1732749238908 8290.6 1914
1732749249150 8290.6 1915
1732749259369 8290.6 1916
1732749269601 8290.6 1917
1732749279805 8290.6 1918
1732749290014 8290.6 1919
1732749300238 8290.6 1920
1732749310478 8290.6 1921
1732749320702 8290.6 1922
1732749330902 8290.6 1923
1732749341182 8292.7 1924
1732749351446 8292.7 1925
1732749361623 8292.7 1926
1732749371815 8292.7 1927
1732749382013 8292.7 1928
1732749392227 8292.7 1929
1732749402463 8292.7 1930
1732749412655 8292.7 1931
1732749423336 8292.7 1932
1732749433579 8292.7 1933
1732749443794 8292.7 1934
1732749454032 8292.7 1935
1732749464272 8292.7 1936
1732749474509 8292.7 1937
1732749484785 8292.7 1938
1732749494994 8292.7 1939
1732749505248 8292.7 1940
1732749515501 8292.7 1941
1732749525757 8292.7 1942
1732749536012 8299.0 1943
1732749546254 8299.0 1944
1732749556507 8299.0 1945
1732749566759 8299.0 1946
1732749576956 8299.0 1947
1732749587191 8294.8 1948
1732749597446 8294.8 1949
1732749607678 8294.8 1950
1732749617895 8294.8 1951
1732749628137 8294.8 1952
1732749638348 8294.8 1953
1732749648615 8294.8 1954
1732749658858 8294.8 1955
1732749669062 8294.8 1956
1732749679301 8294.8 1957
1732749689522 8294.8 1958
1732749699761 8294.8 1959
1732749709997 8294.8 1960
1732749720311 8294.8 1961
1732749730558 8294.8 1962
1732749740798 8294.8 1963
1732749751034 8294.8 1964
1732749761237 8294.8 1965
1732749771469 8294.8 1966
1732749781655 8294.8 1967
1732749791887 8294.8 1968
1732749802119 8294.8 1969
1732749812336 8294.8 1970
1732749822572 8303.8 1971
1732749832843 8303.8 1972
1732749843069 8303.8 1973
1732749853292 8303.8 1974
1732749863531 8303.1 1975
1732749873757 8303.1 1976
1732749883998 8303.1 1977
1732749894240 8303.1 1978
1732749904489 8303.1 1979
1732749914738 8303.1 1980
1732749924945 8303.1 1981
1732749935162 8303.1 1982
1732749945401 8303.1 1983
1732749955655 8304.2 1984
