1732729782128 15.3 0
1732729792172 29.1 1
1732729802215 72.0 2
1732729812253 72.1 3
1732729822298 72.5 4
1732729832342 73.5 5
1732729842404 39.0 6
1732729852472 72.8 7
1732729862536 75.8 8
1732729872626 70.6 9
1732729882695 72.3 10
1732729892769 65.9 11
1732729902833 76.9 12
1732729912885 77.2 13
1732729922953 76.0 14
1732729933026 74.6 15
1732729943086 76.5 16
1732729953181 75.4 17
1732729963266 76.4 18
1732729973341 65.8 19
1732729983415 74.4 20
1732729993489 56.5 21
1732730003555 72.7 22
1732730013627 72.8 23
1732730023717 77.6 24
1732730033798 32.1 25
1732730043864 77.6 26
1732730053935 32.2 27
1732730064013 68.6 28
1732730074080 72.5 29
1732730084156 75.1 30
1732730094231 32.2 31
1732730104311 72.3 32
1732730114605 72.8 33
1732730124675 40.0 34
1732730134756 32.4 35
1732730144830 57.0 36
1732730154905 39.7 37
1732730164977 77.6 38
1732730175074 73.9 39
1732730185163 72.1 40
1732730195235 35.9 41
1732730205330 72.6 42
1732730215409 32.8 43
1732730225491 34.6 44
1732730235581 74.8 45
1732730245666 75.4 46
1732730255739 39.1 47
1732730265810 75.5 48
1732730275890 63.6 49
1732730285965 54.1 50
1732730296038 49.4 51
1732730306116 78.9 52
1732730316202 37.3 53
1732730326286 40.1 54
1732730336358 32.1 55
1732730346448 73.4 56
1732730356524 37.7 57
1732730366611 32.2 58
1732730376679 75.9 59
1732730386780 72.5 60
1732730396864 76.5 61
1732730406942 66.9 62
1732730417031 39.5 63
1732730427107 74.7 64
1732730437190 73.9 65
1732730447270 34.9 66
1732730457354 32.2 67
1732730467426 32.1 68
1732730477514 33.3 69
1732730487602 73.4 70
1732730497699 38.8 71
1732730507775 71.5 72
1732730517879 71.4 73
1732730527955 72.0 74
1732730538050 75.6 75
1732730548134 31.4 76
1732730558223 73.5 77
1732730568296 38.2 78
1732730578383 72.5 79
1732730588474 72.6 80
1732730598557 76.1 81
1732730608640 46.9 82
1732730618730 72.8 83
1732730628805 74.7 84
1732730638890 73.8 85
1732730648971 53.7 86
1732730659045 49.6 87
1732730669127 31.9 88
1732730679186 35.6 89
1732730689268 74.9 90
1732730699354 32.1 91
1732730709434 37.9 92
1732730719523 32.0 93
1732730729602 72.4 94
1732730739704 31.9 95
1732730749792 73.6 96
1732730759879 43.5 97
1732730769950 31.5 98
1732730780052 75.0 99
1732730790134 74.8 100
1732730800209 72.3 101
1732730810314 36.4 102
1732730820403 73.2 103
1732730830495 32.0 104
1732730840557 75.6 105
1732730850643 73.0 106
1732730860717 73.6 107
1732730870808 74.0 108
1732730880911 58.8 109
1732730890992 31.9 110
1732730901083 75.6 111
1732730911169 74.3 112
1732730921249 75.0 113
1732730931326 37.0 114
1732730941400 37.3 115
1732730951483 71.7 116
1732730961593 71.1 117
1732730971656 34.4 118
1732730981751 71.8 119
1732730991831 78.0 120
1732731001928 32.1 121
1732731012010 74.5 122
1732731022092 72.7 123
1732731032194 32.4 124
1732731042292 75.0 125
1732731052386 71.1 126
1732731062464 40.3 127
1732731072547 72.1 128
1732731082629 72.0 129
1732731092739 73.5 130
1732731102825 71.7 131
1732731112904 72.3 132
1732731122982 36.4 133
1732731133083 72.1 134
1732731143182 70.9 135
1732731153276 72.5 136
1732731163377 70.8 137
1732731173454 40.9 138
1732731183520 79.3 139
1732731193613 76.8 140
1732731203695 75.6 141
1732731213794 32.0 142
1732731223874 77.6 143
1732731233965 42.4 144
1732731244055 32.1 145
1732731254141 42.9 146
1732731264246 77.3 147
1732731274344 76.8 148
1732731284443 75.0 149
1732731294529 75.6 150
1732731304623 75.5 151
1732731314688 39.2 152
1732731324779 74.8 153
1732731334867 73.3 154
1732731344958 73.4 155
1732731355029 74.2 156
1732731365109 32.5 157
1732731375191 76.0 158
1732731385292 78.1 159
1732731395384 39.6 160
1732731405483 36.6 161
1732731415581 32.4 162
1732731425679 74.4 163
1732731435775 76.1 164
1732731445874 78.2 165
1732731455949 38.4 166
1732731466046 74.2 167
1732731476140 77.3 168
1732731486230 32.2 169
1732731496325 76.2 170
1732731506417 36.0 171
1732731516495 76.5 172
1732731526595 69.3 173
1732731536682 72.4 174
1732731546775 38.8 175
1732731556867 34.1 176
1732731566958 34.3 177
1732731577045 31.6 178
1732731587135 38.5 179
1732731597204 46.8 180
1732731607265 35.8 181
1732731617350 47.6 182
1732731627422 74.2 183
1732731637502 38.5 184
1732731647572 75.0 185
1732731657671 71.2 186
1732731667755 31.8 187
1732731677858 72.7 188
1732731687952 62.8 189
1732731698039 77.0 190
1732731708140 72.2 191
1732731718236 32.2 192
1732731728330 72.1 193
1732731738430 70.2 194
1732731748527 71.6 195
1732731758635 73.1 196
1732731768741 47.1 197
1732731778832 75.4 198
1732731788929 73.0 199
1732731799020 32.1 200
1732731809121 40.9 201
1732731819211 32.0 202
1732731829310 65.4 203
1732731839400 37.4 204
1732731849518 71.6 205
1732731859617 70.6 206
1732731869718 38.6 207
1732731879821 71.6 208
1732731889908 72.2 209
1732731900016 38.6 210
1732731910132 76.2 211
1732731920223 73.1 212
1732731930327 76.8 213
1732731940419 65.8 214
1732731950527 75.9 215
1732731960627 74.2 216
1732731970715 31.6 217
1732731980826 75.2 218
1732731990911 46.6 219
1732732001021 54.1 220
1732732011131 33.5 221
1732732021206 38.9 222
1732732031287 75.1 223
1732732041392 72.3 224
1732732051493 74.0 225
1732732061588 35.7 226
1732732071689 72.6 227
1732732081793 42.0 228
1732732091890 72.9 229
1732732101999 76.0 230
1732732112103 64.9 231
1732732122202 41.7 232
1732732132296 76.2 233
1732732142402 67.7 234
1732732152502 70.4 235
1732732162608 39.9 236
1732732172703 74.3 237
1732732182824 73.7 238
1732732192923 73.6 239
1732732203044 72.8 240
1732732213157 75.1 241
1732732223252 73.0 242
1732732233364 73.3 243
1732732243470 70.1 244
1732732253578 70.6 245
1732732263688 52.4 246
1732732273802 73.2 247
1732732283894 73.4 248
1732732293958 73.1 249
1732732304052 74.7 250
1732732314161 43.0 251
1732732324268 71.6 252
1732732334375 71.8 253
1732732344485 72.2 254
1732732354587 71.8 255
1732732364686 77.8 256
1732732374804 74.3 257
1732732384910 72.4 258
1732732395012 32.7 259
1732732405121 78.2 260
1732732415229 72.2 261
1732732425338 45.8 262
1732732435428 73.6 263
1732732445513 54.6 264
1732732455603 74.0 265
1732732465722 72.8 266
1732732475830 51.4 267
1732732485940 69.0 268
1732732496023 69.0 269
1732732506120 70.2 270
1732732516225 68.9 271
1732732526326 70.0 272
1732732536413 71.0 273
1732732546523 70.5 274
1732732556646 71.2 275
1732732566764 70.1 276
1732732576872 70.7 277
1732732586979 70.6 278
1732732597076 71.1 279
1732732607197 70.8 280
1732732617289 37.8 281
1732732627667 72.5 282
1732732637791 37.2 283
1732732647915 76.3 284
1732732658008 70.8 285
1732732668123 70.6 286
1732732678237 70.0 287
1732732688347 38.1 288
1732732698449 71.8 289
1732732708559 71.7 290
1732732718681 73.4 291
1732732728798 73.1 292
1732732738912 55.6 293
1732732749037 74.8 294
1732732759155 74.8 295
1732732769256 77.3 296
1732732779353 73.7 297
1732732789470 72.5 298
1732732799572 73.0 299
1732732809695 75.1 300
1732732819811 75.4 301
1732732829929 75.9 302
1732732840046 75.6 303
1732732850151 74.6 304
1732732860258 39.1 305
1732732870364 73.9 306
1732732880490 73.2 307
1732732890603 72.6 308
1732732900740 72.9 309
1732732910841 72.5 310
1732732920956 72.4 311
1732732931065 36.0 312
1732732941173 73.4 313
1732732951285 48.9 314
1732732961405 74.0 315
1732732971521 74.5 316
1732732981631 76.1 317
1732732991731 76.7 318
1732733001839 73.2 319
1732733011944 73.8 320
1732733022061 74.2 321
1732733032189 74.7 322
1732733042291 71.8 323
1732733052365 73.0 324
1732733062475 75.9 325
1732733072592 70.9 326
1732733082705 72.5 327
1732733092822 72.5 328
1732733102910 70.9 329
1732733113030 75.5 330
1732733123112 56.6 331
1732733133206 72.4 332
1732733143310 71.7 333
1732733153430 58.6 334
1732733163544 70.8 335
1732733173657 71.8 336
1732733183765 74.2 337
1732733193892 72.5 338
1732733204020 72.5 339
1732733214137 71.4 340
1732733224255 70.4 341
1732733234362 38.8 342
1732733244477 72.8 343
1732733254588 31.7 344
1732733264718 69.7 345
1732733274841 69.3 346
1732733284957 72.2 347
1732733295077 72.2 348
1732733305183 43.0 349
1732733315321 68.8 350
1732733325455 70.4 351
1732733335563 32.2 352
1732733345662 72.5 353
1732733355782 71.5 354
1732733365888 47.7 355
1732733376019 70.8 356
1732733386151 33.0 357
1732733396263 76.5 358
1732733406362 72.8 359
1732733416481 71.5 360
1732733426607 72.7 361
1732733436726 68.9 362
1732733446843 70.3 363
1732733456964 74.5 364
1732733467081 71.3 365
1732733477204 72.4 366
1732733487315 76.5 367
1732733497447 71.5 368
1732733507556 71.1 369
1732733517671 37.9 370
1732733527766 70.9 371
1732733537898 72.1 372
1732733548009 74.1 373
1732733558119 36.9 374
1732733568221 64.3 375
1732733578350 36.7 376
1732733588469 61.9 377
1732733598588 39.1 378
1732733608706 70.9 379
1732733618781 31.8 380
1732733628887 73.3 381
1732733639024 38.8 382
1732733649142 70.9 383
1732733659226 70.2 384
1732733669305 69.0 385
1732733679410 69.8 386
1732733689521 70.4 387
1732733699701 31.7 388
1732733709843 67.0 389
1732733719961 31.4 390
1732733730083 42.6 391
1732733740220 69.1 392
1732733750342 69.7 393
1732733760471 56.3 394
1732733770595 64.0 395
1732733780717 70.1 396
1732733790814 72.0 397
1732733800943 71.8 398
1732733811062 68.2 399
1732733821178 67.8 400
1732733831263 52.8 401
1732733841383 31.8 402
1732733851513 70.0 403
1732733861628 71.8 404
1732733871764 31.9 405
1732733881895 76.9 406
1732733892014 32.0 407
1732733902139 31.5 408
1732733912264 70.9 409
1732733922384 71.7 410
1732733932514 37.8 411
1732733942644 36.6 412
1732733952770 73.8 413
1732733962891 75.2 414
1732733973013 38.2 415
1732733983137 69.0 416
1732733993260 38.3 417
1732734003384 32.5 418
1732734013513 58.4 419
1732734023632 40.3 420
1732734033758 31.3 421
1732734043870 71.1 422
1732734054000 38.1 423
1732734064123 31.0 424
1732734074253 31.1 425
1732734084378 72.8 426
1732734094489 37.2 427
1732734104614 31.4 428
1732734114763 74.3 429
1732734124887 61.5 430
1732734134967 64.3 431
1732734145083 73.6 432
1732734155213 31.6 433
1732734165337 74.5 434
1732734175479 38.4 435
1732734185637 34.3 436
1732734195768 37.7 437
1732734205900 45.9 438
1732734215976 74.7 439
1732734226104 70.4 440
1732734236217 73.3 441
1732734246356 75.2 442
1732734256483 71.5 443
1732734266610 68.1 444
1732734276746 38.2 445
1732734286873 35.7 446
1732734296996 31.3 447
1732734307093 70.8 448
1732734317234 72.1 449
1732734327365 71.3 450
1732734337492 74.9 451
1732734347616 74.8 452
1732734357738 38.3 453
1732734367862 46.4 454
1732734377991 71.8 455
1732734388104 31.3 456
1732734398243 38.4 457
1732734408328 72.3 458
1732734418451 73.7 459
1732734428572 73.6 460
1732734438701 38.9 461
1732734448842 73.9 462
1732734458973 74.1 463
1732734469108 50.5 464
1732734479197 52.1 465
1732734489335 77.6 466
1732734499469 74.7 467
1732734509610 42.2 468
1732734519692 32.0 469
1732734529830 72.2 470
1732734539967 61.7 471
1732734550103 73.9 472
1732734560265 45.7 473
1732734570445 73.3 474
1732734580585 69.1 475
1732734590713 71.8 476
1732734600843 31.9 477
1732734610948 73.3 478
1732734621077 71.6 479
1732734631189 37.3 480
1732734641272 73.6 481
1732734651372 36.0 482
1732734661498 72.1 483
1732734671645 75.6 484
1732734681775 75.4 485
1732734691883 38.7 486
1732734702013 75.3 487
1732734712150 62.9 488
1732734722247 74.5 489
1732734732381 74.9 490
1732734742524 73.8 491
1732734752653 75.3 492
1732734762786 38.2 493
1732734772925 74.0 494
1732734783058 37.1 495
1732734793194 71.7 496
1732734803333 76.4 497
1732734813467 72.3 498
1732734823586 70.6 499
1732734833722 74.6 500
1732734843865 35.3 501
1732734853997 31.7 502
1732734864140 38.7 503
1732734874253 75.2 504
1732734884388 77.1 505
1732734894523 76.6 506
1732734904662 77.2 507
1732734914809 74.3 508
1732734924947 72.2 509
1732734935092 71.8 510
1732734945239 39.3 511
1732734955330 72.5 512
1732734965399 71.9 513
1732734975506 62.2 514
1732734985618 35.7 515
1732734995774 38.9 516
1732735005921 76.5 517
1732735016074 72.9 518
1732735026217 72.8 519
1732735036313 73.8 520
1732735046447 33.1 521
1732735056573 42.1 522
1732735066719 39.7 523
1732735076856 73.8 524
1732735086997 33.3 525
1732735097093 41.4 526
1732735107245 33.4 527
1732735117381 74.5 528
1732735127517 32.7 529
1732735137622 75.8 530
1732735147745 74.3 531
1732735157897 71.3 532
1732735168043 72.3 533
1732735178184 50.5 534
1732735188323 37.8 535
1732735198474 71.7 536
1732735208728 73.0 537
1732735218817 40.1 538
1732735228954 33.0 539
1732735239115 76.3 540
1732735249257 72.4 541
1732735259403 74.0 542
1732735269513 75.3 543
1732735279657 73.0 544
1732735289791 61.6 545
1732735299958 39.0 546
1732735310046 75.2 547
1732735320178 75.4 548
1732735330327 57.3 549
1732735340473 72.4 550
1732735350619 70.9 551
1732735360761 37.4 552
1732735370891 73.9 553
1732735381034 53.7 554
1732735391174 73.4 555
1732735401311 75.5 556
1732735411477 39.7 557
1732735421595 75.8 558
1732735431756 44.2 559
1732735441902 51.7 560
1732735452024 77.6 561
1732735462162 73.1 562
1732735472284 71.7 563
1732735482429 75.8 564
1732735492584 72.7 565
1732735502731 75.8 566
1732735512886 73.1 567
1732735522986 72.0 568
1732735533106 75.7 569
1732735543267 43.8 570
1732735553411 67.3 571
1732735563569 66.7 572
1732735573728 32.4 573
1732735583888 71.5 574
1732735594034 74.9 575
1732735604171 70.5 576
1732735614309 61.6 577
1732735624458 34.6 578
1732735634600 71.2 579
1732735644767 71.4 580
1732735654926 73.5 581
1732735665074 35.6 582
1732735675191 74.0 583
1732735685324 71.9 584
1732735695462 33.5 585
1732735705608 32.6 586
1732735715756 73.5 587
1732735725899 72.1 588
1732735735998 34.8 589
1732735746141 72.6 590
1732735756258 75.0 591
1732735766392 70.5 592
1732735776542 32.2 593
1732735786713 72.4 594
1732735796860 72.8 595
1732735807016 39.2 596
1732735817115 73.6 597
1732735827270 71.7 598
1732735837413 55.4 599
1732735847520 33.4 600
1732735857620 72.2 601
1732735867768 71.2 602
1732735877904 32.6 603
1732735888026 68.5 604
1732735898162 71.6 605
1732735908314 32.4 606
1732735918463 73.7 607
1732735928614 71.7 608
1732735938759 37.6 609
1732735948896 74.9 610
1732735959047 34.4 611
1732735969191 32.5 612
1732735979323 73.7 613
1732735989426 41.5 614
1732735999560 71.5 615
1732736009726 36.2 616
1732736019807 72.7 617
1732736029943 75.6 618
1732736040089 74.8 619
1732736050244 35.5 620
1732736060381 75.5 621
1732736070536 72.3 622
1732736080681 71.9 623
1732736090837 72.8 624
1732736100946 71.7 625
1732736111080 71.0 626
1732736121224 71.2 627
1732736131345 74.5 628
1732736141506 72.4 629
1732736151661 71.7 630
1732736161811 44.6 631
1732736171949 74.1 632
1732736182089 39.0 633
1732736192248 32.2 634
1732736202344 35.8 635
1732736212498 69.8 636
1732736222656 71.2 637
1732736232806 71.1 638
1732736242976 54.7 639
1732736253135 73.7 640
1732736263274 57.5 641
1732736273426 70.4 642
1732736283577 69.4 643
1732736293732 34.2 644
1732736303880 69.7 645
1732736314029 35.1 646
1732736324188 40.1 647
1732736334351 67.7 648
1732736344524 70.6 649
1732736354680 68.8 650
1732736364834 48.7 651
1732736374994 72.6 652
1732736385158 42.3 653
1732736395322 69.1 654
1732736405477 68.6 655
1732736415637 71.7 656
1732736425813 73.1 657
1732736435942 72.7 658
1732736446091 72.9 659
1732736456244 69.5 660
1732736466394 71.0 661
1732736476549 70.1 662
1732736486688 32.5 663
1732736496822 72.2 664
1732736506977 76.2 665
1732736517133 68.2 666
1732736527244 70.8 667
1732736537325 71.1 668
1732736547477 70.3 669
1732736557649 71.4 670
1732736567763 71.6 671
1732736577899 38.5 672
1732736588063 36.5 673
1732736598212 73.4 674
1732736608364 31.8 675
1732736618512 72.6 676
1732736628672 73.0 677
1732736638826 68.8 678
1732736648972 32.0 679
1732736659132 38.5 680
1732736669291 71.2 681
1732736679449 76.1 682
1732736689606 73.7 683
1732736699763 34.2 684
1732736709904 73.4 685
1732736720057 32.2 686
1732736730211 67.5 687
1732736740374 71.4 688
1732736750529 70.5 689
1732736760683 69.9 690
1732736770830 72.8 691
1732736780936 40.5 692
1732736791093 69.7 693
1732736801235 71.8 694
1732736811378 38.7 695
1732736821526 72.2 696
1732736831682 33.3 697
1732736841843 72.1 698
1732736852011 70.6 699
1732736862177 54.7 700
1732736872325 32.7 701
1732736882452 32.1 702
1732736892596 74.2 703
1732736902750 67.8 704
1732736912903 31.6 705
1732736923057 70.4 706
1732736933219 69.2 707
1732736943331 69.0 708
1732736953492 36.5 709
1732736963612 71.5 710
1732736973761 70.6 711
1732736983908 70.1 712
1732736994069 54.9 713
1732737004174 39.0 714
1732737014333 73.6 715
1732737024510 38.8 716
1732737034680 70.2 717
1732737044780 68.2 718
1732737054953 70.6 719
1732737065111 70.6 720
1732737075279 52.5 721
1732737085437 55.1 722
1732737095604 68.5 723
1732737105761 38.9 724
1732737115921 71.3 725
1732737126068 72.6 726
1732737136170 38.9 727
1732737146322 70.3 728
1732737156506 74.2 729
1732737166662 73.0 730
1732737176809 74.4 731
1732737186979 72.6 732
1732737197129 74.6 733
1732737207240 33.2 734
1732737217363 71.1 735
1732737227524 70.5 736
1732737237679 72.3 737
1732737247855 72.7 738
1732737258011 70.2 739
1732737268175 64.0 740
1732737278343 40.9 741
1732737288518 68.3 742
1732737298682 70.5 743
1732737308833 71.2 744
1732737318986 75.6 745
1732737329149 75.6 746
1732737339307 69.6 747
1732737349472 69.8 748
1732737359646 69.2 749
1732737369801 71.0 750
1732737379967 39.0 751
1732737390125 75.7 752
1732737400296 37.2 753
1732737410456 69.1 754
1732737422970 70.0 755
1732737433148 34.4 756
1732737443315 72.7 757
1732737453473 70.4 758
1732737463640 63.7 759
1732737474223 34.7 760
1732737484391 70.2 761
1732737494566 71.7 762
1732737504716 75.2 763
1732737514884 37.2 764
1732737524993 71.2 765
1732737535185 37.0 766
1732737545353 73.2 767
1732737555471 31.7 768
1732737565586 71.8 769
1732737575747 74.8 770
1732737585906 72.2 771
1732737596078 57.2 772
1732737606186 70.0 773
1732737616337 74.9 774
1732737626530 71.4 775
1732737636690 73.5 776
1732737646820 73.1 777
1732737656981 49.8 778
1732737667148 37.4 779
1732737677307 71.3 780
1732737687482 35.7 781
1732737697667 69.7 782
1732737707850 71.6 783
1732737718020 41.2 784
1732737728191 70.0 785
1732737738315 39.6 786
1732737748501 74.9 787
1732737758666 69.5 788
1732737768822 71.3 789
1732737778988 51.1 790
1732737789148 32.1 791
1732737799324 70.6 792
1732737809501 68.1 793
1732737819671 70.5 794
1732737829840 69.3 795
1732737840005 69.2 796
1732737850121 68.9 797
1732737860285 73.4 798
1732737870466 71.6 799
1732737880652 69.6 800
1732737890822 69.4 801
1732737901005 37.1 802
1732737911170 70.7 803
1732737921330 46.5 804
1732737931500 72.2 805
1732737941668 68.9 806
1732737951832 72.9 807
1732737962045 41.7 808
1732737972210 36.9 809
1732737982354 70.3 810
1732737992497 61.9 811
1732738002663 37.2 812
1732738012839 73.2 813
1732738023008 71.3 814
1732738033130 57.8 815
1732738043303 69.7 816
1732738053479 72.7 817
1732738063657 69.9 818
1732738073843 64.7 819
1732738083992 37.4 820
1732738094147 67.0 821
1732738104264 64.2 822
1732738114401 66.1 823
1732738124556 67.8 824
1732738134722 71.9 825
1732738144907 65.8 826
1732738155060 32.3 827
1732738165236 36.8 828
1732738175417 31.9 829
1732738185536 67.7 830
1732738195683 69.6 831
1732738205838 69.6 832
1732738216010 39.0 833
1732738226178 68.0 834
1732738236343 73.2 835
1732738246508 33.0 836
1732738256696 71.2 837
1732738266859 37.9 838
1732738277030 38.9 839
1732738287191 37.0 840
1732738297361 57.8 841
1732738307522 72.2 842
1732738317693 69.3 843
1732738327885 68.7 844
1732738338081 72.1 845
1732738348267 36.4 846
1732738358387 69.2 847
1732738368508 71.5 848
1732738378657 70.5 849
1732738388838 72.8 850
1732738399005 71.0 851
1732738409175 71.3 852
1732738419313 68.9 853
1732738429488 69.4 854
1732738439665 70.7 855
1732738449779 39.1 856
1732738459944 50.0 857
1732738470129 71.1 858
1732738480307 70.2 859
1732738490449 67.6 860
1732738500562 70.0 861
1732738510748 69.8 862
1732738520906 41.0 863
1732738531032 47.1 864
1732738541193 69.4 865
1732738551360 32.3 866
1732738561540 69.3 867
1732738571713 68.3 868
1732738581831 75.2 869
1732738591943 32.7 870
1732738602098 33.0 871
1732738612268 69.6 872
1732738622445 71.4 873
1732738632570 55.0 874
1732738642715 69.3 875
1732738652875 72.0 876
1732738663039 39.7 877
1732738673208 37.3 878
1732738683369 54.9 879
1732738693529 69.6 880
1732738703679 72.2 881
1732738713831 33.3 882
1732738723958 71.1 883
1732738734149 40.1 884
1732738744340 60.1 885
1732738755087 71.2 886
1732738765264 32.7 887
1732738775453 72.3 888
1732738785577 36.7 889
1732738795737 65.8 890
1732738805906 37.5 891
1732738816096 39.4 892
1732738826268 71.3 893
1732738836445 71.6 894
1732738846576 69.9 895
1732738856722 34.0 896
1732738866895 68.5 897
1732738877111 62.1 898
1732738887297 68.7 899
1732738897424 74.3 900
1732738907597 69.2 901
1732738917742 35.5 902
1732738927909 76.5 903
1732738938086 69.6 904
1732738948226 70.3 905
1732738958407 74.9 906
1732738968595 66.6 907
1732738978734 69.4 908
1732738988882 36.9 909
1732738999060 33.0 910
1732739009233 71.0 911
1732739019415 69.9 912
1732739029571 71.9 913
1732739039761 66.2 914
1732739049923 40.3 915
1732739060123 70.0 916
1732739070258 70.1 917
1732739080411 42.4 918
1732739090544 69.2 919
1732739100726 70.2 920
1732739110905 68.8 921
1732739121059 35.7 922
1732739131203 70.4 923
1732739141318 70.6 924
1732739151459 71.1 925
1732739161613 68.8 926
1732739171741 71.2 927
1732739181922 71.4 928
1732739192106 70.6 929
1732739202266 69.8 930
1732739212411 69.4 931
1732739222588 71.3 932
1732739232761 69.7 933
1732739242930 70.0 934
1732739253110 70.2 935
1732739263293 71.9 936
1732739273458 73.9 937
1732739283702 76.6 938
1732739293872 36.1 939
1732739304060 68.4 940
1732739314210 71.8 941
1732739324394 68.5 942
1732739334547 70.0 943
1732739344729 72.1 944
1732739354928 43.0 945
1732739365077 68.9 946
1732739375235 69.2 947
1732739385382 37.3 948
1732739395506 71.4 949
1732739405670 71.5 950
1732739415779 37.0 951
1732739425939 72.9 952
1732739436120 32.5 953
1732739446250 71.0 954
1732739456391 70.6 955
1732739466523 69.7 956
1732739476675 37.3 957
1732739486860 67.4 958
1732739497032 65.0 959
1732739507156 48.2 960
1732739517293 72.8 961
1732739527427 71.4 962
1732739537585 71.7 963
1732739547744 72.1 964
1732739557862 33.9 965
1732739568057 69.9 966
1732739578248 70.8 967
1732739588420 69.0 968
1732739598581 68.5 969
1732739608744 69.2 970
1732739618938 32.5 971
1732739629122 72.4 972
1732739639311 34.2 973
1732739649509 70.0 974
1732739659693 69.3 975
1732739669889 45.2 976
1732739680026 65.2 977
1732739690212 68.9 978
1732739700399 65.5 979
1732739710590 67.9 980
1732739720777 33.2 981
1732739730968 67.2 982
1732739741150 67.4 983
1732739751285 69.1 984
1732739761403 67.1 985
1732739771584 66.5 986
1732739781770 70.3 987
1732739791957 66.9 988
1732739802133 37.0 989
1732739812307 73.0 990
1732739822481 42.9 991
1732739832692 68.7 992
1732739842849 69.6 993
1732739853048 48.9 994
1732739863225 65.9 995
1732739873413 66.1 996
1732739883546 71.5 997
1732739893714 67.3 998
1732739903925 65.5 999
1732739914133 39.5 1000
1732739924322 64.2 1001
1732739934497 67.5 1002
1732739944695 68.0 1003
1732739954873 69.9 1004
1732739965064 74.2 1005
1732739975247 38.2 1006
1732739985371 71.8 1007
1732739995502 70.8 1008
1732740005652 72.5 1009
1732740015828 70.5 1010
1732740026034 37.8 1011
1732740036211 69.5 1012
1732740046345 60.6 1013
1732740056512 71.0 1014
1732740066663 68.7 1015
1732740077004 68.0 1016
1732740087178 62.9 1017
1732740097345 66.3 1018
1732740107532 66.2 1019
1732740117743 68.1 1020
1732740127936 70.0 1021
1732740138090 40.6 1022
1732740148249 72.7 1023
1732740158450 67.5 1024
1732740168576 65.4 1025
1732740178764 70.4 1026
1732740188937 70.8 1027
1732740199102 67.4 1028
1732740209234 63.8 1029
1732740219404 69.8 1030
1732740229572 32.3 1031
1732740239730 57.1 1032
1732740249938 70.0 1033
1732740260122 69.9 1034
1732740270289 66.4 1035
1732740280476 68.2 1036
1732740290648 70.2 1037
1732740300781 68.8 1038
1732740310962 66.7 1039
1732740321159 64.7 1040
1732740331343 44.3 1041
1732740341499 66.2 1042
1732740351666 66.4 1043
1732740361844 65.0 1044
1732740372036 35.1 1045
1732740382213 68.5 1046
1732740392383 70.4 1047
1732740402562 36.2 1048
1732740412733 69.9 1049
1732740422928 74.4 1050
1732740433142 69.7 1051
1732740443340 69.2 1052
1732740453479 67.5 1053
1732740463653 73.3 1054
1732740473846 72.2 1055
1732740483963 69.8 1056
1732740494149 36.5 1057
1732740504353 70.2 1058
1732740514529 66.5 1059
1732740524719 37.8 1060
1732740534907 66.5 1061
1732740545092 69.9 1062
1732740555303 65.9 1063
1732740565490 65.9 1064
1732740575707 67.7 1065
1732740585924 37.8 1066
1732740596070 68.5 1067
1732740606252 34.0 1068
1732740616430 69.8 1069
1732740626639 65.5 1070
1732740636779 72.0 1071
1732740646922 37.8 1072
1732740657049 73.5 1073
1732740667178 72.9 1074
1732740677375 66.1 1075
1732740687587 71.6 1076
1732740697712 68.9 1077
1732740707923 67.7 1078
1732740718052 70.0 1079
1732740728182 71.9 1080
1732740738311 70.1 1081
1732740748489 71.1 1082
1732740758618 60.0 1083
1732740768741 71.0 1084
1732740778934 72.4 1085
1732740789072 69.2 1086
1732740799215 71.0 1087
1732740809371 39.5 1088
1732740819549 63.4 1089
1732740829679 68.7 1090
1732740839814 71.7 1091
1732740849942 69.3 1092
1732740860116 68.5 1093
1732740870253 37.7 1094
1732740880469 69.1 1095
1732740890596 67.8 1096
1732740900738 65.6 1097
1732740910870 69.1 1098
1732740921002 68.8 1099
1732740931175 47.9 1100
1732740941336 69.9 1101
1732740951495 70.3 1102
1732740961650 70.7 1103
1732740971838 69.7 1104
1732740982031 69.5 1105
1732740992223 69.2 1106
1732741002370 69.4 1107
1732741012524 68.4 1108
1732741022754 71.8 1109
1732741032943 70.3 1110
1732741043140 69.7 1111
1732741053320 70.8 1112
1732741063529 70.6 1113
1732741073715 69.9 1114
1732741083890 73.2 1115
1732741094076 42.5 1116
1732741104274 68.4 1117
1732741114453 68.0 1118
1732741124657 39.5 1119
1732741134802 69.5 1120
1732741144971 74.0 1121
1732741155121 37.6 1122
1732741165315 68.2 1123
1732741175510 70.5 1124
1732741185708 71.9 1125
1732741195884 70.7 1126
1732741206060 41.8 1127
1732741216239 71.8 1128
1732741226391 74.0 1129
1732741236520 70.7 1130
1732741246699 75.3 1131
1732741256898 37.9 1132
1732741267085 69.5 1133
1732741277258 71.2 1134
1732741287461 70.3 1135
1732741297609 70.4 1136
1732741307800 63.7 1137
1732741318014 72.5 1138
1732741328209 66.3 1139
1732741338420 71.1 1140
1732741348658 72.2 1141
1732741358848 47.9 1142
1732741369026 71.5 1143
1732741379235 67.9 1144
1732741389578 73.3 1145
1732741399794 67.0 1146
1732741409991 73.0 1147
1732741420171 72.3 1148
1732741430365 62.6 1149
1732741440571 46.5 1150
1732741450786 70.5 1151
1732741460977 72.9 1152
1732741471195 72.5 1153
1732741481403 37.4 1154
1732741491537 70.6 1155
1732741501665 32.5 1156
1732741511858 68.3 1157
1732741522075 70.7 1158
1732741532297 69.5 1159
1732741542432 72.2 1160
1732741552630 71.2 1161
1732741562838 72.3 1162
1732741572988 69.8 1163
1732741583133 71.9 1164
1732741593328 71.6 1165
1732741603527 37.0 1166
1732741613725 69.8 1167
1732741623868 68.3 1168
1732741634056 71.4 1169
1732741644235 34.3 1170
1732741654444 70.5 1171
1732741664667 64.1 1172
1732741674875 32.7 1173
1732741685023 70.7 1174
1732741695200 69.1 1175
1732741705397 69.2 1176
1732741715588 68.7 1177
1732741725787 68.8 1178
1732741735962 32.7 1179
1732741746169 72.9 1180
1732741756318 32.8 1181
1732741766446 73.6 1182
1732741776589 70.2 1183
1732741786784 69.7 1184
1732741796966 73.7 1185
1732741807155 34.0 1186
1732741817287 71.2 1187
1732741827492 71.1 1188
1732741837700 65.6 1189
1732741847900 33.3 1190
1732741858100 69.6 1191
1732741868295 45.6 1192
1732741878487 72.6 1193
1732741888665 74.1 1194
1732741898848 34.8 1195
1732741909035 68.9 1196
1732741919208 40.3 1197
1732741929387 33.5 1198
1732741939597 68.1 1199
1732741949817 67.7 1200
1732741960013 67.8 1201
1732741970199 66.5 1202
1732741980381 62.1 1203
1732741990573 67.4 1204
1732742000733 65.3 1205
1732742010909 70.7 1206
1732742021132 66.1 1207
1732742031352 65.2 1208
1732742041491 36.3 1209
1732742051692 66.8 1210
1732742061817 65.0 1211
1732742072015 68.0 1212
1732742082198 65.7 1213
1732742092396 66.9 1214
1732742102598 64.0 1215
1732742112777 69.0 1216
1732742122969 32.6 1217
1732742133155 69.1 1218
1732742143376 74.7 1219
1732742153565 68.4 1220
1732742163748 68.0 1221
1732742173980 67.8 1222
1732742184182 68.6 1223
1732742194373 70.7 1224
1732742204567 69.3 1225
1732742214737 67.4 1226
1732742224921 61.6 1227
1732742235135 66.9 1228
1732742245317 65.2 1229
1732742255500 67.3 1230
1732742265681 68.4 1231
1732742275828 33.2 1232
1732742285957 68.4 1233
1732742296153 68.6 1234
1732742306337 69.8 1235
1732742316532 70.4 1236
1732742326716 68.9 1237
1732742336919 67.7 1238
1732742347062 72.9 1239
1732742357220 70.6 1240
1732742367422 72.3 1241
1732742377601 65.8 1242
1732742387784 68.4 1243
1732742397977 72.4 1244
1732742408156 67.9 1245
1732742418296 60.7 1246
1732742428445 67.2 1247
1732742438578 67.7 1248
1732742448779 66.9 1249
1732742458949 37.4 1250
1732742469101 65.3 1251
1732742479293 65.3 1252
1732742489437 32.1 1253
1732742499584 65.8 1254
1732742509791 38.9 1255
1732742519980 68.3 1256
1732742530170 65.0 1257
1732742540362 32.3 1258
1732742550550 64.3 1259
1732742560684 69.1 1260
1732742570875 70.0 1261
1732742581066 68.9 1262
1732742591255 67.4 1263
1732742601451 37.4 1264
1732742611669 71.0 1265
1732742621865 69.6 1266
1732742632083 60.6 1267
1732742642311 68.8 1268
1732742652493 67.3 1269
1732742662763 71.7 1270
1732742672893 65.4 1271
1732742683110 68.2 1272
1732742693262 69.0 1273
1732742703461 68.8 1274
1732742713695 37.4 1275
1732742723908 66.3 1276
1732742734092 65.1 1277
1732742744287 55.9 1278
1732742754504 66.5 1279
1732742764703 69.6 1280
1732742774908 41.8 1281
1732742785110 67.4 1282
1732742795314 63.9 1283
1732742805544 68.6 1284
1732742815725 68.0 1285
1732742825989 32.5 1286
1732742836182 37.0 1287
1732742846341 69.2 1288
1732742856559 51.5 1289
1732742866756 67.8 1290
1732742876953 69.1 1291
1732742887167 68.7 1292
1732742897313 68.6 1293
1732742907460 65.6 1294
1732742917685 68.2 1295
1732742927864 66.8 1296
1732742938033 67.8 1297
1732742948245 41.7 1298
1732742958431 69.2 1299
1732742968620 32.3 1300
1732742978782 65.5 1301
1732742988996 67.7 1302
1732742999199 66.8 1303
1732743009397 43.1 1304
1732743019608 64.2 1305
1732743029798 66.5 1306
1732743039982 38.8 1307
1732743050191 70.8 1308
1732743060382 68.4 1309
1732743070572 67.1 1310
1732743080777 67.1 1311
1732743090949 68.2 1312
1732743101095 67.5 1313
1732743111287 70.4 1314
1732743121427 66.6 1315
1732743131613 71.8 1316
1732743141802 71.0 1317
1732743152005 67.7 1318
1732743162188 32.1 1319
1732743172406 68.7 1320
1732743182613 70.1 1321
1732743192802 66.7 1322
1732743202994 67.7 1323
1732743213188 68.1 1324
1732743223341 70.1 1325
1732743233525 57.4 1326
1732743243782 67.1 1327
1732743253995 37.8 1328
1732743264203 32.0 1329
1732743274433 65.4 1330
1732743284632 66.9 1331
1732743294830 67.5 1332
1732743305039 71.9 1333
1732743315184 72.6 1334
1732743325370 71.0 1335
1732743335533 71.2 1336
1732743345706 39.2 1337
1732743355936 32.3 1338
1732743366126 71.5 1339
1732743376338 49.0 1340
1732743386498 64.7 1341
1732743396661 65.3 1342
1732743406852 66.7 1343
1732743416994 64.8 1344
1732743427184 68.7 1345
1732743437397 67.1 1346
1732743447592 68.1 1347
1732743457799 69.2 1348
1732743467942 70.0 1349
1732743478175 71.2 1350
1732743488375 66.8 1351
1732743498582 69.3 1352
1732743508747 65.9 1353
1732743518945 64.7 1354
1732743529143 64.5 1355
1732743539325 65.9 1356
1732743549508 32.4 1357
1732743559729 36.8 1358
1732743569924 65.0 1359
1732743580114 67.0 1360
1732743590313 65.2 1361
1732743600538 72.7 1362
1732743610729 68.3 1363
1732743620915 69.3 1364
1732743631073 66.3 1365
1732743641258 73.2 1366
1732743651484 68.4 1367
1732743661713 66.1 1368
1732743671949 67.4 1369
1732743682171 66.5 1370
1732743692359 69.0 1371
1732743702506 68.3 1372
1732743712665 69.2 1373
1732743722864 70.4 1374
1732743733062 37.9 1375
1732743743249 70.9 1376
1732743753446 67.1 1377
1732743763659 69.3 1378
1732743773857 69.0 1379
1732743784053 32.9 1380
1732743794254 70.5 1381
1732743804441 72.3 1382
1732743814638 34.7 1383
1732743824881 72.1 1384
1732743835395 70.6 1385
1732743845707 39.4 1386
1732743855846 67.2 1387
1732743865992 71.3 1388
1732743876187 70.2 1389
1732743886333 68.3 1390
1732743896476 69.3 1391
1732743906673 73.9 1392
1732743916877 65.2 1393
1732743927083 67.2 1394
1732743937352 68.4 1395
1732743947563 67.0 1396
1732743957762 44.8 1397
1732743967959 67.6 1398
1732743978172 39.1 1399
1732743988377 70.0 1400
1732743998587 69.2 1401
1732744008742 71.0 1402
1732744018903 68.8 1403
1732744029128 68.4 1404
1732744039352 69.5 1405
1732744049568 70.5 1406
1732744059779 74.0 1407
1732744069921 43.5 1408
1732744080123 70.3 1409
1732744090311 69.1 1410
1732744100524 67.7 1411
1732744110733 68.3 1412
1732744120886 72.2 1413
1732744131099 75.3 1414
1732744141328 72.3 1415
1732744151483 68.1 1416
1732744161648 70.2 1417
1732744171897 70.3 1418
1732744182132 70.0 1419
1732744192351 67.7 1420
1732744202511 70.1 1421
1732744212692 32.7 1422
1732744222875 63.6 1423
1732744233036 72.9 1424
1732744243269 68.3 1425
1732744253479 68.4 1426
1732744263636 68.4 1427
1732744273855 70.5 1428
1732744284013 67.0 1429
1732744294320 37.4 1430
1732744304477 64.7 1431
1732744314728 69.6 1432
1732744324890 69.0 1433
1732744335082 73.7 1434
1732744345286 71.3 1435
1732744355484 37.3 1436
1732744365680 71.2 1437
1732744375872 74.1 1438
1732744386071 71.9 1439
1732744396266 71.3 1440
1732744406465 74.4 1441
1732744416614 72.8 1442
1732744426788 70.0 1443
1732744436995 72.6 1444
1732744447194 72.6 1445
1732744457354 44.8 1446
1732744467502 73.6 1447
1732744477669 72.2 1448
1732744487897 57.5 1449
1732744498112 73.3 1450
1732744508286 35.4 1451
1732744518465 32.7 1452
1732744528662 73.9 1453
1732744538855 70.9 1454
1732744549066 72.8 1455
1732744559239 71.0 1456
1732744569430 65.2 1457
1732744579611 70.8 1458
1732744589775 32.6 1459
1732744599941 69.9 1460
1732744610160 73.3 1461
1732744620333 39.5 1462
1732744630539 36.0 1463
1732744640782 50.0 1464
1732744650943 67.5 1465
1732744661155 71.5 1466
1732744671329 69.1 1467
1732744681541 72.8 1468
1732744691870 67.2 1469
1732744702073 65.7 1470
1732744712268 71.2 1471
1732744722436 72.0 1472
1732744732596 68.3 1473
1732744742776 51.1 1474
1732744752937 69.6 1475
1732744763165 67.3 1476
1732744773359 69.2 1477
1732744783561 74.9 1478
1732744793761 71.7 1479
1732744803970 70.1 1480
1732744814167 68.4 1481
1732744824353 69.4 1482
1732744834548 39.1 1483
1732744844772 70.3 1484
1732744854947 41.7 1485
1732744865172 71.9 1486
1732744875403 71.0 1487
1732744885590 68.7 1488
1732744895771 68.9 1489
1732744905981 68.2 1490
1732744916174 69.4 1491
1732744926357 39.2 1492
1732744936564 69.8 1493
1732744946778 70.9 1494
1732744957001 68.9 1495
1732744967170 68.1 1496
1732744977374 68.3 1497
1732744987597 68.9 1498
1732744997769 64.9 1499
1732745008000 72.3 1500
1732745018200 71.2 1501
1732745028406 49.0 1502
1732745038609 36.1 1503
1732745048832 72.0 1504
1732745058988 70.1 1505
1732745069189 67.8 1506
1732745079387 60.4 1507
1732745089583 42.5 1508
1732745099890 68.8 1509
1732745110064 66.4 1510
1732745120251 66.3 1511
1732745130437 65.1 1512
1732745140630 67.4 1513
1732745150785 69.5 1514
1732745160993 69.2 1515
1732745171206 34.2 1516
1732745181416 67.8 1517
1732745191626 32.2 1518
1732745201857 67.7 1519
1732745212044 34.5 1520
1732745222242 67.6 1521
1732745232451 46.6 1522
1732745242633 67.5 1523
1732745252846 75.0 1524
1732745263062 71.7 1525
1732745273281 40.0 1526
1732745283458 69.9 1527
1732745293685 36.1 1528
1732745303892 71.6 1529
1732745314088 69.6 1530
1732745324310 72.2 1531
1732745334529 37.9 1532
1732745344699 72.1 1533
1732745354922 74.8 1534
1732745365156 69.5 1535
1732745375383 70.8 1536
1732745385589 36.4 1537
1732745395806 38.4 1538
1732745406000 72.1 1539
1732745416165 45.4 1540
1732745426379 69.0 1541
1732745436578 68.5 1542
1732745446783 37.4 1543
1732745457007 68.9 1544
1732745467216 72.2 1545
1732745477453 66.6 1546
1732745487681 70.5 1547
1732745497840 36.8 1548
1732745508157 33.1 1549
1732745518358 65.7 1550
1732745528528 69.4 1551
1732745538750 57.6 1552
1732745548953 71.1 1553
1732745559415 69.6 1554
1732745569627 35.5 1555
1732745579830 66.5 1556
1732745590007 66.4 1557
1732745600213 68.8 1558
1732745610406 38.6 1559
1732745620605 34.6 1560
1732745630788 69.5 1561
1732745640999 66.5 1562
1732745651191 32.7 1563
1732745661387 68.8 1564
1732745671609 67.7 1565
1732745681812 42.7 1566
1732745691993 70.7 1567
1732745702233 71.0 1568
1732745712443 65.4 1569
1732745722588 65.0 1570
1732745732773 68.1 1571
1732745742987 65.7 1572
1732745753207 65.4 1573
1732745763398 65.5 1574
1732745773581 64.7 1575
1732745783759 64.8 1576
1732745793927 65.0 1577
1732745804087 66.7 1578
1732745814322 66.1 1579
1732745824559 63.4 1580
1732745834732 32.9 1581
1732745844957 66.9 1582
1732745855145 64.0 1583
1732745865372 69.8 1584
1732745875601 68.7 1585
1732745885758 69.9 1586
1732745895926 67.1 1587
1732745906137 69.0 1588
1732745916472 68.9 1589
1732745926674 63.8 1590
1732745936902 68.2 1591
1732745947190 68.5 1592
1732745957398 38.5 1593
1732745967571 70.2 1594
1732745977785 69.3 1595
1732745987980 66.1 1596
1732745998211 67.1 1597
1732746008821 64.7 1598
1732746019035 38.4 1599
1732746029207 68.8 1600
1732746039360 70.3 1601
1732746049564 67.8 1602
1732746059780 68.9 1603
1732746069980 73.7 1604
1732746080154 37.5 1605
1732746090348 68.0 1606
1732746100560 69.0 1607
1732746110763 67.7 1608
1732746120943 68.8 1609
1732746131116 68.7 1610
1732746141291 36.3 1611
1732746151511 67.2 1612
1732746161722 67.7 1613
1732746171939 68.4 1614
1732746182124 67.2 1615
1732746192367 69.5 1616
1732746202555 71.0 1617
1732746212778 69.6 1618
1732746222993 69.0 1619
1732746233174 67.7 1620
1732746243650 69.6 1621
1732746253866 39.8 1622
1732746264051 69.0 1623
1732746274287 71.4 1624
1732746284488 71.7 1625
1732746294685 39.7 1626
1732746304967 72.3 1627
1732746315194 37.5 1628
1732746325516 72.9 1629
1732746335746 70.3 1630
1732746345928 70.7 1631
1732746356126 73.5 1632
1732746366337 37.3 1633
1732746376560 71.1 1634
1732746386735 71.8 1635
1732746396907 72.9 1636
1732746407069 73.8 1637
1732746417287 38.2 1638
1732746427501 73.3 1639
1732746437728 48.7 1640
1732746447952 71.0 1641
1732746458196 69.7 1642
1732746468416 36.6 1643
1732746478623 69.9 1644
1732746488839 72.3 1645
1732746499071 68.3 1646
1732746509288 66.9 1647
1732746519515 37.9 1648
1732746529732 35.7 1649
1732746539951 34.2 1650
1732746550162 70.8 1651
1732746560396 66.8 1652
1732746570628 71.6 1653
1732746580797 50.0 1654
1732746591021 73.6 1655
1732746601254 71.2 1656
1732746611453 67.5 1657
1732746621685 68.3 1658
1732746631918 68.8 1659
1732746642150 69.1 1660
1732746652402 67.6 1661
1732746662638 71.5 1662
1732746672869 69.3 1663
1732746683082 71.0 1664
1732746693329 74.5 1665
1732746703511 67.7 1666
1732746713745 75.3 1667
1732746723973 71.3 1668
1732746734271 72.4 1669
1732746744493 66.7 1670
1732746754721 71.3 1671
1732746764944 65.3 1672
1732746775193 72.1 1673
1732746785399 70.9 1674
1732746795604 44.9 1675
1732746805796 67.5 1676
1732746816030 70.2 1677
1732746826202 68.1 1678
1732746836385 70.0 1679
1732746846599 70.2 1680
1732746856766 42.1 1681
1732746866988 69.3 1682
1732746877207 70.2 1683
1732746887434 35.7 1684
1732746897680 72.4 1685
1732746907914 56.0 1686
1732746918124 69.9 1687
1732746928328 70.5 1688
1732746938533 76.3 1689
1732746948743 76.1 1690
1732746958981 68.2 1691
1732746969182 68.0 1692
1732746979371 69.7 1693
1732746989580 69.4 1694
1732746999801 71.1 1695
1732747009985 70.6 1696
1732747020178 33.0 1697
1732747030408 68.9 1698
1732747040610 72.6 1699
1732747050857 72.6 1700
1732747061082 70.5 1701
1732747071324 70.6 1702
1732747081574 67.3 1703
1732747091752 67.0 1704
1732747101980 68.4 1705
1732747112203 69.3 1706
1732747122438 64.6 1707
1732747132655 70.1 1708
1732747142887 37.7 1709
1732747153063 53.2 1710
1732747163299 67.8 1711
1732747173492 65.9 1712
1732747183669 70.6 1713
1732747193883 67.9 1714
1732747204098 37.4 1715
1732747214286 44.7 1716
1732747224494 69.1 1717
1732747234694 32.2 1718
1732747244857 66.2 1719
1732747255063 66.1 1720
1732747265285 32.6 1721
1732747275508 65.2 1722
1732747285695 67.4 1723
1732747295893 68.1 1724
1732747306138 37.8 1725
1732747316486 66.9 1726
1732747327014 64.9 1727
1732747337249 39.9 1728
1732747347423 64.7 1729
1732747357653 68.5 1730
1732747367882 32.6 1731
1732747378114 69.5 1732
1732747388325 65.5 1733
1732747398547 51.9 1734
1732747408797 66.0 1735
1732747419005 64.5 1736
1732747429236 67.6 1737
1732747439458 67.9 1738
1732747449666 66.7 1739
1732747459867 41.5 1740
1732747470102 67.9 1741
1732747480275 63.6 1742
1732747490511 65.5 1743
1732747500747 64.6 1744
1732747510975 65.8 1745
1732747521158 42.2 1746
1732747531314 67.1 1747
1732747541555 32.6 1748
1732747551762 65.7 1749
1732747561985 69.8 1750
1732747572233 67.8 1751
1732747582460 68.1 1752
1732747592652 64.5 1753
1732747602871 64.5 1754
1732747613084 51.7 1755
1732747623300 66.7 1756
1732747633521 64.0 1757
1732747643734 32.1 1758
1732747653984 64.1 1759
1732747664206 56.2 1760
1732747674451 65.3 1761
1732747684672 61.0 1762
1732747694854 63.2 1763
1732747705022 63.6 1764
1732747715222 64.6 1765
1732747725441 66.2 1766
1732747735744 46.8 1767
1732747745978 66.7 1768
1732747756198 66.4 1769
1732747766423 60.9 1770
1732747776614 66.1 1771
1732747786828 67.3 1772
1732747797075 70.8 1773
1732747807318 68.1 1774
1732747817485 67.1 1775
1732747827671 69.1 1776
1732747837888 35.8 1777
1732747848108 67.7 1778
1732747858372 67.0 1779
1732747868564 67.8 1780
1732747878744 66.1 1781
1732747888967 67.1 1782
1732747899199 48.9 1783
1732747909463 68.3 1784
1732747919678 67.1 1785
1732747929853 72.2 1786
1732747940066 69.6 1787
1732747950252 65.8 1788
1732747960498 61.2 1789
1732747970726 66.0 1790
1732747980936 64.4 1791
1732747991156 63.8 1792
1732748001318 32.7 1793
1732748011911 62.4 1794
1732748022125 38.8 1795
1732748032353 65.7 1796
1732748042599 66.8 1797
1732748052833 35.6 1798
1732748063079 33.5 1799
1732748073270 68.0 1800
1732748083493 69.1 1801
1732748093686 41.6 1802
1732748103904 68.8 1803
1732748114150 71.3 1804
1732748124338 67.0 1805
1732748134547 69.9 1806
1732748144781 32.7 1807
1732748155029 70.5 1808
1732748165228 68.4 1809
1732748175467 68.7 1810
1732748185688 67.5 1811
1732748195942 39.1 1812
1732748206172 35.5 1813
1732748216404 69.6 1814
1732748226608 68.4 1815
1732748236839 73.8 1816
1732748247070 69.4 1817
1732748257403 68.3 1818
1732748267572 62.5 1819
1732748277773 66.7 1820
1732748288005 65.4 1821
1732748298219 62.7 1822
1732748308483 63.5 1823
1732748318725 46.7 1824
1732748328938 61.2 1825
1732748339126 32.2 1826
1732748349302 70.2 1827
1732748359525 69.4 1828
1732748369731 67.8 1829
1732748379956 68.4 1830
1732748390191 37.0 1831
1732748400402 63.9 1832
1732748410628 32.3 1833
1732748420807 66.1 1834
1732748431060 70.5 1835
1732748441624 66.0 1836
1732748451843 39.5 1837
1732748462074 67.5 1838
1732748472247 67.0 1839
1732748482477 66.7 1840
1732748492663 64.2 1841
1732748502838 70.3 1842
1732748513012 42.6 1843
1732748523175 68.4 1844
1732748533374 68.8 1845
1732748543625 39.0 1846
1732748553880 64.3 1847
1732748564127 67.3 1848
1732748574320 44.0 1849
1732748584546 65.6 1850
1732748594783 68.5 1851
1732748604991 69.3 1852
1732748615189 69.0 1853
1732748625372 70.0 1854
1732748635593 42.0 1855
1732748645816 68.4 1856
1732748656055 68.5 1857
1732748666298 65.6 1858
1732748676507 39.3 1859
1732748686738 70.2 1860
1732748696980 36.9 1861
1732748707236 69.9 1862
1732748717410 69.2 1863
1732748727628 67.2 1864
1732748737840 32.6 1865
1732748748181 65.6 1866
1732748758411 64.9 1867
1732748768656 63.5 1868
1732748778874 63.0 1869
1732748789141 64.4 1870
1732748799368 63.1 1871
1732748809610 33.5 1872
1732748819854 36.9 1873
1732748830074 64.6 1874
1732748840267 65.3 1875
1732748850490 67.1 1876
1732748860673 67.8 1877
1732748870864 69.4 1878
1732748881057 58.3 1879
1732748891250 68.0 1880
1732748901483 67.3 1881
1732748911660 68.5 1882
1732748921876 66.8 1883
1732748932047 65.8 1884
1732748942260 67.8 1885
1732748952447 67.5 1886
1732748962673 65.9 1887
1732748972853 66.0 1888
1732748983081 38.4 1889
1732748993307 59.7 1890
1732749003537 62.9 1891
1732749013763 46.1 1892
1732749024011 64.5 1893
1732749034270 64.8 1894
1732749044491 62.3 1895
1732749054690 67.9 1896
1732749064878 36.7 1897
1732749075108 32.6 1898
1732749085331 39.0 1899
1732749095526 38.8 1900
1732749105771 72.8 1901
1732749116014 70.6 1902
1732749126239 45.2 1903
1732749136436 35.5 1904
1732749146661 69.8 1905
1732749156838 66.8 1906
1732749167093 66.0 1907
1732749177355 66.0 1908
1732749187601 65.8 1909
1732749197819 65.7 1910
1732749208073 64.4 1911
1732749218344 61.9 1912
1732749228638 62.7 1913
1732749238908 42.2 1914
1732749249150 68.5 1915
1732749259369 63.6 1916
1732749269601 64.4 1917
1732749279805 66.0 1918
1732749290014 67.9 1919
1732749300238 68.2 1920
1732749310478 39.0 1921
1732749320702 68.3 1922
1732749330902 69.9 1923
1732749341182 35.6 1924
1732749351446 69.5 1925
1732749361623 66.4 1926
1732749371815 38.9 1927
1732749382013 69.9 1928
1732749392227 68.5 1929
1732749402463 50.0 1930
1732749412655 68.0 1931
1732749423336 42.9 1932
1732749433579 37.7 1933
1732749443794 68.1 1934
1732749454032 66.0 1935
1732749464272 66.7 1936
1732749474509 64.1 1937
1732749484785 63.2 1938
1732749494994 65.4 1939
1732749505248 64.9 1940
1732749515501 66.8 1941
1732749525757 68.7 1942
1732749536012 67.1 1943
1732749546254 66.7 1944
1732749556507 68.0 1945
1732749566759 70.3 1946
1732749576956 65.9 1947
1732749587191 67.4 1948
1732749597446 70.5 1949
1732749607678 70.4 1950
1732749617895 57.7 1951
1732749628137 69.2 1952
1732749638348 69.6 1953
1732749648615 71.8 1954
1732749658858 68.2 1955
1732749669062 36.5 1956
1732749679301 69.6 1957
1732749689522 68.6 1958
1732749699761 67.1 1959
1732749709997 68.6 1960
1732749720311 67.7 1961
1732749730558 65.7 1962
1732749740798 67.3 1963
1732749751034 67.1 1964
1732749761237 67.3 1965
1732749771469 65.8 1966
1732749781655 57.0 1967
1732749791887 32.8 1968
1732749802119 65.9 1969
1732749812336 65.7 1970
1732749822572 31.9 1971
1732749832843 68.0 1972
1732749843069 69.8 1973
1732749853292 32.1 1974
1732749863531 71.3 1975
1732749873757 69.7 1976
1732749883998 41.5 1977
1732749894240 68.2 1978
1732749904489 70.8 1979
1732749914738 37.0 1980
1732749924945 67.7 1981
1732749935162 32.7 1982
1732749945401 36.5 1983
1732749955655 67.0 1984
