1732729782128 20.5 0
1732729792172 49.7 1
1732729802215 57.1 2
1732729812253 60.9 3
1732729822298 64.0 4
1732729832342 67.5 5
1732729842404 56.4 6
1732729852472 59.4 7
1732729862536 62.4 8
1732729872626 63.7 9
1732729882695 66.7 10
1732729892769 54.3 11
1732729902833 57.2 12
1732729912885 61.0 13
1732729922953 64.7 14
1732729933026 68.6 15
1732729943086 56.2 16
1732729953181 59.7 17
1732729963266 63.5 18
1732729973341 66.0 19
1732729983415 68.0 20
1732729993489 79.3 21
1732730003555 56.7 22
1732730013627 59.8 23
1732730023717 61.8 24
1732730033798 64.8 25
1732730043864 66.0 26
1732730053935 74.7 27
1732730064013 72.6 28
1732730074080 57.3 29
1732730084156 59.1 30
1732730094231 57.2 31
1732730104311 64.0 32
1732730114605 67.4 33
1732730124675 71.3 34
1732730134756 56.2 35
1732730144830 58.2 36
1732730154905 61.2 37
1732730164977 63.5 38
1732730175074 66.6 39
1732730185163 69.8 40
1732730195235 71.5 41
1732730205330 59.1 42
1732730215409 64.8 43
1732730225491 62.9 44
1732730235581 66.4 45
1732730245666 69.7 46
1732730255739 71.5 47
1732730265810 59.0 48
1732730275890 62.4 49
1732730285965 63.4 50
1732730296038 65.4 51
1732730306116 68.2 52
1732730316202 70.6 53
1732730326286 71.6 54
1732730336358 58.1 55
1732730346448 61.2 56
1732730356524 58.3 57
1732730366611 71.0 58
1732730376679 68.4 59
1732730386780 71.0 60
1732730396864 58.1 61
1732730406942 60.1 62
1732730417031 61.6 63
1732730427107 63.7 64
1732730437190 66.9 65
1732730447270 68.8 66
1732730457354 70.4 67
1732730467426 76.2 68
1732730477514 57.4 69
1732730487602 59.5 70
1732730497699 61.8 71
1732730507775 63.6 72
1732730517879 65.4 73
1732730527955 68.2 74
1732730538050 69.6 75
1732730548134 71.5 76
1732730558223 73.1 77
1732730568296 58.7 78
1732730578383 60.7 79
1732730588474 62.4 80
1732730598557 64.3 81
1732730608640 65.1 82
1732730618730 67.8 83
1732730628805 70.0 84
1732730638890 72.1 85
1732730648971 73.5 86
1732730659045 59.3 87
1732730669127 66.9 88
1732730679186 63.9 89
1732730689268 66.9 90
1732730699354 67.8 91
1732730709434 69.4 92
1732730719523 73.2 93
1732730729602 59.8 94
1732730739704 57.5 95
1732730749792 64.7 96
1732730759879 66.3 97
1732730769950 64.9 98
1732730780052 69.9 99
1732730790134 71.8 100
1732730800209 72.9 101
1732730810314 73.8 102
1732730820403 62.1 103
1732730830495 62.0 104
1732730840557 66.2 105
1732730850643 68.8 106
1732730860717 71.2 107
1732730870808 72.7 108
1732730880911 59.4 109
1732730890992 67.9 110
1732730901083 65.1 111
1732730911169 67.4 112
1732730921249 69.7 113
1732730931326 68.8 114
1732730941400 89.2 115
1732730951483 61.4 116
1732730961593 64.4 117
1732730971656 67.2 118
1732730981751 69.1 119
1732730991831 71.3 120
1732731001928 78.3 121
1732731012010 60.1 122
1732731022092 63.3 123
1732731032194 70.8 124
1732731042292 68.7 125
1732731052386 71.5 126
1732731062464 89.4 127
1732731072547 61.5 128
1732731082629 63.7 129
1732731092739 66.2 130
1732731102825 69.1 131
1732731112904 72.1 132
1732731122982 75.2 133
1732731133083 62.2 134
1732731143182 65.2 135
1732731153276 66.7 136
1732731163377 68.8 137
1732731173454 70.9 138
1732731183520 74.4 139
1732731193613 61.3 140
1732731203695 64.7 141
1732731213794 66.6 142
1732731223874 68.1 143
1732731233965 70.2 144
1732731244055 78.7 145
1732731254141 89.2 146
1732731264246 62.9 147
1732731274344 66.4 148
1732731284443 70.1 149
1732731294529 73.7 150
1732731304623 61.3 151
1732731314688 64.4 152
1732731324779 66.7 153
1732731334867 70.3 154
1732731344958 73.7 155
1732731355029 61.7 156
1732731365109 68.9 157
1732731375191 66.5 158
1732731385292 70.0 159
1732731395384 71.2 160
1732731405483 75.6 161
1732731415581 62.4 162
1732731425679 65.2 163
1732731435775 68.6 164
1732731445874 72.1 165
1732731455949 75.5 166
1732731466046 61.7 167
1732731476140 63.6 168
1732731486230 65.6 169
1732731496325 68.5 170
1732731506417 71.0 171
1732731516495 73.6 172
1732731526595 61.0 173
1732731536682 63.3 174
1732731546775 60.5 175
1732731556867 63.2 176
1732731566958 69.5 177
1732731577045 70.9 178
1732731587135 73.1 179
1732731597204 70.8 180
1732731607265 75.2 181
1732731617350 62.0 182
1732731627422 64.3 183
1732731637502 67.0 184
1732731647572 69.5 185
1732731657671 72.3 186
1732731667755 80.2 187
1732731677858 61.5 188
1732731687952 63.8 189
1732731698039 67.1 190
1732731708140 69.8 191
1732731718236 69.9 192
1732731728330 74.7 193
1732731738430 61.6 194
1732731748527 63.4 195
1732731758635 66.4 196
1732731768741 69.0 197
1732731778832 71.9 198
1732731788929 75.3 199
1732731799020 61.7 200
1732731809121 63.9 201
1732731819211 65.7 202
1732731829310 68.4 203
1732731839400 66.0 204
1732731849518 72.7 205
1732731859617 75.8 206
1732731869718 61.9 207
1732731879821 62.7 208
1732731889908 64.2 209
1732731900016 66.7 210
1732731910132 69.4 211
1732731920223 71.8 212
1732731930327 73.2 213
1732731940419 74.8 214
1732731950527 61.1 215
1732731960627 63.0 216
1732731970715 65.6 217
1732731980826 68.4 218
1732731990911 71.2 219
1732732001021 72.5 220
1732732011131 73.3 221
1732732021206 90.2 222
1732732031287 62.9 223
1732732041392 66.3 224
1732732051493 67.6 225
1732732061588 66.9 226
1732732071689 73.0 227
1732732081793 90.6 228
1732732091890 63.2 229
1732732101999 65.0 230
1732732112103 67.1 231
1732732122202 69.9 232
1732732132296 72.1 233
1732732142402 77.8 234
1732732152502 63.0 235
1732732162608 64.7 236
1732732172703 67.7 237
1732732182824 70.9 238
1732732192923 74.2 239
1732732203044 62.0 240
1732732213157 65.2 241
1732732223252 67.6 242
1732732233364 70.7 243
1732732243470 72.0 244
1732732253578 74.8 245
1732732263688 61.9 246
1732732273802 64.1 247
1732732283894 66.8 248
1732732293958 69.9 249
1732732304052 73.0 250
1732732314161 89.7 251
1732732324268 63.2 252
1732732334375 66.2 253
1732732344485 69.3 254
1732732354587 72.2 255
1732732364686 74.9 256
1732732374804 62.5 257
1732732384910 65.3 258
1732732395012 67.5 259
1732732405121 70.7 260
1732732415229 73.6 261
1732732425338 61.1 262
1732732435428 64.3 263
1732732445513 66.2 264
1732732455603 69.0 265
1732732465722 72.3 266
1732732475830 89.9 267
1732732485940 63.0 268
1732732496023 66.2 269
1732732506120 69.1 270
1732732516225 72.0 271
1732732526326 74.9 272
1732732536413 62.6 273
1732732546523 65.7 274
1732732556646 68.7 275
1732732566764 71.6 276
1732732576872 74.6 277
1732732586979 62.1 278
1732732597076 65.0 279
1732732607197 68.1 280
1732732617289 69.3 281
1732732627667 73.5 282
1732732637791 75.8 283
1732732647915 63.2 284
1732732658008 66.5 285
1732732668123 69.7 286
1732732678237 72.8 287
1732732688347 76.5 288
1732732698449 63.4 289
1732732708559 66.5 290
1732732718681 69.8 291
1732732728798 73.1 292
1732732738912 61.2 293
1732732749037 64.1 294
1732732759155 67.2 295
1732732769256 70.6 296
1732732779353 73.9 297
1732732789470 61.4 298
1732732799572 64.8 299
1732732809695 68.1 300
1732732819811 71.3 301
1732732829929 74.6 302
1732732840046 62.5 303
1732732850151 65.5 304
1732732860258 68.3 305
1732732870364 71.4 306
1732732880490 74.7 307
1732732890603 61.8 308
1732732900740 65.0 309
1732732910841 67.4 310
1732732920956 70.5 311
1732732931065 73.1 312
1732732941173 75.1 313
1732732951285 62.0 314
1732732961405 64.3 315
1732732971521 67.8 316
1732732981631 71.3 317
1732732991731 74.9 318
1732733001839 62.8 319
1732733011944 64.7 320
1732733022061 68.2 321
1732733032189 69.9 322
1732733042291 72.6 323
1732733052365 74.5 324
1732733062475 61.5 325
1732733072592 64.1 326
1732733082705 66.2 327
1732733092822 67.8 328
1732733102910 70.8 329
1732733113030 73.9 330
1732733123112 61.7 331
1732733133206 62.7 332
1732733143310 66.1 333
1732733153430 69.1 334
1732733163544 71.4 335
1732733173657 73.4 336
1732733183765 75.3 337
1732733193892 61.8 338
1732733204020 65.2 339
1732733214137 68.6 340
1732733224255 70.5 341
1732733234362 68.2 342
1732733244477 75.5 343
1732733254588 61.2 344
1732733264718 63.9 345
1732733274841 65.9 346
1732733284957 69.3 347
1732733295077 72.4 348
1732733305183 90.9 349
1732733315321 63.1 350
1732733325455 66.2 351
1732733335563 67.7 352
1732733345662 69.7 353
1732733355782 72.7 354
1732733365888 90.3 355
1732733376019 63.2 356
1732733386151 61.6 357
1732733396263 68.0 358
1732733406362 70.7 359
1732733416481 73.1 360
1732733426607 75.2 361
1732733436726 61.5 362
1732733446843 64.4 363
1732733456964 67.4 364
1732733467081 69.7 365
1732733477204 72.4 366
1732733487315 74.5 367
1732733497447 61.6 368
1732733507556 63.4 369
1732733517671 66.1 370
1732733527766 68.5 371
1732733537898 71.4 372
1732733548009 74.4 373
1732733558119 76.4 374
1732733568221 62.0 375
1732733578350 63.4 376
1732733588469 66.2 377
1732733598588 67.5 378
1732733608706 69.9 379
1732733618781 78.2 380
1732733628887 74.7 381
1732733639024 89.9 382
1732733649142 62.8 383
1732733659226 65.0 384
1732733669305 67.2 385
1732733679410 69.6 386
1732733689521 72.6 387
1732733699701 73.5 388
1732733709843 76.0 389
1732733719961 60.8 390
1732733730083 63.0 391
1732733740220 64.9 392
1732733750342 66.4 393
1732733760471 68.5 394
1732733770595 69.8 395
1732733780717 71.4 396
1732733790814 74.5 397
1732733800943 61.8 398
1732733811062 63.9 399
1732733821178 65.6 400
1732733831263 67.7 401
1732733841383 69.3 402
1732733851513 71.4 403
1732733861628 74.6 404
1732733871764 58.4 405
1732733881895 63.9 406
1732733892014 66.4 407
1732733902139 67.0 408
1732733912264 68.8 409
1732733922384 70.6 410
1732733932514 71.5 411
1732733942644 72.1 412
1732733952770 61.1 413
1732733962891 64.0 414
1732733973013 65.8 415
1732733983137 68.4 416
1732733993260 70.8 417
1732734003384 74.0 418
1732734013513 74.7 419
1732734023632 89.6 420
1732734033758 61.8 421
1732734043870 64.4 422
1732734054000 65.8 423
1732734064123 65.6 424
1732734074253 67.3 425
1732734084378 69.9 426
1732734094489 72.5 427
1732734104614 73.8 428
1732734114763 74.9 429
1732734124887 60.6 430
1732734134967 63.0 431
1732734145083 65.5 432
1732734155213 67.2 433
1732734165337 70.2 434
1732734175479 74.2 435
1732734185637 73.9 436
1732734195768 60.6 437
1732734205900 62.6 438
1732734215976 64.4 439
1732734226104 67.6 440
1732734236217 69.6 441
1732734246356 72.2 442
1732734256483 74.8 443
1732734266610 82.6 444
1732734276746 55.6 445
1732734286873 60.0 446
1732734296996 58.2 447
1732734307093 64.8 448
1732734317234 67.0 449
1732734327365 69.6 450
1732734337492 72.7 451
1732734347616 73.9 452
1732734357738 78.2 453
1732734367862 58.0 454
1732734377991 63.6 455
1732734388104 65.2 456
1732734398243 67.8 457
1732734408328 69.9 458
1732734418451 71.4 459
1732734428572 74.1 460
1732734438701 60.6 461
1732734448842 63.3 462
1732734458973 65.3 463
1732734469108 67.6 464
1732734479197 69.5 465
1732734489335 71.6 466
1732734499469 73.5 467
1732734509610 90.3 468
1732734519692 61.6 469
1732734529830 64.4 470
1732734539967 67.5 471
1732734550103 69.5 472
1732734560265 71.6 473
1732734570445 73.6 474
1732734580585 75.4 475
1732734590713 61.3 476
1732734600843 69.3 477
1732734610948 65.7 478
1732734621077 68.2 479
1732734631189 69.8 480
1732734641272 72.1 481
1732734651372 75.2 482
1732734661498 62.9 483
1732734671645 64.1 484
1732734681775 67.7 485
1732734691883 73.2 486
1732734702013 73.8 487
1732734712150 80.6 488
1732734722247 61.9 489
1732734732381 63.9 490
1732734742524 65.7 491
1732734752653 67.9 492
1732734762786 65.4 493
1732734772925 73.4 494
1732734783058 76.3 495
1732734793194 63.8 496
1732734803333 67.1 497
1732734813467 69.7 498
1732734823586 71.7 499
1732734833722 74.4 500
1732734843865 60.6 501
1732734853997 63.2 502
1732734864140 64.0 503
1732734874253 66.6 504
1732734884388 68.8 505
1732734894523 70.8 506
1732734904662 73.0 507
1732734914809 74.5 508
1732734924947 60.7 509
1732734935092 64.1 510
1732734945239 66.9 511
1732734955330 68.7 512
1732734965399 70.5 513
1732734975506 73.6 514
1732734985618 74.9 515
1732734995774 89.1 516
1732735005921 63.1 517
1732735016074 64.7 518
1732735026217 68.0 519
1732735036313 71.6 520
1732735046447 73.3 521
1732735056573 90.4 522
1732735066719 62.3 523
1732735076856 64.1 524
1732735086997 72.7 525
1732735097093 69.3 526
1732735107245 69.6 527
1732735117381 72.3 528
1732735127517 74.1 529
1732735137622 75.2 530
1732735147745 61.3 531
1732735157897 61.3 532
1732735168043 63.7 533
1732735178184 65.6 534
1732735188323 66.9 535
1732735198474 68.9 536
1732735208728 70.9 537
1732735218817 74.7 538
1732735228954 63.0 539
1732735239115 62.5 540
1732735249257 64.5 541
1732735259403 66.6 542
1732735269513 69.6 543
1732735279657 71.1 544
1732735289791 81.9 545
1732735299958 61.3 546
1732735310046 62.5 547
1732735320178 64.5 548
1732735330327 67.0 549
1732735340473 70.2 550
1732735350619 72.8 551
1732735360761 75.0 552
1732735370891 62.8 553
1732735381034 65.3 554
1732735391174 67.7 555
1732735401311 70.9 556
1732735411477 68.3 557
1732735421595 60.6 558
1732735431756 63.5 559
1732735441902 64.8 560
1732735452024 66.6 561
1732735462162 68.7 562
1732735472284 71.1 563
1732735482429 72.4 564
1732735492584 74.6 565
1732735502731 62.0 566
1732735512886 65.5 567
1732735522986 68.9 568
1732735533106 72.2 569
1732735543267 90.1 570
1732735553411 62.6 571
1732735563569 65.3 572
1732735573728 66.9 573
1732735583888 68.8 574
1732735594034 71.6 575
1732735604171 74.8 576
1732735614309 62.0 577
1732735624458 64.7 578
1732735634600 66.0 579
1732735644767 68.8 580
1732735654926 70.9 581
1732735665074 77.1 582
1732735675191 75.2 583
1732735685324 62.2 584
1732735695462 65.0 585
1732735705608 69.4 586
1732735715756 69.1 587
1732735725899 72.4 588
1732735735998 75.1 589
1732735746141 61.3 590
1732735756258 63.3 591
1732735766392 65.6 592
1732735776542 67.4 593
1732735786713 70.3 594
1732735796860 72.1 595
1732735807016 75.3 596
1732735817115 61.5 597
1732735827270 63.8 598
1732735837413 66.2 599
1732735847520 68.1 600
1732735857620 70.8 601
1732735867768 74.0 602
1732735877904 76.3 603
1732735888026 63.8 604
1732735898162 66.6 605
1732735908314 74.1 606
1732735918463 70.4 607
1732735928614 74.3 608
1732735938759 77.0 609
1732735948896 65.0 610
1732735959047 67.7 611
1732735969191 69.4 612
1732735979323 72.3 613
1732735989426 70.7 614
1732735999560 76.4 615
1732736009726 56.2 616
1732736019807 64.5 617
1732736029943 66.5 618
1732736040089 69.8 619
1732736050244 70.6 620
1732736060381 73.9 621
1732736070536 76.6 622
1732736080681 63.4 623
1732736090837 65.5 624
1732736100946 68.4 625
1732736111080 71.6 626
1732736121224 74.3 627
1732736131345 76.3 628
1732736141506 63.5 629
1732736151661 65.7 630
1732736161811 68.4 631
1732736171949 70.9 632
1732736182089 73.7 633
1732736192248 75.5 634
1732736202344 77.3 635
1732736212498 65.5 636
1732736222656 68.5 637
1732736232806 71.6 638
1732736242976 73.9 639
1732736253135 75.8 640
1732736263274 62.8 641
1732736273426 64.7 642
1732736283577 67.5 643
1732736293732 70.4 644
1732736303880 73.5 645
1732736314029 76.2 646
1732736324188 62.4 647
1732736334351 64.2 648
1732736344524 67.2 649
1732736354680 70.3 650
1732736364834 72.4 651
1732736374994 74.2 652
1732736385158 92.3 653
1732736395322 64.6 654
1732736405477 67.6 655
1732736415637 71.0 656
1732736425813 73.7 657
1732736435942 76.1 658
1732736446091 62.9 659
1732736456244 66.1 660
1732736466394 69.7 661
1732736476549 72.6 662
1732736486688 78.9 663
1732736496822 76.6 664
1732736506977 64.3 665
1732736517133 67.0 666
1732736527244 70.1 667
1732736537325 73.2 668
1732736547477 76.4 669
1732736557649 63.8 670
1732736567763 66.6 671
1732736577899 69.4 672
1732736588063 70.5 673
1732736598212 73.0 674
1732736608364 73.6 675
1732736618512 75.2 676
1732736628672 77.8 677
1732736638826 64.9 678
1732736648972 71.3 679
1732736659132 71.1 680
1732736669291 71.5 681
1732736679449 73.5 682
1732736689606 75.8 683
1732736699763 78.6 684
1732736709904 65.8 685
1732736720057 69.0 686
1732736730211 70.7 687
1732736740374 73.2 688
1732736750529 74.8 689
1732736760683 77.6 690
1732736770830 64.7 691
1732736780936 66.9 692
1732736791093 69.3 693
1732736801235 71.6 694
1732736811378 70.6 695
1732736821526 75.6 696
1732736831682 78.6 697
1732736841843 64.4 698
1732736852011 67.8 699
1732736862177 69.4 700
1732736872325 72.2 701
1732736882452 75.8 702
1732736892596 77.5 703
1732736902750 64.7 704
1732736912903 65.6 705
1732736923057 68.2 706
1732736933219 71.2 707
1732736943331 74.2 708
1732736953492 76.6 709
1732736963612 63.5 710
1732736973761 66.3 711
1732736983908 69.5 712
1732736994069 65.6 713
1732737004174 73.3 714
1732737014333 76.2 715
1732737024510 62.8 716
1732737034680 65.9 717
1732737044780 69.1 718
1732737054953 72.2 719
1732737065111 75.3 720
1732737075279 77.2 721
1732737085437 64.2 722
1732737095604 66.4 723
1732737105761 63.6 724
1732737115921 71.1 725
1732737126068 74.0 726
1732737136170 80.1 727
1732737146322 63.9 728
1732737156506 66.5 729
1732737166662 68.0 730
1732737176809 71.3 731
1732737186979 74.5 732
1732737197129 76.7 733
1732737207240 78.4 734
1732737217363 64.5 735
1732737227524 67.6 736
1732737237679 69.6 737
1732737247855 72.3 738
1732737258011 73.7 739
1732737268175 76.6 740
1732737278343 63.2 741
1732737288518 66.1 742
1732737298682 68.4 743
1732737308833 70.4 744
1732737318986 73.1 745
1732737329149 76.8 746
1732737339307 64.3 747
1732737349472 66.5 748
1732737359646 69.4 749
1732737369801 71.7 750
1732737379967 74.5 751
1732737390125 76.4 752
1732737400296 79.0 753
1732737410456 66.3 754
1732737422970 68.2 755
1732737433148 70.5 756
1732737443315 72.0 757
1732737453473 74.9 758
1732737463640 78.0 759
1732737474223 78.6 760
1732737484391 66.0 761
1732737494566 69.1 762
1732737504716 72.5 763
1732737514884 79.6 764
1732737524993 77.0 765
1732737535185 63.6 766
1732737545353 64.5 767
1732737555471 69.8 768
1732737565586 69.5 769
1732737575747 71.3 770
1732737585906 74.4 771
1732737596078 72.7 772
1732737606186 63.9 773
1732737616337 67.2 774
1732737626530 70.5 775
1732737636690 73.0 776
1732737646820 76.1 777
1732737656981 63.8 778
1732737667148 70.9 779
1732737677307 68.6 780
1732737687482 77.5 781
1732737697667 73.5 782
1732737707850 76.5 783
1732737718020 64.5 784
1732737728191 67.0 785
1732737738315 69.0 786
1732737748501 71.1 787
1732737758666 73.5 788
1732737768822 76.5 789
1732737778988 63.7 790
1732737789148 66.2 791
1732737799324 68.3 792
1732737809501 71.2 793
1732737819671 73.4 794
1732737829840 75.5 795
1732737840005 77.9 796
1732737850121 64.5 797
1732737860285 67.1 798
1732737870466 70.2 799
1732737880652 73.1 800
1732737890822 76.1 801
1732737901005 78.9 802
1732737911170 65.4 803
1732737921330 64.4 804
1732737931500 70.6 805
1732737941668 73.7 806
1732737951832 76.1 807
1732737962045 77.3 808
1732737972210 63.7 809
1732737982354 67.1 810
1732737992497 69.3 811
1732738002663 71.7 812
1732738012839 74.4 813
1732738023008 77.1 814
1732738033130 64.1 815
1732738043303 67.2 816
1732738053479 70.3 817
1732738063657 73.5 818
1732738073843 76.5 819
1732738083992 79.4 820
1732738094147 66.3 821
1732738104264 68.7 822
1732738114401 71.4 823
1732738124556 72.7 824
1732738134722 75.6 825
1732738144907 78.2 826
1732738155060 65.2 827
1732738165236 69.0 828
1732738175417 68.2 829
1732738185536 70.0 830
1732738195683 72.9 831
1732738205838 76.0 832
1732738216010 78.5 833
1732738226178 64.8 834
1732738236343 68.1 835
1732738246508 71.1 836
1732738256696 73.7 837
1732738266859 79.2 838
1732738277030 93.1 839
1732738287191 70.3 840
1732738297361 61.3 841
1732738307522 68.5 842
1732738317693 71.7 843
1732738327885 74.2 844
1732738338081 76.5 845
1732738348267 79.6 846
1732738358387 66.6 847
1732738368508 69.9 848
1732738378657 73.0 849
1732738388838 75.7 850
1732738399005 78.0 851
1732738409175 64.8 852
1732738419313 67.8 853
1732738429488 70.9 854
1732738439665 74.0 855
1732738449779 80.6 856
1732738459944 64.5 857
1732738470129 66.2 858
1732738480307 68.5 859
1732738490449 70.6 860
1732738500562 73.3 861
1732738510748 76.1 862
1732738520906 92.3 863
1732738531032 62.7 864
1732738541193 69.3 865
1732738551360 70.0 866
1732738561540 72.1 867
1732738571713 74.9 868
1732738581831 77.0 869
1732738591943 78.4 870
1732738602098 91.4 871
1732738612268 63.8 872
1732738622445 66.4 873
1732738632570 63.8 874
1732738642715 72.0 875
1732738652875 73.2 876
1732738663039 76.4 877
1732738673208 77.9 878
1732738683369 64.0 879
1732738693529 65.8 880
1732738703679 69.3 881
1732738713831 71.9 882
1732738723958 74.7 883
1732738734149 77.0 884
1732738744340 61.1 885
1732738755087 64.3 886
1732738765264 70.1 887
1732738775453 69.3 888
1732738785577 71.7 889
1732738795737 74.4 890
1732738805906 77.1 891
1732738816096 63.6 892
1732738826268 65.3 893
1732738836445 68.1 894
1732738846576 70.4 895
1732738856722 72.4 896
1732738866895 75.5 897
1732738877111 62.4 898
1732738887297 65.7 899
1732738897424 68.2 900
1732738907597 71.4 901
1732738917742 69.1 902
1732738927909 76.6 903
1732738938086 62.0 904
1732738948226 65.1 905
1732738958407 67.5 906
1732738968595 70.6 907
1732738978734 73.7 908
1732738988882 77.1 909
1732738999060 64.1 910
1732739009233 65.7 911
1732739019415 69.2 912
1732739029571 72.5 913
1732739039761 76.3 914
1732739049923 92.1 915
1732739060123 64.1 916
1732739070258 66.4 917
1732739080411 68.3 918
1732739090544 70.9 919
1732739100726 74.1 920
1732739110905 74.6 921
1732739121059 76.7 922
1732739131203 64.4 923
1732739141318 68.1 924
1732739151459 71.5 925
1732739161613 74.4 926
1732739171741 77.2 927
1732739181922 63.2 928
1732739192106 66.5 929
1732739202266 69.3 930
1732739212411 69.4 931
1732739222588 72.4 932
1732739232761 75.0 933
1732739242930 61.8 934
1732739253110 65.4 935
1732739263293 69.0 936
1732739273458 72.5 937
1732739283702 75.7 938
1732739293872 75.1 939
1732739304060 62.3 940
1732739314210 66.0 941
1732739324394 68.5 942
1732739334547 71.6 943
1732739344729 74.9 944
1732739354928 92.1 945
1732739365077 64.5 946
1732739375235 67.4 947
1732739385382 72.8 948
1732739395506 71.1 949
1732739405670 73.6 950
1732739415779 77.0 951
1732739425939 64.3 952
1732739436120 68.8 953
1732739446250 68.2 954
1732739456391 72.0 955
1732739466523 75.2 956
1732739476675 77.7 957
1732739486860 65.0 958
1732739497032 66.4 959
1732739507156 64.3 960
1732739517293 71.0 961
1732739527427 73.5 962
1732739537585 76.0 963
1732739547744 63.1 964
1732739557862 65.2 965
1732739568057 68.0 966
1732739578248 71.7 967
1732739588420 75.1 968
1732739598581 77.6 969
1732739608744 64.3 970
1732739618938 64.3 971
1732739629122 66.8 972
1732739639311 74.1 973
1732739649509 71.9 974
1732739659693 73.6 975
1732739669889 91.1 976
1732739680026 64.6 977
1732739690212 67.1 978
1732739700399 69.6 979
1732739710590 71.9 980
1732739720777 68.4 981
1732739730968 76.1 982
1732739741150 63.6 983
1732739751285 66.8 984
1732739761403 70.1 985
1732739771584 72.8 986
1732739781770 74.0 987
1732739791957 76.2 988
1732739802133 77.8 989
1732739812307 65.5 990
1732739822481 66.1 991
1732739832692 70.7 992
1732739842849 73.8 993
1732739853048 92.2 994
1732739863225 64.4 995
1732739873413 67.3 996
1732739883546 70.4 997
1732739893714 72.2 998
1732739903925 74.5 999
1732739914133 77.6 1000
1732739924322 64.2 1001
1732739934497 66.9 1002
1732739944695 70.3 1003
1732739954873 73.3 1004
1732739965064 76.8 1005
1732739975247 63.4 1006
1732739985371 66.5 1007
1732739995502 70.0 1008
1732740005652 73.8 1009
1732740015828 77.5 1010
1732740026034 78.9 1011
1732740036211 66.4 1012
1732740046345 69.4 1013
1732740056512 69.3 1014
1732740066663 72.6 1015
1732740077004 75.6 1016
1732740087178 62.8 1017
1732740097345 66.1 1018
1732740107532 68.1 1019
1732740117743 70.9 1020
1732740127936 71.5 1021
1732740138090 72.8 1022
1732740148249 74.8 1023
1732740158450 62.9 1024
1732740168576 65.5 1025
1732740178764 67.7 1026
1732740188937 69.8 1027
1732740199102 72.5 1028
1732740209234 78.6 1029
1732740219404 62.7 1030
1732740229572 64.7 1031
1732740239730 60.7 1032
1732740249938 69.1 1033
1732740260122 72.5 1034
1732740270289 75.2 1035
1732740280476 62.6 1036
1732740290648 65.6 1037
1732740300781 68.4 1038
1732740310962 71.7 1039
1732740321159 74.0 1040
1732740331343 92.0 1041
1732740341499 64.8 1042
1732740351666 67.5 1043
1732740361844 69.2 1044
1732740372036 71.4 1045
1732740382213 73.4 1046
1732740392383 75.9 1047
1732740402562 92.2 1048
1732740412733 64.6 1049
1732740422928 66.5 1050
1732740433142 67.8 1051
1732740443340 69.7 1052
1732740453479 72.7 1053
1732740463653 74.9 1054
1732740473846 62.2 1055
1732740483963 65.4 1056
1732740494149 74.0 1057
1732740504353 70.8 1058
1732740514529 74.2 1059
1732740524719 76.7 1060
1732740534907 63.7 1061
1732740545092 66.4 1062
1732740555303 68.8 1063
1732740565490 71.3 1064
1732740575707 74.2 1065
1732740585924 76.7 1066
1732740596070 63.8 1067
1732740606252 66.2 1068
1732740616430 68.5 1069
1732740626639 71.7 1070
1732740636779 73.7 1071
1732740646922 76.4 1072
1732740657049 64.2 1073
1732740667178 67.5 1074
1732740677375 70.5 1075
1732740687587 72.4 1076
1732740697712 75.0 1077
1732740707923 62.3 1078
1732740718052 65.2 1079
1732740728182 68.3 1080
1732740738311 71.4 1081
1732740748489 74.3 1082
1732740758618 62.0 1083
1732740768741 63.8 1084
1732740778934 66.7 1085
1732740789072 70.1 1086
1732740799215 73.4 1087
1732740809371 76.6 1088
1732740819549 62.7 1089
1732740829679 65.1 1090
1732740839814 68.0 1091
1732740849942 71.1 1092
1732740860116 74.1 1093
1732740870253 77.5 1094
1732740880469 64.5 1095
1732740890596 67.1 1096
1732740900738 69.8 1097
1732740910870 72.3 1098
1732740921002 75.0 1099
1732740931175 89.4 1100
1732740941336 63.8 1101
1732740951495 66.9 1102
1732740961650 69.6 1103
1732740971838 72.3 1104
1732740982031 75.7 1105
1732740992223 63.1 1106
1732741002370 66.2 1107
1732741012524 69.1 1108
1732741022754 71.9 1109
1732741032943 74.5 1110
1732741043140 61.8 1111
1732741053320 64.8 1112
1732741063529 67.9 1113
1732741073715 71.0 1114
1732741083890 73.2 1115
1732741094076 90.5 1116
1732741104274 64.1 1117
1732741114453 67.1 1118
1732741124657 69.1 1119
1732741134802 70.7 1120
1732741144971 74.5 1121
1732741155121 77.6 1122
1732741165315 64.8 1123
1732741175510 67.6 1124
1732741185708 71.1 1125
1732741195884 73.6 1126
1732741206060 91.4 1127
1732741216239 64.1 1128
1732741226391 67.3 1129
1732741236520 71.0 1130
1732741246699 74.1 1131
1732741256898 77.0 1132
1732741267085 64.5 1133
1732741277258 68.1 1134
1732741287461 71.4 1135
1732741297609 74.6 1136
1732741307800 82.5 1137
1732741318014 63.4 1138
1732741328209 66.0 1139
1732741338420 69.5 1140
1732741348658 72.9 1141
1732741358848 91.7 1142
1732741369026 63.8 1143
1732741379235 67.2 1144
1732741389578 69.2 1145
1732741399794 72.3 1146
1732741409991 75.7 1147
1732741420171 63.2 1148
1732741430365 65.2 1149
1732741440571 65.8 1150
1732741450786 68.9 1151
1732741460977 71.3 1152
1732741471195 74.2 1153
1732741481403 77.5 1154
1732741491537 64.2 1155
1732741501665 66.5 1156
1732741511858 69.1 1157
1732741522075 70.9 1158
1732741532297 72.5 1159
1732741542432 75.4 1160
1732741552630 62.7 1161
1732741562838 65.2 1162
1732741572988 68.3 1163
1732741583133 71.3 1164
1732741593328 74.4 1165
1732741603527 77.1 1166
1732741613725 65.3 1167
1732741623868 67.9 1168
1732741634056 70.4 1169
1732741644235 72.8 1170
1732741654444 75.5 1171
1732741664667 62.4 1172
1732741674875 62.5 1173
1732741685023 66.6 1174
1732741695200 69.7 1175
1732741705397 72.5 1176
1732741715588 75.6 1177
1732741725787 63.0 1178
1732741735962 60.9 1179
1732741746169 67.4 1180
1732741756318 70.5 1181
1732741766446 72.5 1182
1732741776589 75.6 1183
1732741786784 63.3 1184
1732741796966 65.6 1185
1732741807155 61.8 1186
1732741817287 69.1 1187
1732741827492 71.0 1188
1732741837700 73.2 1189
1732741847900 69.6 1190
1732741858100 77.6 1191
1732741868295 60.7 1192
1732741878487 66.4 1193
1732741888665 69.9 1194
1732741898848 72.1 1195
1732741909035 74.6 1196
1732741919208 91.5 1197
1732741929387 66.7 1198
1732741939597 66.2 1199
1732741949817 69.2 1200
1732741960013 72.1 1201
1732741970199 74.2 1202
1732741980381 83.3 1203
1732741990573 64.3 1204
1732742000733 67.0 1205
1732742010909 69.9 1206
1732742021132 72.8 1207
1732742031352 75.3 1208
1732742041491 77.2 1209
1732742051692 64.4 1210
1732742061817 67.0 1211
1732742072015 69.3 1212
1732742082198 71.5 1213
1732742092396 74.2 1214
1732742102598 76.7 1215
1732742112777 63.9 1216
1732742122969 66.4 1217
1732742133155 69.3 1218
1732742143376 71.7 1219
1732742153565 74.0 1220
1732742163748 76.3 1221
1732742173980 62.8 1222
1732742184182 64.8 1223
1732742194373 67.6 1224
1732742204567 70.9 1225
1732742214737 73.9 1226
1732742224921 81.0 1227
1732742235135 64.2 1228
1732742245317 66.7 1229
1732742255500 68.3 1230
1732742265681 71.2 1231
1732742275828 73.6 1232
1732742285957 76.2 1233
1732742296153 63.0 1234
1732742306337 65.2 1235
1732742316532 68.1 1236
1732742326716 70.1 1237
1732742336919 73.2 1238
1732742347062 75.5 1239
1732742357220 62.5 1240
1732742367422 65.1 1241
1732742377601 67.9 1242
1732742387784 70.7 1243
1732742397977 73.6 1244
1732742408156 75.6 1245
1732742418296 62.6 1246
1732742428445 65.6 1247
1732742438578 68.7 1248
1732742448779 71.5 1249
1732742458949 73.3 1250
1732742469101 75.9 1251
1732742479293 62.5 1252
1732742489437 64.3 1253
1732742499584 66.6 1254
1732742509791 67.8 1255
1732742519980 71.4 1256
1732742530170 73.9 1257
1732742540362 75.7 1258
1732742550550 60.8 1259
1732742560684 63.9 1260
1732742570875 67.1 1261
1732742581066 70.1 1262
1732742591255 73.2 1263
1732742601451 76.3 1264
1732742611669 62.7 1265
1732742621865 65.8 1266
1732742632083 69.1 1267
1732742642311 71.7 1268
1732742652493 74.6 1269
1732742662763 61.7 1270
1732742672893 64.9 1271
1732742683110 67.9 1272
1732742693262 70.8 1273
1732742703461 73.3 1274
1732742713695 76.3 1275
1732742723908 63.6 1276
1732742734092 66.3 1277
1732742744287 63.1 1278
1732742754504 70.9 1279
1732742764703 73.7 1280
1732742774908 60.9 1281
1732742785110 63.7 1282
1732742795314 66.4 1283
1732742805544 69.2 1284
1732742815725 72.0 1285
1732742825989 80.0 1286
1732742836182 60.2 1287
1732742846341 63.4 1288
1732742856559 60.6 1289
1732742866756 68.6 1290
1732742876953 71.6 1291
1732742887167 74.3 1292
1732742897313 61.7 1293
1732742907460 64.4 1294
1732742917685 67.2 1295
1732742927864 69.2 1296
1732742938033 72.2 1297
1732742948245 90.2 1298
1732742958431 62.6 1299
1732742968620 64.9 1300
1732742978782 67.2 1301
1732742988996 69.8 1302
1732742999199 72.5 1303
1732743009397 90.4 1304
1732743019608 62.5 1305
1732743029798 63.9 1306
1732743039982 60.0 1307
1732743050191 68.5 1308
1732743060382 71.4 1309
1732743070572 74.5 1310
1732743080777 61.8 1311
1732743090949 65.1 1312
1732743101095 67.1 1313
1732743111287 68.8 1314
1732743121427 71.7 1315
1732743131613 73.9 1316
1732743141802 61.7 1317
1732743152005 64.5 1318
1732743162188 66.4 1319
1732743172406 69.1 1320
1732743182613 71.9 1321
1732743192802 75.2 1322
1732743202994 62.3 1323
1732743213188 65.3 1324
1732743223341 68.4 1325
1732743233525 71.3 1326
1732743243782 72.9 1327
1732743253995 75.9 1328
1732743264203 67.5 1329
1732743274433 64.2 1330
1732743284632 67.3 1331
1732743294830 70.4 1332
1732743305039 73.7 1333
1732743315184 61.4 1334
1732743325370 64.8 1335
1732743335533 66.9 1336
1732743345706 70.5 1337
1732743355936 72.2 1338
1732743366126 74.0 1339
1732743376338 61.2 1340
1732743386498 64.1 1341
1732743396661 66.8 1342
1732743406852 69.7 1343
1732743416994 72.5 1344
1732743427184 75.4 1345
1732743437397 62.6 1346
1732743447592 64.9 1347
1732743457799 66.7 1348
1732743467942 69.2 1349
1732743478175 72.2 1350
1732743488375 75.2 1351
1732743498582 62.6 1352
1732743508747 65.5 1353
1732743518945 67.9 1354
1732743529143 70.5 1355
1732743539325 73.2 1356
1732743549508 70.9 1357
1732743559729 76.4 1358
1732743569924 63.8 1359
1732743580114 66.7 1360
1732743590313 69.0 1361
1732743600538 71.5 1362
1732743610729 74.7 1363
1732743620915 61.9 1364
1732743631073 64.7 1365
1732743641258 66.4 1366
1732743651484 69.4 1367
1732743661713 72.4 1368
1732743671949 75.6 1369
1732743682171 63.0 1370
1732743692359 65.9 1371
1732743702506 69.1 1372
1732743712665 72.1 1373
1732743722864 75.4 1374
1732743733062 61.9 1375
1732743743249 64.6 1376
1732743753446 67.7 1377
1732743763659 70.5 1378
1732743773857 73.2 1379
1732743784053 75.9 1380
1732743794254 62.7 1381
1732743804441 65.8 1382
1732743814638 74.8 1383
1732743824881 70.7 1384
1732743835395 73.6 1385
1732743845707 77.0 1386
1732743855846 64.5 1387
1732743865992 67.6 1388
1732743876187 70.8 1389
1732743886333 73.0 1390
1732743896476 76.1 1391
1732743906673 63.2 1392
1732743916877 65.9 1393
1732743927083 68.1 1394
1732743937352 70.7 1395
1732743947563 73.8 1396
1732743957762 91.8 1397
1732743967959 64.1 1398
1732743978172 66.9 1399
1732743988377 69.9 1400
1732743998587 73.0 1401
1732744008742 76.1 1402
1732744018903 63.4 1403
1732744029128 65.3 1404
1732744039352 67.9 1405
1732744049568 71.1 1406
1732744059779 73.7 1407
1732744069921 91.8 1408
1732744080123 64.4 1409
1732744090311 67.6 1410
1732744100524 69.5 1411
1732744110733 72.7 1412
1732744120886 76.0 1413
1732744131099 63.9 1414
1732744141328 66.2 1415
1732744151483 69.2 1416
1732744161648 72.0 1417
1732744171897 75.5 1418
1732744182132 63.0 1419
1732744192351 66.1 1420
1732744202511 69.4 1421
1732744212692 72.2 1422
1732744222875 72.9 1423
1732744233036 75.6 1424
1732744243269 63.2 1425
1732744253479 65.9 1426
1732744263636 69.0 1427
1732744273855 72.0 1428
1732744284013 74.9 1429
1732744294320 78.5 1430
1732744304477 64.8 1431
1732744314728 67.8 1432
1732744324890 70.9 1433
1732744335082 72.4 1434
1732744345286 75.5 1435
1732744355484 77.9 1436
1732744365680 64.4 1437
1732744375872 67.9 1438
1732744386071 70.1 1439
1732744396266 73.5 1440
1732744406465 76.7 1441
1732744416614 64.4 1442
1732744426788 67.6 1443
1732744436995 71.1 1444
1732744447194 74.4 1445
1732744457354 92.7 1446
1732744467502 65.5 1447
1732744477669 68.9 1448
1732744487897 71.5 1449
1732744498112 74.9 1450
1732744508286 78.1 1451
1732744518465 70.3 1452
1732744528662 67.4 1453
1732744538855 70.1 1454
1732744549066 72.7 1455
1732744559239 75.9 1456
1732744569430 63.4 1457
1732744579611 66.4 1458
1732744589775 64.7 1459
1732744599941 71.1 1460
1732744610160 73.7 1461
1732744620333 76.1 1462
1732744630539 78.1 1463
1732744640782 65.2 1464
1732744650943 68.0 1465
1732744661155 70.5 1466
1732744671329 73.8 1467
1732744681541 77.1 1468
1732744691870 64.6 1469
1732744702073 67.5 1470
1732744712268 70.5 1471
1732744722436 73.0 1472
1732744732596 76.2 1473
1732744742776 63.1 1474
1732744752937 66.2 1475
1732744763165 69.2 1476
1732744773359 72.0 1477
1732744783561 75.2 1478
1732744793761 77.6 1479
1732744803970 64.2 1480
1732744814167 67.4 1481
1732744824353 69.8 1482
1732744834548 72.0 1483
1732744844772 75.4 1484
1732744854947 92.8 1485
1732744865172 65.7 1486
1732744875403 68.3 1487
1732744885590 71.4 1488
1732744895771 74.3 1489
1732744905981 77.5 1490
1732744916174 64.5 1491
1732744926357 68.5 1492
1732744936564 68.7 1493
1732744946778 69.9 1494
1732744957001 73.2 1495
1732744967170 76.5 1496
1732744977374 63.9 1497
1732744987597 66.9 1498
1732744997769 69.9 1499
1732745008000 71.7 1500
1732745018200 74.7 1501
1732745028406 92.9 1502
1732745038609 60.1 1503
1732745048832 67.2 1504
1732745058988 70.3 1505
1732745069189 73.4 1506
1732745079387 75.5 1507
1732745089583 93.0 1508
1732745099890 65.4 1509
1732745110064 68.6 1510
1732745120251 71.4 1511
1732745130437 74.2 1512
1732745140630 77.2 1513
1732745150785 64.3 1514
1732745160993 67.3 1515
1732745171206 69.8 1516
1732745181416 71.7 1517
1732745191626 78.1 1518
1732745201857 77.2 1519
1732745212044 93.6 1520
1732745222242 66.3 1521
1732745232451 68.1 1522
1732745242633 70.2 1523
1732745252846 73.5 1524
1732745263062 76.9 1525
1732745273281 92.8 1526
1732745283458 65.8 1527
1732745293685 68.2 1528
1732745303892 71.3 1529
1732745314088 74.5 1530
1732745324310 76.6 1531
1732745334529 78.2 1532
1732745344699 66.2 1533
1732745354922 69.8 1534
1732745365156 73.0 1535
1732745375383 75.6 1536
1732745385589 78.2 1537
1732745395806 70.0 1538
1732745406000 68.4 1539
1732745416165 71.1 1540
1732745426379 73.3 1541
1732745436578 75.6 1542
1732745446783 78.9 1543
1732745457007 66.4 1544
1732745467216 69.4 1545
1732745477453 72.3 1546
1732745487681 75.4 1547
1732745497840 79.3 1548
1732745508157 66.3 1549
1732745518358 67.5 1550
1732745528528 70.9 1551
1732745538750 72.6 1552
1732745548953 75.2 1553
1732745559415 77.6 1554
1732745569627 78.8 1555
1732745579830 65.3 1556
1732745590007 66.5 1557
1732745600213 69.4 1558
1732745610406 74.3 1559
1732745620605 73.3 1560
1732745630788 75.3 1561
1732745640999 62.2 1562
1732745651191 64.9 1563
1732745661387 66.8 1564
1732745671609 69.8 1565
1732745681812 69.1 1566
1732745691993 75.3 1567
1732745702233 78.0 1568
1732745712443 64.6 1569
1732745722588 67.3 1570
1732745732773 69.8 1571
1732745742987 72.5 1572
1732745753207 74.9 1573
1732745763398 77.2 1574
1732745773581 64.1 1575
1732745783759 66.9 1576
1732745793927 69.3 1577
1732745804087 71.9 1578
1732745814322 74.6 1579
1732745824559 77.1 1580
1732745834732 64.7 1581
1732745844957 65.8 1582
1732745855145 67.4 1583
1732745865372 70.3 1584
1732745875601 72.5 1585
1732745885758 75.2 1586
1732745895926 78.3 1587
1732745906137 65.2 1588
1732745916472 68.3 1589
1732745926674 70.5 1590
1732745936902 73.1 1591
1732745947190 76.2 1592
1732745957398 78.7 1593
1732745967571 65.2 1594
1732745977785 68.2 1595
1732745987980 71.0 1596
1732745998211 73.6 1597
1732746008821 76.2 1598
1732746019035 78.4 1599
1732746029207 65.7 1600
1732746039360 68.6 1601
1732746049564 71.6 1602
1732746059780 72.8 1603
1732746069980 75.9 1604
1732746080154 79.1 1605
1732746090348 65.5 1606
1732746100560 68.0 1607
1732746110763 71.2 1608
1732746120943 74.0 1609
1732746131116 77.2 1610
1732746141291 91.9 1611
1732746151511 64.7 1612
1732746161722 67.6 1613
1732746171939 70.6 1614
1732746182124 73.3 1615
1732746192367 76.4 1616
1732746202555 63.7 1617
1732746212778 66.7 1618
1732746222993 69.1 1619
1732746233174 71.8 1620
1732746243650 74.9 1621
1732746253866 78.4 1622
1732746264051 65.5 1623
1732746274287 68.6 1624
1732746284488 71.4 1625
1732746294685 73.3 1626
1732746304967 75.4 1627
1732746315194 62.8 1628
1732746325516 64.0 1629
1732746335746 67.7 1630
1732746345928 71.0 1631
1732746356126 74.2 1632
1732746366337 77.7 1633
1732746376560 64.9 1634
1732746386735 67.1 1635
1732746396907 70.2 1636
1732746407069 73.6 1637
1732746417287 76.7 1638
1732746427501 65.0 1639
1732746437728 63.6 1640
1732746447952 70.6 1641
1732746458196 73.8 1642
1732746468416 77.3 1643
1732746478623 64.5 1644
1732746488839 67.7 1645
1732746499071 70.9 1646
1732746509288 73.9 1647
1732746519515 77.6 1648
1732746529732 62.5 1649
1732746539951 65.8 1650
1732746550162 68.7 1651
1732746560396 71.8 1652
1732746570628 74.4 1653
1732746580797 75.7 1654
1732746591021 62.4 1655
1732746601254 65.8 1656
1732746611453 69.1 1657
1732746621685 72.2 1658
1732746631918 75.1 1659
1732746642150 62.4 1660
1732746652402 65.5 1661
1732746662638 68.8 1662
1732746672869 72.1 1663
1732746683082 75.3 1664
1732746693329 62.9 1665
1732746703511 65.5 1666
1732746713745 68.5 1667
1732746723973 71.9 1668
1732746734271 75.4 1669
1732746744493 62.9 1670
1732746754721 65.7 1671
1732746764944 68.5 1672
1732746775193 70.7 1673
1732746785399 74.1 1674
1732746795604 92.8 1675
1732746805796 65.0 1676
1732746816030 67.9 1677
1732746826202 71.1 1678
1732746836385 74.0 1679
1732746846599 75.9 1680
1732746856766 91.6 1681
1732746866988 64.1 1682
1732746877207 67.3 1683
1732746887434 73.7 1684
1732746897680 73.1 1685
1732746907914 87.6 1686
1732746918124 64.6 1687
1732746928328 68.0 1688
1732746938533 71.3 1689
1732746948743 73.2 1690
1732746958981 76.2 1691
1732746969182 63.3 1692
1732746979371 61.9 1693
1732746989580 64.9 1694
1732746999801 68.2 1695
1732747009985 70.8 1696
1732747020178 66.2 1697
1732747030408 58.9 1698
1732747040610 61.7 1699
1732747050857 62.7 1700
1732747061082 65.8 1701
1732747071324 69.0 1702
1732747081574 72.0 1703
1732747091752 59.5 1704
1732747101980 62.4 1705
1732747112203 65.3 1706
1732747122438 68.2 1707
1732747132655 71.0 1708
1732747142887 73.8 1709
1732747153063 54.9 1710
1732747163299 62.9 1711
1732747173492 65.5 1712
1732747183669 68.3 1713
1732747193883 71.1 1714
1732747204098 73.9 1715
1732747214286 61.4 1716
1732747224494 62.6 1717
1732747234694 63.6 1718
1732747244857 65.3 1719
1732747255063 68.1 1720
1732747265285 70.6 1721
1732747275508 72.7 1722
1732747285695 59.9 1723
1732747295893 62.7 1724
1732747306138 68.0 1725
1732747316486 67.7 1726
1732747327014 71.0 1727
1732747337249 74.6 1728
1732747347423 61.3 1729
1732747357653 63.2 1730
1732747367882 65.2 1731
1732747378114 67.9 1732
1732747388325 70.9 1733
1732747398547 85.2 1734
1732747408797 61.0 1735
1732747419005 63.4 1736
1732747429236 65.6 1737
1732747439458 68.3 1738
1732747449666 71.1 1739
1732747459867 88.6 1740
1732747470102 61.0 1741
1732747480275 63.5 1742
1732747490511 66.3 1743
1732747500747 69.0 1744
1732747510975 71.9 1745
1732747521158 89.1 1746
1732747531314 60.9 1747
1732747541555 62.6 1748
1732747551762 64.6 1749
1732747561985 66.1 1750
1732747572233 69.4 1751
1732747582460 72.4 1752
1732747592652 59.8 1753
1732747602871 62.5 1754
1732747613084 59.1 1755
1732747623300 67.4 1756
1732747633521 69.9 1757
1732747643734 71.5 1758
1732747653984 73.8 1759
1732747664206 60.8 1760
1732747674451 62.4 1761
1732747684672 65.2 1762
1732747694854 67.9 1763
1732747705022 70.4 1764
1732747715222 73.1 1765
1732747725441 60.7 1766
1732747735744 58.4 1767
1732747745978 65.9 1768
1732747756198 68.8 1769
1732747766423 71.3 1770
1732747776614 73.5 1771
1732747786828 60.7 1772
1732747797075 63.8 1773
1732747807318 66.9 1774
1732747817485 70.2 1775
1732747827671 73.0 1776
1732747837888 75.4 1777
1732747848108 62.6 1778
1732747858372 64.0 1779
1732747868564 66.6 1780
1732747878744 69.6 1781
1732747888967 72.5 1782
1732747899199 88.3 1783
1732747909463 62.5 1784
1732747919678 65.5 1785
1732747929853 68.4 1786
1732747940066 70.6 1787
1732747950252 73.5 1788
1732747960498 60.5 1789
1732747970726 63.0 1790
1732747980936 65.6 1791
1732747991156 68.2 1792
1732748001318 66.2 1793
1732748011911 72.7 1794
1732748022125 75.8 1795
1732748032353 61.5 1796
1732748042599 64.2 1797
1732748052833 66.2 1798
1732748063079 68.7 1799
1732748073270 71.7 1800
1732748083493 73.5 1801
1732748093686 90.0 1802
1732748103904 62.9 1803
1732748114150 66.0 1804
1732748124338 69.1 1805
1732748134547 72.2 1806
1732748144781 74.6 1807
1732748155029 61.2 1808
1732748165228 64.5 1809
1732748175467 67.6 1810
1732748185688 70.6 1811
1732748195942 72.4 1812
1732748206172 75.8 1813
1732748216404 63.1 1814
1732748226608 66.3 1815
1732748236839 69.0 1816
1732748247070 71.1 1817
1732748257403 74.1 1818
1732748267572 61.6 1819
1732748277773 64.4 1820
1732748288005 67.3 1821
1732748298219 70.0 1822
1732748308483 72.6 1823
1732748318725 90.5 1824
1732748328938 62.6 1825
1732748339126 64.3 1826
1732748349302 66.5 1827
1732748359525 68.1 1828
1732748369731 70.6 1829
1732748379956 73.6 1830
1732748390191 76.8 1831
1732748400402 63.6 1832
1732748410628 65.8 1833
1732748420807 67.8 1834
1732748431060 70.3 1835
1732748441624 73.2 1836
1732748451843 76.6 1837
1732748462074 63.5 1838
1732748472247 66.3 1839
1732748482477 68.6 1840
1732748492663 70.8 1841
1732748502838 73.3 1842
1732748513012 90.3 1843
1732748523175 63.3 1844
1732748533374 66.2 1845
1732748543625 68.8 1846
1732748553880 70.8 1847
1732748564127 73.3 1848
1732748574320 91.3 1849
1732748584546 62.0 1850
1732748594783 64.9 1851
1732748604991 68.0 1852
1732748615189 70.4 1853
1732748625372 73.0 1854
1732748635593 91.0 1855
1732748645816 63.5 1856
1732748656055 66.9 1857
1732748666298 69.6 1858
1732748676507 72.2 1859
1732748686738 74.5 1860
1732748696980 77.0 1861
1732748707236 64.7 1862
1732748717410 66.7 1863
1732748727628 69.7 1864
1732748737840 72.3 1865
1732748748181 74.9 1866
1732748758411 62.1 1867
1732748768656 65.1 1868
1732748778874 67.7 1869
1732748789141 70.4 1870
1732748799368 73.0 1871
1732748809610 75.5 1872
1732748819854 77.3 1873
1732748830074 64.3 1874
1732748840267 67.0 1875
1732748850490 69.9 1876
1732748860673 72.8 1877
1732748870864 75.9 1878
1732748881057 62.4 1879
1732748891250 64.4 1880
1732748901483 67.5 1881
1732748911660 70.3 1882
1732748921876 73.2 1883
1732748932047 76.2 1884
1732748942260 63.4 1885
1732748952447 66.4 1886
1732748962673 69.1 1887
1732748972853 71.9 1888
1732748983081 75.9 1889
1732748993307 79.8 1890
1732749003537 63.3 1891
1732749013763 61.3 1892
1732749024011 67.8 1893
1732749034270 70.7 1894
1732749044491 73.4 1895
1732749054690 76.3 1896
1732749064878 68.9 1897
1732749075108 65.3 1898
1732749085331 67.4 1899
1732749095526 70.1 1900
1732749105771 71.8 1901
1732749116014 74.9 1902
1732749126239 62.2 1903
1732749136436 68.4 1904
1732749146661 67.8 1905
1732749156838 70.5 1906
1732749167093 73.6 1907
1732749177355 76.4 1908
1732749187601 63.5 1909
1732749197819 66.4 1910
1732749208073 69.0 1911
1732749218344 71.6 1912
1732749228638 74.2 1913
1732749238908 91.6 1914
1732749249150 63.5 1915
1732749259369 66.2 1916
1732749269601 68.6 1917
1732749279805 71.3 1918
1732749290014 72.9 1919
1732749300238 75.9 1920
1732749310478 62.9 1921
1732749320702 64.5 1922
1732749330902 67.5 1923
1732749341182 70.0 1924
1732749351446 73.2 1925
1732749361623 76.1 1926
1732749371815 91.5 1927
1732749382013 64.1 1928
1732749392227 67.4 1929
1732749402463 66.0 1930
1732749412655 72.7 1931
1732749423336 72.4 1932
1732749433579 76.9 1933
1732749443794 64.9 1934
1732749454032 67.8 1935
1732749464272 70.5 1936
1732749474509 73.2 1937
1732749484785 75.9 1938
1732749494994 63.1 1939
1732749505248 65.6 1940
1732749515501 67.5 1941
1732749525757 70.6 1942
1732749536012 72.9 1943
1732749546254 75.9 1944
1732749556507 63.0 1945
1732749566759 66.1 1946
1732749576956 69.2 1947
1732749587191 72.1 1948
1732749597446 74.5 1949
1732749607678 76.3 1950
1732749617895 62.7 1951
1732749628137 65.0 1952
1732749638348 68.3 1953
1732749648615 71.6 1954
1732749658858 74.7 1955
1732749669062 77.7 1956
1732749679301 65.1 1957
1732749689522 68.2 1958
1732749699761 70.2 1959
1732749709997 73.3 1960
1732749720311 76.3 1961
1732749730558 63.6 1962
1732749740798 66.7 1963
1732749751034 69.4 1964
1732749761237 72.5 1965
1732749771469 75.4 1966
1732749781655 62.7 1967
1732749791887 64.9 1968
1732749802119 66.8 1969
1732749812336 69.2 1970
1732749822572 69.9 1971
1732749832843 72.6 1972
1732749843069 75.7 1973
1732749853292 77.5 1974
1732749863531 63.7 1975
1732749873757 66.8 1976
1732749883998 67.1 1977
1732749894240 72.1 1978
1732749904489 75.2 1979
1732749914738 78.9 1980
1732749924945 65.8 1981
1732749935162 68.1 1982
1732749945401 75.1 1983
1732749955655 73.0 1984
