1732729782128 6866.8 0
1732729792172 16672.1 1
1732729802215 19146.7 2
1732729812253 20422.2 3
1732729822298 21468.8 4
1732729832342 22653.3 5
1732729842404 18908.5 6
1732729852472 19930.9 7
1732729862536 20930.0 8
1732729872626 21364.9 9
1732729882695 22372.8 10
1732729892769 18221.4 11
1732729902833 19192.2 12
1732729912885 20474.3 13
1732729922953 21700.0 14
1732729933026 23019.1 15
1732729943086 18852.8 16
1732729953181 20037.5 17
1732729963266 21293.1 18
1732729973341 22153.9 19
1732729983415 22814.3 20
1732729993489 26608.3 21
1732730003555 19005.7 22
1732730013627 20064.9 23
1732730023717 20717.4 24
1732730033798 21724.7 25
1732730043864 22149.2 26
1732730053935 25061.8 27
1732730064013 24344.4 28
1732730074080 19209.6 29
1732730084156 19839.6 30
1732730094231 19197.1 31
1732730104311 21476.7 32
1732730114605 22599.5 33
1732730124675 23905.5 34
1732730134756 18867.0 35
1732730144830 19538.0 36
1732730154905 20531.9 37
1732730164977 21294.9 38
1732730175074 22358.5 39
1732730185163 23428.1 40
1732730195235 23988.7 41
1732730205330 19813.3 42
1732730215409 21724.3 43
1732730225491 21094.1 44
1732730235581 22281.8 45
1732730245666 23390.8 46
1732730255739 23981.3 47
1732730265810 19788.3 48
1732730275890 20938.6 49
1732730285965 21278.2 50
1732730296038 21941.0 51
1732730306116 22894.0 52
1732730316202 23691.8 53
1732730326286 24010.0 54
1732730336358 19492.3 55
1732730346448 20518.0 56
1732730356524 19574.3 57
1732730366611 23821.7 58
1732730376679 22956.4 59
1732730386780 23810.5 60
1732730396864 19477.8 61
1732730406942 20153.0 62
1732730417031 20678.9 63
1732730427107 21356.2 64
1732730437190 22457.9 65
1732730447270 23098.1 66
1732730457354 23616.3 67
1732730467426 25558.6 68
1732730477514 19259.1 69
1732730487602 19961.1 70
1732730497699 20727.6 71
1732730507775 21341.2 72
1732730517879 21931.8 73
1732730527955 22894.2 74
1732730538050 23362.2 75
1732730548134 23987.4 76
1732730558223 24517.2 77
1732730568296 19692.9 78
1732730578383 20349.4 79
1732730588474 20934.8 80
1732730598557 21579.2 81
1732730608640 21838.8 82
1732730618730 22734.3 83
1732730628805 23469.7 84
1732730638890 24187.5 85
1732730648971 24650.7 86
1732730659045 19901.8 87
1732730669127 22437.1 88
1732730679186 21438.8 89
1732730689268 22459.6 90
1732730699354 22745.2 91
1732730709434 23279.0 92
1732730719523 24549.7 93
1732730729602 20067.0 94
1732730739704 19282.8 95
1732730749792 21715.2 96
1732730759879 22232.0 97
1732730769950 21770.3 98
1732730780052 23435.2 99
1732730790134 24087.4 100
1732730800209 24454.3 101
1732730810314 24752.4 102
1732730820403 20821.6 103
1732730830495 20810.8 104
1732730840557 22206.3 105
1732730850643 23082.8 106
1732730860717 23899.6 107
1732730870808 24385.4 108
1732730880911 19929.6 109
1732730890992 22777.7 110
1732730901083 21843.7 111
1732730911169 22621.4 112
1732730921249 23392.9 113
1732730931326 23091.8 114
1732730941400 29929.6 115
1732730951483 20601.9 116
1732730961593 21596.5 117
1732730971656 22559.2 118
1732730981751 23194.3 119
1732730991831 23937.0 120
1732731001928 26274.4 121
1732731012010 20156.2 122
1732731022092 21245.9 123
1732731032194 23757.3 124
1732731042292 23049.6 125
1732731052386 23981.9 126
1732731062464 30007.2 127
1732731072547 20623.9 128
1732731082629 21378.8 129
1732731092739 22219.1 130
1732731102825 23170.2 131
1732731112904 24180.3 132
1732731122982 25238.0 133
1732731133083 20875.5 134
1732731143182 21884.2 135
1732731153276 22384.3 136
1732731163377 23074.7 137
1732731173454 23787.1 138
1732731183520 24961.5 139
1732731193613 20562.8 140
1732731203695 21690.3 141
1732731213794 22340.5 142
1732731223874 22861.0 143
1732731233965 23563.5 144
1732731244055 26392.6 145
1732731254141 29937.8 146
1732731264246 21111.2 147
1732731274344 22273.6 148
1732731284443 23525.1 149
1732731294529 24727.3 150
1732731304623 20570.0 151
1732731314688 21604.7 152
1732731324779 22393.5 153
1732731334867 23576.9 154
1732731344958 24725.1 155
1732731355029 20694.5 156
1732731365109 23126.0 157
1732731375191 22324.6 158
1732731385292 23499.8 159
1732731395384 23896.5 160
1732731405483 25374.2 161
1732731415581 20930.4 162
1732731425679 21886.9 163
1732731435775 23021.9 164
1732731445874 24175.8 165
1732731455949 25333.4 166
1732731466046 20692.7 167
1732731476140 21350.7 168
1732731486230 22007.7 169
1732731496325 22971.0 170
1732731506417 23830.7 171
1732731516495 24689.3 172
1732731526595 20461.1 173
1732731536682 21236.4 174
1732731546775 20288.2 175
1732731556867 21216.0 176
1732731566958 23308.4 177
1732731577045 23793.6 178
1732731587135 24519.3 179
1732731597204 23744.3 180
1732731607265 25241.8 181
1732731617350 20789.3 182
1732731627422 21581.1 183
1732731637502 22473.5 184
1732731647572 23303.4 185
1732731657671 24262.3 186
1732731667755 26919.1 187
1732731677858 20646.5 188
1732731687952 21420.5 189
1732731698039 22495.6 190
1732731708140 23420.4 191
1732731718236 23434.9 192
1732731728330 25059.9 193
1732731738430 20650.6 194
1732731748527 21267.5 195
1732731758635 22272.2 196
1732731768741 23146.2 197
1732731778832 24118.8 198
1732731788929 25265.3 199
1732731799020 20694.5 200
1732731809121 21437.9 201
1732731819211 22042.5 202
1732731829310 22957.6 203
1732731839400 22152.8 204
1732731849518 24395.9 205
1732731859617 25422.9 206
1732731869718 20765.8 207
1732731879821 21048.5 208
1732731889908 21542.6 209
1732731900016 22383.4 210
1732731910132 23293.0 211
1732731920223 24078.1 212
1732731930327 24544.3 213
1732731940419 25105.3 214
1732731950527 20482.0 215
1732731960627 21133.9 216
1732731970715 21997.3 217
1732731980826 22944.1 218
1732731990911 23894.3 219
1732732001021 24307.4 220
1732732011131 24600.9 221
1732732021206 30246.6 222
1732732031287 21088.2 223
1732732041392 22253.6 224
1732732051493 22689.0 225
1732732061588 22456.5 226
1732732071689 24479.7 227
1732732081793 30403.2 228
1732732091890 21206.3 229
1732732101999 21804.9 230
1732732112103 22525.5 231
1732732122202 23456.0 232
1732732132296 24187.3 233
1732732142402 26086.0 234
1732732152502 21124.9 235
1732732162608 21720.5 236
1732732172703 22705.6 237
1732732182824 23787.5 238
1732732192923 24888.2 239
1732732203044 20800.1 240
1732732213157 21865.2 241
1732732223252 22672.5 242
1732732233364 23719.2 243
1732732243470 24161.8 244
1732732253578 25109.8 245
1732732263688 20751.9 246
1732732273802 21506.5 247
1732732283894 22412.7 248
1732732293958 23462.3 249
1732732304052 24486.7 250
1732732314161 30079.9 251
1732732324268 21205.0 252
1732732334375 22207.2 253
1732732344485 23251.9 254
1732732354587 24222.6 255
1732732364686 25139.0 256
1732732374804 20963.3 257
1732732384910 21905.4 258
1732732395012 22632.3 259
1732732405121 23719.5 260
1732732415229 24702.5 261
1732732425338 20500.6 262
1732732435428 21578.4 263
1732732445513 22216.8 264
1732732455603 23154.3 265
1732732465722 24258.8 266
1732732475830 30166.6 267
1732732485940 21121.9 268
1732732496023 22193.0 269
1732732506120 23172.2 270
1732732516225 24150.5 271
1732732526326 25135.5 272
1732732536413 21005.7 273
1732732546523 22036.9 274
1732732556646 23044.9 275
1732732566764 24031.7 276
1732732576872 25038.7 277
1732732586979 20827.3 278
1732732597076 21822.4 279
1732732607197 22858.1 280
1732732617289 23237.0 281
1732732627667 24643.1 282
1732732637791 25441.7 283
1732732647915 21213.6 284
1732732658008 22324.2 285
1732732668123 23371.9 286
1732732678237 24420.7 287
1732732688347 25658.4 288
1732732698449 21261.2 289
1732732708559 22324.6 290
1732732718681 23413.6 291
1732732728798 24510.8 292
1732732738912 20528.6 293
1732732749037 21516.3 294
1732732759155 22530.9 295
1732732769256 23702.1 296
1732732779353 24802.0 297
1732732789470 20599.8 298
1732732799572 21750.1 299
1732732809695 22833.6 300
1732732819811 23911.8 301
1732732829929 25038.9 302
1732732840046 20961.7 303
1732732850151 21989.6 304
1732732860258 22899.0 305
1732732870364 23969.7 306
1732732880490 25050.0 307
1732732890603 20744.2 308
1732732900740 21803.4 309
1732732910841 22599.3 310
1732732920956 23665.6 311
1732732931065 24535.4 312
1732732941173 25190.5 313
1732732951285 20784.0 314
1732732961405 21577.7 315
1732732971521 22741.7 316
1732732981631 23918.2 317
1732732991731 25117.3 318
1732733001839 21085.0 319
1732733011944 21701.3 320
1732733022061 22882.7 321
1732733032189 23456.2 322
1732733042291 24340.2 323
1732733052365 24993.3 324
1732733062475 20642.7 325
1732733072592 21514.7 326
1732733082705 22205.8 327
1732733092822 22730.4 328
1732733102910 23758.3 329
1732733113030 24794.2 330
1732733123112 20689.8 331
1732733133206 21037.7 332
1732733143310 22173.5 333
1732733153430 23196.8 334
1732733163544 23954.6 335
1732733173657 24609.1 336
1732733183765 25272.7 337
1732733193892 20749.7 338
1732733204020 21886.6 339
1732733214137 23019.8 340
1732733224255 23641.2 341
1732733234362 22882.9 342
1732733244477 25344.4 343
1732733254588 20536.9 344
1732733264718 21453.2 345
1732733274841 22096.7 346
1732733284957 23237.9 347
1732733295077 24303.0 348
1732733305183 30483.0 349
1732733315321 21170.2 350
1732733325455 22197.0 351
1732733335563 22724.3 352
1732733345662 23370.6 353
1732733355782 24396.2 354
1732733365888 30305.9 355
1732733376019 21188.8 356
1732733386151 20654.4 357
1732733396263 22813.1 358
1732733406362 23704.8 359
1732733416481 24538.2 360
1732733426607 25215.8 361
1732733436726 20620.5 362
1732733446843 21613.7 363
1732733456964 22614.1 364
1732733467081 23373.2 365
1732733477204 24293.3 366
1732733487315 24985.9 367
1732733497447 20663.0 368
1732733507556 21259.9 369
1732733517671 22168.0 370
1732733527766 22994.8 371
1732733537898 23967.0 372
1732733548009 24976.7 373
1732733558119 25638.9 374
1732733568221 20811.0 375
1732733578350 21263.3 376
1732733588469 22217.2 377
1732733598588 22633.9 378
1732733608706 23454.8 379
1732733618781 26242.2 380
1732733628887 25062.1 381
1732733639024 30161.9 382
1732733649142 21080.8 383
1732733659226 21806.6 384
1732733669305 22532.7 385
1732733679410 23341.7 386
1732733689521 24362.9 387
1732733699701 24660.7 388
1732733709843 25502.0 389
1732733719961 20403.8 390
1732733730083 21128.4 391
1732733740220 21759.2 392
1732733750342 22272.3 393
1732733760471 22982.9 394
1732733770595 23415.3 395
1732733780717 23969.2 396
1732733790814 24979.8 397
1732733800943 20733.7 398
1732733811062 21426.3 399
1732733821178 21997.7 400
1732733831263 22714.4 401
1732733841383 23248.3 402
1732733851513 23942.1 403
1732733861628 25025.6 404
1732733871764 19578.4 405
1732733881895 21445.0 406
1732733892014 22264.9 407
1732733902139 22481.1 408
1732733912264 23098.5 409
1732733922384 23680.4 410
1732733932514 23972.4 411
1732733942644 24198.1 412
1732733952770 20507.0 413
1732733962891 21483.6 414
1732733973013 22084.8 415
1732733983137 22959.3 416
1732733993260 23755.5 417
1732734003384 24829.8 418
1732734013513 25069.6 419
1732734023632 30066.1 420
1732734033758 20721.3 421
1732734043870 21603.3 422
1732734054000 22066.8 423
1732734064123 22010.7 424
1732734074253 22566.0 425
1732734084378 23463.8 426
1732734094489 24331.6 427
1732734104614 24766.5 428
1732734114763 25125.3 429
1732734124887 20345.3 430
1732734134967 21127.7 431
1732734145083 21987.4 432
1732734155213 22535.3 433
1732734165337 23553.3 434
1732734175479 24877.4 435
1732734185637 24794.1 436
1732734195768 20331.3 437
1732734205900 21010.4 438
1732734215976 21598.2 439
1732734226104 22667.4 440
1732734236217 23364.4 441
1732734246356 24222.3 442
1732734256483 25104.7 443
1732734266610 27722.0 444
1732734276746 18650.2 445
1732734286873 20115.3 446
1732734296996 19538.9 447
1732734307093 21735.8 448
1732734317234 22474.4 449
1732734327365 23354.4 450
1732734337492 24386.5 451
1732734347616 24794.8 452
1732734357738 26227.2 453
1732734367862 19453.0 454
1732734377991 21348.6 455
1732734388104 21866.4 456
1732734398243 22734.1 457
1732734408328 23456.3 458
1732734418451 23938.8 459
1732734428572 24872.5 460
1732734438701 20342.2 461
1732734448842 21234.0 462
1732734458973 21901.6 463
1732734469108 22676.4 464
1732734479197 23332.1 465
1732734489335 24012.5 466
1732734499469 24659.3 467
1732734509610 30297.8 468
1732734519692 20654.0 469
1732734529830 21613.6 470
1732734539967 22644.7 471
1732734550103 23309.9 472
1732734560265 24005.1 473
1732734570445 24702.0 474
1732734580585 25304.5 475
1732734590713 20554.1 476
1732734600843 23258.8 477
1732734610948 22047.4 478
1732734621077 22883.7 479
1732734631189 23428.5 480
1732734641272 24187.5 481
1732734651372 25218.6 482
1732734661498 21090.2 483
1732734671645 21507.5 484
1732734681775 22715.4 485
1732734691883 24565.2 486
1732734702013 24743.7 487
1732734712150 27026.5 488
1732734722247 20778.7 489
1732734732381 21425.3 490
1732734742524 22051.8 491
1732734752653 22773.8 492
1732734762786 21925.7 493
1732734772925 24635.1 494
1732734783058 25590.9 495
1732734793194 21401.5 496
1732734803333 22496.3 497
1732734813467 23386.6 498
1732734823586 24050.5 499
1732734833722 24958.2 500
1732734843865 20337.4 501
1732734853997 21201.8 502
1732734864140 21457.4 503
1732734874253 22343.8 504
1732734884388 23070.9 505
1732734894523 23749.2 506
1732734904662 24499.4 507
1732734914809 25004.1 508
1732734924947 20358.3 509
1732734935092 21509.2 510
1732734945239 22435.2 511
1732734955330 23060.9 512
1732734965399 23648.0 513
1732734975506 24692.1 514
1732734985618 25117.7 515
1732734995774 29892.4 516
1732735005921 21170.2 517
1732735016074 21690.1 518
1732735026217 22809.6 519
1732735036313 24028.1 520
1732735046447 24582.6 521
1732735056573 30320.3 522
1732735066719 20899.5 523
1732735076856 21498.2 524
1732735086997 24403.7 525
1732735097093 23252.6 526
1732735107245 23334.8 527
1732735117381 24243.5 528
1732735127517 24855.7 529
1732735137622 25214.0 530
1732735147745 20581.1 531
1732735157897 20575.8 532
1732735168043 21367.4 533
1732735178184 22006.7 534
1732735188323 22459.4 535
1732735198474 23122.5 536
1732735208728 23790.2 537
1732735218817 25062.4 538
1732735228954 21122.0 539
1732735239115 20982.2 540
1732735249257 21640.4 541
1732735259403 22345.0 542
1732735269513 23344.1 543
1732735279657 23865.4 544
1732735289791 27463.5 545
1732735299958 20573.8 546
1732735310046 20977.3 547
1732735320178 21652.6 548
1732735330327 22493.3 549
1732735340473 23560.7 550
1732735350619 24434.1 551
1732735360761 25170.6 552
1732735370891 21073.0 553
1732735381034 21908.3 554
1732735391174 22715.5 555
1732735401311 23789.4 556
1732735411477 22899.0 557
1732735421595 20335.2 558
1732735431756 21291.3 559
1732735441902 21731.9 560
1732735452024 22349.1 561
1732735462162 23055.0 562
1732735472284 23848.3 563
1732735482429 24284.9 564
1732735492584 25014.9 565
1732735502731 20786.4 566
1732735512886 21988.5 567
1732735522986 23124.9 568
1732735533106 24217.6 569
1732735543267 30236.4 570
1732735553411 20988.9 571
1732735563569 21922.2 572
1732735573728 22427.7 573
1732735583888 23065.4 574
1732735594034 24028.2 575
1732735604171 25096.2 576
1732735614309 20800.7 577
1732735624458 21692.1 578
1732735634600 22151.1 579
1732735644767 23068.2 580
1732735654926 23772.7 581
1732735665074 25864.8 582
1732735675191 25214.2 583
1732735685324 20882.4 584
1732735695462 21821.6 585
1732735705608 23294.1 586
1732735715756 23191.1 587
1732735725899 24289.7 588
1732735735998 25182.3 589
1732735746141 20563.3 590
1732735756258 21247.6 591
1732735766392 22023.3 592
1732735776542 22613.3 593
1732735786713 23569.5 594
1732735796860 24202.6 595
1732735807016 25266.8 596
1732735817115 20632.6 597
1732735827270 21404.9 598
1732735837413 22214.7 599
1732735847520 22846.2 600
1732735857620 23756.1 601
1732735867768 24833.8 602
1732735877904 25590.0 603
1732735888026 21411.3 604
1732735898162 22334.0 605
1732735908314 24847.5 606
1732735918463 23621.5 607
1732735928614 24916.3 608
1732735938759 25820.1 609
1732735948896 21812.4 610
1732735959047 22703.9 611
1732735969191 23273.0 612
1732735979323 24261.7 613
1732735989426 23718.7 614
1732735999560 25616.7 615
1732736009726 18869.2 616
1732736019807 21640.9 617
1732736029943 22320.9 618
1732736040089 23416.1 619
1732736050244 23686.8 620
1732736060381 24802.7 621
1732736070536 25693.3 622
1732736080681 21259.9 623
1732736090837 21985.8 624
1732736100946 22961.4 625
1732736111080 24006.9 626
1732736121224 24912.3 627
1732736131345 25606.0 628
1732736141506 21287.8 629
1732736151661 22025.1 630
1732736161811 22962.7 631
1732736171949 23801.2 632
1732736182089 24718.9 633
1732736192248 25340.9 634
1732736202344 25934.9 635
1732736212498 21970.9 636
1732736222656 22986.0 637
1732736232806 24008.5 638
1732736242976 24777.0 639
1732736253135 25437.4 640
1732736263274 21063.8 641
1732736273426 21718.7 642
1732736283577 22650.8 643
1732736293732 23607.0 644
1732736303880 24648.5 645
1732736314029 25555.3 646
1732736324188 20938.4 647
1732736334351 21540.3 648
1732736344524 22550.3 649
1732736354680 23585.3 650
1732736364834 24291.8 651
1732736374994 24893.1 652
1732736385158 30968.5 653
1732736395322 21666.1 654
1732736405477 22668.9 655
1732736415637 23806.8 656
1732736425813 24711.8 657
1732736435942 25522.7 658
1732736446091 21114.7 659
1732736456244 22187.0 660
1732736466394 23389.5 661
1732736476549 24366.8 662
1732736486688 26480.3 663
1732736496822 25706.6 664
1732736506977 21568.9 665
1732736517133 22487.3 666
1732736527244 23514.9 667
1732736537325 24570.9 668
1732736547477 25636.2 669
1732736557649 21415.1 670
1732736567763 22336.3 671
1732736577899 23295.1 672
1732736588063 23650.0 673
1732736598212 24481.7 674
1732736608364 24682.7 675
1732736618512 25227.0 676
1732736628672 26103.9 677
1732736638826 21787.6 678
1732736648972 23922.5 679
1732736659132 23853.6 680
1732736669291 23985.8 681
1732736679449 24668.1 682
1732736689606 25428.5 683
1732736699763 26356.7 684
1732736709904 22071.0 685
1732736720057 23152.5 686
1732736730211 23731.7 687
1732736740374 24547.3 688
1732736750529 25081.3 689
1732736760683 26047.1 690
1732736770830 21710.6 691
1732736780936 22431.6 692
1732736791093 23258.4 693
1732736801235 24031.7 694
1732736811378 23679.9 695
1732736821526 25346.9 696
1732736831682 26371.5 697
1732736841843 21615.3 698
1732736852011 22733.9 699
1732736862177 23290.6 700
1732736872325 24233.9 701
1732736882452 25417.1 702
1732736892596 25998.5 703
1732736902750 21690.6 704
1732736912903 22014.0 705
1732736923057 22893.4 706
1732736933219 23890.2 707
1732736943331 24880.9 708
1732736953492 25692.5 709
1732736963612 21290.0 710
1732736973761 22255.0 711
1732736983908 23331.6 712
1732736994069 22010.8 713
1732737004174 24585.6 714
1732737014333 25566.0 715
1732737024510 21074.7 716
1732737034680 22124.3 717
1732737044780 23186.8 718
1732737054953 24221.5 719
1732737065111 25266.0 720
1732737075279 25887.1 721
1732737085437 21524.4 722
1732737095604 22284.2 723
1732737105761 21345.7 724
1732737115921 23836.9 725
1732737126068 24836.4 726
1732737136170 26859.8 727
1732737146322 21426.7 728
1732737156506 22293.8 729
1732737166662 22804.5 730
1732737176809 23922.4 731
1732737186979 24980.4 732
1732737197129 25743.0 733
1732737207240 26309.3 734
1732737217363 21626.7 735
1732737227524 22694.3 736
1732737237679 23334.4 737
1732737247855 24271.1 738
1732737258011 24719.2 739
1732737268175 25690.4 740
1732737278343 21219.4 741
1732737288518 22185.2 742
1732737298682 22962.3 743
1732737308833 23627.5 744
1732737318986 24522.6 745
1732737329149 25773.6 746
1732737339307 21575.6 747
1732737349472 22316.0 748
1732737359646 23292.6 749
1732737369801 24059.3 750
1732737379967 24978.4 751
1732737390125 25639.3 752
1732737400296 26508.2 753
1732737410456 22234.7 754
1732737422970 22885.3 755
1732737433148 23651.9 756
1732737443315 24160.5 757
1732737453473 25130.8 758
1732737463640 26182.7 759
1732737474223 26357.6 760
1732737484391 22137.5 761
1732737494566 23181.3 762
1732737504716 24306.8 763
1732737514884 26693.4 764
1732737524993 25817.0 765
1732737535185 21352.2 766
1732737545353 21625.1 767
1732737555471 23425.8 768
1732737565586 23332.8 769
1732737575747 23924.0 770
1732737585906 24963.4 771
1732737596078 24383.7 772
1732737606186 21421.5 773
1732737616337 22529.6 774
1732737626530 23638.9 775
1732737636690 24500.3 776
1732737646820 25542.6 777
1732737656981 21409.3 778
1732737667148 23780.6 779
1732737677307 23013.2 780
1732737687482 26009.0 781
1732737697667 24661.4 782
1732737707850 25674.9 783
1732737718020 21622.6 784
1732737728191 22479.3 785
1732737738315 23147.5 786
1732737748501 23865.4 787
1732737758666 24674.5 788
1732737768822 25655.2 789
1732737778988 21383.5 790
1732737789148 22197.0 791
1732737799324 22930.8 792
1732737809501 23875.4 793
1732737819671 24641.2 794
1732737829840 25326.4 795
1732737840005 26136.8 796
1732737850121 21645.4 797
1732737860285 22514.5 798
1732737870466 23549.7 799
1732737880652 24519.3 800
1732737890822 25531.9 801
1732737901005 26471.9 802
1732737911170 21950.1 803
1732737921330 21608.5 804
1732737931500 23678.6 805
1732737941668 24718.5 806
1732737951832 25518.5 807
1732737962045 25949.1 808
1732737972210 21367.5 809
1732737982354 22507.9 810
1732737992497 23257.9 811
1732738002663 24065.2 812
1732738012839 24954.6 813
1732738023008 25867.7 814
1732738033130 21492.8 815
1732738043303 22536.4 816
1732738053479 23600.7 817
1732738063657 24671.7 818
1732738073843 25649.2 819
1732738083992 26639.3 820
1732738094147 22238.1 821
1732738104264 23063.9 822
1732738114401 23944.1 823
1732738124556 24390.7 824
1732738134722 25356.6 825
1732738144907 26246.0 826
1732738155060 21872.8 827
1732738165236 23152.2 828
1732738175417 22869.2 829
1732738185536 23470.1 830
1732738195683 24457.2 831
1732738205838 25491.7 832
1732738216010 26347.0 833
1732738226178 21726.6 834
1732738236343 22847.2 835
1732738246508 23850.0 836
1732738256696 24719.4 837
1732738266859 26576.0 838
1732738277030 31236.0 839
1732738287191 23573.3 840
1732738297361 20559.6 841
1732738307522 22977.5 842
1732738317693 24048.8 843
1732738327885 24902.8 844
1732738338081 25652.6 845
1732738348267 26720.2 846
1732738358387 22357.2 847
1732738368508 23457.0 848
1732738378657 24477.5 849
1732738388838 25386.4 850
1732738399005 26161.5 851
1732738409175 21756.1 852
1732738419313 22738.8 853
1732738429488 23782.6 854
1732738439665 24837.7 855
1732738449779 27035.9 856
1732738459944 21652.7 857
1732738470129 22206.2 858
1732738480307 22992.6 859
1732738490449 23674.3 860
1732738500562 24593.7 861
1732738510748 25535.3 862
1732738520906 30951.0 863
1732738531032 21047.3 864
1732738541193 23239.6 865
1732738551360 23495.9 866
1732738561540 24201.3 867
1732738571713 25144.9 868
1732738581831 25824.6 869
1732738591943 26317.8 870
1732738602098 30675.0 871
1732738612268 21411.8 872
1732738622445 22285.6 873
1732738632570 21393.5 874
1732738642715 24152.7 875
1732738652875 24567.2 876
1732738663039 25633.5 877
1732738673208 26138.7 878
1732738683369 21485.7 879
1732738693529 22089.0 880
1732738703679 23247.9 881
1732738713831 24109.5 882
1732738723958 25073.1 883
1732738734149 25842.5 884
1732738744340 20508.9 885
1732738755087 21556.7 886
1732738765264 23528.6 887
1732738775453 23233.1 888
1732738785577 24069.8 889
1732738795737 24969.8 890
1732738805906 25862.6 891
1732738816096 21327.0 892
1732738826268 21912.8 893
1732738836445 22846.7 894
1732738846576 23632.2 895
1732738856722 24285.7 896
1732738866895 25342.8 897
1732738877111 20949.2 898
1732738887297 22044.4 899
1732738897424 22879.8 900
1732738907597 23965.0 901
1732738917742 23170.0 902
1732738927909 25700.2 903
1732738938086 20813.7 904
1732738948226 21846.3 905
1732738958407 22638.0 906
1732738968595 23694.8 907
1732738978734 24729.9 908
1732738988882 25868.8 909
1732738999060 21519.6 910
1732739009233 22050.8 911
1732739019415 23221.6 912
1732739029571 24321.8 913
1732739039761 25597.9 914
1732739049923 30898.3 915
1732739060123 21514.1 916
1732739070258 22265.4 917
1732739080411 22923.5 918
1732739090544 23776.1 919
1732739100726 24845.4 920
1732739110905 25037.0 921
1732739121059 25735.8 922
1732739131203 21611.5 923
1732739141318 22831.2 924
1732739151459 23970.9 925
1732739161613 24970.5 926
1732739171741 25902.0 927
1732739181922 21209.8 928
1732739192106 22300.6 929
1732739202266 23248.1 930
1732739212411 23272.2 931
1732739222588 24293.2 932
1732739232761 25172.1 933
1732739242930 20723.5 934
1732739253110 21945.4 935
1732739263293 23134.6 936
1732739273458 24307.1 937
1732739283702 25388.7 938
1732739293872 25204.9 939
1732739304060 20898.6 940
1732739314210 22150.2 941
1732739324394 22992.1 942
1732739334547 24009.4 943
1732739344729 25111.9 944
1732739354928 30885.2 945
1732739365077 21651.7 946
1732739375235 22616.4 947
1732739385382 24417.9 948
1732739395506 23854.2 949
1732739405670 24682.3 950
1732739415779 25841.9 951
1732739425939 21571.1 952
1732739436120 23093.1 953
1732739446250 22868.9 954
1732739456391 24154.6 955
1732739466523 25222.4 956
1732739476675 26063.6 957
1732739486860 21812.6 958
1732739497032 22270.8 959
1732739507156 21573.1 960
1732739517293 23827.5 961
1732739527427 24665.2 962
1732739537585 25499.4 963
1732739547744 21175.0 964
1732739557862 21875.6 965
1732739568057 22801.8 966
1732739578248 24060.0 967
1732739588420 25180.5 968
1732739598581 26031.5 969
1732739608744 21565.4 970
1732739618938 21588.4 971
1732739629122 22411.4 972
1732739639311 24867.0 973
1732739649509 24132.2 974
1732739659693 24702.4 975
1732739669889 30553.2 976
1732739680026 21664.8 977
1732739690212 22500.3 978
1732739700399 23345.3 979
1732739710590 24107.9 980
1732739720777 22960.8 981
1732739730968 25538.5 982
1732739741150 21341.6 983
1732739751285 22422.0 984
1732739761403 23501.3 985
1732739771584 24419.9 986
1732739781770 24821.7 987
1732739791957 25569.6 988
1732739802133 26105.0 989
1732739812307 21980.8 990
1732739822481 22189.0 991
1732739832692 23723.7 992
1732739842849 24771.6 993
1732739853048 30927.6 994
1732739863225 21622.0 995
1732739873413 22587.4 996
1732739883546 23605.1 997
1732739893714 24210.9 998
1732739903925 24993.5 999
1732739914133 26033.6 1000
1732739924322 21537.0 1001
1732739934497 22453.1 1002
1732739944695 23573.4 1003
1732739954873 24586.9 1004
1732739965064 25761.6 1005
1732739975247 21273.2 1006
1732739985371 22325.0 1007
1732739995502 23501.1 1008
1732740005652 24764.1 1009
1732740015828 26017.2 1010
1732740026034 26470.7 1011
1732740036211 22283.2 1012
1732740046345 23297.9 1013
1732740056512 23261.8 1014
1732740066663 24368.8 1015
1732740077004 25354.1 1016
1732740087178 21059.9 1017
1732740097345 22162.6 1018
1732740107532 22852.7 1019
1732740117743 23794.4 1020
1732740127936 23991.5 1021
1732740138090 24430.9 1022
1732740148249 25088.4 1023
1732740158450 21098.1 1024
1732740168576 21967.9 1025
1732740178764 22710.4 1026
1732740188937 23433.2 1027
1732740199102 24310.2 1028
1732740209234 26374.3 1029
1732740219404 21036.8 1030
1732740229572 21718.6 1031
1732740239730 20374.0 1032
1732740249938 23166.2 1033
1732740260122 24339.2 1034
1732740270289 25239.5 1035
1732740280476 21014.7 1036
1732740290648 21997.7 1037
1732740300781 22938.7 1038
1732740310962 24053.3 1039
1732740321159 24822.0 1040
1732740331343 30855.5 1041
1732740341499 21727.4 1042
1732740351666 22660.2 1043
1732740361844 23227.6 1044
1732740372036 23963.5 1045
1732740382213 24616.0 1046
1732740392383 25465.9 1047
1732740402562 30920.1 1048
1732740412733 21680.3 1049
1732740422928 22323.4 1050
1732740433142 22747.3 1051
1732740443340 23389.6 1052
1732740453479 24392.7 1053
1732740463653 25115.8 1054
1732740473846 20853.1 1055
1732740483963 21936.0 1056
1732740494149 24835.3 1057
1732740504353 23751.6 1058
1732740514529 24883.0 1059
1732740524719 25736.7 1060
1732740534907 21380.3 1061
1732740545092 22260.0 1062
1732740555303 23084.0 1063
1732740565490 23928.9 1064
1732740575707 24882.9 1065
1732740585924 25744.1 1066
1732740596070 21409.4 1067
1732740606252 22212.0 1068
1732740616430 22965.9 1069
1732740626639 24050.7 1070
1732740636779 24726.7 1071
1732740646922 25629.5 1072
1732740657049 21543.1 1073
1732740667178 22659.0 1074
1732740677375 23650.8 1075
1732740687587 24300.0 1076
1732740697712 25167.0 1077
1732740707923 20891.5 1078
1732740718052 21864.8 1079
1732740728182 22900.6 1080
1732740738311 23948.2 1081
1732740748489 24912.7 1082
1732740758618 20794.7 1083
1732740768741 21398.8 1084
1732740778934 22394.0 1085
1732740789072 23516.1 1086
1732740799215 24623.5 1087
1732740809371 25708.8 1088
1732740819549 21048.2 1089
1732740829679 21854.6 1090
1732740839814 22816.4 1091
1732740849942 23846.7 1092
1732740860116 24864.0 1093
1732740870253 25987.9 1094
1732740880469 21646.2 1095
1732740890596 22524.6 1096
1732740900738 23406.2 1097
1732740910870 24268.7 1098
1732740921002 25145.2 1099
1732740931175 29976.9 1100
1732740941336 21388.2 1101
1732740951495 22439.8 1102
1732740961650 23358.0 1103
1732740971838 24245.1 1104
1732740982031 25384.7 1105
1732740992223 21158.2 1106
1732741002370 22223.3 1107
1732741012524 23170.4 1108
1732741022754 24113.6 1109
1732741032943 24987.2 1110
1732741043140 20730.4 1111
1732741053320 21753.8 1112
1732741063529 22795.7 1113
1732741073715 23831.7 1114
1732741083890 24554.0 1115
1732741094076 30350.3 1116
1732741104274 21515.5 1117
1732741114453 22502.0 1118
1732741124657 23166.6 1119
1732741134802 23715.6 1120
1732741144971 24997.0 1121
1732741155121 26029.0 1122
1732741165315 21751.6 1123
1732741175510 22685.4 1124
1732741185708 23869.5 1125
1732741195884 24698.8 1126
1732741206060 30669.3 1127
1732741216239 21511.4 1128
1732741226391 22593.6 1129
1732741236520 23827.1 1130
1732741246699 24871.0 1131
1732741256898 25841.4 1132
1732741267085 21642.0 1133
1732741277258 22843.0 1134
1732741287461 23940.5 1135
1732741297609 25018.6 1136
1732741307800 27674.4 1137
1732741318014 21280.0 1138
1732741328209 22150.8 1139
1732741338420 23312.3 1140
1732741348658 24470.2 1141
1732741358848 30764.4 1142
1732741369026 21419.7 1143
1732741379235 22541.3 1144
1732741389578 23216.2 1145
1732741399794 24266.9 1146
1732741409991 25382.9 1147
1732741420171 21211.7 1148
1732741430365 21888.7 1149
1732741440571 22080.1 1150
1732741450786 23122.1 1151
1732741460977 23927.9 1152
1732741471195 24900.0 1153
1732741481403 26005.7 1154
1732741491537 21543.3 1155
1732741501665 22307.0 1156
1732741511858 23189.3 1157
1732741522075 23782.3 1158
1732741532297 24333.3 1159
1732741542432 25283.4 1160
1732741552630 21030.7 1161
1732741562838 21876.8 1162
1732741572988 22921.9 1163
1732741583133 23929.5 1164
1732741593328 24951.8 1165
1732741603527 25856.8 1166
1732741613725 21901.1 1167
1732741623868 22779.9 1168
1732741634056 23634.7 1169
1732741644235 24436.6 1170
1732741654444 25337.1 1171
1732741664667 20924.1 1172
1732741674875 20953.6 1173
1732741685023 22351.0 1174
1732741695200 23398.0 1175
1732741705397 24307.6 1176
1732741715588 25366.1 1177
1732741725787 21127.7 1178
1732741735962 20414.9 1179
1732741746169 22601.0 1180
1732741756318 23649.4 1181
1732741766446 24317.2 1182
1732741776589 25366.6 1183
1732741786784 21235.2 1184
1732741796966 22005.8 1185
1732741807155 20724.0 1186
1732741817287 23181.9 1187
1732741827492 23808.4 1188
1732741837700 24566.9 1189
1732741847900 23354.5 1190
1732741858100 26035.0 1191
1732741868295 20350.4 1192
1732741878487 22291.1 1193
1732741888665 23443.4 1194
1732741898848 24205.0 1195
1732741909035 25021.8 1196
1732741919208 30684.1 1197
1732741929387 22391.9 1198
1732741939597 22203.9 1199
1732741949817 23218.6 1200
1732741960013 24190.2 1201
1732741970199 24888.5 1202
1732741980381 27958.5 1203
1732741990573 21563.2 1204
1732742000733 22484.0 1205
1732742010909 23435.9 1206
1732742021132 24435.4 1207
1732742031352 25274.0 1208
1732742041491 25902.2 1209
1732742051692 21609.4 1210
1732742061817 22475.2 1211
1732742072015 23247.1 1212
1732742082198 23984.9 1213
1732742092396 24890.0 1214
1732742102598 25728.6 1215
1732742112777 21452.5 1216
1732742122969 22261.1 1217
1732742133155 23250.4 1218
1732742143376 24058.8 1219
1732742153565 24824.0 1220
1732742163748 25587.6 1221
1732742173980 21068.8 1222
1732742184182 21743.4 1223
1732742194373 22680.4 1224
1732742204567 23774.7 1225
1732742214737 24788.0 1226
1732742224921 27180.0 1227
1732742235135 21540.7 1228
1732742245317 22389.5 1229
1732742255500 22904.4 1230
1732742265681 23870.7 1231
1732742275828 24675.8 1232
1732742285957 25549.0 1233
1732742296153 21123.4 1234
1732742306337 21875.1 1235
1732742316532 22834.4 1236
1732742326716 23528.9 1237
1732742336919 24561.5 1238
1732742347062 25328.5 1239
1732742357220 20977.2 1240
1732742367422 21836.0 1241
1732742377601 22770.7 1242
1732742387784 23715.4 1243
1732742397977 24682.7 1244
1732742408156 25371.0 1245
1732742418296 20993.1 1246
1732742428445 22011.9 1247
1732742438578 23035.0 1248
1732742448779 23978.8 1249
1732742458949 24598.5 1250
1732742469101 25464.3 1251
1732742479293 20980.3 1252
1732742489437 21581.8 1253
1732742499584 22342.4 1254
1732742509791 22755.0 1255
1732742519980 23956.6 1256
1732742530170 24805.4 1257
1732742540362 25398.0 1258
1732742550550 20386.3 1259
1732742560684 21453.2 1260
1732742570875 22509.2 1261
1732742581066 23524.1 1262
1732742591255 24556.8 1263
1732742601451 25588.9 1264
1732742611669 21022.2 1265
1732742621865 22071.9 1266
1732742632083 23171.4 1267
1732742642311 24066.6 1268
1732742652493 25013.0 1269
1732742662763 20703.2 1270
1732742672893 21764.0 1271
1732742683110 22763.1 1272
1732742693262 23739.3 1273
1732742703461 24584.4 1274
1732742713695 25602.4 1275
1732742723908 21339.1 1276
1732742734092 22254.6 1277
1732742744287 21156.7 1278
1732742754504 23803.1 1279
1732742764703 24741.8 1280
1732742774908 20442.4 1281
1732742785110 21356.2 1282
1732742795314 22281.6 1283
1732742805544 23199.3 1284
1732742815725 24165.3 1285
1732742825989 26844.1 1286
1732742836182 20193.6 1287
1732742846341 21279.4 1288
1732742856559 20324.2 1289
1732742866756 23002.0 1290
1732742876953 24012.1 1291
1732742887167 24935.0 1292
1732742897313 20715.9 1293
1732742907460 21604.8 1294
1732742917685 22552.4 1295
1732742927864 23216.4 1296
1732742938033 24213.8 1297
1732742948245 30273.6 1298
1732742958431 20996.3 1299
1732742968620 21774.8 1300
1732742978782 22532.9 1301
1732742988996 23418.3 1302
1732742999199 24333.3 1303
1732743009397 30340.3 1304
1732743019608 20979.7 1305
1732743029798 21453.2 1306
1732743039982 20128.7 1307
1732743050191 22974.1 1308
1732743060382 23969.6 1309
1732743070572 24979.4 1310
1732743080777 20726.8 1311
1732743090949 21826.0 1312
1732743101095 22503.0 1313
1732743111287 23087.2 1314
1732743121427 24069.0 1315
1732743131613 24796.2 1316
1732743141802 20699.8 1317
1732743152005 21636.6 1318
1732743162188 22283.5 1319
1732743172406 23172.3 1320
1732743182613 24110.8 1321
1732743192802 25225.0 1322
1732743202994 20909.4 1323
1732743213188 21912.0 1324
1732743223341 22949.6 1325
1732743233525 23925.8 1326
1732743243782 24453.5 1327
1732743253995 25453.9 1328
1732743264203 22641.0 1329
1732743274433 21554.2 1330
1732743284632 22568.5 1331
1732743294830 23606.1 1332
1732743305039 24731.1 1333
1732743315184 20586.7 1334
1732743325370 21731.6 1335
1732743335533 22446.5 1336
1732743345706 23655.2 1337
1732743355936 24222.8 1338
1732743366126 24809.9 1339
1732743376338 20536.5 1340
1732743386498 21495.9 1341
1732743396661 22407.7 1342
1732743406852 23394.6 1343
1732743416994 24314.5 1344
1732743427184 25286.2 1345
1732743437397 20988.8 1346
1732743447592 21780.9 1347
1732743457799 22373.6 1348
1732743467942 23202.3 1349
1732743478175 24227.0 1350
1732743488375 25227.3 1351
1732743498582 20986.1 1352
1732743508747 21959.5 1353
1732743518945 22783.0 1354
1732743529143 23651.0 1355
1732743539325 24554.7 1356
1732743549508 23775.7 1357
1732743559729 25636.3 1358
1732743569924 21416.6 1359
1732743580114 22392.7 1360
1732743590313 23140.8 1361
1732743600538 23971.1 1362
1732743610729 25050.6 1363
1732743620915 20781.5 1364
1732743631073 21698.4 1365
1732743641258 22265.1 1366
1732743651484 23279.3 1367
1732743661713 24293.3 1368
1732743671949 25360.3 1369
1732743682171 21128.1 1370
1732743692359 22111.6 1371
1732743702506 23180.6 1372
1732743712665 24204.9 1373
1732743722864 25295.4 1374
1732743733062 20765.4 1375
1732743743249 21675.8 1376
1732743753446 22728.6 1377
1732743763659 23637.9 1378
1732743773857 24558.2 1379
1732743784053 25463.2 1380
1732743794254 21026.3 1381
1732743804441 22088.4 1382
1732743814638 25111.5 1383
1732743824881 23719.3 1384
1732743835395 24693.2 1385
1732743845707 25841.9 1386
1732743855846 21639.8 1387
1732743865992 22687.7 1388
1732743876187 23753.1 1389
1732743886333 24493.4 1390
1732743896476 25546.4 1391
1732743906673 21188.7 1392
1732743916877 22093.3 1393
1732743927083 22863.3 1394
1732743937352 23735.2 1395
1732743947563 24772.9 1396
1732743957762 30797.6 1397
1732743967959 21520.6 1398
1732743978172 22432.0 1399
1732743988377 23438.5 1400
1732743998587 24488.1 1401
1732744008742 25515.9 1402
1732744018903 21263.3 1403
1732744029128 21893.8 1404
1732744039352 22776.7 1405
1732744049568 23842.0 1406
1732744059779 24740.4 1407
1732744069921 30801.2 1408
1732744080123 21622.1 1409
1732744090311 22668.9 1410
1732744100524 23316.4 1411
1732744110733 24398.5 1412
1732744120886 25484.4 1413
1732744131099 21450.7 1414
1732744141328 22218.1 1415
1732744151483 23218.2 1416
1732744161648 24162.1 1417
1732744171897 25334.8 1418
1732744182132 21130.3 1419
1732744192351 22176.4 1420
1732744202511 23274.9 1421
1732744212692 24211.5 1422
1732744222875 24455.6 1423
1732744233036 25359.5 1424
1732744243269 21204.1 1425
1732744253479 22112.5 1426
1732744263636 23142.6 1427
1732744273855 24164.0 1428
1732744284013 25143.2 1429
1732744294320 26328.2 1430
1732744304477 21743.9 1431
1732744314728 22762.4 1432
1732744324890 23782.3 1433
1732744335082 24289.6 1434
1732744345286 25315.3 1435
1732744355484 26146.4 1436
1732744365680 21621.1 1437
1732744375872 22768.2 1438
1732744386071 23532.6 1439
1732744396266 24644.1 1440
1732744406465 25724.3 1441
1732744416614 21594.1 1442
1732744426788 22667.3 1443
1732744436995 23839.6 1444
1732744447194 24976.8 1445
1732744457354 31102.8 1446
1732744467502 21974.1 1447
1732744477669 23100.6 1448
1732744487897 23973.4 1449
1732744498112 25134.6 1450
1732744508286 26204.3 1451
1732744518465 23570.5 1452
1732744528662 22600.2 1453
1732744538855 23519.4 1454
1732744549066 24402.7 1455
1732744559239 25452.7 1456
1732744569430 21260.9 1457
1732744579611 22284.4 1458
1732744589775 21692.9 1459
1732744599941 23856.2 1460
1732744610160 24721.5 1461
1732744620333 25531.8 1462
1732744630539 26187.3 1463
1732744640782 21863.9 1464
1732744650943 22798.7 1465
1732744661155 23635.6 1466
1732744671329 24751.4 1467
1732744681541 25857.9 1468
1732744691870 21680.0 1469
1732744702073 22647.2 1470
1732744712268 23642.4 1471
1732744722436 24501.5 1472
1732744732596 25570.1 1473
1732744742776 21181.9 1474
1732744752937 22206.5 1475
1732744763165 23221.1 1476
1732744773359 24157.2 1477
1732744783561 25213.3 1478
1732744793761 26043.7 1479
1732744803970 21533.3 1480
1732744814167 22621.5 1481
1732744824353 23402.7 1482
1732744834548 24145.1 1483
1732744844772 25288.9 1484
1732744854947 31118.7 1485
1732744865172 22048.7 1486
1732744875403 22903.9 1487
1732744885590 23951.6 1488
1732744895771 24941.1 1489
1732744905981 26012.8 1490
1732744916174 21633.5 1491
1732744926357 22965.0 1492
1732744936564 23037.0 1493
1732744946778 23434.1 1494
1732744957001 24563.9 1495
1732744967170 25658.4 1496
1732744977374 21425.2 1497
1732744987597 22449.0 1498
1732744997769 23447.0 1499
1732745008000 24056.7 1500
1732745018200 25060.0 1501
1732745028406 31171.0 1502
1732745038609 20160.4 1503
1732745048832 22555.7 1504
1732745058988 23599.6 1505
1732745069189 24609.0 1506
1732745079387 25314.1 1507
1732745089583 31187.3 1508
1732745099890 21927.5 1509
1732745110064 23003.9 1510
1732745120251 23955.8 1511
1732745130437 24908.4 1512
1732745140630 25908.9 1513
1732745150785 21585.0 1514
1732745160993 22583.0 1515
1732745171206 23426.0 1516
1732745181416 24047.9 1517
1732745191626 26213.2 1518
1732745201857 25905.8 1519
1732745212044 31393.5 1520
1732745222242 22233.0 1521
1732745232451 22849.5 1522
1732745242633 23546.0 1523
1732745252846 24658.8 1524
1732745263062 25791.0 1525
1732745273281 31137.8 1526
1732745283458 22082.5 1527
1732745293685 22871.1 1528
1732745303892 23935.0 1529
1732745314088 25006.9 1530
1732745324310 25707.1 1531
1732745334529 26243.1 1532
1732745344699 22225.9 1533
1732745354922 23412.7 1534
1732745365156 24486.6 1535
1732745375383 25354.9 1536
1732745385589 26251.3 1537
1732745395806 23494.3 1538
1732745406000 22950.7 1539
1732745416165 23848.4 1540
1732745426379 24588.3 1541
1732745436578 25346.4 1542
1732745446783 26481.5 1543
1732745457007 22274.8 1544
1732745467216 23282.6 1545
1732745477453 24249.6 1546
1732745487681 25310.7 1547
1732745497840 26593.7 1548
1732745508157 22251.7 1549
1732745518358 22659.7 1550
1732745528528 23781.4 1551
1732745538750 24352.2 1552
1732745548953 25212.4 1553
1732745559415 26034.1 1554
1732745569627 26441.6 1555
1732745579830 21909.6 1556
1732745590007 22324.2 1557
1732745600213 23270.8 1558
1732745610406 24912.5 1559
1732745620605 24606.0 1560
1732745630788 25270.1 1561
1732745640999 20853.5 1562
1732745651191 21778.0 1563
1732745661387 22404.9 1564
1732745671609 23421.9 1565
1732745681812 23189.8 1566
1732745691993 25247.9 1567
1732745702233 26152.5 1568
1732745712443 21670.5 1569
1732745722588 22581.2 1570
1732745732773 23426.4 1571
1732745742987 24319.8 1572
1732745753207 25120.9 1573
1732745763398 25904.1 1574
1732745773581 21513.6 1575
1732745783759 22442.7 1576
1732745793927 23234.3 1577
1732745804087 24105.8 1578
1732745814322 25028.2 1579
1732745824559 25867.0 1580
1732745834732 21699.8 1581
1732745844957 22065.5 1582
1732745855145 22598.5 1583
1732745865372 23591.2 1584
1732745875601 24334.6 1585
1732745885758 25218.1 1586
1732745895926 26273.1 1587
1732745906137 21875.4 1588
1732745916472 22898.1 1589
1732745926674 23647.5 1590
1732745936902 24513.3 1591
1732745947190 25557.5 1592
1732745957398 26388.3 1593
1732745967571 21885.8 1594
1732745977785 22876.6 1595
1732745987980 23833.6 1596
1732745998211 24677.9 1597
1732746008821 25577.9 1598
1732746019035 26317.5 1599
1732746029207 22036.4 1600
1732746039360 23008.7 1601
1732746049564 24007.9 1602
1732746059780 24420.6 1603
1732746069980 25452.3 1604
1732746080154 26537.8 1605
1732746090348 21973.1 1606
1732746100560 22822.9 1607
1732746110763 23875.1 1608
1732746120943 24824.2 1609
1732746131116 25916.5 1610
1732746141291 30828.0 1611
1732746151511 21703.1 1612
1732746161722 22670.8 1613
1732746171939 23683.0 1614
1732746182124 24602.9 1615
1732746192367 25627.5 1616
1732746202555 21378.9 1617
1732746212778 22389.0 1618
1732746222993 23172.4 1619
1732746233174 24093.3 1620
1732746243650 25131.8 1621
1732746253866 26313.4 1622
1732746264051 21969.5 1623
1732746274287 23007.3 1624
1732746284488 23951.0 1625
1732746294685 24597.8 1626
1732746304967 25291.5 1627
1732746315194 21068.6 1628
1732746325516 21472.1 1629
1732746335746 22721.4 1630
1732746345928 23827.8 1631
1732746356126 24900.3 1632
1732746366337 26054.6 1633
1732746376560 21758.2 1634
1732746386735 22518.3 1635
1732746396907 23560.9 1636
1732746407069 24705.3 1637
1732746417287 25721.5 1638
1732746427501 21799.9 1639
1732746437728 21351.0 1640
1732746447952 23691.4 1641
1732746458196 24775.6 1642
1732746468416 25928.9 1643
1732746478623 21636.1 1644
1732746488839 22711.0 1645
1732746499071 23795.8 1646
1732746509288 24777.3 1647
1732746519515 26044.5 1648
1732746529732 20964.2 1649
1732746539951 22073.0 1650
1732746550162 23053.9 1651
1732746560396 24088.6 1652
1732746570628 24972.8 1653
1732746580797 25412.8 1654
1732746591021 20945.8 1655
1732746601254 22066.5 1656
1732746611453 23190.9 1657
1732746621685 24208.9 1658
1732746631918 25199.5 1659
1732746642150 20928.0 1660
1732746652402 21958.5 1661
1732746662638 23079.9 1662
1732746672869 24182.4 1663
1732746683082 25257.8 1664
1732746693329 21091.7 1665
1732746703511 21979.4 1666
1732746713745 22990.2 1667
1732746723973 24123.9 1668
1732746734271 25287.2 1669
1732746744493 21112.7 1670
1732746754721 22045.4 1671
1732746764944 22992.0 1672
1732746775193 23735.5 1673
1732746785399 24862.6 1674
1732746795604 31126.7 1675
1732746805796 21797.9 1676
1732746816030 22783.8 1677
1732746826202 23868.1 1678
1732746836385 24814.6 1679
1732746846599 25468.6 1680
1732746856766 30744.9 1681
1732746866988 21490.9 1682
1732746877207 22567.4 1683
1732746887434 24719.0 1684
1732746897680 24537.7 1685
1732746907914 29382.8 1686
1732746918124 21664.3 1687
1732746928328 22811.0 1688
1732746938533 23921.7 1689
1732746948743 24565.4 1690
1732746958981 25570.9 1691
1732746969182 21226.4 1692
1732746979371 20779.1 1693
1732746989580 21772.7 1694
1732746999801 22887.7 1695
1732747009985 23755.7 1696
1732747020178 22200.2 1697
1732747030408 19754.1 1698
1732747040610 20713.7 1699
1732747050857 21051.6 1700
1732747061082 22091.4 1701
1732747071324 23163.4 1702
1732747081574 24160.8 1703
1732747091752 19976.2 1704
1732747101980 20946.7 1705
1732747112203 21923.1 1706
1732747122438 22869.6 1707
1732747132655 23804.7 1708
1732747142887 24753.7 1709
1732747153063 18403.6 1710
1732747163299 21097.5 1711
1732747173492 21977.1 1712
1732747183669 22912.3 1713
1732747193883 23850.6 1714
1732747204098 24803.7 1715
1732747214286 20609.7 1716
1732747224494 21007.5 1717
1732747234694 21323.2 1718
1732747244857 21919.0 1719
1732747255063 22836.7 1720
1732747265285 23685.4 1721
1732747275508 24377.9 1722
1732747285695 20089.4 1723
1732747295893 21034.2 1724
1732747306138 22798.4 1725
1732747316486 22701.6 1726
1732747327014 23804.9 1727
1732747337249 25011.5 1728
1732747347423 20567.7 1729
1732747357653 21191.2 1730
1732747367882 21873.4 1731
1732747378114 22775.6 1732
1732747388325 23785.5 1733
1732747398547 28591.5 1734
1732747408797 20457.9 1735
1732747419005 21279.5 1736
1732747429236 22016.5 1737
1732747439458 22918.5 1738
1732747449666 23853.0 1739
1732747459867 29735.2 1740
1732747470102 20459.5 1741
1732747480275 21302.1 1742
1732747490511 22257.9 1743
1732747500747 23164.3 1744
1732747510975 24128.6 1745
1732747521158 29877.3 1746
1732747531314 20439.5 1747
1732747541555 20987.4 1748
1732747551762 21686.6 1749
1732747561985 22159.3 1750
1732747572233 23280.6 1751
1732747582460 24300.4 1752
1732747592652 20055.2 1753
1732747602871 20970.4 1754
1732747613084 19830.7 1755
1732747623300 22605.0 1756
1732747633521 23450.7 1757
1732747643734 23972.6 1758
1732747653984 24761.1 1759
1732747664206 20384.7 1760
1732747674451 20940.4 1761
1732747684672 21867.5 1762
1732747694854 22770.5 1763
1732747705022 23623.8 1764
1732747715222 24524.9 1765
1732747725441 20357.6 1766
1732747735744 19597.4 1767
1732747745978 22096.8 1768
1732747756198 23081.6 1769
1732747766423 23918.4 1770
1732747776614 24670.8 1771
1732747786828 20370.2 1772
1732747797075 21397.5 1773
1732747807318 22449.2 1774
1732747817485 23545.9 1775
1732747827671 24480.9 1776
1732747837888 25295.1 1777
1732747848108 20996.5 1778
1732747858372 21456.7 1779
1732747868564 22343.1 1780
1732747878744 23353.6 1781
1732747888967 24321.9 1782
1732747899199 29615.2 1783
1732747909463 20968.7 1784
1732747919678 21990.9 1785
1732747929853 22949.0 1786
1732747940066 23679.7 1787
1732747950252 24648.5 1788
1732747960498 20303.0 1789
1732747970726 21139.3 1790
1732747980936 22004.5 1791
1732747991156 22896.4 1792
1732748001318 22213.6 1793
1732748011911 24403.8 1794
1732748022125 25433.4 1795
1732748032353 20633.0 1796
1732748042599 21536.8 1797
1732748052833 22222.1 1798
1732748063079 23051.0 1799
1732748073270 24043.4 1800
1732748083493 24646.6 1801
1732748093686 30203.4 1802
1732748103904 21088.4 1803
1732748114150 22144.6 1804
1732748124338 23197.0 1805
1732748134547 24236.8 1806
1732748144781 25039.6 1807
1732748155029 20517.5 1808
1732748165228 21634.3 1809
1732748175467 22695.3 1810
1732748185688 23678.6 1811
1732748195942 24274.3 1812
1732748206172 25421.2 1813
1732748216404 21157.2 1814
1732748226608 22241.3 1815
1732748236839 23133.5 1816
1732748247070 23866.0 1817
1732748257403 24873.9 1818
1732748267572 20655.1 1819
1732748277773 21592.2 1820
1732748288005 22571.1 1821
1732748298219 23470.6 1822
1732748308483 24356.3 1823
1732748318725 30375.0 1824
1732748328938 21018.0 1825
1732748339126 21569.6 1826
1732748349302 22306.6 1827
1732748359525 22844.0 1828
1732748369731 23692.6 1829
1732748379956 24686.7 1830
1732748390191 25751.4 1831
1732748400402 21337.7 1832
1732748410628 22083.1 1833
1732748420807 22758.7 1834
1732748431060 23587.9 1835
1732748441624 24557.7 1836
1732748451843 25685.3 1837
1732748462074 21307.6 1838
1732748472247 22242.2 1839
1732748482477 22998.7 1840
1732748492663 23763.2 1841
1732748502838 24597.1 1842
1732748513012 30300.3 1843
1732748523175 21230.6 1844
1732748533374 22221.0 1845
1732748543625 23096.5 1846
1732748553880 23757.6 1847
1732748564127 24591.7 1848
1732748574320 30617.1 1849
1732748584546 20809.4 1850
1732748594783 21781.7 1851
1732748604991 22825.2 1852
1732748615189 23624.5 1853
1732748625372 24503.3 1854
1732748635593 30542.8 1855
1732748645816 21318.4 1856
1732748656055 22430.0 1857
1732748666298 23334.9 1858
1732748676507 24239.0 1859
1732748686738 25007.0 1860
1732748696980 25844.3 1861
1732748707236 21690.4 1862
1732748717410 22373.7 1863
1732748727628 23387.3 1864
1732748737840 24266.3 1865
1732748748181 25137.6 1866
1732748758411 20846.2 1867
1732748768656 21840.7 1868
1732748778874 22705.3 1869
1732748789141 23604.9 1870
1732748799368 24481.0 1871
1732748809610 25343.7 1872
1732748819854 25943.4 1873
1732748830074 21586.9 1874
1732748840267 22464.2 1875
1732748850490 23446.3 1876
1732748860673 24435.8 1877
1732748870864 25450.3 1878
1732748881057 20946.7 1879
1732748891250 21601.0 1880
1732748901483 22658.7 1881
1732748911660 23577.1 1882
1732748921876 24560.3 1883
1732748932047 25550.8 1884
1732748942260 21277.1 1885
1732748952447 22264.3 1886
1732748962673 23166.9 1887
1732748972853 24112.7 1888
1732748983081 25471.7 1889
1732748993307 26781.6 1890
1732749003537 21241.4 1891
1732749013763 20559.2 1892
1732749024011 22730.1 1893
1732749034270 23725.5 1894
1732749044491 24629.4 1895
1732749054690 25586.2 1896
1732749064878 23108.0 1897
1732749075108 21896.9 1898
1732749085331 22609.2 1899
1732749095526 23522.8 1900
1732749105771 24100.9 1901
1732749116014 25128.3 1902
1732749126239 20874.7 1903
1732749136436 22937.7 1904
1732749146661 22758.7 1905
1732749156838 23666.0 1906
1732749167093 24678.7 1907
1732749177355 25627.7 1908
1732749187601 21296.4 1909
1732749197819 22271.6 1910
1732749208073 23138.1 1911
1732749218344 24025.6 1912
1732749228638 24898.4 1913
1732749238908 30725.6 1914
1732749249150 21311.3 1915
1732749259369 22200.6 1916
1732749269601 23010.1 1917
1732749279805 23935.2 1918
1732749290014 24470.6 1919
1732749300238 25448.0 1920
1732749310478 21098.4 1921
1732749320702 21631.3 1922
1732749330902 22643.8 1923
1732749341182 23487.7 1924
1732749351446 24546.5 1925
1732749361623 25517.1 1926
1732749371815 30698.3 1927
1732749382013 21511.7 1928
1732749392227 22600.1 1929
1732749402463 22149.8 1930
1732749412655 24383.5 1931
1732749423336 24284.4 1932
1732749433579 25806.1 1933
1732749443794 21757.2 1934
1732749454032 22741.2 1935
1732749464272 23651.2 1936
1732749474509 24542.0 1937
1732749484785 25448.1 1938
1732749494994 21162.0 1939
1732749505248 22019.2 1940
1732749515501 22631.3 1941
1732749525757 23674.2 1942
1732749536012 24472.9 1943
1732749546254 25470.9 1944
1732749556507 21130.1 1945
1732749566759 22183.8 1946
1732749576956 23209.8 1947
1732749587191 24197.3 1948
1732749597446 25004.7 1949
1732749607678 25613.5 1950
1732749617895 21026.1 1951
1732749628137 21810.2 1952
1732749638348 22919.0 1953
1732749648615 24022.4 1954
1732749658858 25061.4 1955
1732749669062 26059.7 1956
1732749679301 21851.0 1957
1732749689522 22883.6 1958
1732749699761 23545.5 1959
1732749709997 24587.6 1960
1732749720311 25598.6 1961
1732749730558 21332.9 1962
1732749740798 22369.3 1963
1732749751034 23298.3 1964
1732749761237 24327.6 1965
1732749771469 25289.3 1966
1732749781655 21046.2 1967
1732749791887 21775.0 1968
1732749802119 22402.5 1969
1732749812336 23201.3 1970
1732749822572 23454.9 1971
1732749832843 24364.0 1972
1732749843069 25392.0 1973
1732749853292 26009.3 1974
1732749863531 21359.4 1975
1732749873757 22411.4 1976
1732749883998 22519.5 1977
1732749894240 24172.8 1978
1732749904489 25219.1 1979
1732749914738 26459.1 1980
1732749924945 22081.5 1981
1732749935162 22856.7 1982
1732749945401 25189.2 1983
1732749955655 24492.4 1984
