1731061514247 36.0 3072
1731061595108 37.0 6144
1731061683089 36.0 9216
1731061771041 36.0 12288
1731061864325 35.0 15360
1731061962638 34.0 18432
1731062065685 33.0 21504
1731062174186 33.0 24576
1731062272637 32.0 27648
1731062361307 32.0 30720
1731062459355 32.0 33792
1731062537248 33.0 36864
1731062633503 33.0 39936
1731062748969 32.0 43008
1731062845580 32.0 46080
1731062955910 32.0 49152
1731063050535 32.0 52224
1731063150926 32.0 55296
1731063294987 31.0 58368
1731063473576 30.0 61440
1731063600055 29.0 64512
1731063703404 29.0 67584
1731063794600 29.0 70656
1731063915544 29.0 73728
1731064032873 29.0 76800
1731064149882 29.0 79872
1731064249840 29.0 82944
1731064358610 29.0 86016
1731064489721 29.0 89088
1731064607405 29.0 92160
1731064742014 28.0 95232
1731064865453 28.0 98304
1731064979927 28.0 101376
