1731061514251 1.0 3072
1731061595112 2.0 6144
1731061683095 3.0 9216
1731061771047 4.0 12288
1731061864328 5.0 15360
1731061962643 6.0 18432
1731062065689 7.0 21504
1731062174191 8.0 24576
1731062272643 9.0 27648
1731062361310 10.0 30720
1731062459359 11.0 33792
1731062537254 12.0 36864
1731062633508 13.0 39936
1731062748973 14.0 43008
1731062845586 15.0 46080
1731062955913 16.0 49152
1731063050539 17.0 52224
1731063150931 18.0 55296
1731063294990 19.0 58368
1731063473582 20.0 61440
1731063600059 21.0 64512
1731063703409 22.0 67584
1731063794606 23.0 70656
1731063915550 24.0 73728
1731064032877 25.0 76800
1731064149888 26.0 79872
1731064249843 27.0 82944
1731064358615 28.0 86016
1731064489727 29.0 89088
1731064607410 30.0 92160
1731064742020 31.0 95232
1731064865458 32.0 98304
1731064979932 33.0 101376
