1731061514255 84.0 3072
1731061595116 165.0 6144
1731061683101 253.0 9216
1731061771052 341.0 12288
1731061864332 434.0 15360
1731061962648 532.0 18432
1731062065693 635.0 21504
1731062174196 744.0 24576
1731062272648 842.0 27648
1731062361312 931.0 30720
1731062459362 1029.0 33792
1731062537259 1107.0 36864
1731062633512 1203.0 39936
1731062748977 1319.0 43008
1731062845604 1415.0 46080
1731062955917 1526.0 49152
1731063050543 1620.0 52224
1731063150935 1721.0 55296
1731063294994 1865.0 58368
1731063473588 2043.0 61440
1731063600062 2170.0 64512
1731063703415 2273.0 67584
1731063794613 2364.0 70656
1731063915555 2485.0 73728
1731064032880 2602.0 76800
1731064149893 2719.0 79872
1731064249846 2819.0 82944
1731064358619 2928.0 86016
1731064489732 3059.0 89088
1731064607415 3177.0 92160
1731064742025 3312.0 95232
1731064865462 3435.0 98304
1731064979937 3550.0 101376
