1731061514259 3072.0 3072
1731061595120 6144.0 6144
1731061683106 9216.0 9216
1731061771056 12288.0 12288
1731061864336 15360.0 15360
1731061962653 18432.0 18432
1731062065696 21504.0 21504
1731062174201 24576.0 24576
1731062272652 27648.0 27648
1731062361316 30720.0 30720
1731062459366 33792.0 33792
1731062537264 36864.0 36864
1731062633517 39936.0 39936
1731062748992 43008.0 43008
1731062845609 46080.0 46080
1731062955921 49152.0 49152
1731063050548 52224.0 52224
1731063150940 55296.0 55296
1731063294998 58368.0 58368
1731063473593 61440.0 61440
1731063600066 64512.0 64512
1731063703420 67584.0 67584
1731063794618 70656.0 70656
1731063915560 73728.0 73728
1731064032884 76800.0 76800
1731064149898 79872.0 79872
1731064249850 82944.0 82944
1731064358624 86016.0 86016
1731064489737 89088.0 89088
1731064607419 92160.0 92160
1731064742030 95232.0 95232
1731064865466 98304.0 98304
1731064979941 101376.0 101376
