1733214021189 25.4 0
1733214031199 25.3 1
1733214041208 25.9 2
1733214051217 25.9 3
1733214061229 26.0 4
1733214071240 26.0 5
1733214081251 25.9 6
1733214091267 25.9 7
1733214101281 25.9 8
1733214111295 25.9 9
1733214121307 25.9 10
1733214131322 26.0 11
1733214141333 25.8 12
1733214151346 25.9 13
1733214161358 25.9 14
1733214171371 25.9 15
1733214181386 26.0 16
1733214191403 25.9 17
1733214201416 25.9 18
1733214211429 25.9 19
1733214221446 26.0 20
1733214231460 25.9 21
1733214241476 25.9 22
1733214251492 25.9 23
1733214261507 25.9 24
1733214271525 25.9 25
1733214281543 25.9 26
1733214291561 26.0 27
1733214301579 25.9 28
1733214311598 25.9 29
1733214321615 26.0 30
1733214331631 25.9 31
1733214341650 25.9 32
1733214351667 26.0 33
1733214361687 26.0 34
1733214371715 25.9 35
1733214381736 25.8 36
1733214391754 26.0 37
1733214401774 26.0 38
1733214411793 26.0 39
1733214421814 25.9 40
1733214431835 26.0 41
1733214441858 26.0 42
1733214451881 25.9 43
1733214461905 25.9 44
1733214471927 26.0 45
1733214481950 25.9 46
1733214491970 25.9 47
1733214501997 25.9 48
1733214512022 26.0 49
1733214522047 26.0 50
1733214532071 25.9 51
1733214542095 25.9 52
1733214552124 26.0 53
1733214562149 25.9 54
1733214572172 25.9 55
1733214582199 26.0 56
1733214592226 27.5 57
1733214602255 26.1 58
1733214612280 26.1 59
1733214622305 26.1 60
1733214632328 25.9 61
1733214642355 25.9 62
1733214652383 26.2 63
1733214662410 26.0 64
1733214672439 26.0 65
1733214682469 25.9 66
1733214692502 25.9 67
1733214702532 25.9 68
1733214712560 25.9 69
1733214722589 26.0 70
1733214732621 25.8 71
1733214742652 25.9 72
1733214752684 25.8 73
1733214762714 25.9 74
1733214772745 25.9 75
1733214782775 26.0 76
1733214792806 25.9 77
1733214802838 25.9 78
1733214812872 27.3 79
