1733214021189 93.9 0
1733214031199 93.9 1
1733214041208 93.9 2
1733214051217 93.9 3
1733214061229 93.9 4
1733214071240 93.9 5
1733214081251 93.9 6
1733214091267 93.9 7
1733214101281 93.9 8
1733214111295 93.9 9
1733214121307 93.9 10
1733214131322 93.9 11
1733214141333 93.9 12
1733214151346 93.9 13
1733214161358 93.9 14
1733214171371 93.9 15
1733214181386 93.9 16
1733214191403 93.9 17
1733214201416 93.9 18
1733214211429 93.9 19
1733214221446 93.9 20
1733214231460 93.9 21
1733214241476 93.9 22
1733214251492 93.9 23
1733214261507 93.9 24
1733214271525 93.9 25
1733214281543 93.9 26
1733214291561 93.9 27
1733214301579 93.9 28
1733214311598 93.9 29
1733214321615 93.9 30
1733214331631 93.9 31
1733214341650 93.9 32
1733214351667 93.9 33
1733214361687 93.9 34
1733214371715 93.9 35
1733214381736 93.9 36
1733214391754 93.9 37
1733214401774 93.9 38
1733214411793 93.9 39
1733214421814 93.9 40
1733214431835 93.9 41
1733214441858 93.9 42
1733214451881 93.9 43
1733214461905 93.9 44
1733214471927 93.9 45
1733214481950 93.9 46
1733214491970 93.9 47
1733214501997 93.9 48
1733214512022 93.9 49
1733214522047 93.9 50
1733214532071 93.9 51
1733214542095 93.9 52
1733214552124 93.9 53
1733214562149 93.9 54
1733214572172 93.9 55
1733214582199 93.9 56
1733214592226 93.9 57
1733214602255 93.9 58
1733214612280 93.9 59
1733214622305 93.9 60
1733214632328 93.9 61
1733214642355 93.9 62
1733214652383 93.9 63
1733214662410 93.9 64
1733214672439 93.9 65
1733214682469 93.9 66
1733214692502 93.9 67
1733214702532 93.9 68
1733214712560 93.9 69
1733214722589 93.9 70
1733214732621 93.9 71
1733214742652 93.9 72
1733214752684 93.9 73
1733214762714 93.9 74
1733214772745 93.9 75
1733214782775 93.9 76
1733214792806 93.9 77
1733214802838 93.9 78
1733214812872 93.9 79
