1733214021189 61456.7 0
1733214031199 61457.0 1
1733214041208 61457.1 2
1733214051217 61457.1 3
1733214061229 61457.1 4
1733214071240 61457.1 5
1733214081251 61457.1 6
1733214091267 61457.1 7
1733214101281 61457.1 8
1733214111295 61457.1 9
1733214121307 61457.1 10
1733214131322 61457.1 11
1733214141333 61457.1 12
1733214151346 61457.1 13
1733214161358 61457.1 14
1733214171371 61457.1 15
1733214181386 61457.1 16
1733214191403 61457.1 17
1733214201416 61457.1 18
1733214211429 61457.1 19
1733214221446 61457.1 20
1733214231460 61457.1 21
1733214241476 61457.1 22
1733214251492 61457.1 23
1733214261507 61457.1 24
1733214271525 61457.1 25
1733214281543 61457.1 26
1733214291561 61457.1 27
1733214301579 61457.1 28
1733214311598 61457.1 29
1733214321615 61457.1 30
1733214331631 61457.1 31
1733214341650 61457.1 32
1733214351667 61457.1 33
1733214361687 61457.1 34
1733214371715 61457.1 35
1733214381736 61457.1 36
1733214391754 61457.1 37
1733214401774 61457.1 38
1733214411793 61457.1 39
1733214421814 61457.1 40
1733214431835 61457.1 41
1733214441858 61457.1 42
1733214451881 61457.1 43
1733214461905 61457.1 44
1733214471927 61457.1 45
1733214481950 61457.1 46
1733214491970 61457.1 47
1733214501997 61457.1 48
1733214512022 61457.1 49
1733214522047 61457.1 50
1733214532071 61457.1 51
1733214542095 61457.1 52
1733214552124 61457.1 53
1733214562149 61457.1 54
1733214572172 61457.2 55
1733214582199 61457.2 56
1733214592226 61457.2 57
1733214602255 61457.2 58
1733214612280 61457.2 59
1733214622305 61457.2 60
1733214632328 61457.2 61
1733214642355 61457.2 62
1733214652383 61457.2 63
1733214662410 61457.2 64
1733214672439 61457.2 65
1733214682469 61457.2 66
1733214692502 61457.2 67
1733214702532 61457.2 68
1733214712560 61457.2 69
1733214722589 61457.2 70
1733214732621 61457.2 71
1733214742652 61457.2 72
1733214752684 61457.2 73
1733214762714 61457.2 74
1733214772745 61457.2 75
1733214782775 61457.2 76
1733214792806 61457.2 77
1733214802838 61457.2 78
1733214812872 61457.2 79
