1733214021189 3972.3 0
1733214031199 3972.0 1
1733214041208 3972.0 2
1733214051217 3972.0 3
1733214061229 3972.0 4
1733214071240 3972.0 5
1733214081251 3972.0 6
1733214091267 3972.0 7
1733214101281 3972.0 8
1733214111295 3972.0 9
1733214121307 3972.0 10
1733214131322 3972.0 11
1733214141333 3972.0 12
1733214151346 3972.0 13
1733214161358 3972.0 14
1733214171371 3972.0 15
1733214181386 3972.0 16
1733214191403 3972.0 17
1733214201416 3972.0 18
1733214211429 3972.0 19
1733214221446 3972.0 20
1733214231460 3972.0 21
1733214241476 3972.0 22
1733214251492 3972.0 23
1733214261507 3972.0 24
1733214271525 3972.0 25
1733214281543 3972.0 26
1733214291561 3972.0 27
1733214301579 3972.0 28
1733214311598 3972.0 29
1733214321615 3972.0 30
1733214331631 3972.0 31
1733214341650 3972.0 32
1733214351667 3971.9 33
1733214361687 3971.9 34
1733214371715 3971.9 35
1733214381736 3971.9 36
1733214391754 3971.9 37
1733214401774 3971.9 38
1733214411793 3971.9 39
1733214421814 3971.9 40
1733214431835 3971.9 41
1733214441858 3971.9 42
1733214451881 3971.9 43
1733214461905 3971.9 44
1733214471927 3971.9 45
1733214481950 3971.9 46
1733214491970 3971.9 47
1733214501997 3971.9 48
1733214512022 3971.9 49
1733214522047 3971.9 50
1733214532071 3971.9 51
1733214542095 3971.9 52
1733214552124 3971.9 53
1733214562149 3971.9 54
1733214572172 3971.9 55
1733214582199 3971.9 56
1733214592226 3971.9 57
1733214602255 3971.9 58
1733214612280 3971.9 59
1733214622305 3971.9 60
1733214632328 3971.9 61
1733214642355 3971.9 62
1733214652383 3971.9 63
1733214662410 3971.9 64
1733214672439 3971.9 65
1733214682469 3971.8 66
1733214692502 3971.8 67
1733214702532 3971.8 68
1733214712560 3971.8 69
1733214722589 3971.8 70
1733214732621 3971.8 71
1733214742652 3971.8 72
1733214752684 3971.8 73
1733214762714 3971.8 74
1733214772745 3971.8 75
1733214782775 3971.8 76
1733214792806 3971.8 77
1733214802838 3971.8 78
1733214812872 3971.8 79
