1733214021189 3534.5 0
1733214031199 6880.9 1
1733214041208 6010.9 2
1733214051217 8100.3 3
1733214061229 7826.6 4
1733214071240 7976.6 5
1733214081251 8301.1 6
1733214091267 7719.5 7
1733214101281 7665.6 8
1733214111295 6544.6 9
1733214121307 7154.8 10
1733214131322 7075.9 11
1733214141333 7505.2 12
1733214151346 8086.1 13
1733214161358 7031.2 14
1733214171371 7166.1 15
1733214181386 8982.1 16
1733214191403 7548.0 17
1733214201416 6827.7 18
1733214211429 7810.0 19
1733214221446 8050.8 20
1733214231460 7874.2 21
1733214241476 7812.4 22
1733214251492 7356.1 23
1733214261507 7391.1 24
1733214271525 7422.8 25
1733214281543 7828.2 26
1733214291561 7571.0 27
1733214301579 7766.5 28
1733214311598 8137.1 29
1733214321615 7514.9 30
1733214331631 7505.9 31
1733214341650 8104.8 32
1733214351667 7439.9 33
1733214361687 7468.9 34
1733214371715 7114.9 35
1733214381736 7306.2 36
1733214391754 7357.5 37
1733214401774 7040.6 38
1733214411793 7108.7 39
1733214421814 7553.0 40
1733214431835 9195.7 41
1733214441858 9170.2 42
1733214451881 6540.9 43
1733214461905 8386.2 44
1733214471927 8172.8 45
1733214481950 8227.8 46
1733214491970 8683.5 47
1733214501997 8226.6 48
1733214512022 8154.5 49
1733214522047 7686.4 50
1733214532071 7950.6 51
1733214542095 8206.2 52
1733214552124 7667.6 53
1733214562149 7544.7 54
1733214572172 7819.9 55
1733214582199 7514.0 56
1733214592226 7440.8 57
1733214602255 7490.0 58
1733214612280 6753.9 59
1733214622305 8733.4 60
1733214632328 8793.3 61
1733214642355 7511.0 62
1733214652383 6916.8 63
1733214662410 5493.7 64
1733214672439 7124.9 65
1733214682469 7466.2 66
1733214692502 7017.3 67
1733214702532 7521.7 68
1733214712560 7813.9 69
1733214722589 7287.3 70
1733214732621 7828.1 71
1733214742652 7482.8 72
1733214752684 6839.0 73
1733214762714 7591.5 74
1733214772745 7684.6 75
1733214782775 8412.4 76
1733214792806 7754.9 77
1733214802838 7215.6 78
1733214812872 7291.4 79
