1733214021189 12.0 0
1733214031199 23.4 1
1733214041208 20.5 2
1733214051217 27.6 3
1733214061229 26.6 4
1733214071240 27.2 5
1733214081251 28.3 6
1733214091267 26.3 7
1733214101281 26.1 8
1733214111295 22.3 9
1733214121307 24.4 10
1733214131322 24.1 11
1733214141333 25.6 12
1733214151346 27.5 13
1733214161358 23.9 14
1733214171371 24.4 15
1733214181386 30.6 16
1733214191403 25.7 17
1733214201416 23.2 18
1733214211429 26.6 19
1733214221446 27.4 20
1733214231460 26.8 21
1733214241476 26.6 22
1733214251492 25.0 23
1733214261507 25.2 24
1733214271525 25.3 25
1733214281543 26.7 26
1733214291561 25.8 27
1733214301579 26.4 28
1733214311598 27.7 29
1733214321615 25.6 30
1733214331631 25.6 31
1733214341650 27.6 32
1733214351667 25.3 33
1733214361687 25.4 34
1733214371715 24.2 35
1733214381736 24.9 36
1733214391754 25.0 37
1733214401774 24.0 38
1733214411793 24.2 39
1733214421814 25.7 40
1733214431835 31.3 41
1733214441858 31.2 42
1733214451881 22.3 43
1733214461905 28.6 44
1733214471927 27.8 45
1733214481950 28.0 46
1733214491970 29.6 47
1733214501997 28.0 48
1733214512022 27.8 49
1733214522047 26.2 50
1733214532071 27.1 51
1733214542095 27.9 52
1733214552124 26.1 53
1733214562149 25.7 54
1733214572172 26.6 55
1733214582199 25.6 56
1733214592226 25.3 57
1733214602255 25.5 58
1733214612280 23.0 59
1733214622305 29.7 60
1733214632328 29.9 61
1733214642355 25.6 62
1733214652383 23.5 63
1733214662410 18.7 64
1733214672439 24.3 65
1733214682469 25.4 66
1733214692502 23.9 67
1733214702532 25.6 68
1733214712560 26.6 69
1733214722589 24.8 70
1733214732621 26.7 71
1733214742652 25.5 72
1733214752684 23.3 73
1733214762714 25.8 74
1733214772745 26.2 75
1733214782775 28.6 76
1733214792806 26.4 77
1733214802838 24.6 78
1733214812872 24.8 79
