1732650377686 0.018570080399513245 6144
1732650456099 0.001903344294987619 9216
1732650527094 0.0033068980555981398 12288
1732650595482 0.003157634986564517 15360
1732650667926 0.005007268860936165 18432
1732650742174 0.004964539315551519 21504
1732650819515 0.0011374377645552158 24576
1732650894616 0.0038676299154758453 27648
1732650966094 0.0008128465269692242 30720
1732651043275 0.0041211755014956 33792
1732651119209 0.001022832584567368 36864
1732651203160 0.003958465531468391 39936
1732651286475 0.000132571833091788 43008
1732651371613 0.000155189773067832 46080
1732651451227 0.0007388087105937302 49152
1732651521879 0.002260165521875024 52224
1732651595843 0.0028973976150155067 55296
1732651673177 0.0034513615537434816 58368
1732651751519 0.003150306409224868 61440
1732651818031 0.004107768181711435 64512
1732651890786 0.0021886692848056555 67584
1732651970169 0.0002585911424830556 70656
1732652040872 0.003102760063484311 73728
1732652120748 0.0015264261746779084 76800
1732652200077 0.002459409646689892 79872
1732652268226 0.0029880672227591276 82944
1732652334277 0.0032441916409879923 86016
1732652398335 0.0021267079282552004 89088
1732652467105 0.0014254652196541429 92160
1732652534298 0.002181630115956068 95232
1732652606827 0.0036178461741656065 98304
1732652670223 0.0012344548013061285 101376
1732652742321 0.0022948540281504393 104448
1732652807612 0.0026267708744853735 107520
1732652880394 0.0014861581148579717 110592
1732652949752 0.0017695273272693157 113664
1732653007181 0.0013981601223349571 116736
1732653079718 0.010081496089696884 119808
1732653144559 0.001694642473012209 122880
1732653198827 0.001437846920453012 125952
1732653253633 0.0015830779448151588 129024
1732653320965 0.0023512577172368765 132096
1732653384783 0.0017655831761658192 135168
1732653456744 0.0003116923908237368 138240
1732653525740 0.0009474058169871569 141312
1732653593565 0.001008030609227717 144384
1732653662243 0.00048671173863112926 147456
1732653748700 0.0006306213326752186 150528
1732653818109 0.0006187354447320104 153600
1732653899863 0.0016569094732403755 156672
1732653977400 0.00027655871235765517 159744
1732654043022 7.747780909994617e-05 162816
1732654114234 0.000547375122550875 165888
1732654190847 9.973568376153708e-05 168960
1732654260075 0.00010474846931174397 172032
1732654329850 0.0001800877071218565 175104
1732654391591 0.00015484522737096995 178176
1732654470786 0.0003483210748527199 181248
1732654555362 9.17526995181106e-05 184320
1732654626565 0.00012847311154473573 187392
1732654708426 8.202462777262554e-05 190464
1732654776313 0.00024168251547962427 193536
1732654837550 5.6051922001643106e-05 196608
1732654908497 0.00031573878368362784 199680
1732654984865 8.581623114878312e-05 202752
