1732650377692 0.35794270833333336 6144
1732650456103 0.11402994791666667 9216
1732650527100 0.02529296875 12288
1732650595485 0.02919921875 15360
1732650667931 0.04156901041666667 18432
1732650742177 0.037369791666666666 21504
1732650819520 0.022298177083333332 24576
1732650894620 0.0115234375 27648
1732650966099 0.018196614583333333 30720
1732651043281 0.04202473958333333 33792
1732651119214 0.0039713541666666664 36864
1732651203164 0.020865885416666667 39936
1732651286480 0.0 43008
1732651371618 0.0 46080
1732651451231 0.0 49152
1732651521884 0.0064453125 52224
1732651595848 0.014388020833333333 55296
1732651673182 0.03193359375 58368
1732651751523 0.034342447916666664 61440
1732651818037 0.059407552083333336 64512
1732651890791 0.01201171875 67584
1732651970173 0.00042317708333333335 70656
1732652040876 0.04443359375 73728
1732652120751 0.03167317708333333 76800
1732652200083 0.04388020833333333 79872
1732652268230 0.06435546875 82944
1732652334281 0.13287760416666666 86016
1732652398340 0.08577473958333333 89088
1732652467110 0.04876302083333333 92160
1732652534301 0.23313802083333332 95232
1732652606833 0.21891276041666666 98304
1732652670227 0.07809244791666667 101376
1732652742327 0.11197916666666667 104448
1732652807618 0.16552734375 107520
1732652880397 0.109375 110592
1732652949757 0.16207682291666667 113664
1732653007186 0.08092447916666666 116736
1732653079722 0.5348307291666666 119808
1732653144562 0.2345703125 122880
1732653198832 0.149609375 125952
1732653253638 0.204296875 129024
1732653320970 0.19261067708333332 132096
1732653384786 0.15660807291666667 135168
1732653456750 0.2134765625 138240
1732653525743 0.2548828125 141312
1732653593570 0.11722005208333333 144384
1732653662248 0.17366536458333334 147456
1732653748705 0.18170572916666666 150528
1732653818114 0.04837239583333333 153600
1732653899868 0.07041015625 156672
1732653977406 0.11526692708333333 159744
1732654043027 0.09378255208333333 162816
1732654114239 0.16207682291666667 165888
1732654190852 0.08743489583333333 168960
1732654260081 0.038313802083333334 172032
1732654329856 0.07600911458333333 175104
1732654391594 0.14993489583333333 178176
1732654470791 0.1765625 181248
1732654555368 0.18463541666666666 184320
1732654626570 0.21598307291666666 187392
1732654708429 0.26787109375 190464
1732654776318 0.48968098958333334 193536
1732654837555 0.47975260416666665 196608
1732654908501 0.6473307291666667 199680
1732654984870 0.7272135416666666 202752
