1732650377702 9.847935999999999 6144
1732650456109 9.695872 9216
1732650527110 9.543808 12288
1732650595492 9.391744 15360
1732650667942 9.23968 18432
1732650742183 9.087616 21504
1732650819531 8.935552 24576
1732650894629 8.783488 27648
1732650966111 8.631423999999999 30720
1732651043291 8.47936 33792
1732651119225 8.327296 36864
1732651203171 8.175232 39936
1732651286491 8.023168 43008
1732651371629 7.871104 46080
1732651451238 7.719040000000001 49152
1732651521890 7.566976 52224
1732651595857 7.414911999999999 55296
1732651673193 7.262847999999999 58368
1732651751531 7.110784 61440
1732651818048 6.9587200000000005 64512
1732651890801 6.806656 67584
1732651970180 6.654592 70656
1732652040884 6.502528 73728
1732652120758 6.350463999999999 76800
1732652200101 6.1983999999999995 79872
1732652268237 6.046336 82944
1732652334291 5.894272 86016
1732652398350 5.742208 89088
1732652467132 5.590144 92160
1732652534309 5.43808 95232
1732652606844 5.286015999999999 98304
1732652670234 5.133952 101376
1732652742335 4.981888 104448
1732652807628 4.8298239999999995 107520
1732652880405 4.67776 110592
1732652949768 4.525696 113664
1732653007196 4.373632 116736
1732653079729 4.221568 119808
1732653144570 4.069504 122880
1732653198843 3.917440000000001 125952
1732653253649 3.7653760000000003 129024
1732653320981 3.613312 132096
1732653384794 3.4612480000000008 135168
1732653456760 3.309184 138240
1732653525748 3.15712 141312
1732653593592 3.0050560000000006 144384
1732653662258 2.852992 147456
1732653748714 2.7009279999999998 150528
1732653818125 2.5488640000000005 153600
1732653899879 2.3968 156672
1732653977428 2.2447360000000005 159744
1732654043037 2.0926720000000003 162816
1732654114255 1.9406079999999999 165888
1732654190861 1.7885440000000006 168960
1732654260093 1.6364800000000002 172032
1732654329864 1.4844159999999997 175104
1732654391600 1.3323520000000004 178176
1732654470800 1.180288 181248
1732654555390 1.0282239999999996 184320
1732654626581 0.8761600000000003 187392
1732654708447 0.7240959999999999 190464
1732654776333 0.5720319999999994 193536
1732654837565 0.4199680000000001 196608
1732654908524 0.26790399999999975 199680
1732654984881 0.11584000000000046 202752
