1732650377711 -0.000582575798034668 6144
1732650456118 0.0008447170257568359 9216
1732650527121 0.005747497081756592 12288
1732650595498 0.013495147228240967 15360
1732650667953 0.0479777455329895 18432
1732650742189 0.087211012840271 21504
1732650819541 0.10467058420181274 24576
1732650894637 0.08414572477340698 27648
1732650966122 0.2831547260284424 30720
1732651043302 0.30840426683425903 33792
1732651119236 0.23060303926467896 36864
1732651203179 0.21997535228729248 39936
1732651286501 0.273157000541687 43008
1732651371639 0.20232480764389038 46080
1732651451246 0.3187640309333801 49152
1732651521895 0.25113391876220703 52224
1732651595866 0.32158082723617554 55296
1732651673203 0.33218157291412354 58368
1732651751539 0.3036746382713318 61440
1732651818059 0.420973539352417 64512
1732651890812 0.5288576483726501 67584
1732651970188 0.4345325827598572 70656
1732652040892 0.4625512361526489 73728
1732652120767 0.47786492109298706 76800
1732652200112 0.447662353515625 79872
1732652268244 0.5185503363609314 82944
1732652334302 0.5120742917060852 86016
1732652398360 0.5199190378189087 89088
1732652467143 0.6975929737091064 92160
1732652534316 0.49694597721099854 95232
1732652606856 0.4184170961380005 98304
1732652670240 0.4867316484451294 101376
1732652742344 0.7391171455383301 104448
1732652807639 0.5060784816741943 107520
1732652880412 0.4606085419654846 110592
1732652949779 0.4599912166595459 113664
1732653007206 0.5938739776611328 116736
1732653079736 -0.0512995719909668 119808
1732653144577 0.041189610958099365 122880
1732653198854 0.34631669521331787 125952
1732653253660 0.9675553441047668 129024
1732653320992 0.9167042970657349 132096
1732653384801 0.2801087498664856 135168
1732653456771 0.31748783588409424 138240
1732653525754 0.44944530725479126 141312
1732653593602 0.6376005411148071 144384
1732653662268 0.643487811088562 147456
1732653748723 0.6612625122070312 150528
1732653818136 0.6257386207580566 153600
1732653899889 0.6868124604225159 156672
1732653977438 0.6806958913803101 159744
1732654043044 0.6801115274429321 162816
1732654114265 0.7320637702941895 165888
1732654190870 0.6704126000404358 168960
1732654260104 0.719268262386322 172032
1732654329872 0.7252625823020935 175104
1732654391607 0.7526532411575317 178176
1732654470818 0.8069719672203064 181248
1732654555400 0.7597780823707581 184320
1732654626592 0.6097914576530457 187392
1732654708455 0.7461992502212524 190464
1732654776343 0.7437108755111694 193536
1732654837575 0.7134738564491272 196608
1732654908535 0.7819650173187256 199680
1732654984891 0.8289166688919067 202752
