1732650377716 0.00039391744 6144
1732650456121 0.00038783488000000005 9216
1732650527126 0.00038175232000000004 12288
1732650595513 0.00037566976 15360
1732650667958 0.0003695872 18432
1732650742192 0.00036350464 21504
1732650819547 0.00035742208 24576
1732650894642 0.00035133952000000003 27648
1732650966128 0.00034525696 30720
1732651043308 0.00033917440000000006 33792
1732651119241 0.00033309184 36864
1732651203183 0.00032700928 39936
1732651286507 0.00032092672 43008
1732651371645 0.00031484416 46080
1732651451250 0.00030876160000000005 49152
1732651521898 0.00030267904000000004 52224
1732651595869 0.00029659648 55296
1732651673209 0.00029051392 58368
1732651751543 0.00028443136 61440
1732651818064 0.00027834880000000004 64512
1732651890818 0.00027226624000000003 67584
1732651970191 0.00026618368 70656
1732652040895 0.00026010112 73728
1732652120784 0.00025401856 76800
1732652200118 0.00024793600000000003 79872
1732652268247 0.00024185344000000002 82944
1732652334307 0.00023577088 86016
1732652398366 0.00022968832 89088
1732652467149 0.00022360575999999998 92160
1732652534319 0.0002175232 95232
1732652606861 0.00021144063999999999 98304
1732652670244 0.00020535808000000003 101376
1732652742360 0.00019927552000000001 104448
1732652807644 0.00019319295999999998 107520
1732652880416 0.00018711040000000002 110592
1732652949784 0.00018102784 113664
1732653007211 0.00017494528 116736
1732653079752 0.00016886272 119808
1732653144593 0.00016278016 122880
1732653198859 0.0001566976 125952
1732653253666 0.00015061504 129024
1732653320997 0.00014453247999999998 132096
1732653384805 0.00013844992000000003 135168
1732653456776 0.00013236736 138240
1732653525757 0.00012628479999999997 141312
1732653593607 0.00012020224000000003 144384
1732653662272 0.00011411968 147456
1732653748728 0.00010803711999999999 150528
1732653818141 0.00010195456000000002 153600
1732653899894 9.5872e-05 156672
1732653977444 8.978944000000003e-05 159744
1732654043047 8.370688000000001e-05 162816
1732654114271 7.762432e-05 165888
1732654190875 7.154176000000002e-05 168960
1732654260109 6.545920000000001e-05 172032
1732654329876 5.937663999999999e-05 175104
1732654391610 5.329408000000002e-05 178176
1732654470823 4.721152e-05 181248
1732654555406 4.112895999999999e-05 184320
1732654626597 3.504640000000002e-05 187392
1732654708459 2.8963839999999998e-05 190464
1732654776348 2.288127999999998e-05 193536
1732654837581 1.6798720000000007e-05 196608
1732654908541 1.0716159999999991e-05 199680
1732654984897 4.633600000000019e-06 202752
