1732650377721 0.6207540035247803 6144
1732650456124 5.432017803192139 9216
1732650527132 3.8636972904205322 12288
1732650595518 2.9445531368255615 15360
1732650667964 4.63060188293457 18432
1732650742195 5.312286853790283 21504
1732650819552 7.989331245422363 24576
1732650894647 6.4824299812316895 27648
1732650966133 3.8472588062286377 30720
1732651043313 8.870586395263672 33792
1732651119247 8.30008602142334 36864
1732651203187 8.078465461730957 39936
1732651286512 7.9542341232299805 43008
1732651371650 8.166031837463379 46080
1732651451253 9.346907615661621 49152
1732651521901 10.200366973876953 52224
1732651595872 3.940585136413574 55296
1732651673214 5.134657382965088 58368
1732651751546 8.5021390914917 61440
1732651818069 7.766290664672852 64512
1732651890824 1.6975358724594116 67584
1732651970195 6.715436935424805 70656
1732652040900 3.2895498275756836 73728
1732652120789 4.0270562171936035 76800
1732652200123 7.888670921325684 79872
1732652268251 3.9508018493652344 82944
1732652334312 3.53482723236084 86016
1732652398371 3.992583751678467 89088
1732652467154 3.8232457637786865 92160
1732652534323 6.705106258392334 95232
1732652606866 4.011274814605713 98304
1732652670247 9.053583145141602 101376
1732652742366 2.081517457962036 104448
1732652807650 9.0965576171875 107520
1732652880420 8.82919692993164 110592
1732652949789 7.887457847595215 113664
1732653007216 5.335414409637451 116736
1732653079755 181.73883056640625 119808
1732653144597 4.245058536529541 122880
1732653198864 2.581639289855957 125952
1732653253671 0.45661717653274536 129024
1732653321002 1.0956710577011108 132096
1732653384808 2.317791700363159 135168
1732653456781 3.891157865524292 138240
1732653525760 5.2362260818481445 141312
1732653593613 5.590372562408447 144384
1732653662277 6.189704895019531 147456
1732653748732 6.796335220336914 150528
1732653818146 14.95743465423584 153600
1732653899900 8.991310119628906 156672
1732653977449 8.778254508972168 159744
1732654043050 6.481111526489258 162816
1732654114276 3.308641195297241 165888
1732654190879 5.002592086791992 168960
1732654260115 5.211559772491455 172032
1732654329880 7.776113510131836 175104
1732654391613 7.800652503967285 178176
1732654470829 2.7759687900543213 181248
1732654555411 7.065308094024658 184320
1732654626602 17.62883949279785 187392
1732654708464 7.477725982666016 190464
1732654776352 9.820245742797852 193536
1732654837586 6.067142009735107 196608
1732654908546 2.3700335025787354 199680
1732654984902 2.2359671592712402 202752
