1732650377726 10.0 6144
1732650456128 20.0 9216
1732650527137 30.0 12288
1732650595523 40.0 15360
1732650667969 50.0 18432
1732650742198 60.0 21504
1732650819557 70.0 24576
1732650894653 80.0 27648
1732650966149 90.0 30720
1732651043319 100.0 33792
1732651119252 110.0 36864
1732651203190 120.0 39936
1732651286517 130.0 43008
1732651371656 140.0 46080
1732651451269 150.0 49152
1732651521904 160.0 52224
1732651595876 170.0 55296
1732651673219 180.0 58368
1732651751550 190.0 61440
1732651818075 200.0 64512
1732651890829 210.0 67584
1732651970199 220.0 70656
1732652040904 230.0 73728
1732652120794 240.0 76800
1732652200129 250.0 79872
1732652268254 260.0 82944
1732652334317 270.0 86016
1732652398377 280.0 89088
1732652467159 290.0 92160
1732652534326 300.0 95232
1732652606871 310.0 98304
1732652670251 320.0 101376
1732652742371 330.0 104448
1732652807655 340.0 107520
1732652880423 350.0 110592
1732652949795 360.0 113664
1732653007221 370.0 116736
1732653079759 380.0 119808
1732653144601 390.0 122880
1732653198869 400.0 125952
1732653253677 410.0 129024
1732653321008 420.0 132096
1732653384825 430.0 135168
1732653456787 440.0 138240
1732653525763 450.0 141312
1732653593618 460.0 144384
1732653662282 470.0 147456
1732653748737 480.0 150528
1732653818152 490.0 153600
1732653899905 500.0 156672
1732653977454 510.0 159744
1732654043053 520.0 162816
1732654114282 530.0 165888
1732654190883 540.0 168960
1732654260120 550.0 172032
1732654329883 560.0 175104
1732654391617 570.0 178176
1732654470835 580.0 181248
1732654555417 590.0 184320
1732654626608 600.0 187392
1732654708469 610.0 190464
1732654776357 620.0 193536
1732654837592 630.0 196608
1732654908552 640.0 199680
1732654984907 650.0 202752
