1732650377731 -0.006210317462682724 6144
1732650456131 -0.000250337195272247 9216
1732650527155 4.337293406327566e-05 12288
1732650595528 0.00015144288384666044 15360
1732650667974 -0.000502454264399906 18432
1732650742200 -0.0008923240394021074 21504
1732650819562 -0.0001824064568306009 24576
1732650894658 -0.0013535628483320277 27648
1732650966155 -0.0004026151883105437 30720
1732651043324 -0.0007797085757677754 33792
1732651119257 -0.0004448015553255876 36864
1732651203194 -0.0019157243271668751 39936
1732651286522 -0.00020888869961102803 43008
1732651371660 9.097815491259098e-05 46080
1732651451274 -0.00020342151789615553 49152
1732651521907 -0.0007041092147119343 52224
1732651595879 -0.00109858518311133 55296
1732651673225 -0.0019457612109060089 58368
1732651751554 -0.0017678784982611735 61440
1732651818080 -0.003032847447320819 64512
1732651890848 -0.00017331558046862483 67584
1732651970203 -0.0003568790115726491 70656
1732652040909 -0.0013897780639429886 73728
1732652120799 -0.0009739417272309462 76800
1732652200134 -0.0012268667536166806 79872
1732652268258 -0.0006385726233323415 82944
1732652334322 -0.0013340264946843188 86016
1732652398383 -0.0018901757663115858 89088
1732652467165 -0.0006948875185723106 92160
1732652534330 0.0025156045720602076 95232
1732652606876 0.0015257979510352015 98304
1732652670254 0.0005939256399869919 101376
1732652742376 -0.001051048724912107 104448
1732652807660 0.0019247956185912093 107520
1732652880427 -1.6767570438484351e-06 110592
1732652949800 0.004185386758763343 113664
1732653007226 -0.0009249054671575626 116736
1732653079763 0.014541951497085393 119808
1732653144606 0.0016959126534250876 122880
1732653198875 -0.0009403302799910306 125952
1732653253682 -0.0052880575725187855 129024
1732653321014 -0.003732547008742889 132096
1732653384830 6.740716441224018e-05 135168
1732653456792 0.00102827912196517 138240
1732653525765 -0.0004883281343306104 141312
1732653593623 -0.0009924257290549576 144384
1732653662287 0.0006642976698155204 147456
1732653748742 0.00028596128492305677 150528
1732653818158 7.023450452834368e-05 153600
1732653899910 0.00028114363085478543 156672
1732653977460 -0.0003280605383527776 159744
1732654043057 -0.00023138225854684908 162816
1732654114287 0.0006466022770230969 165888
1732654190887 0.0001937019716327389 168960
1732654260125 5.060235659281413e-05 172032
1732654329887 -9.18016458551089e-05 175104
1732654391620 0.0002345025384177764 178176
1732654470840 5.452623590826988e-05 181248
1732654555422 0.00015664282254874707 184320
1732654626613 0.0005927005627502997 187392
1732654708473 0.0006753976844872038 190464
1732654776362 0.0024267946602776645 193536
1732654837596 0.0009681387338787318 196608
1732654908557 0.0020617599443842967 199680
1732654984912 0.0020144958475915094 202752
