1732650377736 1.0206711292266846 6144
1732650456134 1.0246860980987549 9216
1732650527160 1.0180248022079468 12288
1732650595533 1.0187456607818604 15360
1732650667980 1.0177278518676758 18432
1732650742203 1.017848014831543 21504
1732650819566 1.0178797245025635 24576
1732650894663 1.0178693532943726 27648
1732650966160 1.017970085144043 30720
1732651043329 1.0179721117019653 33792
1732651119263 1.017859935760498 36864
1732651203198 1.0178897380828857 39936
1732651286528 1.0181043148040771 43008
1732651371665 1.0183370113372803 46080
1732651451278 1.0185658931732178 49152
1732651521910 1.018737554550171 52224
1732651595882 1.0188260078430176 55296
1732651673230 1.0189430713653564 58368
1732651751558 1.01908278465271 61440
1732651818086 1.0193185806274414 64512
1732651890854 1.0195152759552002 67584
1732651970207 1.0195448398590088 70656
1732652040914 1.0197299718856812 73728
1732652120804 1.0198627710342407 76800
1732652200139 1.019949197769165 79872
1732652268261 1.0197664499282837 82944
1732652334327 1.019741177558899 86016
1732652398388 1.0196845531463623 89088
1732652467170 1.01963472366333 92160
1732652534333 1.0196763277053833 95232
1732652606881 1.0195845365524292 98304
1732652670257 1.0196564197540283 101376
1732652742381 1.0194649696350098 104448
1732652807666 1.0194354057312012 107520
1732652880431 1.0194423198699951 110592
1732652949806 1.0193932056427002 113664
1732653007231 1.0194008350372314 116736
1732653079766 1.0203317403793335 119808
1732653144611 1.0229735374450684 122880
1732653198880 1.0233573913574219 125952
1732653253688 1.0228919982910156 129024
1732653321019 1.0225772857666016 132096
1732653384834 1.0225858688354492 135168
1732653456809 1.0226649045944214 138240
1732653525768 1.0226426124572754 141312
1732653593629 1.0227091312408447 144384
1732653662292 1.022675633430481 147456
1732653748746 1.0226891040802002 150528
1732653818163 1.0227380990982056 153600
1732653899916 1.0224950313568115 156672
1732653977465 1.022404432296753 159744
1732654043060 1.0224242210388184 162816
1732654114293 1.0224565267562866 165888
1732654190891 1.0224609375 168960
1732654260130 1.0224239826202393 172032
1732654329891 1.0224084854125977 175104
1732654391623 1.0224438905715942 178176
1732654470845 1.0224478244781494 181248
1732654555427 1.022464632987976 184320
1732654626619 1.0225392580032349 187392
1732654708477 1.022559642791748 190464
1732654776367 1.022576093673706 193536
1732654837601 1.022566795349121 196608
1732654908562 1.022481083869934 199680
1732654984918 1.022438883781433 202752
