1732650377741 2.4855775167544683 6144
1732650456138 8.969265087445576 9216
1732650527165 6.497211162249247 12288
1732650595538 4.097737260659536 15360
1732650667985 5.911705295244853 18432
1732650742206 7.569223777453105 21504
1732650819571 7.722754879792531 24576
1732650894668 8.837929320335387 27648
1732650966166 6.329839221636454 30720
1732651043335 7.207883950074514 33792
1732651119268 7.117000571886698 36864
1732651203201 8.413610617319742 39936
1732651286533 8.272922078768412 43008
1732651371670 9.747041654586791 46080
1732651451283 8.029416338602703 49152
1732651521912 7.703903357187907 52224
1732651595885 6.175958947340647 55296
1732651673236 5.990244428316752 58368
1732651751574 7.373224091529846 61440
1732651818091 6.9466849644978845 64512
1732651890859 2.910388257106145 67584
1732651970211 5.669012010097504 70656
1732652040920 6.98437393506368 73728
1732652120809 4.31171174844106 76800
1732652200145 6.713437577088674 79872
1732652268265 4.436845882733663 82944
1732652334332 4.331703082720439 86016
1732652398394 3.8090390463670096 89088
1732652467175 3.2283862153689067 92160
1732652534337 6.147169578075409 95232
1732652606886 4.119233787059784 98304
1732652670261 7.4907305081685385 101376
1732652742386 3.1174840480089188 104448
1732652807671 8.76687405904134 107520
1732652880434 6.329889937241872 110592
1732652949811 6.750158754984538 113664
1732653007235 3.828846925497055 116736
1732653079770 166.18415425618488 119808
1732653144615 5.086701492468516 122880
1732653198885 4.283977202574412 125952
1732653253693 0.3948232397437096 129024
1732653321024 0.765530086060365 132096
1732653384839 5.463901237646739 135168
1732653456814 4.668683044115702 138240
1732653525770 3.3085719128449758 141312
1732653593634 4.891898095607758 144384
1732653662297 5.46376382112503 147456
1732653748751 4.918021488189697 150528
1732653818168 10.82760546207428 153600
1732653899921 5.328766163190206 156672
1732653977470 8.484817536671956 159744
1732654043063 8.090548793474833 162816
1732654114298 4.787100871404012 165888
1732654190895 5.3245027979214985 168960
1732654260136 6.265887610117594 172032
1732654329894 6.195090258121491 175104
1732654391626 5.825360023975373 178176
1732654470851 3.1887560149033862 181248
1732654555433 5.813173373540242 184320
1732654626624 14.146111726760864 187392
1732654708481 6.417157669862111 190464
1732654776372 8.783855589230855 193536
1732654837605 5.41213211218516 196608
1732654908566 3.989890921115875 199680
1732654984923 4.928420178095499 202752
