1731056251899 121266.2 0
1731056261946 121266.2 1
1731056272005 121266.2 2
1731056282047 121266.2 3
1731056292095 121266.2 4
1731056302148 121266.2 5
1731056312198 121266.2 6
1731056322260 121266.2 7
1731056332326 121266.2 8
1731056342378 121266.2 9
1731056352427 121266.3 10
1731056362506 121266.3 11
1731056372577 121266.3 12
1731056382650 121266.3 13
1731056392713 121266.3 14
1731056402774 121266.3 15
1731056412834 121266.3 16
1731056422885 121266.3 17
1731056432928 121266.4 18
1731056443006 121266.4 19
1731056453082 121266.4 20
1731056463144 121266.4 21
1731056473220 121266.4 22
1731056483297 121266.4 23
1731056493377 121266.4 24
1731056503438 121266.4 25
1731056513516 121266.4 26
1731056523588 121266.5 27
1731056533660 121266.5 28
1731056543725 121266.5 29
1731056553781 121266.5 30
1731056563833 121266.5 31
1731056573916 121266.5 32
1731056583983 121266.5 33
1731056594063 121266.5 34
1731056604130 121266.7 35
1731056614203 121266.7 36
1731056624269 121266.8 37
1731056634363 121266.8 38
1731056644447 121266.8 39
1731056654509 121266.8 40
1731056664589 121266.8 41
1731056674670 121266.8 42
1731056684739 121266.8 43
1731056694804 121266.9 44
1731056704865 121267.1 45
1731056714960 121267.4 46
1731056725031 121267.4 47
1731056735110 121267.4 48
1731056745197 121267.8 49
1731056755268 121267.8 50
1731056765339 121267.9 51
1731056775419 121267.8 52
1731056785483 121267.9 53
1731056795564 121267.9 54
1731056805643 121267.9 55
1731056815722 121267.9 56
1731056825798 121267.9 57
1731056835862 121267.9 58
1731056845943 121267.9 59
1731056856014 121267.9 60
1731056866088 121267.9 61
1731056876165 121267.9 62
1731056886250 121267.9 63
1731056896329 121267.9 64
1731056906403 121267.9 65
1731056916498 121268.2 66
1731056926575 121256.8 67
1731056936656 121258.4 68
1731056946731 121254.8 69
1731056956819 121254.8 70
1731056966871 121254.8 71
1731056976937 121255.4 72
1731056987002 121253.3 73
1731056997079 121255.8 74
1731057007152 121258.1 75
1731057017233 121258.1 76
1731057027300 121258.7 77
1731057037363 121259.8 78
1731057047436 121256.9 79
1731057057527 121261.1 80
1731057067595 121258.1 81
1731057077689 121257.2 82
1731057087754 121257.2 83
1731057097826 121257.3 84
1731057107874 121257.3 85
1731057117929 121257.5 86
1731057128005 121257.5 87
1731057138076 121257.5 88
1731057148152 121257.5 89
1731057158237 121258.5 90
1731057168319 121258.7 91
1731057178388 121261.0 92
1731057188463 121261.1 93
1731057198543 121261.7 94
1731057208610 121261.7 95
1731057218687 121261.8 96
1731057228763 121261.8 97
1731057238849 121262.0 98
1731057248921 121262.5 99
1731057259008 121262.5 100
1731057269092 121262.6 101
1731057279167 121262.6 102
1731057289241 121258.9 103
1731057299304 121263.3 104
1731057309376 121260.1 105
1731057319464 121264.4 106
1731057329539 121261.2 107
1731057339628 121264.4 108
1731057349702 121264.4 109
1731057359761 121264.5 110
1731057369833 121264.5 111
1731057379903 121264.5 112
1731057389969 121264.5 113
1731057400068 121264.5 114
1731057410140 121273.4 115
1731057420232 121259.3 116
1731057430321 121263.6 117
1731057440398 121259.4 118
1731057450475 121259.4 119
1731057460571 121259.4 120
1731057470655 121259.4 121
1731057480725 121259.4 122
1731057490813 121259.4 123
1731057500891 121259.5 124
1731057510975 121259.4 125
1731057521052 121259.5 126
1731057531138 121259.5 127
1731057541203 121259.8 128
1731057551289 121259.9 129
1731057561363 121259.9 130
1731057571431 121259.9 131
1731057581520 121259.9 132
1731057591599 121260.1 133
1731057601687 121260.1 134
1731057611758 121260.1 135
1731057621840 121260.1 136
1731057631905 121260.1 137
1731057641988 121260.1 138
1731057652054 121260.1 139
1731057662156 121260.2 140
1731057672249 121260.2 141
1731057682324 121260.2 142
1731057692410 121261.4 143
1731057702487 121266.8 144
1731057712564 121261.4 145
1731057722654 121261.4 146
1731057732737 121261.4 147
1731057742806 121261.4 148
1731057752864 121261.4 149
1731057762940 121261.4 150
1731057773008 121261.5 151
1731057783101 121261.5 152
1731057793181 121261.4 153
1731057803271 121264.7 154
1731057813332 121266.8 155
1731057823407 121263.5 156
1731057833517 121263.8 157
1731057843599 121263.5 158
1731057853689 121263.5 159
1731057863765 121263.5 160
1731057873846 121263.5 161
1731057883937 121266.7 162
1731057894019 121266.8 163
1731057904123 121266.8 164
1731057914222 121260.6 165
1731057924288 121264.0 166
1731057934375 121265.1 167
1731057944452 121265.2 168
1731057954541 121265.5 169
1731057964644 121265.5 170
1731057974739 121265.6 171
1731057984814 121265.7 172
1731057994908 121265.8 173
1731058004977 121265.9 174
1731058015079 121265.9 175
1731058025177 121266.0 176
1731058035258 121263.1 177
1731058045345 121262.4 178
1731058055427 121265.7 179
1731058065525 121262.4 180
1731058075611 121266.7 181
1731058085710 121263.6 182
1731058095800 121263.6 183
1731058105861 121265.7 184
1731058115936 121268.9 185
1731058126021 121269.1 186
1731058136117 121269.1 187
1731058146209 121269.2 188
1731058156274 121269.2 189
1731058166349 121266.1 190
1731058176436 121264.0 191
1731058186540 121268.3 192
1731058196631 121265.0 193
1731058206719 121264.5 194
1731058216801 121264.7 195
1731058226878 121264.8 196
1731058236955 121261.7 197
1731058247033 121263.5 198
1731058257133 121264.0 199
1731058267221 121267.5 200
1731058277308 121266.6 201
1731058287425 121266.4 202
1731058297515 121266.6 203
1731058307621 121269.4 204
1731058317719 121267.1 205
1731058327823 121269.3 206
1731058337895 121270.8 207
1731058347976 121271.8 208
1731058358063 121274.3 209
1731058368151 121274.3 210
1731058378247 121272.3 211
1731058388365 121273.2 212
1731058398453 121270.0 213
1731058408563 121270.2 214
1731058418658 121272.2 215
1731058428744 121272.6 216
1731058438844 121268.4 217
1731058448940 121272.8 218
1731058459006 121270.9 219
1731058469085 121273.2 220
1731058479203 121270.3 221
1731058489299 121274.7 222
1731058499406 121272.6 223
1731058509506 121269.3 224
1731058519606 121273.6 225
1731058529709 121270.4 226
1731058539809 121270.6 227
1731058549898 121271.4 228
1731058560002 121271.6 229
1731058570100 121268.4 230
1731058580187 121272.7 231
1731058590624 121269.6 232
1731058600725 121275.0 233
1731058610826 121271.8 234
1731058620909 121272.0 235
1731058631012 121272.8 236
1731058641113 121273.0 237
1731058651206 121269.8 238
1731058661305 121274.1 239
1731058671398 121272.0 240
1731058681486 121268.7 241
1731058691588 121273.0 242
1731058701685 121269.8 243
1731058711787 121274.1 244
1731058721889 121270.8 245
1731058731995 121271.0 246
1731058742086 121271.9 247
1731058752189 121272.1 248
1731058762302 121268.8 249
1731058772383 121274.3 250
1731058782499 121271.1 251
1731058792588 121275.4 252
1731058802696 121272.2 253
1731058812817 121272.4 254
1731058822917 121273.2 255
1731058833032 121273.4 256
1731058843128 121270.4 257
1731058853251 121274.7 258
1731058863366 121271.5 259
1731058873453 121269.4 260
1731058883562 121273.6 261
1731058893659 121270.5 262
1731058903767 121274.8 263
1731058913873 121271.5 264
1731058923979 121271.8 265
1731058934069 121272.7 266
1731058944169 121274.9 267
1731058954277 121274.9 268
1731058964391 121270.7 269
1731058974479 121276.3 270
1731058984562 121273.0 271
1731058994649 121273.3 272
1731059004763 121274.2 273
1731059014865 121274.4 274
1731059024971 121271.2 275
1731059035068 121275.4 276
1731059045174 121270.1 277
1731059055285 121272.3 278
1731059065395 121273.3 279
1731059075500 121271.5 280
1731059085594 121284.5 281
1731059095677 121281.2 282
1731059105771 121285.5 283
1731059115887 121281.4 284
1731059125994 121282.7 285
1731059136101 121282.6 286
1731059146207 121285.1 287
1731059156312 121285.1 288
1731059166419 121282.3 289
1731059176527 121283.1 290
1731059186627 121283.3 291
1731059196711 121282.0 292
1731059206783 121284.3 293
1731059216884 121284.2 294
1731059226944 121285.3 295
1731059237043 121284.1 296
1731059247132 121280.9 297
1731059257221 121282.0 298
1731059267309 121284.2 299
1731059277392 121285.3 300
1731059287468 121285.4 301
1731059297538 121285.3 302
1731059307610 121286.3 303
1731059317678 121281.0 304
1731059327756 121284.3 305
1731059337843 121286.5 306
1731059347934 121281.3 307
1731059358033 121282.3 308
1731059368113 121283.3 309
1731059378183 121285.1 310
1731059388274 121287.3 311
1731059398364 121283.0 312
1731059408471 121286.3 313
1731059418580 121286.2 314
1731059428674 121282.0 315
1731059438784 121283.0 316
1731059448885 121286.5 317
1731059458992 121281.1 318
1731059469102 121284.5 319
1731059479207 121283.3 320
1731059489312 121285.6 321
1731059499412 121285.7 322
1731059509516 121285.8 323
1731059519630 121285.8 324
1731059529723 121285.8 325
1731059539831 121285.8 326
1731059549931 121285.9 327
1731059560024 121286.0 328
1731059570120 121286.0 329
1731059580242 121286.0 330
1731059590337 121286.0 331
1731059600459 121286.0 332
1731059610567 121286.1 333
1731059620681 121286.1 334
1731059630781 121286.1 335
1731059640912 121283.6 336
1731059651021 121282.5 337
1731059661127 121286.8 338
1731059671250 121283.7 339
1731059681359 121288.0 340
1731059691456 121284.8 341
1731059701545 121284.8 342
1731059711668 121285.0 343
1731059721784 121284.9 344
1731059731883 121282.6 345
1731059741977 121283.7 346
1731059752077 121281.6 347
1731059762164 121285.9 348
1731059772248 121282.7 349
1731059782365 121287.0 350
1731059792455 121283.7 351
1731059802529 121283.9 352
1731059812642 121284.8 353
1731059822762 121285.0 354
1731059832863 121281.8 355
1731059842972 121286.1 356
1731059853088 121283.6 357
1731059863176 121280.8 358
1731059873281 121281.9 359
1731059883387 121281.9 360
1731059893512 121281.9 361
1731059903580 121284.3 362
1731059913672 121284.4 363
1731059923794 121283.9 364
1731059933916 121284.9 365
1731059943988 121281.7 366
1731059954093 121286.3 367
1731059964193 121286.6 368
1731059974294 121286.8 369
1731059984424 121286.8 370
1731059994512 121286.8 371
1731060004600 121288.0 372
1731060014725 121284.9 373
1731060024828 121285.1 374
1731060034942 121285.9 375
1731060045070 121286.1 376
1731060055171 121282.9 377
1731060065303 121287.2 378
1731060075425 121283.9 379
1731060085548 121289.4 380
1731060095654 121286.2 381
1731060105757 121286.4 382
1731060115886 121286.2 383
1731060125992 121288.5 384
1731060136098 121286.4 385
