1731056251899 46.2 0
1731056261946 46.2 1
1731056272005 46.2 2
1731056282047 46.2 3
1731056292095 46.2 4
1731056302148 46.2 5
1731056312198 46.2 6
1731056322260 46.2 7
1731056332326 46.2 8
1731056342378 46.2 9
1731056352427 46.2 10
1731056362506 46.2 11
1731056372577 46.2 12
1731056382650 46.2 13
1731056392713 46.2 14
1731056402774 46.2 15
1731056412834 46.2 16
1731056422885 46.2 17
1731056432928 46.2 18
1731056443006 46.2 19
1731056453082 46.2 20
1731056463144 46.2 21
1731056473220 46.2 22
1731056483297 46.2 23
1731056493377 46.2 24
1731056503438 46.2 25
1731056513516 46.2 26
1731056523588 46.2 27
1731056533660 46.2 28
1731056543725 46.2 29
1731056553781 46.2 30
1731056563833 46.2 31
1731056573916 46.2 32
1731056583983 46.2 33
1731056594063 46.2 34
1731056604130 46.2 35
1731056614203 46.2 36
1731056624269 46.2 37
1731056634363 46.2 38
1731056644447 46.2 39
1731056654509 46.2 40
1731056664589 46.2 41
1731056674670 46.2 42
1731056684739 46.2 43
1731056694804 46.2 44
1731056704865 46.2 45
1731056714960 46.2 46
1731056725031 46.2 47
1731056735110 46.2 48
1731056745197 46.2 49
1731056755268 46.2 50
1731056765339 46.2 51
1731056775419 46.2 52
1731056785483 46.2 53
1731056795564 46.2 54
1731056805643 46.2 55
1731056815722 46.2 56
1731056825798 46.2 57
1731056835862 46.2 58
1731056845943 46.2 59
1731056856014 46.2 60
1731056866088 46.2 61
1731056876165 46.2 62
1731056886250 46.2 63
1731056896329 46.2 64
1731056906403 46.2 65
1731056916498 46.2 66
1731056926575 46.2 67
1731056936656 46.2 68
1731056946731 46.2 69
1731056956819 46.2 70
1731056966871 46.2 71
1731056976937 46.2 72
1731056987002 46.2 73
1731056997079 46.2 74
1731057007152 46.2 75
1731057017233 46.2 76
1731057027300 46.2 77
1731057037363 46.2 78
1731057047436 46.2 79
1731057057527 46.2 80
1731057067595 46.2 81
1731057077689 46.2 82
1731057087754 46.2 83
1731057097826 46.2 84
1731057107874 46.2 85
1731057117929 46.2 86
1731057128005 46.2 87
1731057138076 46.2 88
1731057148152 46.2 89
1731057158237 46.2 90
1731057168319 46.2 91
1731057178388 46.2 92
1731057188463 46.2 93
1731057198543 46.2 94
1731057208610 46.2 95
1731057218687 46.2 96
1731057228763 46.2 97
1731057238849 46.2 98
1731057248921 46.2 99
1731057259008 46.2 100
1731057269092 46.2 101
1731057279167 46.2 102
1731057289241 46.2 103
1731057299304 46.2 104
1731057309376 46.2 105
1731057319464 46.2 106
1731057329539 46.2 107
1731057339628 46.2 108
1731057349702 46.2 109
1731057359761 46.2 110
1731057369833 46.2 111
1731057379903 46.2 112
1731057389969 46.2 113
1731057400068 46.2 114
1731057410140 46.2 115
1731057420232 46.2 116
1731057430321 46.2 117
1731057440398 46.2 118
1731057450475 46.2 119
1731057460571 46.2 120
1731057470655 46.2 121
1731057480725 46.2 122
1731057490813 46.2 123
1731057500891 46.2 124
1731057510975 46.2 125
1731057521052 46.2 126
1731057531138 46.2 127
1731057541203 46.2 128
1731057551289 46.2 129
1731057561363 46.2 130
1731057571431 46.2 131
1731057581520 46.2 132
1731057591599 46.2 133
1731057601687 46.2 134
1731057611758 46.2 135
1731057621840 46.2 136
1731057631905 46.2 137
1731057641988 46.2 138
1731057652054 46.2 139
1731057662156 46.2 140
1731057672249 46.2 141
1731057682324 46.2 142
1731057692410 46.2 143
1731057702487 46.2 144
1731057712564 46.2 145
1731057722654 46.2 146
1731057732737 46.2 147
1731057742806 46.2 148
1731057752864 46.2 149
1731057762940 46.2 150
1731057773008 46.2 151
1731057783101 46.2 152
1731057793181 46.2 153
1731057803271 46.2 154
1731057813332 46.2 155
1731057823407 46.2 156
1731057833517 46.2 157
1731057843599 46.2 158
1731057853689 46.2 159
1731057863765 46.2 160
1731057873846 46.2 161
1731057883937 46.2 162
1731057894019 46.2 163
1731057904123 46.2 164
1731057914222 46.2 165
1731057924288 46.2 166
1731057934375 46.2 167
1731057944452 46.2 168
1731057954541 46.2 169
1731057964644 46.2 170
1731057974739 46.2 171
1731057984814 46.2 172
1731057994908 46.2 173
1731058004977 46.2 174
1731058015079 46.2 175
1731058025177 46.2 176
1731058035258 46.2 177
1731058045345 46.2 178
1731058055427 46.2 179
1731058065525 46.2 180
1731058075611 46.2 181
1731058085710 46.2 182
1731058095800 46.2 183
1731058105861 46.2 184
1731058115936 46.2 185
1731058126021 46.2 186
1731058136117 46.2 187
1731058146209 46.2 188
1731058156274 46.2 189
1731058166349 46.2 190
1731058176436 46.2 191
1731058186540 46.2 192
1731058196631 46.2 193
1731058206719 46.2 194
1731058216801 46.2 195
1731058226878 46.2 196
1731058236955 46.2 197
1731058247033 46.2 198
1731058257133 46.2 199
1731058267221 46.2 200
1731058277308 46.2 201
1731058287425 46.2 202
1731058297515 46.2 203
1731058307621 46.2 204
1731058317719 46.2 205
1731058327823 46.2 206
1731058337895 46.2 207
1731058347976 46.2 208
1731058358063 46.2 209
1731058368151 46.2 210
1731058378247 46.2 211
1731058388365 46.2 212
1731058398453 46.2 213
1731058408563 46.2 214
1731058418658 46.2 215
1731058428744 46.2 216
1731058438844 46.2 217
1731058448940 46.2 218
1731058459006 46.2 219
1731058469085 46.2 220
1731058479203 46.2 221
1731058489299 46.2 222
1731058499406 46.2 223
1731058509506 46.2 224
1731058519606 46.2 225
1731058529709 46.2 226
1731058539809 46.2 227
1731058549898 46.2 228
1731058560002 46.2 229
1731058570100 46.2 230
1731058580187 46.2 231
1731058590624 46.2 232
1731058600725 46.2 233
1731058610826 46.2 234
1731058620909 46.2 235
1731058631012 46.2 236
1731058641113 46.2 237
1731058651206 46.2 238
1731058661305 46.2 239
1731058671398 46.2 240
1731058681486 46.2 241
1731058691588 46.2 242
1731058701685 46.2 243
1731058711787 46.2 244
1731058721889 46.2 245
1731058731995 46.2 246
1731058742086 46.2 247
1731058752189 46.2 248
1731058762302 46.2 249
1731058772383 46.2 250
1731058782499 46.2 251
1731058792588 46.2 252
1731058802696 46.2 253
1731058812817 46.2 254
1731058822917 46.2 255
1731058833032 46.2 256
1731058843128 46.2 257
1731058853251 46.2 258
1731058863366 46.2 259
1731058873453 46.2 260
1731058883562 46.2 261
1731058893659 46.2 262
1731058903767 46.2 263
1731058913873 46.2 264
1731058923979 46.2 265
1731058934069 46.2 266
1731058944169 46.2 267
1731058954277 46.2 268
1731058964391 46.2 269
1731058974479 46.2 270
1731058984562 46.2 271
1731058994649 46.2 272
1731059004763 46.2 273
1731059014865 46.2 274
1731059024971 46.2 275
1731059035068 46.2 276
1731059045174 46.2 277
1731059055285 46.2 278
1731059065395 46.2 279
1731059075500 46.2 280
1731059085594 46.2 281
1731059095677 46.2 282
1731059105771 46.2 283
1731059115887 46.2 284
1731059125994 46.2 285
1731059136101 46.2 286
1731059146207 46.2 287
1731059156312 46.2 288
1731059166419 46.2 289
1731059176527 46.2 290
1731059186627 46.2 291
1731059196711 46.2 292
1731059206783 46.2 293
1731059216884 46.2 294
1731059226944 46.2 295
1731059237043 46.2 296
1731059247132 46.2 297
1731059257221 46.2 298
1731059267309 46.2 299
1731059277392 46.2 300
1731059287468 46.2 301
1731059297538 46.2 302
1731059307610 46.2 303
1731059317678 46.2 304
1731059327756 46.2 305
1731059337843 46.2 306
1731059347934 46.2 307
1731059358033 46.2 308
1731059368113 46.2 309
1731059378183 46.2 310
1731059388274 46.2 311
1731059398364 46.2 312
1731059408471 46.2 313
1731059418580 46.2 314
1731059428674 46.2 315
1731059438784 46.2 316
1731059448885 46.2 317
1731059458992 46.2 318
1731059469102 46.2 319
1731059479207 46.2 320
1731059489312 46.2 321
1731059499412 46.2 322
1731059509516 46.2 323
1731059519630 46.2 324
1731059529723 46.2 325
1731059539831 46.2 326
1731059549931 46.2 327
1731059560024 46.2 328
1731059570120 46.2 329
1731059580242 46.2 330
1731059590337 46.2 331
1731059600459 46.2 332
1731059610567 46.2 333
1731059620681 46.2 334
1731059630781 46.2 335
1731059640912 46.2 336
1731059651021 46.2 337
1731059661127 46.2 338
1731059671250 46.2 339
1731059681359 46.2 340
1731059691456 46.2 341
1731059701545 46.2 342
1731059711668 46.2 343
1731059721784 46.2 344
1731059731883 46.2 345
1731059741977 46.2 346
1731059752077 46.2 347
1731059762164 46.2 348
1731059772248 46.2 349
1731059782365 46.2 350
1731059792455 46.2 351
1731059802529 46.2 352
1731059812642 46.2 353
1731059822762 46.2 354
1731059832863 46.2 355
1731059842972 46.2 356
1731059853088 46.2 357
1731059863176 46.2 358
1731059873281 46.2 359
1731059883387 46.2 360
1731059893512 46.2 361
1731059903580 46.2 362
1731059913672 46.2 363
1731059923794 46.2 364
1731059933916 46.2 365
1731059943988 46.2 366
1731059954093 46.2 367
1731059964193 46.2 368
1731059974294 46.2 369
1731059984424 46.2 370
1731059994512 46.2 371
1731060004600 46.2 372
1731060014725 46.2 373
1731060024828 46.2 374
1731060034942 46.2 375
1731060045070 46.2 376
1731060055171 46.2 377
1731060065303 46.2 378
1731060075425 46.2 379
1731060085548 46.2 380
1731060095654 46.2 381
1731060105757 46.2 382
1731060115886 46.2 383
1731060125992 46.2 384
1731060136098 46.2 385
