1731056251899 141111.5 0
1731056261946 141111.5 1
1731056272005 141111.5 2
1731056282047 141111.5 3
1731056292095 141111.5 4
1731056302148 141111.5 5
1731056312198 141111.5 6
1731056322260 141111.4 7
1731056332326 141111.4 8
1731056342378 141111.4 9
1731056352427 141111.4 10
1731056362506 141111.4 11
1731056372577 141111.4 12
1731056382650 141111.4 13
1731056392713 141111.4 14
1731056402774 141111.4 15
1731056412834 141111.3 16
1731056422885 141111.3 17
1731056432928 141111.3 18
1731056443006 141111.3 19
1731056453082 141111.3 20
1731056463144 141111.3 21
1731056473220 141111.3 22
1731056483297 141111.3 23
1731056493377 141111.2 24
1731056503438 141111.2 25
1731056513516 141111.2 26
1731056523588 141111.2 27
1731056533660 141111.2 28
1731056543725 141111.2 29
1731056553781 141111.2 30
1731056563833 141111.2 31
1731056573916 141111.2 32
1731056583983 141111.1 33
1731056594063 141111.1 34
1731056604130 141110.9 35
1731056614203 141111.0 36
1731056624269 141110.8 37
1731056634363 141110.9 38
1731056644447 141110.9 39
1731056654509 141110.9 40
1731056664589 141110.9 41
1731056674670 141110.8 42
1731056684739 141110.8 43
1731056694804 141110.8 44
1731056704865 141110.6 45
1731056714960 141110.3 46
1731056725031 141110.3 47
1731056735110 141110.2 48
1731056745197 141109.8 49
1731056755268 141109.9 50
1731056765339 141109.8 51
1731056775419 141109.8 52
1731056785483 141109.8 53
1731056795564 141109.8 54
1731056805643 141109.8 55
1731056815722 141109.8 56
1731056825798 141109.7 57
1731056835862 141109.7 58
1731056845943 141109.8 59
1731056856014 141109.8 60
1731056866088 141109.8 61
1731056876165 141109.8 62
1731056886250 141109.7 63
1731056896329 141109.7 64
1731056906403 141109.7 65
1731056916498 141109.5 66
1731056926575 141120.8 67
1731056936656 141119.2 68
1731056946731 141122.9 69
1731056956819 141122.8 70
1731056966871 141122.8 71
1731056976937 141122.2 72
1731056987002 141124.3 73
1731056997079 141121.9 74
1731057007152 141119.5 75
1731057017233 141119.5 76
1731057027300 141118.9 77
1731057037363 141117.8 78
1731057047436 141120.8 79
1731057057527 141116.5 80
1731057067595 141119.5 81
1731057077689 141120.4 82
1731057087754 141120.4 83
1731057097826 141120.4 84
1731057107874 141120.4 85
1731057117929 141120.2 86
1731057128005 141120.2 87
1731057138076 141120.2 88
1731057148152 141120.1 89
1731057158237 141119.2 90
1731057168319 141119.0 91
1731057178388 141116.7 92
1731057188463 141116.6 93
1731057198543 141116.0 94
1731057208610 141115.9 95
1731057218687 141115.8 96
1731057228763 141115.8 97
1731057238849 141115.6 98
1731057248921 141115.1 99
1731057259008 141115.1 100
1731057269092 141115.1 101
1731057279167 141115.0 102
1731057289241 141118.7 103
1731057299304 141114.3 104
1731057309376 141117.5 105
1731057319464 141113.3 106
1731057329539 141116.5 107
1731057339628 141113.2 108
1731057349702 141113.2 109
1731057359761 141113.2 110
1731057369833 141113.2 111
1731057379903 141113.2 112
1731057389969 141113.2 113
1731057400068 141113.1 114
1731057410140 141104.3 115
1731057420232 141118.3 116
1731057430321 141114.0 117
1731057440398 141118.3 118
1731057450475 141118.3 119
1731057460571 141118.3 120
1731057470655 141118.3 121
1731057480725 141118.3 122
1731057490813 141118.2 123
1731057500891 141118.2 124
1731057510975 141118.2 125
1731057521052 141118.2 126
1731057531138 141118.2 127
1731057541203 141117.9 128
1731057551289 141117.8 129
1731057561363 141117.8 130
1731057571431 141117.8 131
1731057581520 141117.7 132
1731057591599 141117.6 133
1731057601687 141117.6 134
1731057611758 141117.6 135
1731057621840 141117.5 136
1731057631905 141117.5 137
1731057641988 141117.5 138
1731057652054 141117.5 139
1731057662156 141117.5 140
1731057672249 141117.4 141
1731057682324 141117.4 142
1731057692410 141116.3 143
1731057702487 141110.9 144
1731057712564 141116.3 145
1731057722654 141116.3 146
1731057732737 141116.2 147
1731057742806 141116.2 148
1731057752864 141116.2 149
1731057762940 141116.2 150
1731057773008 141116.2 151
1731057783101 141116.2 152
1731057793181 141116.3 153
1731057803271 141112.9 154
1731057813332 141110.9 155
1731057823407 141114.1 156
1731057833517 141113.9 157
1731057843599 141114.2 158
1731057853689 141114.2 159
1731057863765 141114.2 160
1731057873846 141114.2 161
1731057883937 141111.0 162
1731057894019 141110.9 163
1731057904123 141110.9 164
1731057914222 141117.1 165
1731057924288 141113.7 166
1731057934375 141112.6 167
1731057944452 141112.5 168
1731057954541 141112.2 169
1731057964644 141112.1 170
1731057974739 141112.0 171
1731057984814 141112.0 172
1731057994908 141111.8 173
1731058004977 141111.7 174
1731058015079 141111.7 175
1731058025177 141111.7 176
1731058035258 141114.6 177
1731058045345 141115.3 178
1731058055427 141112.0 179
1731058065525 141115.2 180
1731058075611 141110.9 181
1731058085710 141114.1 182
1731058095800 141114.1 183
1731058105861 141112.0 184
1731058115936 141108.7 185
1731058126021 141108.6 186
1731058136117 141108.6 187
1731058146209 141108.5 188
1731058156274 141108.4 189
1731058166349 141111.5 190
1731058176436 141113.7 191
1731058186540 141109.4 192
1731058196631 141112.6 193
1731058206719 141113.1 194
1731058216801 141112.9 195
1731058226878 141112.9 196
1731058236955 141116.0 197
1731058247033 141114.2 198
1731058257133 141113.6 199
1731058267221 141110.1 200
1731058277308 141111.1 201
1731058287425 141111.3 202
1731058297515 141111.1 203
1731058307621 141108.3 204
1731058317719 141110.5 205
1731058327823 141108.4 206
1731058337895 141106.9 207
1731058347976 141105.9 208
1731058358063 141103.4 209
1731058368151 141103.4 210
1731058378247 141105.4 211
1731058388365 141104.4 212
1731058398453 141107.7 213
1731058408563 141107.5 214
1731058418658 141105.4 215
1731058428744 141105.0 216
1731058438844 141109.3 217
1731058448940 141104.8 218
1731058459006 141106.8 219
1731058469085 141104.4 220
1731058479203 141107.3 221
1731058489299 141103.0 222
1731058499406 141105.1 223
1731058509506 141108.3 224
1731058519606 141104.1 225
1731058529709 141107.3 226
1731058539809 141107.1 227
1731058549898 141106.2 228
1731058560002 141106.0 229
1731058570100 141109.3 230
1731058580187 141105.0 231
1731058590624 141108.0 232
1731058600725 141102.6 233
1731058610826 141105.9 234
1731058620909 141105.7 235
1731058631012 141104.8 236
1731058641113 141104.6 237
1731058651206 141107.9 238
1731058661305 141103.6 239
1731058671398 141105.7 240
1731058681486 141108.9 241
1731058691588 141104.7 242
1731058701685 141107.9 243
1731058711787 141103.6 244
1731058721889 141106.8 245
1731058731995 141106.6 246
1731058742086 141105.8 247
1731058752189 141105.6 248
1731058762302 141108.8 249
1731058772383 141103.3 250
1731058782499 141106.5 251
1731058792588 141102.3 252
1731058802696 141105.5 253
1731058812817 141105.3 254
1731058822917 141104.5 255
1731058833032 141104.2 256
1731058843128 141107.2 257
1731058853251 141102.9 258
1731058863366 141106.2 259
1731058873453 141108.3 260
1731058883562 141104.0 261
1731058893659 141107.2 262
1731058903767 141102.9 263
1731058913873 141106.1 264
1731058923979 141105.8 265
1731058934069 141105.0 266
1731058944169 141102.7 267
1731058954277 141102.7 268
1731058964391 141107.0 269
1731058974479 141101.4 270
1731058984562 141104.6 271
1731058994649 141104.3 272
1731059004763 141103.5 273
1731059014865 141103.3 274
1731059024971 141106.5 275
1731059035068 141102.2 276
1731059045174 141107.6 277
1731059055285 141105.3 278
1731059065395 141104.3 279
1731059075500 141106.1 280
1731059085594 141093.2 281
1731059095677 141096.4 282
1731059105771 141092.1 283
1731059115887 141096.3 284
1731059125994 141094.9 285
1731059136101 141095.0 286
1731059146207 141092.6 287
1731059156312 141092.6 288
1731059166419 141095.4 289
1731059176527 141094.5 290
1731059186627 141094.3 291
1731059196711 141095.7 292
1731059206783 141093.4 293
1731059216884 141093.5 294
1731059226944 141092.4 295
1731059237043 141093.6 296
1731059247132 141096.7 297
1731059257221 141095.7 298
1731059267309 141093.4 299
1731059277392 141092.3 300
1731059287468 141092.3 301
1731059297538 141092.4 302
1731059307610 141091.4 303
1731059317678 141096.6 304
1731059327756 141093.4 305
1731059337843 141091.2 306
1731059347934 141096.4 307
1731059358033 141095.4 308
1731059368113 141094.3 309
1731059378183 141092.5 310
1731059388274 141090.4 311
1731059398364 141094.6 312
1731059408471 141091.4 313
1731059418580 141091.4 314
1731059428674 141095.7 315
1731059438784 141094.7 316
1731059448885 141091.2 317
1731059458992 141096.6 318
1731059469102 141093.2 319
1731059479207 141094.4 320
1731059489312 141092.1 321
1731059499412 141092.0 322
1731059509516 141091.9 323
1731059519630 141091.9 324
1731059529723 141091.9 325
1731059539831 141091.8 326
1731059549931 141091.7 327
1731059560024 141091.7 328
1731059570120 141091.7 329
1731059580242 141091.7 330
1731059590337 141091.6 331
1731059600459 141091.6 332
1731059610567 141091.6 333
1731059620681 141091.6 334
1731059630781 141091.5 335
1731059640912 141094.1 336
1731059651021 141095.1 337
1731059661127 141090.8 338
1731059671250 141093.9 339
1731059681359 141089.7 340
1731059691456 141092.8 341
1731059701545 141092.8 342
1731059711668 141092.6 343
1731059721784 141092.8 344
1731059731883 141095.0 345
1731059741977 141093.9 346
1731059752077 141096.0 347
1731059762164 141091.7 348
1731059772248 141095.0 349
1731059782365 141090.7 350
1731059792455 141093.9 351
1731059802529 141093.7 352
1731059812642 141092.9 353
1731059822762 141092.7 354
1731059832863 141095.9 355
1731059842972 141091.5 356
1731059853088 141094.1 357
1731059863176 141096.8 358
1731059873281 141095.8 359
1731059883387 141095.8 360
1731059893512 141095.8 361
1731059903580 141093.4 362
1731059913672 141093.3 363
1731059923794 141093.7 364
1731059933916 141092.8 365
1731059943988 141096.0 366
1731059954093 141091.3 367
1731059964193 141091.0 368
1731059974294 141090.8 369
1731059984424 141090.8 370
1731059994512 141090.8 371
1731060004600 141089.6 372
1731060014725 141092.8 373
1731060024828 141092.6 374
1731060034942 141091.7 375
1731060045070 141091.5 376
1731060055171 141094.8 377
1731060065303 141090.5 378
1731060075425 141093.7 379
1731060085548 141088.3 380
1731060095654 141091.5 381
1731060105757 141091.3 382
1731060115886 141091.4 383
1731060125992 141089.2 384
1731060136098 141091.2 385
