1731056251899 67.5 0
1731056261946 114.1 1
1731056272005 216.4 2
1731056282047 218.1 3
1731056292095 223.0 4
1731056302148 222.3 5
1731056312198 231.2 6
1731056322260 222.9 7
1731056332326 225.8 8
1731056342378 181.7 9
1731056352427 119.8 10
1731056362506 223.9 11
1731056372577 219.3 12
1731056382650 220.0 13
1731056392713 227.3 14
1731056402774 222.0 15
1731056412834 120.3 16
1731056422885 225.9 17
1731056432928 223.3 18
1731056443006 228.8 19
1731056453082 224.2 20
1731056463144 138.0 21
1731056473220 143.3 22
1731056483297 223.5 23
1731056493377 226.1 24
1731056503438 230.2 25
1731056513516 145.5 26
1731056523588 227.5 27
1731056533660 227.6 28
1731056543725 235.1 29
1731056553781 137.3 30
1731056563833 227.9 31
1731056573916 235.3 32
1731056583983 223.3 33
1731056594063 219.0 34
1731056604130 198.8 35
1731056614203 208.0 36
1731056624269 122.2 37
1731056634363 242.3 38
1731056644447 238.0 39
1731056654509 138.5 40
1731056664589 244.4 41
1731056674670 193.6 42
1731056684739 225.8 43
1731056694804 231.3 44
1731056704865 225.7 45
1731056714960 220.3 46
1731056725031 214.6 47
1731056735110 150.2 48
1731056745197 213.9 49
1731056755268 214.2 50
1731056765339 216.4 51
1731056775419 128.2 52
1731056785483 214.9 53
1731056795564 119.9 54
1731056805643 210.2 55
1731056815722 212.4 56
1731056825798 120.2 57
1731056835862 210.1 58
1731056845943 163.1 59
1731056856014 184.8 60
1731056866088 132.0 61
1731056876165 227.1 62
1731056886250 231.7 63
1731056896329 166.4 64
1731056906403 222.3 65
1731056916498 220.2 66
1731056926575 220.1 67
1731056936656 220.3 68
1731056946731 220.6 69
1731056956819 224.1 70
1731056966871 138.4 71
1731056976937 218.9 72
1731056987002 210.3 73
1731056997079 171.3 74
1731057007152 167.4 75
1731057017233 162.4 76
1731057027300 181.5 77
1731057037363 212.6 78
1731057047436 213.8 79
1731057057527 212.5 80
1731057067595 216.1 81
1731057077689 134.9 82
1731057087754 210.0 83
1731057097826 170.7 84
1731057107874 118.3 85
1731057117929 168.0 86
1731057128005 191.9 87
1731057138076 170.8 88
1731057148152 164.2 89
1731057158237 228.2 90
1731057168319 235.5 91
1731057178388 228.2 92
1731057188463 208.0 93
1731057198543 209.7 94
1731057208610 226.5 95
1731057218687 227.2 96
1731057228763 222.5 97
1731057238849 222.7 98
1731057248921 219.1 99
1731057259008 227.2 100
1731057269092 133.9 101
1731057279167 123.4 102
1731057289241 212.7 103
1731057299304 233.1 104
1731057309376 228.5 105
1731057319464 240.5 106
1731057329539 234.6 107
1731057339628 234.5 108
1731057349702 244.1 109
1731057359761 242.2 110
1731057369833 199.8 111
1731057379903 234.7 112
1731057389969 145.9 113
1731057400068 223.9 114
1731057410140 152.9 115
1731057420232 218.5 116
1731057430321 218.4 117
1731057440398 186.9 118
1731057450475 231.5 119
1731057460571 231.4 120
1731057470655 230.6 121
1731057480725 136.4 122
1731057490813 214.2 123
1731057500891 206.0 124
1731057510975 211.3 125
1731057521052 230.9 126
1731057531138 242.6 127
1731057541203 225.9 128
1731057551289 230.5 129
1731057561363 229.8 130
1731057571431 120.6 131
1731057581520 134.2 132
1731057591599 211.5 133
1731057601687 235.1 134
1731057611758 120.3 135
1731057621840 218.0 136
1731057631905 145.4 137
1731057641988 118.8 138
1731057652054 239.2 139
1731057662156 240.8 140
1731057672249 236.3 141
1731057682324 181.4 142
1731057692410 229.1 143
1731057702487 234.6 144
1731057712564 120.3 145
1731057722654 119.3 146
1731057732737 224.2 147
1731057742806 188.5 148
1731057752864 177.6 149
1731057762940 227.7 150
1731057773008 229.9 151
1731057783101 230.3 152
1731057793181 141.9 153
1731057803271 230.6 154
1731057813332 210.4 155
1731057823407 124.4 156
1731057833517 222.1 157
1731057843599 217.1 158
1731057853689 214.7 159
1731057863765 118.3 160
1731057873846 126.1 161
1731057883937 232.5 162
1731057894019 119.0 163
1731057904123 225.8 164
1731057914222 129.8 165
1731057924288 224.9 166
1731057934375 221.6 167
1731057944452 219.9 168
1731057954541 229.0 169
1731057964644 118.5 170
1731057974739 228.9 171
1731057984814 120.6 172
1731057994908 225.3 173
1731058004977 223.5 174
1731058015079 221.7 175
1731058025177 135.8 176
1731058035258 122.6 177
1731058045345 220.1 178
1731058055427 215.9 179
1731058065525 164.3 180
1731058075611 134.4 181
1731058085710 225.1 182
1731058095800 198.6 183
1731058105861 234.3 184
1731058115936 119.4 185
1731058126021 211.6 186
1731058136117 121.6 187
1731058146209 214.3 188
1731058156274 216.4 189
1731058166349 127.3 190
1731058176436 234.8 191
1731058186540 136.3 192
1731058196631 142.8 193
1731058206719 128.1 194
1731058216801 192.3 195
1731058226878 234.8 196
1731058236955 128.8 197
1731058247033 118.8 198
1731058257133 184.6 199
1731058267221 122.9 200
1731058277308 121.3 201
1731058287425 227.7 202
1731058297515 121.7 203
1731058307621 122.2 204
1731058317719 120.0 205
1731058327823 121.7 206
1731058337895 204.5 207
1731058347976 139.4 208
1731058358063 125.9 209
1731058368151 132.1 210
1731058378247 121.7 211
1731058388365 122.5 212
1731058398453 215.6 213
1731058408563 222.0 214
1731058418658 118.3 215
1731058428744 227.9 216
1731058438844 187.6 217
1731058448940 133.1 218
1731058459006 160.7 219
1731058469085 237.5 220
1731058479203 129.6 221
1731058489299 142.8 222
1731058499406 160.0 223
1731058509506 231.4 224
1731058519606 244.1 225
1731058529709 234.9 226
1731058539809 147.9 227
1731058549898 142.8 228
1731058560002 229.9 229
1731058570100 224.9 230
1731058580187 124.8 231
1731058590624 219.5 232
1731058600725 136.4 233
1731058610826 221.2 234
1731058620909 231.1 235
1731058631012 141.9 236
1731058641113 154.9 237
1731058651206 216.6 238
1731058661305 212.5 239
1731058671398 218.5 240
1731058681486 148.2 241
1731058691588 124.9 242
1731058701685 229.2 243
1731058711787 132.8 244
1731058721889 125.1 245
1731058731995 140.6 246
1731058742086 180.9 247
1731058752189 214.8 248
1731058762302 148.9 249
1731058772383 216.1 250
1731058782499 125.4 251
1731058792588 218.1 252
1731058802696 214.1 253
1731058812817 219.6 254
1731058822917 194.1 255
1731058833032 231.2 256
1731058843128 224.9 257
1731058853251 234.6 258
1731058863366 148.2 259
1731058873453 132.7 260
1731058883562 240.0 261
1731058893659 157.1 262
1731058903767 220.6 263
1731058913873 219.2 264
1731058923979 220.1 265
1731058934069 124.9 266
1731058944169 175.2 267
1731058954277 209.8 268
1731058964391 226.8 269
1731058974479 140.9 270
1731058984562 216.4 271
1731058994649 213.4 272
1731059004763 223.3 273
1731059014865 212.1 274
1731059024971 211.0 275
1731059035068 207.4 276
1731059045174 153.8 277
1731059055285 123.6 278
1731059065395 180.7 279
1731059075500 195.6 280
1731059085594 192.1 281
1731059095677 190.4 282
1731059105771 192.7 283
1731059115887 189.1 284
1731059125994 137.8 285
1731059136101 122.8 286
1731059146207 176.9 287
1731059156312 117.6 288
1731059166419 153.1 289
1731059176527 139.3 290
1731059186627 151.5 291
1731059196711 115.9 292
1731059206783 230.2 293
1731059216884 134.4 294
1731059226944 230.2 295
1731059237043 124.7 296
1731059247132 160.4 297
1731059257221 181.8 298
1731059267309 208.8 299
1731059277392 203.1 300
1731059287468 134.4 301
1731059297538 117.7 302
1731059307610 210.0 303
1731059317678 223.6 304
1731059327756 207.1 305
1731059337843 227.3 306
1731059347934 222.0 307
1731059358033 123.4 308
1731059368113 218.1 309
1731059378183 220.8 310
1731059388274 223.0 311
1731059398364 219.9 312
1731059408471 140.6 313
1731059418580 181.4 314
1731059428674 146.1 315
1731059438784 211.5 316
1731059448885 214.7 317
1731059458992 129.3 318
1731059469102 144.9 319
1731059479207 234.3 320
1731059489312 239.5 321
1731059499412 222.7 322
1731059509516 216.5 323
1731059519630 136.9 324
1731059529723 119.6 325
1731059539831 180.6 326
1731059549931 120.5 327
1731059560024 170.6 328
1731059570120 170.2 329
1731059580242 170.2 330
1731059590337 189.0 331
1731059600459 118.4 332
1731059610567 236.9 333
1731059620681 156.3 334
1731059630781 118.3 335
1731059640912 138.1 336
1731059651021 207.4 337
1731059661127 208.8 338
1731059671250 123.5 339
1731059681359 209.9 340
1731059691456 206.7 341
1731059701545 166.3 342
1731059711668 175.4 343
1731059721784 214.3 344
1731059731883 124.8 345
1731059741977 209.4 346
1731059752077 172.0 347
1731059762164 139.9 348
1731059772248 206.4 349
1731059782365 206.6 350
1731059792455 207.9 351
1731059802529 216.7 352
1731059812642 207.2 353
1731059822762 204.5 354
1731059832863 204.5 355
1731059842972 208.9 356
1731059853088 212.4 357
1731059863176 125.6 358
1731059873281 196.8 359
1731059883387 162.5 360
1731059893512 165.6 361
1731059903580 164.1 362
1731059913672 206.6 363
1731059923794 123.8 364
1731059933916 207.5 365
1731059943988 211.6 366
1731059954093 211.3 367
1731059964193 121.9 368
1731059974294 202.2 369
1731059984424 120.1 370
1731059994512 207.2 371
1731060004600 149.0 372
1731060014725 140.6 373
1731060024828 148.2 374
1731060034942 215.9 375
1731060045070 124.4 376
1731060055171 149.0 377
1731060065303 208.3 378
1731060075425 149.2 379
1731060085548 207.6 380
1731060095654 212.7 381
1731060105757 143.2 382
1731060115886 206.4 383
1731060125992 207.0 384
1731060136098 210.6 385
