1731056251899 18.2 0
1731056261946 30.8 1
1731056272005 58.5 2
1731056282047 59.0 3
1731056292095 60.3 4
1731056302148 60.1 5
1731056312198 62.5 6
1731056322260 60.2 7
1731056332326 61.0 8
1731056342378 49.1 9
1731056352427 32.4 10
1731056362506 60.5 11
1731056372577 59.3 12
1731056382650 59.5 13
1731056392713 61.4 14
1731056402774 60.0 15
1731056412834 32.5 16
1731056422885 61.1 17
1731056432928 60.3 18
1731056443006 61.8 19
1731056453082 60.6 20
1731056463144 37.3 21
1731056473220 38.7 22
1731056483297 60.4 23
1731056493377 61.1 24
1731056503438 62.2 25
1731056513516 39.3 26
1731056523588 61.5 27
1731056533660 61.5 28
1731056543725 63.5 29
1731056553781 37.1 30
1731056563833 61.6 31
1731056573916 63.6 32
1731056583983 60.4 33
1731056594063 59.2 34
1731056604130 53.7 35
1731056614203 56.2 36
1731056624269 33.0 37
1731056634363 65.5 38
1731056644447 64.3 39
1731056654509 37.4 40
1731056664589 66.1 41
1731056674670 52.3 42
1731056684739 61.0 43
1731056694804 62.5 44
1731056704865 61.0 45
1731056714960 59.5 46
1731056725031 58.0 47
1731056735110 40.6 48
1731056745197 57.8 49
1731056755268 57.9 50
1731056765339 58.5 51
1731056775419 34.6 52
1731056785483 58.1 53
1731056795564 32.4 54
1731056805643 56.8 55
1731056815722 57.4 56
1731056825798 32.5 57
1731056835862 56.8 58
1731056845943 44.1 59
1731056856014 49.9 60
1731056866088 35.7 61
1731056876165 61.4 62
1731056886250 62.6 63
1731056896329 45.0 64
1731056906403 60.1 65
1731056916498 59.5 66
1731056926575 59.5 67
1731056936656 59.5 68
1731056946731 59.6 69
1731056956819 60.6 70
1731056966871 37.4 71
1731056976937 59.2 72
1731056987002 56.8 73
1731056997079 46.3 74
1731057007152 45.2 75
1731057017233 43.9 76
1731057027300 49.1 77
1731057037363 57.5 78
1731057047436 57.8 79
1731057057527 57.4 80
1731057067595 58.4 81
1731057077689 36.5 82
1731057087754 56.8 83
1731057097826 46.1 84
1731057107874 32.0 85
1731057117929 45.4 86
1731057128005 51.9 87
1731057138076 46.2 88
1731057148152 44.4 89
1731057158237 61.7 90
1731057168319 63.6 91
1731057178388 61.7 92
1731057188463 56.2 93
1731057198543 56.7 94
1731057208610 61.2 95
1731057218687 61.4 96
1731057228763 60.1 97
1731057238849 60.2 98
1731057248921 59.2 99
1731057259008 61.4 100
1731057269092 36.2 101
1731057279167 33.4 102
1731057289241 57.5 103
1731057299304 63.0 104
1731057309376 61.8 105
1731057319464 65.0 106
1731057329539 63.4 107
1731057339628 63.4 108
1731057349702 66.0 109
1731057359761 65.5 110
1731057369833 54.0 111
1731057379903 63.4 112
1731057389969 39.4 113
1731057400068 60.5 114
1731057410140 41.3 115
1731057420232 59.0 116
1731057430321 59.0 117
1731057440398 50.5 118
1731057450475 62.6 119
1731057460571 62.6 120
1731057470655 62.3 121
1731057480725 36.9 122
1731057490813 57.9 123
1731057500891 55.7 124
1731057510975 57.1 125
1731057521052 62.4 126
1731057531138 65.6 127
1731057541203 61.1 128
1731057551289 62.3 129
1731057561363 62.1 130
1731057571431 32.6 131
1731057581520 36.3 132
1731057591599 57.2 133
1731057601687 63.5 134
1731057611758 32.5 135
1731057621840 58.9 136
1731057631905 39.3 137
1731057641988 32.1 138
1731057652054 64.7 139
1731057662156 65.1 140
1731057672249 63.9 141
1731057682324 49.0 142
1731057692410 61.9 143
1731057702487 63.4 144
1731057712564 32.5 145
1731057722654 32.3 146
1731057732737 60.6 147
1731057742806 50.9 148
1731057752864 48.0 149
1731057762940 61.5 150
1731057773008 62.1 151
1731057783101 62.2 152
1731057793181 38.4 153
1731057803271 62.3 154
1731057813332 56.9 155
1731057823407 33.6 156
1731057833517 60.0 157
1731057843599 58.7 158
1731057853689 58.0 159
1731057863765 32.0 160
1731057873846 34.1 161
1731057883937 62.8 162
1731057894019 32.2 163
1731057904123 61.0 164
1731057914222 35.1 165
1731057924288 60.8 166
1731057934375 59.9 167
1731057944452 59.4 168
1731057954541 61.9 169
1731057964644 32.0 170
1731057974739 61.9 171
1731057984814 32.6 172
1731057994908 60.9 173
1731058004977 60.4 174
1731058015079 59.9 175
1731058025177 36.7 176
1731058035258 33.1 177
1731058045345 59.5 178
1731058055427 58.4 179
1731058065525 44.4 180
1731058075611 36.3 181
1731058085710 60.8 182
1731058095800 53.7 183
1731058105861 63.3 184
1731058115936 32.3 185
1731058126021 57.2 186
1731058136117 32.9 187
1731058146209 57.9 188
1731058156274 58.5 189
1731058166349 34.4 190
1731058176436 63.4 191
1731058186540 36.8 192
1731058196631 38.6 193
1731058206719 34.6 194
1731058216801 52.0 195
1731058226878 63.5 196
1731058236955 34.8 197
1731058247033 32.1 198
1731058257133 49.9 199
1731058267221 33.2 200
1731058277308 32.8 201
1731058287425 61.5 202
1731058297515 32.9 203
1731058307621 33.0 204
1731058317719 32.4 205
1731058327823 32.9 206
1731058337895 55.3 207
1731058347976 37.7 208
1731058358063 34.0 209
1731058368151 35.7 210
1731058378247 32.9 211
1731058388365 33.1 212
1731058398453 58.3 213
1731058408563 60.0 214
1731058418658 32.0 215
1731058428744 61.6 216
1731058438844 50.7 217
1731058448940 36.0 218
1731058459006 43.4 219
1731058469085 64.2 220
1731058479203 35.0 221
1731058489299 38.6 222
1731058499406 43.2 223
1731058509506 62.6 224
1731058519606 66.0 225
1731058529709 63.5 226
1731058539809 40.0 227
1731058549898 38.6 228
1731058560002 62.1 229
1731058570100 60.8 230
1731058580187 33.7 231
1731058590624 59.3 232
1731058600725 36.9 233
1731058610826 59.8 234
1731058620909 62.5 235
1731058631012 38.4 236
1731058641113 41.9 237
1731058651206 58.5 238
1731058661305 57.4 239
1731058671398 59.0 240
1731058681486 40.1 241
1731058691588 33.8 242
1731058701685 61.9 243
1731058711787 35.9 244
1731058721889 33.8 245
1731058731995 38.0 246
1731058742086 48.9 247
1731058752189 58.0 248
1731058762302 40.2 249
1731058772383 58.4 250
1731058782499 33.9 251
1731058792588 58.9 252
1731058802696 57.9 253
1731058812817 59.4 254
1731058822917 52.5 255
1731058833032 62.5 256
1731058843128 60.8 257
1731058853251 63.4 258
1731058863366 40.0 259
1731058873453 35.9 260
1731058883562 64.9 261
1731058893659 42.5 262
1731058903767 59.6 263
1731058913873 59.2 264
1731058923979 59.5 265
1731058934069 33.8 266
1731058944169 47.3 267
1731058954277 56.7 268
1731058964391 61.3 269
1731058974479 38.1 270
1731058984562 58.5 271
1731058994649 57.7 272
1731059004763 60.3 273
1731059014865 57.3 274
1731059024971 57.0 275
1731059035068 56.1 276
1731059045174 41.6 277
1731059055285 33.4 278
1731059065395 48.8 279
1731059075500 52.9 280
1731059085594 51.9 281
1731059095677 51.5 282
1731059105771 52.1 283
1731059115887 51.1 284
1731059125994 37.3 285
1731059136101 33.2 286
1731059146207 47.8 287
1731059156312 31.8 288
1731059166419 41.4 289
1731059176527 37.7 290
1731059186627 41.0 291
1731059196711 31.3 292
1731059206783 62.2 293
1731059216884 36.3 294
1731059226944 62.2 295
1731059237043 33.7 296
1731059247132 43.3 297
1731059257221 49.1 298
1731059267309 56.4 299
1731059277392 54.9 300
1731059287468 36.3 301
1731059297538 31.8 302
1731059307610 56.8 303
1731059317678 60.4 304
1731059327756 56.0 305
1731059337843 61.4 306
1731059347934 60.0 307
1731059358033 33.4 308
1731059368113 58.9 309
1731059378183 59.7 310
1731059388274 60.3 311
1731059398364 59.4 312
1731059408471 38.0 313
1731059418580 49.0 314
1731059428674 39.5 315
1731059438784 57.2 316
1731059448885 58.0 317
1731059458992 34.9 318
1731059469102 39.2 319
1731059479207 63.3 320
1731059489312 64.7 321
1731059499412 60.2 322
1731059509516 58.5 323
1731059519630 37.0 324
1731059529723 32.3 325
1731059539831 48.8 326
1731059549931 32.6 327
1731059560024 46.1 328
1731059570120 46.0 329
1731059580242 46.0 330
1731059590337 51.1 331
1731059600459 32.0 332
1731059610567 64.0 333
1731059620681 42.3 334
1731059630781 32.0 335
1731059640912 37.3 336
1731059651021 56.1 337
1731059661127 56.4 338
1731059671250 33.4 339
1731059681359 56.7 340
1731059691456 55.9 341
1731059701545 45.0 342
1731059711668 47.4 343
1731059721784 57.9 344
1731059731883 33.7 345
1731059741977 56.6 346
1731059752077 46.5 347
1731059762164 37.8 348
1731059772248 55.8 349
1731059782365 55.8 350
1731059792455 56.2 351
1731059802529 58.6 352
1731059812642 56.0 353
1731059822762 55.3 354
1731059832863 55.3 355
1731059842972 56.5 356
1731059853088 57.4 357
1731059863176 33.9 358
1731059873281 53.2 359
1731059883387 43.9 360
1731059893512 44.7 361
1731059903580 44.3 362
1731059913672 55.8 363
1731059923794 33.5 364
1731059933916 56.1 365
1731059943988 57.2 366
1731059954093 57.1 367
1731059964193 32.9 368
1731059974294 54.6 369
1731059984424 32.5 370
1731059994512 56.0 371
1731060004600 40.3 372
1731060014725 38.0 373
1731060024828 40.0 374
1731060034942 58.4 375
1731060045070 33.6 376
1731060055171 40.3 377
1731060065303 56.3 378
1731060075425 40.3 379
1731060085548 56.1 380
1731060095654 57.5 381
1731060105757 38.7 382
1731060115886 55.8 383
1731060125992 56.0 384
1731060136098 56.9 385
