1731056251899 15.0 0
1731056261946 13.0 1
1731056272005 48.0 2
1731056282047 37.0 3
1731056292095 49.0 4
1731056302148 41.0 5
1731056312198 45.0 6
1731056322260 47.0 7
1731056332326 45.0 8
1731056342378 4.0 9
1731056352427 4.0 10
1731056362506 49.0 11
1731056372577 59.0 12
1731056382650 55.0 13
1731056392713 50.0 14
1731056402774 53.0 15
1731056412834 5.0 16
1731056422885 53.0 17
1731056432928 60.0 18
1731056443006 55.0 19
1731056453082 46.0 20
1731056463144 33.0 21
1731056473220 3.0 22
1731056483297 54.0 23
1731056493377 49.0 24
1731056503438 49.0 25
1731056513516 5.0 26
1731056523588 45.0 27
1731056533660 40.0 28
1731056543725 50.0 29
1731056553781 28.0 30
1731056563833 50.0 31
1731056573916 50.0 32
1731056583983 51.0 33
1731056594063 41.0 34
1731056604130 44.0 35
1731056614203 44.0 36
1731056624269 8.0 37
1731056634363 47.0 38
1731056644447 42.0 39
1731056654509 37.0 40
1731056664589 35.0 41
1731056674670 42.0 42
1731056684739 36.0 43
1731056694804 40.0 44
1731056704865 36.0 45
1731056714960 38.0 46
1731056725031 43.0 47
1731056735110 25.0 48
1731056745197 41.0 49
1731056755268 39.0 50
1731056765339 42.0 51
1731056775419 4.0 52
1731056785483 40.0 53
1731056795564 2.0 54
1731056805643 33.0 55
1731056815722 32.0 56
1731056825798 3.0 57
1731056835862 38.0 58
1731056845943 38.0 59
1731056856014 6.0 60
1731056866088 3.0 61
1731056876165 43.0 62
1731056886250 40.0 63
1731056896329 6.0 64
1731056906403 40.0 65
1731056916498 46.0 66
1731056926575 40.0 67
1731056936656 42.0 68
1731056946731 23.0 69
1731056956819 40.0 70
1731056966871 24.0 71
1731056976937 43.0 72
1731056987002 34.0 73
1731056997079 35.0 74
1731057007152 37.0 75
1731057017233 39.0 76
1731057027300 31.0 77
1731057037363 42.0 78
1731057047436 40.0 79
1731057057527 52.0 80
1731057067595 52.0 81
1731057077689 32.0 82
1731057087754 36.0 83
1731057097826 36.0 84
1731057107874 5.0 85
1731057117929 35.0 86
1731057128005 39.0 87
1731057138076 29.0 88
1731057148152 39.0 89
1731057158237 31.0 90
1731057168319 46.0 91
1731057178388 40.0 92
1731057188463 39.0 93
1731057198543 31.0 94
1731057208610 35.0 95
1731057218687 38.0 96
1731057228763 39.0 97
1731057238849 48.0 98
1731057248921 38.0 99
1731057259008 34.0 100
1731057269092 23.0 101
1731057279167 5.0 102
1731057289241 41.0 103
1731057299304 40.0 104
1731057309376 51.0 105
1731057319464 47.0 106
1731057329539 45.0 107
1731057339628 35.0 108
1731057349702 44.0 109
1731057359761 39.0 110
1731057369833 38.0 111
1731057379903 38.0 112
1731057389969 4.0 113
1731057400068 37.0 114
1731057410140 9.0 115
1731057420232 43.0 116
1731057430321 51.0 117
1731057440398 4.0 118
1731057450475 48.0 119
1731057460571 39.0 120
1731057470655 39.0 121
1731057480725 23.0 122
1731057490813 47.0 123
1731057500891 43.0 124
1731057510975 41.0 125
1731057521052 46.0 126
1731057531138 52.0 127
1731057541203 37.0 128
1731057551289 40.0 129
1731057561363 42.0 130
1731057571431 4.0 131
1731057581520 24.0 132
1731057591599 41.0 133
1731057601687 39.0 134
1731057611758 1.0 135
1731057621840 32.0 136
1731057631905 5.0 137
1731057641988 4.0 138
1731057652054 36.0 139
1731057662156 33.0 140
1731057672249 36.0 141
1731057682324 32.0 142
1731057692410 45.0 143
1731057702487 48.0 144
1731057712564 4.0 145
1731057722654 1.0 146
1731057732737 41.0 147
1731057742806 3.0 148
1731057752864 48.0 149
1731057762940 40.0 150
1731057773008 39.0 151
1731057783101 47.0 152
1731057793181 11.0 153
1731057803271 45.0 154
1731057813332 48.0 155
1731057823407 10.0 156
1731057833517 44.0 157
1731057843599 40.0 158
1731057853689 44.0 159
1731057863765 1.0 160
1731057873846 4.0 161
1731057883937 51.0 162
1731057894019 1.0 163
1731057904123 45.0 164
1731057914222 24.0 165
1731057924288 52.0 166
1731057934375 36.0 167
1731057944452 46.0 168
1731057954541 44.0 169
1731057964644 1.0 170
1731057974739 39.0 171
1731057984814 2.0 172
1731057994908 44.0 173
1731058004977 40.0 174
1731058015079 45.0 175
1731058025177 23.0 176
1731058035258 11.0 177
1731058045345 34.0 178
1731058055427 41.0 179
1731058065525 10.0 180
1731058075611 7.0 181
1731058085710 46.0 182
1731058095800 40.0 183
1731058105861 45.0 184
1731058115936 5.0 185
1731058126021 34.0 186
1731058136117 1.0 187
1731058146209 37.0 188
1731058156274 42.0 189
1731058166349 11.0 190
1731058176436 40.0 191
1731058186540 44.0 192
1731058196631 10.0 193
1731058206719 2.0 194
1731058216801 43.0 195
1731058226878 47.0 196
1731058236955 12.0 197
1731058247033 4.0 198
1731058257133 1.0 199
1731058267221 11.0 200
1731058277308 4.0 201
1731058287425 55.0 202
1731058297515 9.0 203
1731058307621 12.0 204
1731058317719 8.0 205
1731058327823 11.0 206
1731058337895 52.0 207
1731058347976 10.0 208
1731058358063 38.0 209
1731058368151 29.0 210
1731058378247 25.0 211
1731058388365 11.0 212
1731058398453 46.0 213
1731058408563 42.0 214
1731058418658 1.0 215
1731058428744 44.0 216
1731058438844 48.0 217
1731058448940 11.0 218
1731058459006 9.0 219
1731058469085 47.0 220
1731058479203 9.0 221
1731058489299 10.0 222
1731058499406 9.0 223
1731058509506 42.0 224
1731058519606 40.0 225
1731058529709 47.0 226
1731058539809 9.0 227
1731058549898 10.0 228
1731058560002 54.0 229
1731058570100 50.0 230
1731058580187 9.0 231
1731058590624 39.0 232
1731058600725 8.0 233
1731058610826 40.0 234
1731058620909 43.0 235
1731058631012 9.0 236
1731058641113 9.0 237
1731058651206 38.0 238
1731058661305 35.0 239
1731058671398 37.0 240
1731058681486 9.0 241
1731058691588 10.0 242
1731058701685 47.0 243
1731058711787 10.0 244
1731058721889 9.0 245
1731058731995 31.0 246
1731058742086 9.0 247
1731058752189 47.0 248
1731058762302 8.0 249
1731058772383 52.0 250
1731058782499 36.0 251
1731058792588 49.0 252
1731058802696 48.0 253
1731058812817 44.0 254
1731058822917 9.0 255
1731058833032 48.0 256
1731058843128 52.0 257
1731058853251 47.0 258
1731058863366 9.0 259
1731058873453 33.0 260
1731058883562 45.0 261
1731058893659 50.0 262
1731058903767 46.0 263
1731058913873 49.0 264
1731058923979 51.0 265
1731058934069 9.0 266
1731058944169 31.0 267
1731058954277 36.0 268
1731058964391 37.0 269
1731058974479 30.0 270
1731058984562 48.0 271
1731058994649 35.0 272
1731059004763 47.0 273
1731059014865 36.0 274
1731059024971 39.0 275
1731059035068 39.0 276
1731059045174 31.0 277
1731059055285 9.0 278
1731059065395 35.0 279
1731059075500 38.0 280
1731059085594 42.0 281
1731059095677 36.0 282
1731059105771 34.0 283
1731059115887 35.0 284
1731059125994 33.0 285
1731059136101 9.0 286
1731059146207 38.0 287
1731059156312 1.0 288
1731059166419 34.0 289
1731059176527 11.0 290
1731059186627 31.0 291
1731059196711 1.0 292
1731059206783 43.0 293
1731059216884 9.0 294
1731059226944 43.0 295
1731059237043 1.0 296
1731059247132 39.0 297
1731059257221 39.0 298
1731059267309 55.0 299
1731059277392 53.0 300
1731059287468 33.0 301
1731059297538 1.0 302
1731059307610 35.0 303
1731059317678 40.0 304
1731059327756 40.0 305
1731059337843 47.0 306
1731059347934 51.0 307
1731059358033 3.0 308
1731059368113 41.0 309
1731059378183 43.0 310
1731059388274 46.0 311
1731059398364 55.0 312
1731059408471 33.0 313
1731059418580 37.0 314
1731059428674 1.0 315
1731059438784 39.0 316
1731059448885 49.0 317
1731059458992 10.0 318
1731059469102 10.0 319
1731059479207 46.0 320
1731059489312 42.0 321
1731059499412 37.0 322
1731059509516 29.0 323
1731059519630 24.0 324
1731059529723 1.0 325
1731059539831 33.0 326
1731059549931 28.0 327
1731059560024 33.0 328
1731059570120 31.0 329
1731059580242 33.0 330
1731059590337 37.0 331
1731059600459 2.0 332
1731059610567 42.0 333
1731059620681 1.0 334
1731059630781 1.0 335
1731059640912 27.0 336
1731059651021 43.0 337
1731059661127 45.0 338
1731059671250 11.0 339
1731059681359 39.0 340
1731059691456 31.0 341
1731059701545 37.0 342
1731059711668 38.0 343
1731059721784 42.0 344
1731059731883 7.0 345
1731059741977 34.0 346
1731059752077 10.0 347
1731059762164 6.0 348
1731059772248 35.0 349
1731059782365 35.0 350
1731059792455 41.0 351
1731059802529 49.0 352
1731059812642 40.0 353
1731059822762 41.0 354
1731059832863 44.0 355
1731059842972 42.0 356
1731059853088 41.0 357
1731059863176 10.0 358
1731059873281 28.0 359
1731059883387 33.0 360
1731059893512 37.0 361
1731059903580 31.0 362
1731059913672 36.0 363
1731059923794 10.0 364
1731059933916 37.0 365
1731059943988 39.0 366
1731059954093 43.0 367
1731059964193 4.0 368
1731059974294 35.0 369
1731059984424 6.0 370
1731059994512 39.0 371
1731060004600 10.0 372
1731060014725 33.0 373
1731060024828 10.0 374
1731060034942 51.0 375
1731060045070 11.0 376
1731060055171 9.0 377
1731060065303 49.0 378
1731060075425 11.0 379
1731060085548 37.0 380
1731060095654 38.0 381
1731060105757 40.0 382
1731060115886 42.0 383
1731060125992 47.0 384
1731060136098 45.0 385
