1731056251899 10.1 0
1731056261946 17.5 1
1731056272005 26.3 2
1731056282047 26.3 3
1731056292095 26.3 4
1731056302148 26.3 5
1731056312198 26.3 6
1731056322260 26.3 7
1731056332326 26.3 8
1731056342378 26.2 9
1731056352427 26.2 10
1731056362506 37.9 11
1731056372577 37.9 12
1731056382650 37.9 13
1731056392713 37.9 14
1731056402774 37.9 15
1731056412834 37.9 16
1731056422885 37.9 17
1731056432928 37.9 18
1731056443006 37.9 19
1731056453082 37.9 20
1731056463144 37.9 21
1731056473220 38.0 22
1731056483297 38.0 23
1731056493377 38.0 24
1731056503438 38.0 25
1731056513516 38.0 26
1731056523588 38.0 27
1731056533660 37.9 28
1731056543725 37.9 29
1731056553781 37.9 30
1731056563833 38.0 31
1731056573916 37.9 32
1731056583983 37.9 33
1731056594063 38.0 34
1731056604130 38.2 35
1731056614203 38.1 36
1731056624269 38.1 37
1731056634363 37.9 38
1731056644447 37.8 39
1731056654509 37.9 40
1731056664589 37.8 41
1731056674670 37.8 42
1731056684739 37.7 43
1731056694804 37.7 44
1731056704865 38.1 45
1731056714960 37.8 46
1731056725031 37.7 47
1731056735110 37.7 48
1731056745197 37.8 49
1731056755268 37.7 50
1731056765339 37.7 51
1731056775419 37.6 52
1731056785483 37.7 53
1731056795564 37.6 54
1731056805643 37.6 55
1731056815722 37.6 56
1731056825798 37.6 57
1731056835862 37.8 58
1731056845943 37.8 59
1731056856014 37.7 60
1731056866088 37.7 61
1731056876165 37.7 62
1731056886250 37.6 63
1731056896329 37.7 64
1731056906403 37.6 65
1731056916498 37.9 66
1731056926575 38.3 67
1731056936656 38.1 68
1731056946731 38.0 69
1731056956819 38.0 70
1731056966871 38.0 71
1731056976937 38.4 72
1731056987002 38.3 73
1731056997079 38.8 74
1731057007152 38.8 75
1731057017233 38.9 76
1731057027300 38.9 77
1731057037363 39.1 78
1731057047436 39.0 79
1731057057527 38.8 80
1731057067595 38.8 81
1731057077689 38.8 82
1731057087754 38.8 83
1731057097826 38.8 84
1731057107874 38.8 85
1731057117929 38.8 86
1731057128005 38.7 87
1731057138076 38.7 88
1731057148152 38.7 89
1731057158237 38.7 90
1731057168319 38.7 91
1731057178388 38.9 92
1731057188463 38.8 93
1731057198543 38.7 94
1731057208610 38.7 95
1731057218687 38.6 96
1731057228763 38.6 97
1731057238849 38.6 98
1731057248921 38.6 99
1731057259008 38.6 100
1731057269092 38.6 101
1731057279167 38.7 102
1731057289241 38.8 103
1731057299304 38.6 104
1731057309376 38.6 105
1731057319464 38.6 106
1731057329539 38.6 107
1731057339628 38.6 108
1731057349702 38.6 109
1731057359761 38.6 110
1731057369833 38.5 111
1731057379903 38.5 112
1731057389969 38.5 113
1731057400068 38.5 114
1731057410140 38.6 115
1731057420232 38.6 116
1731057430321 38.6 117
1731057440398 38.7 118
1731057450475 38.6 119
1731057460571 38.6 120
1731057470655 38.6 121
1731057480725 38.6 122
1731057490813 38.6 123
1731057500891 38.4 124
1731057510975 38.4 125
1731057521052 38.5 126
1731057531138 38.5 127
1731057541203 38.5 128
1731057551289 38.5 129
1731057561363 38.5 130
1731057571431 38.5 131
1731057581520 38.5 132
1731057591599 38.5 133
1731057601687 38.5 134
1731057611758 38.5 135
1731057621840 38.5 136
1731057631905 38.5 137
1731057641988 38.5 138
1731057652054 38.5 139
1731057662156 38.5 140
1731057672249 38.5 141
1731057682324 38.5 142
1731057692410 38.7 143
1731057702487 38.6 144
1731057712564 38.7 145
1731057722654 38.6 146
1731057732737 38.6 147
1731057742806 38.6 148
1731057752864 38.6 149
1731057762940 38.6 150
1731057773008 38.6 151
1731057783101 38.6 152
1731057793181 38.7 153
1731057803271 38.6 154
1731057813332 38.7 155
1731057823407 38.6 156
1731057833517 38.6 157
1731057843599 38.6 158
1731057853689 38.6 159
1731057863765 38.6 160
1731057873846 38.6 161
1731057883937 38.7 162
1731057894019 38.2 163
1731057904123 38.2 164
1731057914222 38.3 165
1731057924288 38.3 166
1731057934375 38.4 167
1731057944452 38.4 168
1731057954541 38.3 169
1731057964644 38.3 170
1731057974739 38.3 171
1731057984814 38.3 172
1731057994908 38.3 173
1731058004977 38.2 174
1731058015079 38.2 175
1731058025177 38.2 176
1731058035258 38.4 177
1731058045345 38.2 178
1731058055427 38.2 179
1731058065525 38.1 180
1731058075611 38.1 181
1731058085710 38.2 182
1731058095800 38.2 183
1731058105861 38.2 184
1731058115936 38.2 185
1731058126021 38.3 186
1731058136117 38.3 187
1731058146209 38.2 188
1731058156274 38.2 189
1731058166349 38.3 190
1731058176436 38.3 191
1731058186540 38.3 192
1731058196631 38.3 193
1731058206719 38.3 194
1731058216801 38.3 195
1731058226878 38.3 196
1731058236955 38.3 197
1731058247033 38.5 198
1731058257133 38.5 199
1731058267221 38.4 200
1731058277308 38.4 201
1731058287425 38.3 202
1731058297515 38.3 203
1731058307621 38.3 204
1731058317719 38.5 205
1731058327823 38.6 206
1731058337895 38.5 207
1731058347976 38.4 208
1731058358063 38.4 209
1731058368151 38.4 210
1731058378247 38.3 211
1731058388365 38.3 212
1731058398453 38.2 213
1731058408563 38.2 214
1731058418658 38.3 215
1731058428744 38.3 216
1731058438844 38.3 217
1731058448940 38.3 218
1731058459006 38.5 219
1731058469085 38.4 220
1731058479203 38.4 221
1731058489299 38.4 222
1731058499406 38.4 223
1731058509506 38.3 224
1731058519606 38.2 225
1731058529709 38.2 226
1731058539809 38.2 227
1731058549898 38.2 228
1731058560002 38.2 229
1731058570100 38.2 230
1731058580187 38.2 231
1731058590624 38.2 232
1731058600725 38.2 233
1731058610826 38.2 234
1731058620909 38.2 235
1731058631012 38.2 236
1731058641113 38.2 237
1731058651206 38.2 238
1731058661305 38.2 239
1731058671398 38.3 240
1731058681486 38.2 241
1731058691588 38.3 242
1731058701685 38.1 243
1731058711787 38.1 244
1731058721889 38.2 245
1731058731995 38.1 246
1731058742086 38.1 247
1731058752189 38.1 248
1731058762302 38.1 249
1731058772383 38.1 250
1731058782499 38.1 251
1731058792588 38.1 252
1731058802696 38.2 253
1731058812817 38.2 254
1731058822917 38.2 255
1731058833032 38.2 256
1731058843128 38.4 257
1731058853251 38.5 258
1731058863366 38.5 259
1731058873453 38.5 260
1731058883562 38.4 261
1731058893659 38.5 262
1731058903767 38.4 263
1731058913873 38.5 264
1731058923979 38.5 265
1731058934069 38.5 266
1731058944169 38.5 267
1731058954277 38.5 268
1731058964391 38.5 269
1731058974479 38.5 270
1731058984562 38.4 271
1731058994649 38.5 272
1731059004763 38.5 273
1731059014865 38.4 274
1731059024971 38.4 275
1731059035068 38.5 276
1731059045174 38.5 277
1731059055285 38.5 278
1731059065395 38.6 279
1731059075500 38.7 280
1731059085594 38.7 281
1731059095677 38.7 282
1731059105771 38.7 283
1731059115887 38.7 284
1731059125994 38.7 285
1731059136101 38.7 286
1731059146207 38.7 287
1731059156312 38.7 288
1731059166419 38.7 289
1731059176527 38.7 290
1731059186627 38.6 291
1731059196711 38.6 292
1731059206783 38.6 293
1731059216884 38.6 294
1731059226944 38.6 295
1731059237043 38.6 296
1731059247132 38.5 297
1731059257221 38.5 298
1731059267309 38.5 299
1731059277392 38.5 300
1731059287468 38.5 301
1731059297538 38.5 302
1731059307610 38.5 303
1731059317678 38.5 304
1731059327756 38.5 305
1731059337843 38.5 306
1731059347934 38.5 307
1731059358033 38.5 308
1731059368113 38.5 309
1731059378183 38.5 310
1731059388274 38.5 311
1731059398364 38.0 312
1731059408471 38.0 313
1731059418580 38.0 314
1731059428674 38.0 315
1731059438784 38.0 316
1731059448885 38.0 317
1731059458992 38.0 318
1731059469102 38.0 319
1731059479207 38.0 320
1731059489312 38.0 321
1731059499412 38.0 322
1731059509516 38.1 323
1731059519630 38.1 324
1731059529723 38.1 325
1731059539831 38.1 326
1731059549931 38.1 327
1731059560024 38.1 328
1731059570120 38.1 329
1731059580242 38.1 330
1731059590337 38.1 331
1731059600459 38.1 332
1731059610567 38.1 333
1731059620681 38.1 334
1731059630781 38.1 335
1731059640912 38.3 336
1731059651021 38.1 337
1731059661127 38.1 338
1731059671250 38.1 339
1731059681359 38.1 340
1731059691456 38.2 341
1731059701545 38.1 342
1731059711668 38.3 343
1731059721784 38.2 344
1731059731883 38.1 345
1731059741977 38.2 346
1731059752077 38.2 347
1731059762164 38.1 348
1731059772248 38.0 349
1731059782365 38.1 350
1731059792455 38.0 351
1731059802529 38.0 352
1731059812642 38.0 353
1731059822762 38.0 354
1731059832863 38.0 355
1731059842972 38.0 356
1731059853088 38.1 357
1731059863176 38.1 358
1731059873281 38.1 359
1731059883387 38.1 360
1731059893512 38.1 361
1731059903580 38.2 362
1731059913672 38.2 363
1731059923794 38.3 364
1731059933916 38.4 365
1731059943988 38.3 366
1731059954093 38.2 367
1731059964193 38.6 368
1731059974294 38.7 369
1731059984424 38.7 370
1731059994512 38.7 371
1731060004600 38.7 372
1731060014725 38.7 373
1731060024828 38.6 374
1731060034942 38.6 375
1731060045070 38.6 376
1731060055171 38.6 377
1731060065303 38.6 378
1731060075425 38.6 379
1731060085548 38.6 380
1731060095654 38.6 381
1731060105757 38.6 382
1731060115886 38.6 383
1731060125992 38.6 384
1731060136098 38.7 385
