1731056251899 2600.1 0
1731056261946 4514.0 1
1731056272005 6770.1 2
1731056282047 6770.1 3
1731056292095 6768.0 4
1731056302148 6767.5 5
1731056312198 6767.5 6
1731056322260 6767.5 7
1731056332326 6767.5 8
1731056342378 6762.5 9
1731056352427 6762.5 10
1731056362506 9769.8 11
1731056372577 9769.8 12
1731056382650 9769.8 13
1731056392713 9769.8 14
1731056402774 9769.8 15
1731056412834 9769.8 16
1731056422885 9769.8 17
1731056432928 9769.8 18
1731056443006 9769.8 19
1731056453082 9769.8 20
1731056463144 9778.2 21
1731056473220 9800.6 22
1731056483297 9792.9 23
1731056493377 9792.9 24
1731056503438 9792.9 25
1731056513516 9792.9 26
1731056523588 9792.9 27
1731056533660 9757.5 28
1731056543725 9757.5 29
1731056553781 9757.5 30
1731056563833 9785.0 31
1731056573916 9762.5 32
1731056583983 9762.4 33
1731056594063 9786.4 34
1731056604130 9832.0 35
1731056614203 9818.5 36
1731056624269 9815.0 37
1731056634363 9754.6 38
1731056644447 9743.4 39
1731056654509 9754.7 40
1731056664589 9728.7 41
1731056674670 9731.9 42
1731056684739 9728.0 43
1731056694804 9727.8 44
1731056704865 9806.5 45
1731056714960 9731.4 46
1731056725031 9715.1 47
1731056735110 9720.4 48
1731056745197 9738.0 49
1731056755268 9721.4 50
1731056765339 9725.2 51
1731056775419 9699.8 52
1731056785483 9705.9 53
1731056795564 9698.4 54
1731056805643 9698.4 55
1731056815722 9698.4 56
1731056825798 9698.4 57
1731056835862 9731.5 58
1731056845943 9735.4 59
1731056856014 9717.6 60
1731056866088 9717.9 61
1731056876165 9726.3 62
1731056886250 9700.3 63
1731056896329 9715.3 64
1731056906403 9700.3 65
1731056916498 9756.8 66
1731056926575 9857.6 67
1731056936656 9807.7 68
1731056946731 9795.4 69
1731056956819 9786.8 70
1731056966871 9789.4 71
1731056976937 9883.0 72
1731056987002 9865.3 73
1731056997079 10001.3 74
1731057007152 9990.3 75
1731057017233 10031.3 76
1731057027300 10031.3 77
1731057037363 10077.5 78
1731057047436 10052.6 79
1731057057527 10003.3 80
1731057067595 10004.2 81
1731057077689 10004.0 82
1731057087754 9994.2 83
1731057097826 9994.2 84
1731057107874 9993.4 85
1731057117929 9993.3 86
1731057128005 9980.8 87
1731057138076 9980.8 88
1731057148152 9980.8 89
1731057158237 9982.4 90
1731057168319 9965.2 91
1731057178388 10016.3 92
1731057188463 10000.1 93
1731057198543 9961.0 94
1731057208610 9965.2 95
1731057218687 9950.9 96
1731057228763 9957.9 97
1731057238849 9943.5 98
1731057248921 9944.4 99
1731057259008 9941.5 100
1731057269092 9943.1 101
1731057279167 9985.6 102
1731057289241 10001.5 103
1731057299304 9946.7 104
1731057309376 9950.9 105
1731057319464 9946.8 106
1731057329539 9946.7 107
1731057339628 9958.3 108
1731057349702 9948.4 109
1731057359761 9948.4 110
1731057369833 9931.1 111
1731057379903 9931.1 112
1731057389969 9931.2 113
1731057400068 9931.1 114
1731057410140 9957.9 115
1731057420232 9951.7 116
1731057430321 9951.6 117
1731057440398 9962.4 118
1731057450475 9955.0 119
1731057460571 9955.0 120
1731057470655 9955.0 121
1731057480725 9955.1 122
1731057490813 9954.1 123
1731057500891 9904.2 124
1731057510975 9908.3 125
1731057521052 9927.0 126
1731057531138 9924.3 127
1731057541203 9921.8 128
1731057551289 9924.9 129
1731057561363 9923.5 130
1731057571431 9921.8 131
1731057581520 9921.8 132
1731057591599 9911.4 133
1731057601687 9911.3 134
1731057611758 9911.3 135
1731057621840 9911.3 136
1731057631905 9911.3 137
1731057641988 9911.3 138
1731057652054 9911.3 139
1731057662156 9911.5 140
1731057672249 9911.4 141
1731057682324 9911.4 142
1731057692410 9971.1 143
1731057702487 9951.1 144
1731057712564 9962.8 145
1731057722654 9953.7 146
1731057732737 9949.5 147
1731057742806 9949.4 148
1731057752864 9955.8 149
1731057762940 9955.7 150
1731057773008 9955.7 151
1731057783101 9955.8 152
1731057793181 9973.2 153
1731057803271 9953.7 154
1731057813332 9964.2 155
1731057823407 9950.7 156
1731057833517 9950.6 157
1731057843599 9953.2 158
1731057853689 9953.8 159
1731057863765 9953.7 160
1731057873846 9948.8 161
1731057883937 9973.9 162
1731057894019 9844.6 163
1731057904123 9850.7 164
1731057914222 9872.7 165
1731057924288 9869.1 166
1731057934375 9886.5 167
1731057944452 9883.4 168
1731057954541 9868.9 169
1731057964644 9865.7 170
1731057974739 9869.9 171
1731057984814 9858.1 172
1731057994908 9861.6 173
1731058004977 9844.1 174
1731058015079 9844.1 175
1731058025177 9843.8 176
1731058035258 9898.8 177
1731058045345 9846.0 178
1731058055427 9833.4 179
1731058065525 9824.7 180
1731058075611 9817.9 181
1731058085710 9837.8 182
1731058095800 9836.8 183
1731058105861 9834.9 184
1731058115936 9841.1 185
1731058126021 9871.9 186
1731058136117 9859.6 187
1731058146209 9838.4 188
1731058156274 9832.8 189
1731058166349 9874.2 190
1731058176436 9865.8 191
1731058186540 9871.1 192
1731058196631 9864.2 193
1731058206719 9875.3 194
1731058216801 9873.9 195
1731058226878 9869.2 196
1731058236955 9863.5 197
1731058247033 9909.6 198
1731058257133 9909.7 199
1731058267221 9897.6 200
1731058277308 9883.4 201
1731058287425 9879.1 202
1731058297515 9878.5 203
1731058307621 9880.1 204
1731058317719 9928.2 205
1731058327823 9940.8 206
1731058337895 9918.7 207
1731058347976 9893.5 208
1731058358063 9888.6 209
1731058368151 9889.4 210
1731058378247 9880.2 211
1731058388365 9868.6 212
1731058398453 9848.9 213
1731058408563 9856.0 214
1731058418658 9858.7 215
1731058428744 9859.0 216
1731058438844 9865.4 217
1731058448940 9864.4 218
1731058459006 9913.5 219
1731058469085 9898.8 220
1731058479203 9889.0 221
1731058489299 9894.7 222
1731058499406 9895.9 223
1731058509506 9858.4 224
1731058519606 9852.7 225
1731058529709 9852.8 226
1731058539809 9845.0 227
1731058549898 9845.1 228
1731058560002 9845.0 229
1731058570100 9845.0 230
1731058580187 9849.2 231
1731058590624 9849.3 232
1731058600725 9847.6 233
1731058610826 9847.6 234
1731058620909 9847.6 235
1731058631012 9841.2 236
1731058641113 9845.4 237
1731058651206 9843.8 238
1731058661305 9843.8 239
1731058671398 9857.4 240
1731058681486 9850.1 241
1731058691588 9860.4 242
1731058701685 9829.4 243
1731058711787 9828.9 244
1731058721889 9832.3 245
1731058731995 9830.6 246
1731058742086 9818.2 247
1731058752189 9820.3 248
1731058762302 9824.6 249
1731058772383 9824.6 250
1731058782499 9828.7 251
1731058792588 9828.7 252
1731058802696 9833.3 253
1731058812817 9832.0 254
1731058822917 9831.6 255
1731058833032 9837.0 256
1731058843128 9907.1 257
1731058853251 9920.4 258
1731058863366 9918.4 259
1731058873453 9913.5 260
1731058883562 9905.8 261
1731058893659 9915.5 262
1731058903767 9907.5 263
1731058913873 9928.8 264
1731058923979 9912.1 265
1731058934069 9912.1 266
1731058944169 9914.4 267
1731058954277 9913.5 268
1731058964391 9922.4 269
1731058974479 9924.6 270
1731058984562 9907.6 271
1731058994649 9923.5 272
1731059004763 9911.4 273
1731059014865 9907.9 274
1731059024971 9907.9 275
1731059035068 9912.3 276
1731059045174 9916.1 277
1731059055285 9911.6 278
1731059065395 9953.6 279
1731059075500 9968.7 280
1731059085594 9972.5 281
1731059095677 9966.1 282
1731059105771 9975.1 283
1731059115887 9978.9 284
1731059125994 9972.8 285
1731059136101 9981.3 286
1731059146207 9972.8 287
1731059156312 9972.4 288
1731059166419 9982.8 289
1731059176527 9984.0 290
1731059186627 9950.3 291
1731059196711 9950.9 292
1731059206783 9952.7 293
1731059216884 9944.0 294
1731059226944 9942.7 295
1731059237043 9940.8 296
1731059247132 9923.1 297
1731059257221 9927.1 298
1731059267309 9924.5 299
1731059277392 9933.0 300
1731059287468 9929.2 301
1731059297538 9918.6 302
1731059307610 9914.1 303
1731059317678 9908.6 304
1731059327756 9913.8 305
1731059337843 9913.8 306
1731059347934 9912.6 307
1731059358033 9912.5 308
1731059368113 9911.4 309
1731059378183 9910.3 310
1731059388274 9911.3 311
1731059398364 9787.1 312
1731059408471 9781.4 313
1731059418580 9788.8 314
1731059428674 9786.3 315
1731059438784 9787.3 316
1731059448885 9784.3 317
1731059458992 9794.4 318
1731059469102 9793.8 319
1731059479207 9796.1 320
1731059489312 9789.7 321
1731059499412 9798.0 322
1731059509516 9808.2 323
1731059519630 9808.2 324
1731059529723 9808.2 325
1731059539831 9808.2 326
1731059549931 9808.0 327
1731059560024 9807.9 328
1731059570120 9807.9 329
1731059580242 9807.5 330
1731059590337 9809.6 331
1731059600459 9808.8 332
1731059610567 9807.4 333
1731059620681 9820.2 334
1731059630781 9817.0 335
1731059640912 9874.1 336
1731059651021 9822.7 337
1731059661127 9825.4 338
1731059671250 9826.1 339
1731059681359 9827.8 340
1731059691456 9840.8 341
1731059701545 9829.5 342
1731059711668 9861.9 343
1731059721784 9839.1 344
1731059731883 9830.7 345
1731059741977 9834.0 346
1731059752077 9831.2 347
1731059762164 9826.5 348
1731059772248 9798.5 349
1731059782365 9828.9 350
1731059792455 9804.0 351
1731059802529 9798.5 352
1731059812642 9798.7 353
1731059822762 9794.4 354
1731059832863 9794.4 355
1731059842972 9794.5 356
1731059853088 9812.3 357
1731059863176 9812.3 358
1731059873281 9813.2 359
1731059883387 9817.4 360
1731059893512 9816.7 361
1731059903580 9843.7 362
1731059913672 9835.6 363
1731059923794 9859.1 364
1731059933916 9885.5 365
1731059943988 9865.9 366
1731059954093 9834.2 367
1731059964193 9939.1 368
1731059974294 9963.7 369
1731059984424 9977.4 370
1731059994512 9963.6 371
1731060004600 9984.1 372
1731060014725 9968.9 373
1731060024828 9950.7 374
1731060034942 9951.7 375
1731060045070 9955.0 376
1731060055171 9948.6 377
1731060065303 9952.4 378
1731060075425 9942.0 379
1731060085548 9941.9 380
1731060095654 9948.4 381
1731060105757 9952.6 382
1731060115886 9956.4 383
1731060125992 9954.7 384
1731060136098 9962.3 385
