1731056251899 0.00034600000000040154 0
1731056261946 0.02625300000000408 1
1731056272005 0.04292000000000229 2
1731056282047 0.05842799999999926 3
1731056292095 0.07571300000000036 4
1731056302148 0.08817000000000519 5
1731056312198 0.11258399999999824 6
1731056322260 0.1270150000000001 7
1731056332326 0.14908100000000246 8
1731056342378 0.16486499999999893 9
1731056352427 0.1815690000000032 10
1731056362506 0.18910500000000496 11
1731056372577 0.2718630000000033 12
1731056382650 0.2871820000000014 13
1731056392713 0.31155600000000305 14
1731056402774 0.3277220000000014 15
1731056412834 0.34408499999999975 16
1731056422885 0.35478200000000015 17
1731056432928 0.388655 18
1731056443006 0.4043980000000005 19
1731056453082 0.43198699999999945 20
1731056463144 0.459495000000004 21
1731056473220 0.48740899999999954 22
1731056483297 0.49721699999999913 23
1731056493377 0.5150590000000008 24
1731056503438 0.5337919999999983 25
1731056513516 0.541954000000004 26
1731056523588 0.5791240000000002 27
1731056533660 0.5977390000000042 28
1731056543725 0.6153790000000043 29
1731056553781 0.6338670000000022 30
1731056563833 0.6525290000000012 31
1731056573916 0.6653840000000031 32
1731056583983 0.7006530000000026 33
1731056594063 0.7245160000000013 34
1731056604130 0.8012140000000016 35
1731056614203 0.8151009999999985 36
1731056624269 0.8479280000000031 37
1731056634363 0.8591180000000023 38
1731056644447 0.8817459999999997 39
1731056654509 0.8891710000000046 40
1731056664589 0.9169300000000007 41
1731056674670 1.0232090000000014 42
1731056684739 1.033762000000003 43
1731056694804 1.0453930000000042 44
1731056704865 1.1871440000000035 45
1731056714960 1.2981130000000007 46
1731056725031 1.3084720000000019 47
1731056735110 1.3354530000000011 48
1731056745197 1.5131170000000012 49
1731056755268 1.5369439999999983 50
1731056765339 1.5729730000000046 51
1731056775419 1.6047340000000005 52
1731056785483 1.6280070000000038 53
1731056795564 1.6379170000000016 54
1731056805643 1.6470079999999996 55
1731056815722 1.6548459999999992 56
1731056825798 1.6807550000000049 57
1731056835862 1.696987 58
1731056845943 1.7604809999999986 59
1731056856014 1.7850070000000002 60
1731056866088 1.795646000000005 61
1731056876165 1.8061070000000043 62
1731056886250 1.826988 63
1731056896329 1.8382940000000048 64
1731056906403 1.8489679999999993 65
1731056916498 1.9764260000000036 66
1731056926575 9.275042 67
1731056936656 12.668484 68
1731056946731 14.818637000000003 69
1731056956819 14.829802999999998 70
1731056966871 14.902627000000003 71
1731056976937 15.200867000000002 72
1731056987002 15.423619000000002 73
1731056997079 17.353433000000003 74
1731057007152 17.373548 75
1731057017233 17.404347 76
1731057027300 17.444113 77
1731057037363 29.387660000000004 78
1731057047436 33.984228 79
1731057057527 50.76390500000001 80
1731057067595 53.407678000000004 81
1731057077689 53.416887 82
1731057087754 53.43467100000001 83
1731057097826 53.449146999999996 84
1731057107874 53.460122999999996 85
1731057117929 53.481466999999995 86
1731057128005 53.502728000000005 87
1731057138076 53.51674 88
1731057148152 53.52844400000001 89
1731057158237 53.537131 90
1731057168319 53.570463000000004 91
1731057178388 53.692891 92
1731057188463 53.76057900000001 93
1731057198543 54.077122 94
1731057208610 54.181746000000004 95
1731057218687 54.24145800000001 96
1731057228763 54.277248 97
1731057238849 54.285381 98
1731057248921 54.67300300000001 99
1731057259008 54.698325 100
1731057269092 54.801806 101
1731057279167 54.833529999999996 102
1731057289241 64.537314 103
1731057299304 71.856097 104
1731057309376 80.230745 105
1731057319464 87.86901900000001 106
1731057329539 93.321306 107
1731057339628 93.32924 108
1731057349702 93.358109 109
1731057359761 93.366654 110
1731057369833 93.380745 111
1731057379903 93.391493 112
1731057389969 93.401895 113
1731057400068 93.420805 114
1731057410140 99.214656 115
1731057420232 104.61205199999999 116
1731057430321 104.63946500000002 117
1731057440398 111.09095599999999 118
1731057450475 111.10488300000002 119
1731057460571 111.12102499999999 120
1731057470655 111.13279100000001 121
1731057480725 111.148895 122
1731057490813 111.172333 123
1731057500891 111.184544 124
1731057510975 111.195127 125
1731057521052 111.20529 126
1731057531138 111.251303 127
1731057541203 111.266507 128
1731057551289 111.28744999999999 129
1731057561363 111.306504 130
1731057571431 111.374275 131
1731057581520 111.38595 132
1731057591599 111.400084 133
1731057601687 111.40810599999999 134
1731057611758 111.41942200000001 135
1731057621840 111.44320700000002 136
1731057631905 111.46313200000002 137
1731057641988 111.47666600000001 138
1731057652054 111.48914900000001 139
1731057662156 111.496559 140
1731057672249 111.507321 141
1731057682324 111.52823300000001 142
1731057692410 111.53883499999999 143
1731057702487 111.54929500000001 144
1731057712564 114.89819000000001 145
1731057722654 114.90836900000001 146
1731057732737 114.921858 147
1731057742806 114.944825 148
1731057752864 114.96037500000001 149
1731057762940 114.972191 150
1731057773008 114.98706299999999 151
1731057783101 115.002562 152
1731057793181 115.01561299999999 153
1731057803271 115.06401699999999 154
1731057813332 115.094894 155
1731057823407 115.111767 156
1731057833517 115.13544399999999 157
1731057843599 115.14554 158
1731057853689 115.15931400000001 159
1731057863765 115.190655 160
1731057873846 115.258855 161
1731057883937 115.27193100000001 162
1731057894019 115.28283800000001 163
1731057904123 115.29617499999999 164
1731057914222 115.455945 165
1731057924288 115.479924 166
1731057934375 121.48369799999999 167
1731057944452 121.529193 168
1731057954541 121.716404 169
1731057964644 121.72427 170
1731057974739 121.813722 171
1731057984814 121.84174600000001 172
1731057994908 121.876785 173
1731058004977 121.88480500000001 174
1731058015079 121.903215 175
1731058025177 121.932541 176
1731058035258 127.23433999999999 177
1731058045345 130.67161900000002 178
1731058055427 132.83900599999998 179
1731058065525 134.69922400000002 180
1731058075611 136.782805 181
1731058085710 137.78360600000002 182
1731058095800 137.802057 183
1731058105861 137.89108800000002 184
1731058115936 137.92292500000002 185
1731058126021 138.05996700000003 186
1731058136117 138.081026 187
1731058146209 138.12529899999998 188
1731058156274 138.140065 189
1731058166349 138.211366 190
1731058176436 138.24359700000002 191
1731058186540 138.257657 192
1731058196631 138.26986399999998 193
1731058206719 138.303041 194
1731058216801 138.341838 195
1731058226878 138.37298900000002 196
1731058236955 138.453601 197
1731058247033 144.169259 198
1731058257133 145.040633 199
1731058267221 145.94100400000002 200
1731058277308 154.77882899999997 201
1731058287425 157.45547699999997 202
1731058297515 161.984306 203
1731058307621 166.39973400000002 204
1731058317719 167.74248899999998 205
1731058327823 170.83133600000002 206
1731058337895 172.497318 207
1731058347976 172.52146399999998 208
1731058358063 172.72786100000002 209
1731058368151 172.73724099999998 210
1731058378247 172.74658699999998 211
1731058388365 172.75545799999998 212
1731058398453 172.77255200000002 213
1731058408563 172.791289 214
1731058418658 172.81545699999998 215
1731058428744 173.03522700000002 216
1731058438844 173.05066800000003 217
1731058448940 173.05834900000002 218
1731058459006 173.070042 219
1731058469085 190.80294400000002 220
1731058479203 195.306035 221
1731058489299 203.86893099999998 222
1731058499406 210.196689 223
1731058509506 210.206683 224
1731058519606 212.73231199999998 225
1731058529709 215.604734 226
1731058539809 215.633017 227
1731058549898 221.123966 228
1731058560002 225.836298 229
1731058570100 225.84364900000003 230
1731058580187 228.66963100000004 231
1731058590624 233.981858 232
1731058600725 234.00791400000003 233
1731058610826 237.986219 234
1731058620909 242.91229700000002 235
1731058631012 242.923742 236
1731058641113 249.745565 237
1731058651206 253.459379 238
1731058661305 253.489931 239
1731058671398 257.38044 240
1731058681486 262.05604 241
1731058691588 262.067085 242
1731058701685 265.137765 243
1731058711787 268.649382 244
1731058721889 268.677799 245
1731058731995 271.426528 246
1731058742086 273.26741300000003 247
1731058752189 274.91105100000004 248
1731058762302 278.591682 249
1731058772383 278.65903000000003 250
1731058782499 282.16421 251
1731058792588 285.25484 252
1731058802696 287.643049 253
1731058812817 287.65024700000004 254
1731058822917 290.771996 255
1731058833032 293.39130600000004 256
1731058843128 293.437138 257
1731058853251 296.49368400000003 258
1731058863366 299.341536 259
1731058873453 299.360055 260
1731058883562 303.738385 261
1731058893659 303.784581 262
1731058903767 306.72400200000004 263
1731058913873 310.32812 264
1731058923979 310.41695400000003 265
1731058934069 314.382524 266
1731058944169 314.406072 267
1731058954277 314.414683 268
1731058964391 317.58630600000004 269
1731058974479 317.596194 270
1731058984562 320.342413 271
1731058994649 320.462144 272
1731059004763 322.927387 273
1731059014865 325.319949 274
1731059024971 327.361442 275
1731059035068 327.38633100000004 276
1731059045174 330.49795800000004 277
1731059055285 330.54695100000004 278
1731059065395 330.597153 279
1731059075500 334.932226 280
1731059085594 340.373157 281
1731059095677 340.380114 282
1731059105771 340.405521 283
1731059115887 348.825425 284
1731059125994 348.83614600000004 285
1731059136101 360.375758 286
1731059146207 360.39733 287
1731059156312 360.409855 288
1731059166419 366.769501 289
1731059176527 371.04285400000003 290
1731059186627 377.26103800000004 291
1731059196711 378.99300800000003 292
1731059206783 380.677679 293
1731059216884 382.641833 294
1731059226944 384.482499 295
1731059237043 386.548521 296
1731059247132 389.46314 297
1731059257221 391.517917 298
1731059267309 391.548578 299
1731059277392 393.55872400000004 300
1731059287468 393.587011 301
1731059297538 393.59643500000004 302
1731059307610 393.60994300000004 303
1731059317678 393.617659 304
1731059327756 393.644652 305
1731059337843 393.673127 306
1731059347934 393.681368 307
1731059358033 393.69316000000003 308
1731059368113 393.758014 309
1731059378183 393.773755 310
1731059388274 393.782626 311
1731059398364 393.79346000000004 312
1731059408471 393.80971800000003 313
1731059418580 393.828394 314
1731059428674 393.837487 315
1731059438784 393.846857 316
1731059448885 393.85832600000003 317
1731059458992 393.873101 318
1731059469102 393.88425 319
1731059479207 393.89395 320
1731059489312 396.959291 321
1731059499412 397.007086 322
1731059509516 397.04433700000004 323
1731059519630 397.051977 324
1731059529723 397.060951 325
1731059539831 397.07916700000004 326
1731059549931 397.090624 327
1731059560024 397.098949 328
1731059570120 397.11506 329
1731059580242 397.139005 330
1731059590337 397.182312 331
1731059600459 397.190806 332
1731059610567 397.214059 333
1731059620681 397.223316 334
1731059630781 397.253797 335
1731059640912 401.034937 336
1731059651021 403.971318 337
1731059661127 405.21102 338
1731059671250 405.287141 339
1731059681359 405.296606 340
1731059691456 405.498241 341
1731059701545 405.506821 342
1731059711668 408.61888600000003 343
1731059721784 409.04269300000004 344
1731059731883 412.798 345
1731059741977 415.19766400000003 346
1731059752077 416.761004 347
1731059762164 420.525546 348
1731059772248 422.95108 349
1731059782365 426.32165200000003 350
1731059792455 426.772082 351
1731059802529 426.787686 352
1731059812642 426.80381800000004 353
1731059822762 426.81172200000003 354
1731059832863 426.819334 355
1731059842972 426.83069 356
1731059853088 426.844056 357
1731059863176 426.852346 358
1731059873281 426.87067 359
1731059883387 426.87879000000004 360
1731059893512 426.89333700000003 361
1731059903580 426.952011 362
1731059913672 426.96277200000003 363
1731059923794 435.292504 364
1731059933916 450.403888 365
1731059943988 466.29402500000003 366
1731059954093 470.45416 367
1731059964193 470.468158 368
1731059974294 470.606355 369
1731059984424 470.70622000000003 370
1731059994512 470.716647 371
1731060004600 470.73143200000004 372
1731060014725 477.08646400000003 373
1731060024828 480.839097 374
1731060034942 485.47222700000003 375
1731060045070 490.584497 376
1731060055171 494.40016800000006 377
1731060065303 494.41241500000007 378
1731060075425 500.03102900000005 379
1731060085548 507.783484 380
1731060095654 515.282034 381
1731060105757 516.198895 382
1731060115886 522.758508 383
1731060125992 522.773556 384
1731060136098 522.8502689999999 385
