1731056251899 0.0003459999999986252 0
1731056261946 0.02583199999999941 1
1731056272005 0.04434499999999986 2
1731056282047 0.05955699999999986 3
1731056292095 0.07650699999999944 4
1731056302148 0.10995599999999861 5
1731056312198 0.12987799999999972 6
1731056322260 0.14378399999999836 7
1731056332326 0.162922 8
1731056342378 0.17835999999999963 9
1731056352427 0.19478499999999954 10
1731056362506 0.20190099999999944 11
1731056372577 0.23368699999999976 12
1731056382650 0.2485949999999999 13
1731056392713 0.26927399999999935 14
1731056402774 0.2850059999999992 15
1731056412834 0.30198399999999914 16
1731056422885 0.3147949999999984 17
1731056432928 0.3458319999999997 18
1731056443006 0.3612749999999991 19
1731056453082 0.3838659999999994 20
1731056463144 0.40922899999999984 21
1731056473220 0.4372399999999992 22
1731056483297 0.44633199999999995 23
1731056493377 0.4638169999999988 24
1731056503438 0.4818649999999991 25
1731056513516 0.4896599999999989 26
1731056523588 0.5215389999999989 27
1731056533660 0.5414379999999994 28
1731056543725 0.5601269999999996 29
1731056553781 0.5780319999999985 30
1731056563833 0.5958239999999986 31
1731056573916 0.6110919999999993 32
1731056583983 0.6439619999999984 33
1731056594063 0.6703919999999997 34
1731056604130 0.7456609999999984 35
1731056614203 0.7576989999999988 36
1731056624269 0.7844759999999997 37
1731056634363 0.8016929999999984 38
1731056644447 0.819545999999999 39
1731056654509 0.829165999999999 40
1731056664589 0.8629289999999994 41
1731056674670 0.9030539999999991 42
1731056684739 0.9131479999999996 43
1731056694804 0.9247129999999988 44
1731056704865 1.123303 45
1731056714960 1.2054849999999995 46
1731056725031 1.2166439999999987 47
1731056735110 1.2414179999999995 48
1731056745197 1.4170439999999989 49
1731056755268 1.4417079999999984 50
1731056765339 1.471264999999999 51
1731056775419 1.5008389999999991 52
1731056785483 1.5221599999999995 53
1731056795564 1.5318299999999994 54
1731056805643 1.5402539999999991 55
1731056815722 1.5477139999999991 56
1731056825798 1.5678139999999985 57
1731056835862 1.5829629999999995 58
1731056845943 1.6504049999999992 59
1731056856014 1.6688219999999987 60
1731056866088 1.6790269999999996 61
1731056876165 1.689081999999999 62
1731056886250 1.7082529999999991 63
1731056896329 1.7226009999999992 64
1731056906403 1.732778999999999 65
1731056916498 1.921828999999999 66
1731056926575 2.226151999999999 67
1731056936656 2.348013999999999 68
1731056946731 2.468506999999999 69
1731056956819 2.478465999999999 70
1731056966871 2.4973649999999985 71
1731056976937 2.55654 72
1731056987002 2.652391999999999 73
1731056997079 3.4288559999999997 74
1731057007152 3.4481849999999987 75
1731057017233 3.4702069999999985 76
1731057027300 3.4978759999999998 77
1731057037363 3.673005 78
1731057047436 3.7418619999999994 79
1731057057527 3.930349999999999 80
1731057067595 3.974798 81
1731057077689 3.9834159999999983 82
1731057087754 3.9971939999999986 83
1731057097826 4.013093999999999 84
1731057107874 4.023720999999998 85
1731057117929 4.055021999999999 86
1731057128005 4.0733489999999986 87
1731057138076 4.0929449999999985 88
1731057148152 4.104273999999998 89
1731057158237 4.112397 90
1731057168319 4.142064999999999 91
1731057178388 4.195454999999999 92
1731057188463 4.247947999999999 93
1731057198543 4.268841999999999 94
1731057208610 4.293863 95
1731057218687 4.3079909999999995 96
1731057228763 4.333556 97
1731057238849 4.3420809999999985 98
1731057248921 4.397976999999999 99
1731057259008 4.427715999999998 100
1731057269092 4.477652999999998 101
1731057279167 4.504874999999998 102
1731057289241 4.674472 103
1731057299304 4.766795999999999 104
1731057309376 4.858419 105
1731057319464 5.014892999999999 106
1731057329539 5.07823 107
1731057339628 5.085085999999999 108
1731057349702 5.112160999999999 109
1731057359761 5.120759 110
1731057369833 5.137530999999999 111
1731057379903 5.1514859999999985 112
1731057389969 5.163224 113
1731057400068 5.1787019999999995 114
1731057410140 5.2455739999999995 115
1731057420232 5.298121999999999 116
1731057430321 5.324928999999999 117
1731057440398 5.389830999999999 118
1731057450475 5.405265999999999 119
1731057460571 5.421861999999999 120
1731057470655 5.433338999999998 121
1731057480725 5.445627999999999 122
1731057490813 5.470180999999998 123
1731057500891 5.483784 124
1731057510975 5.496561 125
1731057521052 5.506362999999999 126
1731057531138 5.548814999999999 127
1731057541203 5.575165999999999 128
1731057551289 5.592682999999999 129
1731057561363 5.610149 130
1731057571431 5.629581 131
1731057581520 5.642429999999999 132
1731057591599 5.657279999999998 133
1731057601687 5.6649449999999995 134
1731057611758 5.676893 135
1731057621840 5.701402999999999 136
1731057631905 5.718321999999999 137
1731057641988 5.7330739999999984 138
1731057652054 5.746789999999999 139
1731057662156 5.753893999999999 140
1731057672249 5.766774 141
1731057682324 5.7859539999999985 142
1731057692410 5.797657999999998 143
1731057702487 5.807898999999999 144
1731057712564 5.860033999999999 145
1731057722654 5.869844999999998 146
1731057732737 5.886012999999998 147
1731057742806 5.908981000000001 148
1731057752864 5.925373999999998 149
1731057762940 5.940279999999998 150
1731057773008 5.958351999999998 151
1731057783101 5.9694579999999995 152
1731057793181 5.983466 153
1731057803271 6.012425999999998 154
1731057813332 6.038145 155
1731057823407 6.052427999999999 156
1731057833517 6.074878999999999 157
1731057843599 6.084571 158
1731057853689 6.101022 159
1731057863765 6.1274049999999995 160
1731057873846 6.148132 161
1731057883937 6.162364999999998 162
1731057894019 6.174025999999998 163
1731057904123 6.186858999999998 164
1731057914222 6.209598 165
1731057924288 6.227036999999999 166
1731057934375 6.313966000000001 167
1731057944452 6.3475269999999995 168
1731057954541 6.363949999999999 169
1731057964644 6.371372000000001 170
1731057974739 6.3905840000000005 171
1731057984814 6.422974999999997 172
1731057994908 6.464289999999998 173
1731058004977 6.471679999999999 174
1731058015079 6.486872999999999 175
1731058025177 6.519181 176
1731058035258 6.637864 177
1731058045345 6.6972629999999995 178
1731058055427 6.739159000000001 179
1731058065525 6.795877999999998 180
1731058075611 6.835808999999998 181
1731058085710 6.864598999999998 182
1731058095800 6.882111999999999 183
1731058105861 6.921453 184
1731058115936 6.955835999999998 185
1731058126021 7.010290999999999 186
1731058136117 7.034983 187
1731058146209 7.058565999999999 188
1731058156274 7.065901 189
1731058166349 7.094308999999999 190
1731058176436 7.1113019999999985 191
1731058186540 7.1306709999999995 192
1731058196631 7.142088999999999 193
1731058206719 7.171133999999999 194
1731058216801 7.212005999999999 195
1731058226878 7.2242180000000005 196
1731058236955 7.258452999999999 197
1731058247033 7.416136999999999 198
1731058257133 7.479765999999998 199
1731058267221 7.524217999999998 200
1731058277308 7.628854999999998 201
1731058287425 7.665009999999999 202
1731058297515 7.742940000000001 203
1731058307621 7.815159999999999 204
1731058317719 7.859527 205
1731058327823 7.913042000000001 206
1731058337895 7.9480109999999975 207
1731058347976 7.9637959999999985 208
1731058358063 7.992508000000001 209
1731058368151 8.004974 210
1731058378247 8.013908 211
1731058388365 8.022448 212
1731058398453 8.041128 213
1731058408563 8.055572999999999 214
1731058418658 8.073066999999998 215
1731058428744 8.107032999999998 216
1731058438844 8.125343999999998 217
1731058448940 8.132629999999999 218
1731058459006 8.147386000000001 219
1731058469085 8.412955999999998 220
1731058479203 8.509727999999999 221
1731058489299 8.613629 222
1731058499406 8.690472 223
1731058509506 8.700088000000001 224
1731058519606 8.733646999999998 225
1731058529709 8.766109999999998 226
1731058539809 8.792956999999998 227
1731058549898 8.864812999999998 228
1731058560002 8.918288 229
1731058570100 8.925252 230
1731058580187 8.971774 231
1731058590624 9.025264999999997 232
1731058600725 9.045462 233
1731058610826 9.086122 234
1731058620909 9.146128999999998 235
1731058631012 9.157169 236
1731058641113 9.228117999999998 237
1731058651206 9.27222 238
1731058661305 9.302115999999998 239
1731058671398 9.342046 240
1731058681486 9.390397 241
1731058691588 9.401015999999998 242
1731058701685 9.447142 243
1731058711787 9.490296999999998 244
1731058721889 9.511125 245
1731058731995 9.572897999999999 246
1731058742086 9.600898 247
1731058752189 9.623597999999998 248
1731058762302 9.662704999999999 249
1731058772383 9.682167 250
1731058782499 9.740106999999998 251
1731058792588 9.784402 252
1731058802696 9.823446 253
1731058812817 9.831122999999998 254
1731058822917 9.878781999999998 255
1731058833032 9.9143 256
1731058843128 9.9601 257
1731058853251 9.999918999999998 258
1731058863366 10.045686 259
1731058873453 10.059764999999999 260
1731058883562 10.107004 261
1731058893659 10.132369 262
1731058903767 10.191931999999998 263
1731058913873 10.231311999999999 264
1731058923979 10.240990999999998 265
1731058934069 10.285632 266
1731058944169 10.307893 267
1731058954277 10.315859 268
1731058964391 10.367881 269
1731058974479 10.377417999999999 270
1731058984562 10.416073999999998 271
1731058994649 10.435115 272
1731059004763 10.464239 273
1731059014865 10.497751000000001 274
1731059024971 10.546022 275
1731059035068 10.565431 276
1731059045174 10.60005 277
1731059055285 10.649299 278
1731059065395 10.697374999999997 279
1731059075500 10.767661 280
1731059085594 10.848140999999998 281
1731059095677 10.854848 282
1731059105771 10.877803 283
1731059115887 10.970094 284
1731059125994 11.009466 285
1731059136101 11.133966000000001 286
1731059146207 11.161179999999998 287
1731059156312 11.17276 288
1731059166419 11.249002 289
1731059176527 11.310897 290
1731059186627 11.466740999999999 291
1731059196711 11.496258999999998 292
1731059206783 11.533786 293
1731059216884 11.580400000000001 294
1731059226944 11.607531999999999 295
1731059237043 11.640024999999998 296
1731059247132 11.685167 297
1731059257221 11.744370999999997 298
1731059267309 11.772862 299
1731059277392 11.801314999999999 300
1731059287468 11.828828999999999 301
1731059297538 11.842004 302
1731059307610 11.854790999999999 303
1731059317678 11.861725 304
1731059327756 11.884000999999998 305
1731059337843 11.905818 306
1731059347934 11.912918999999999 307
1731059358033 11.923803 308
1731059368113 11.938582 309
1731059378183 11.955645999999998 310
1731059388274 11.963256999999999 311
1731059398364 11.973008999999998 312
1731059408471 11.984433 313
1731059418580 12.007434999999997 314
1731059428674 12.01569 315
1731059438784 12.024497999999998 316
1731059448885 12.034887999999999 317
1731059458992 12.051369999999999 318
1731059469102 12.061909 319
1731059479207 12.071009 320
1731059489312 12.137099 321
1731059499412 12.173782 322
1731059509516 12.183878 323
1731059519630 12.190798000000001 324
1731059529723 12.199296 325
1731059539831 12.222121999999999 326
1731059549931 12.232367 327
1731059560024 12.239578999999999 328
1731059570120 12.250746 329
1731059580242 12.287968 330
1731059590337 12.322015999999998 331
1731059600459 12.329546 332
1731059610567 12.343616 333
1731059620681 12.351623999999997 334
1731059630781 12.375515 335
1731059640912 12.519825999999998 336
1731059651021 12.571659999999998 337
1731059661127 12.602106 338
1731059671250 12.626776 339
1731059681359 12.635600999999998 340
1731059691456 12.66046 341
1731059701545 12.668077999999998 342
1731059711668 12.742805 343
1731059721784 12.775006999999999 344
1731059731883 12.828994999999999 345
1731059741977 12.874516 346
1731059752077 12.918572999999999 347
1731059762164 12.972408999999999 348
1731059772248 13.012059 349
1731059782365 13.061826 350
1731059792455 13.076324 351
1731059802529 13.087070999999998 352
1731059812642 13.105149999999998 353
1731059822762 13.112154 354
1731059832863 13.118755999999998 355
1731059842972 13.129275 356
1731059853088 13.143932 357
1731059863176 13.151333999999999 358
1731059873281 13.164925999999998 359
1731059883387 13.171689999999998 360
1731059893512 13.18928 361
1731059903580 13.213210999999998 362
1731059913672 13.223098999999998 363
1731059923794 13.383727999999998 364
1731059933916 13.554082999999999 365
1731059943988 13.710536999999999 366
1731059954093 13.769838999999997 367
1731059964193 13.789399 368
1731059974294 13.868414999999999 369
1731059984424 13.967199999999998 370
1731059994512 13.976468 371
1731060004600 13.992753 372
1731060014725 14.076511 373
1731060024828 14.120511999999998 374
1731060034942 14.19296 375
1731060045070 14.251818999999998 376
1731060055171 14.294735 377
1731060065303 14.308800999999999 378
1731060075425 14.363250999999998 379
1731060085548 14.437470999999999 380
1731060095654 14.514823 381
1731060105757 14.531597999999999 382
1731060115886 14.597739999999998 383
1731060125992 14.615113999999998 384
1731060136098 14.636354999999998 385
