1731056251899 26.7 0
1731056261946 56.7 1
1731056272005 60.0 2
1731056282047 61.8 3
1731056292095 63.4 4
1731056302148 64.8 5
1731056312198 66.9 6
1731056322260 68.9 7
1731056332326 70.9 8
1731056342378 72.8 9
1731056352427 89.5 10
1731056362506 59.0 11
1731056372577 60.8 12
1731056382650 62.5 13
1731056392713 63.6 14
1731056402774 65.4 15
1731056412834 70.9 16
1731056422885 68.8 17
1731056432928 69.5 18
1731056443006 71.2 19
1731056453082 73.1 20
1731056463144 59.4 21
1731056473220 60.5 22
1731056483297 62.1 23
1731056493377 63.7 24
1731056503438 65.6 25
1731056513516 67.5 26
1731056523588 68.9 27
1731056533660 70.7 28
1731056543725 72.7 29
1731056553781 76.1 30
1731056563833 61.2 31
1731056573916 63.1 32
1731056583983 64.5 33
1731056594063 65.1 34
1731056604130 66.7 35
1731056614203 67.4 36
1731056624269 68.9 37
1731056634363 69.9 38
1731056644447 72.5 39
1731056654509 76.6 40
1731056664589 61.3 41
1731056674670 63.7 42
1731056684739 65.7 43
1731056694804 67.7 44
1731056704865 69.7 45
1731056714960 71.4 46
1731056725031 72.9 47
1731056735110 90.8 48
1731056745197 61.3 49
1731056755268 61.9 50
1731056765339 63.6 51
1731056775419 64.9 52
1731056785483 66.1 53
1731056795564 67.1 54
1731056805643 67.4 55
1731056815722 69.1 56
1731056825798 76.1 57
1731056835862 71.8 58
1731056845943 73.8 59
1731056856014 81.5 60
1731056866088 60.8 61
1731056876165 62.1 62
1731056886250 64.1 63
1731056896329 64.7 64
1731056906403 65.8 65
1731056916498 67.6 66
1731056926575 70.7 67
1731056936656 72.8 68
1731056946731 74.6 69
1731056956819 75.7 70
1731056966871 76.6 71
1731056976937 61.6 72
1731056987002 63.7 73
1731056997079 69.5 74
1731057007152 68.5 75
1731057017233 70.2 76
1731057027300 71.2 77
1731057037363 73.3 78
1731057047436 75.1 79
1731057057527 76.4 80
1731057067595 78.3 81
1731057077689 74.1 82
1731057087754 58.8 83
1731057097826 60.2 84
1731057107874 61.4 85
1731057117929 62.5 86
1731057128005 64.1 87
1731057138076 65.9 88
1731057148152 67.1 89
1731057158237 69.5 90
1731057168319 70.8 91
1731057178388 72.9 92
1731057188463 58.6 93
1731057198543 60.2 94
1731057208610 62.2 95
1731057218687 64.3 96
1731057228763 65.9 97
1731057238849 67.6 98
1731057248921 69.6 99
1731057259008 71.4 100
1731057269092 72.7 101
1731057279167 53.4 102
1731057289241 60.3 103
1731057299304 61.9 104
1731057309376 63.8 105
1731057319464 66.2 106
1731057329539 67.4 107
1731057339628 69.7 108
1731057349702 70.4 109
1731057359761 71.7 110
1731057369833 57.1 111
1731057379903 58.1 112
1731057389969 59.8 113
1731057400068 61.3 114
1731057410140 64.0 115
1731057420232 64.5 116
1731057430321 65.6 117
1731057440398 66.3 118
1731057450475 66.9 119
1731057460571 68.9 120
1731057470655 70.8 121
1731057480725 74.4 122
1731057490813 58.9 123
1731057500891 60.0 124
1731057510975 61.4 125
1731057521052 62.7 126
1731057531138 64.3 127
1731057541203 66.3 128
1731057551289 68.3 129
1731057561363 70.5 130
1731057571431 71.7 131
1731057581520 72.4 132
1731057591599 58.4 133
1731057601687 60.7 134
1731057611758 62.1 135
1731057621840 63.8 136
1731057631905 65.5 137
1731057641988 67.6 138
1731057652054 67.7 139
1731057662156 69.9 140
1731057672249 72.3 141
1731057682324 59.2 142
1731057692410 61.3 143
1731057702487 63.0 144
1731057712564 69.7 145
1731057722654 70.6 146
1731057732737 66.4 147
1731057742806 68.1 148
1731057752864 69.4 149
1731057762940 69.6 150
1731057773008 70.9 151
1731057783101 72.6 152
1731057793181 87.7 153
1731057803271 59.3 154
1731057813332 60.8 155
1731057823407 62.9 156
1731057833517 64.0 157
1731057843599 65.2 158
1731057853689 64.8 159
1731057863765 71.3 160
1731057873846 67.1 161
1731057883937 68.9 162
1731057894019 68.3 163
1731057904123 71.5 164
1731057914222 75.0 165
1731057924288 59.7 166
1731057934375 61.6 167
1731057944452 62.7 168
1731057954541 63.5 169
1731057964644 68.4 170
1731057974739 66.3 171
1731057984814 63.7 172
1731057994908 69.4 173
1731058004977 70.9 174
1731058015079 72.7 175
1731058025177 75.6 176
1731058035258 60.0 177
1731058045345 60.9 178
1731058055427 61.8 179
1731058065525 57.5 180
1731058075611 65.0 181
1731058085710 65.8 182
1731058095800 67.2 183
1731058105861 68.5 184
1731058115936 70.2 185
1731058126021 71.8 186
1731058136117 72.5 187
1731058146209 73.3 188
1731058156274 58.8 189
1731058166349 61.0 190
1731058176436 61.7 191
1731058186540 63.8 192
1731058196631 61.1 193
1731058206719 62.9 194
1731058216801 66.7 195
1731058226878 66.6 196
1731058236955 68.4 197
1731058247033 71.9 198
1731058257133 70.4 199
1731058267221 69.7 200
1731058277308 70.1 201
1731058287425 70.4 202
1731058297515 75.3 203
1731058307621 72.4 204
1731058317719 73.5 205
1731058327823 74.8 206
1731058337895 75.8 207
1731058347976 71.5 208
1731058358063 77.3 209
1731058368151 74.4 210
1731058378247 59.9 211
1731058388365 55.6 212
1731058398453 62.6 213
1731058408563 63.3 214
1731058418658 70.6 215
1731058428744 65.9 216
1731058438844 67.3 217
1731058448940 73.7 218
1731058459006 70.4 219
1731058469085 71.3 220
1731058479203 79.4 221
1731058489299 90.4 222
1731058499406 54.3 223
1731058509506 61.7 224
1731058519606 63.6 225
1731058529709 66.3 226
1731058539809 67.6 227
1731058549898 68.7 228
1731058560002 70.1 229
1731058570100 71.6 230
1731058580187 73.4 231
1731058590624 74.0 232
1731058600725 76.9 233
1731058610826 61.1 234
1731058620909 63.1 235
1731058631012 63.8 236
1731058641113 64.8 237
1731058651206 65.0 238
1731058661305 66.8 239
1731058671398 68.5 240
1731058681486 70.3 241
1731058691588 77.0 242
1731058701685 72.8 243
1731058711787 71.7 244
1731058721889 72.0 245
1731058731995 74.4 246
1731058742086 60.5 247
1731058752189 61.6 248
1731058762302 63.0 249
1731058772383 64.2 250
1731058782499 64.7 251
1731058792588 65.9 252
1731058802696 67.4 253
1731058812817 68.9 254
1731058822917 70.4 255
1731058833032 71.6 256
1731058843128 72.8 257
1731058853251 72.5 258
1731058863366 72.6 259
1731058873453 75.0 260
1731058883562 60.8 261
1731058893659 61.8 262
1731058903767 63.8 263
1731058913873 65.0 264
1731058923979 66.7 265
1731058934069 68.0 266
1731058944169 69.4 267
1731058954277 68.4 268
1731058964391 70.6 269
1731058974479 74.1 270
1731058984562 58.5 271
1731058994649 59.4 272
1731059004763 61.2 273
1731059014865 62.8 274
1731059024971 63.6 275
1731059035068 65.6 276
1731059045174 66.8 277
1731059055285 72.2 278
1731059065395 67.2 279
1731059075500 68.8 280
1731059085594 70.4 281
1731059095677 71.7 282
1731059105771 73.0 283
1731059115887 74.2 284
1731059125994 75.2 285
1731059136101 64.2 286
1731059146207 60.8 287
1731059156312 55.3 288
1731059166419 60.0 289
1731059176527 61.0 290
1731059186627 61.1 291
1731059196711 62.5 292
1731059206783 62.7 293
1731059216884 67.9 294
1731059226944 65.4 295
1731059237043 73.3 296
1731059247132 69.2 297
1731059257221 70.5 298
1731059267309 71.1 299
1731059277392 71.9 300
1731059287468 74.1 301
1731059297538 59.3 302
1731059307610 59.4 303
1731059317678 60.8 304
1731059327756 63.1 305
1731059337843 64.9 306
1731059347934 66.5 307
1731059358033 62.1 308
1731059368113 68.6 309
1731059378183 69.7 310
1731059388274 71.1 311
1731059398364 72.1 312
1731059408471 75.6 313
1731059418580 59.7 314
1731059428674 61.0 315
1731059438784 61.8 316
1731059448885 63.1 317
1731059458992 68.6 318
1731059469102 59.7 319
1731059479207 66.8 320
1731059489312 68.3 321
1731059499412 69.9 322
1731059509516 71.9 323
1731059519630 73.0 324
1731059529723 54.8 325
1731059539831 61.1 326
1731059549931 62.1 327
1731059560024 63.6 328
1731059570120 65.4 329
1731059580242 67.2 330
1731059590337 68.3 331
1731059600459 69.7 332
1731059610567 70.4 333
1731059620681 72.4 334
1731059630781 72.3 335
1731059640912 76.4 336
1731059651021 60.9 337
1731059661127 62.4 338
1731059671250 63.3 339
1731059681359 64.6 340
1731059691456 66.1 341
1731059701545 67.4 342
1731059711668 69.1 343
1731059721784 70.8 344
1731059731883 71.4 345
1731059741977 73.2 346
1731059752077 78.9 347
1731059762164 60.9 348
1731059772248 62.2 349
1731059782365 64.4 350
1731059792455 66.6 351
1731059802529 68.7 352
1731059812642 70.0 353
1731059822762 71.5 354
1731059832863 72.9 355
1731059842972 74.2 356
1731059853088 75.5 357
1731059863176 80.8 358
1731059873281 77.2 359
1731059883387 58.5 360
1731059893512 59.8 361
1731059903580 62.0 362
1731059913672 63.0 363
1731059923794 65.8 364
1731059933916 65.8 365
1731059943988 67.2 366
1731059954093 68.9 367
1731059964193 70.3 368
1731059974294 70.2 369
1731059984424 71.2 370
1731059994512 72.0 371
1731060004600 72.7 372
1731060014725 76.2 373
1731060024828 60.9 374
1731060034942 62.1 375
1731060045070 63.6 376
1731060055171 65.5 377
1731060065303 66.9 378
1731060075425 68.4 379
1731060085548 69.4 380
1731060095654 71.0 381
1731060105757 72.6 382
1731060115886 73.5 383
1731060125992 74.8 384
1731060136098 76.4 385
