1731056251899 8944.2 0
1731056261946 19012.0 1
1731056272005 20122.6 2
1731056282047 20733.6 3
1731056292095 21254.6 4
1731056302148 21753.2 5
1731056312198 22447.0 6
1731056322260 23113.0 7
1731056332326 23792.3 8
1731056342378 24409.4 9
1731056352427 30011.8 10
1731056362506 19798.3 11
1731056372577 20395.3 12
1731056382650 20958.8 13
1731056392713 21331.0 14
1731056402774 21942.0 15
1731056412834 23791.4 16
1731056422885 23089.0 17
1731056432928 23327.8 18
1731056443006 23881.6 19
1731056453082 24512.8 20
1731056463144 19932.1 21
1731056473220 20297.1 22
1731056483297 20826.1 23
1731056493377 21375.2 24
1731056503438 22002.6 25
1731056513516 22645.8 26
1731056523588 23123.0 27
1731056533660 23710.4 28
1731056543725 24380.3 29
1731056553781 25518.7 30
1731056563833 20518.5 31
1731056573916 21180.6 32
1731056583983 21654.9 33
1731056594063 21851.1 34
1731056604130 22380.7 35
1731056614203 22624.3 36
1731056624269 23110.9 37
1731056634363 23460.0 38
1731056644447 24332.3 39
1731056654509 25708.9 40
1731056664589 20569.7 41
1731056674670 21366.4 42
1731056684739 22033.0 43
1731056694804 22709.7 44
1731056704865 23375.3 45
1731056714960 23968.0 46
1731056725031 24460.7 47
1731056735110 30463.0 48
1731056745197 20570.7 49
1731056755268 20764.8 50
1731056765339 21324.6 51
1731056775419 21775.0 52
1731056785483 22179.3 53
1731056795564 22526.6 54
1731056805643 22610.2 55
1731056815722 23173.9 56
1731056825798 25521.8 57
1731056835862 24084.6 58
1731056845943 24762.8 59
1731056856014 27342.2 60
1731056866088 20401.6 61
1731056876165 20822.5 62
1731056886250 21516.2 63
1731056896329 21705.0 64
1731056906403 22081.9 65
1731056916498 22678.1 66
1731056926575 23718.9 67
1731056936656 24439.4 68
1731056946731 25036.3 69
1731056956819 25402.4 70
1731056966871 25706.4 71
1731056976937 20651.4 72
1731056987002 21355.0 73
1731056997079 23305.0 74
1731057007152 22967.6 75
1731057017233 23566.7 76
1731057027300 23885.3 77
1731057037363 24585.6 78
1731057047436 25196.9 79
1731057057527 25616.5 80
1731057067595 26254.8 81
1731057077689 24852.7 82
1731057087754 19712.3 83
1731057097826 20193.7 84
1731057107874 20590.9 85
1731057117929 20976.4 86
1731057128005 21519.3 87
1731057138076 22106.8 88
1731057148152 22513.8 89
1731057158237 23317.4 90
1731057168319 23767.1 91
1731057178388 24444.4 92
1731057188463 19673.9 93
1731057198543 20200.4 94
1731057208610 20870.2 95
1731057218687 21575.3 96
1731057228763 22107.4 97
1731057238849 22689.9 98
1731057248921 23340.9 99
1731057259008 23945.4 100
1731057269092 24373.7 101
1731057279167 17921.7 102
1731057289241 20217.8 103
1731057299304 20752.2 104
1731057309376 21406.6 105
1731057319464 22196.5 106
1731057329539 22623.8 107
1731057339628 23371.5 108
1731057349702 23608.0 109
1731057359761 24055.1 110
1731057369833 19166.5 111
1731057379903 19480.2 112
1731057389969 20063.8 113
1731057400068 20573.1 114
1731057410140 21454.4 115
1731057420232 21646.9 116
1731057430321 22007.3 117
1731057440398 22248.5 118
1731057450475 22457.3 119
1731057460571 23123.5 120
1731057470655 23762.9 121
1731057480725 24966.4 122
1731057490813 19773.4 123
1731057500891 20114.2 124
1731057510975 20597.5 125
1731057521052 21024.2 126
1731057531138 21556.8 127
1731057541203 22235.8 128
1731057551289 22904.4 129
1731057561363 23663.8 130
1731057571431 24042.8 131
1731057581520 24275.3 132
1731057591599 19603.7 133
1731057601687 20350.0 134
1731057611758 20832.5 135
1731057621840 21415.8 136
1731057631905 21988.4 137
1731057641988 22689.1 138
1731057652054 22708.3 139
1731057662156 23459.9 140
1731057672249 24262.8 141
1731057682324 19869.2 142
1731057692410 20551.7 143
1731057702487 21119.0 144
1731057712564 23387.4 145
1731057722654 23668.7 146
1731057732737 22267.1 147
1731057742806 22848.0 148
1731057752864 23289.5 149
1731057762940 23346.0 150
1731057773008 23793.3 151
1731057783101 24361.8 152
1731057793181 29432.0 153
1731057803271 19880.4 154
1731057813332 20392.8 155
1731057823407 21114.0 156
1731057833517 21459.5 157
1731057843599 21876.7 158
1731057853689 21746.7 159
1731057863765 23924.6 160
1731057873846 22522.6 161
1731057883937 23117.5 162
1731057894019 22898.1 163
1731057904123 23999.3 164
1731057914222 25172.2 165
1731057924288 20041.7 166
1731057934375 20679.3 167
1731057944452 21038.4 168
1731057954541 21286.5 169
1731057964644 22934.0 170
1731057974739 22242.3 171
1731057984814 21371.0 172
1731057994908 23295.6 173
1731058004977 23784.0 174
1731058015079 24377.0 175
1731058025177 25363.6 176
1731058035258 20142.5 177
1731058045345 20444.7 178
1731058055427 20725.5 179
1731058065525 19278.3 180
1731058075611 21795.4 181
1731058085710 22090.1 182
1731058095800 22553.8 183
1731058105861 22977.1 184
1731058115936 23542.2 185
1731058126021 24090.1 186
1731058136117 24324.8 187
1731058146209 24593.2 188
1731058156274 19713.3 189
1731058166349 20465.2 190
1731058176436 20701.3 191
1731058186540 21410.0 192
1731058196631 20511.9 193
1731058206719 21086.5 194
1731058216801 22390.7 195
1731058226878 22343.9 196
1731058236955 22939.2 197
1731058247033 24113.9 198
1731058257133 23633.4 199
1731058267221 23392.7 200
1731058277308 23518.9 201
1731058287425 23605.4 202
1731058297515 25247.8 203
1731058307621 24280.6 204
1731058317719 24667.3 205
1731058327823 25106.0 206
1731058337895 25425.2 207
1731058347976 23986.1 208
1731058358063 25919.5 209
1731058368151 24955.3 210
1731058378247 20099.7 211
1731058388365 18667.9 212
1731058398453 21001.8 213
1731058408563 21233.6 214
1731058418658 23675.3 215
1731058428744 22122.0 216
1731058438844 22561.6 217
1731058448940 24734.8 218
1731058459006 23609.2 219
1731058469085 23919.3 220
1731058479203 26644.1 221
1731058489299 30343.2 222
1731058499406 18223.9 223
1731058509506 20690.4 224
1731058519606 21327.1 225
1731058529709 22238.3 226
1731058539809 22682.2 227
1731058549898 23032.1 228
1731058560002 23530.3 229
1731058570100 24015.4 230
1731058580187 24610.6 231
1731058590624 24822.7 232
1731058600725 25800.3 233
1731058610826 20511.6 234
1731058620909 21155.7 235
1731058631012 21412.5 236
1731058641113 21735.3 237
1731058651206 21801.7 238
1731058661305 22398.4 239
1731058671398 22989.8 240
1731058681486 23590.8 241
1731058691588 25847.6 242
1731058701685 24428.6 243
1731058711787 24044.7 244
1731058721889 24145.9 245
1731058731995 24974.1 246
1731058742086 20284.0 247
1731058752189 20680.4 248
1731058762302 21132.1 249
1731058772383 21533.1 250
1731058782499 21711.9 251
1731058792588 22123.2 252
1731058802696 22596.7 253
1731058812817 23123.5 254
1731058822917 23612.8 255
1731058833032 24031.6 256
1731058843128 24421.3 257
1731058853251 24307.6 258
1731058863366 24353.8 259
1731058873453 25169.1 260
1731058883562 20388.5 261
1731058893659 20749.1 262
1731058903767 21412.5 263
1731058913873 21797.0 264
1731058923979 22381.8 265
1731058934069 22797.6 266
1731058944169 23279.7 267
1731058954277 22948.0 268
1731058964391 23695.9 269
1731058974479 24850.2 270
1731058984562 19628.9 271
1731058994649 19939.1 272
1731059004763 20531.1 273
1731059014865 21083.7 274
1731059024971 21343.0 275
1731059035068 22024.1 276
1731059045174 22420.2 277
1731059055285 24209.2 278
1731059065395 22529.5 279
1731059075500 23085.0 280
1731059085594 23625.3 281
1731059095677 24039.9 282
1731059105771 24495.6 283
1731059115887 24902.6 284
1731059125994 25214.1 285
1731059136101 21539.8 286
1731059146207 20388.2 287
1731059156312 18548.6 288
1731059166419 20129.1 289
1731059176527 20476.1 290
1731059186627 20500.6 291
1731059196711 20970.7 292
1731059206783 21041.3 293
1731059216884 22795.4 294
1731059226944 21942.0 295
1731059237043 24601.5 296
1731059247132 23204.5 297
1731059257221 23646.8 298
1731059267309 23853.4 299
1731059277392 24108.2 300
1731059287468 24850.1 301
1731059297538 19890.9 302
1731059307610 19936.2 303
1731059317678 20412.0 304
1731059327756 21163.2 305
1731059337843 21764.2 306
1731059347934 22325.0 307
1731059358033 20840.3 308
1731059368113 23024.6 309
1731059378183 23398.5 310
1731059388274 23840.1 311
1731059398364 24183.1 312
1731059408471 25363.2 313
1731059418580 20029.3 314
1731059428674 20449.4 315
1731059438784 20745.8 316
1731059448885 21163.9 317
1731059458992 23000.8 318
1731059469102 20043.2 319
1731059479207 22423.1 320
1731059489312 22898.1 321
1731059499412 23462.0 322
1731059509516 24133.7 323
1731059519630 24494.0 324
1731059529723 18380.2 325
1731059539831 20493.1 326
1731059549931 20829.0 327
1731059560024 21320.4 328
1731059570120 21949.6 329
1731059580242 22537.0 330
1731059590337 22901.4 331
1731059600459 23395.5 332
1731059610567 23605.4 333
1731059620681 24277.2 334
1731059630781 24249.4 335
1731059640912 25628.8 336
1731059651021 20439.0 337
1731059661127 20929.1 338
1731059671250 21252.8 339
1731059681359 21656.8 340
1731059691456 22166.6 341
1731059701545 22601.9 342
1731059711668 23193.2 343
1731059721784 23737.5 344
1731059731883 23958.3 345
1731059741977 24552.2 346
1731059752077 26475.7 347
1731059762164 20419.4 348
1731059772248 20872.6 349
1731059782365 21600.7 350
1731059792455 22329.9 351
1731059802529 23044.4 352
1731059812642 23477.1 353
1731059822762 23990.1 354
1731059832863 24464.1 355
1731059842972 24882.9 356
1731059853088 25345.1 357
1731059863176 27094.5 358
1731059873281 25902.7 359
1731059883387 19611.3 360
1731059893512 20062.9 361
1731059903580 20792.8 362
1731059913672 21151.5 363
1731059923794 22082.4 364
1731059933916 22059.0 365
1731059943988 22555.4 366
1731059954093 23124.8 367
1731059964193 23572.3 368
1731059974294 23537.0 369
1731059984424 23888.1 370
1731059994512 24149.7 371
1731060004600 24391.3 372
1731060014725 25555.9 373
1731060024828 20433.4 374
1731060034942 20822.3 375
1731060045070 21334.0 376
1731060055171 21972.2 377
1731060065303 22437.3 378
1731060075425 22949.7 379
1731060085548 23278.0 380
1731060095654 23830.9 381
1731060105757 24371.4 382
1731060115886 24667.0 383
1731060125992 25099.3 384
1731060136098 25630.1 385
