1731095136489 0.4261067708333333 6144
1731095202257 0.27317708333333335 9216
1731095272284 0.23033854166666667 12288
1731095369651 0.16946614583333333 15360
1731095449230 0.09186197916666666 18432
1731095545950 0.05455729166666667 21504
1731095630667 0.08899739583333334 24576
1731095718835 0.0744140625 27648
1731095822527 0.08053385416666667 30720
1731095911300 0.057942708333333336 33792
1731096017456 0.05572916666666667 36864
1731096108755 0.10045572916666666 39936
1731096207713 0.06966145833333333 43008
1731096297658 0.06634114583333334 46080
1731096397439 0.042643229166666664 49152
1731096485654 0.09440104166666667 52224
1731096572556 0.0697265625 55296
1731096651830 0.14264322916666666 58368
1731096745451 0.1310546875 61440
1731096820610 0.14602864583333333 64512
1731096908526 0.10970052083333333 67584
1731097006283 0.08509114583333334 70656
1731097093152 0.10891927083333333 73728
1731097168507 0.1513671875 76800
1731097261833 0.18990885416666667 79872
1731097357915 0.13684895833333333 82944
1731097432305 0.17174479166666667 86016
1731097519911 0.17526041666666667 89088
1731097598421 0.12721354166666668 92160
1731097686631 0.155859375 95232
1731097763218 0.17760416666666667 98304
1731097831917 0.26217447916666664 101376
1731097912859 0.2240234375 104448
1731098008045 0.3048177083333333 107520
1731098100650 0.2388671875 110592
1731098198952 0.27200520833333336 113664
1731098265495 0.28736979166666665 116736
1731098346024 0.28229166666666666 119808
1731098432030 0.2643229166666667 122880
1731098507520 0.38307291666666665 125952
1731098598061 0.3045572916666667 129024
1731098690027 0.19095052083333333 132096
1731098831626 0.3182291666666667 135168
1731098937643 0.27486979166666664 138240
1731099037169 0.16217447916666666 141312
1731099138578 0.3108723958333333 144384
1731099250435 0.2884765625 147456
1731099346514 0.27272135416666665 150528
1731099451801 0.24954427083333333 153600
1731099535216 0.3102213541666667 156672
1731099673897 0.23984375 159744
1731099763128 0.2804036458333333 162816
1731099863126 0.2802734375 165888
1731099955802 0.38079427083333334 168960
1731100047883 0.28639322916666665 172032
1731100147909 0.18919270833333332 175104
1731100233438 0.18430989583333332 178176
1731100319964 0.09765625 181248
1731100422271 0.21432291666666667 184320
1731100521187 0.18763020833333333 187392
1731100603026 0.199609375 190464
1731100702773 0.223828125 193536
1731100784220 0.35305989583333336 196608
1731100877938 0.11354166666666667 199680
1731100974372 0.3427734375 202752
