1731095136500 0.9847935999999999 6144
1731095202267 0.9695872 9216
1731095272293 0.9543808 12288
1731095369661 0.9391744 15360
1731095449238 0.923968 18432
1731095545972 0.9087616 21504
1731095630676 0.8935552 24576
1731095718843 0.8783488 27648
1731095822537 0.8631424 30720
1731095911311 0.847936 33792
1731096017467 0.8327296 36864
1731096108774 0.8175232 39936
1731096207723 0.8023168 43008
1731096297669 0.7871104 46080
1731096397450 0.771904 49152
1731096485665 0.7566976 52224
1731096572566 0.7414912 55296
1731096651836 0.7262848 58368
1731096745461 0.7110784 61440
1731096820621 0.695872 64512
1731096908536 0.6806656000000001 67584
1731097006294 0.6654592 70656
1731097093161 0.6502528 73728
1731097168517 0.6350463999999999 76800
1731097261843 0.61984 79872
1731097357926 0.6046336000000001 82944
1731097432327 0.5894272 86016
1731097519918 0.5742208 89088
1731097598432 0.5590143999999999 92160
1731097686653 0.5438080000000001 95232
1731097763230 0.5286016 98304
1731097831927 0.5133952 101376
1731097912866 0.4981888 104448
1731098008055 0.4829824 107520
1731098100657 0.467776 110592
1731098198962 0.4525696 113664
1731098265505 0.43736319999999995 116736
1731098346034 0.42215680000000005 119808
1731098432040 0.4069504 122880
1731098507530 0.39174400000000004 125952
1731098598071 0.37653760000000003 129024
1731098690036 0.36133119999999996 132096
1731098831635 0.34612480000000007 135168
1731098937664 0.3309184 138240
1731099037179 0.315712 141312
1731099138587 0.30050560000000004 144384
1731099250445 0.2852992 147456
1731099346521 0.27009279999999997 150528
1731099451810 0.2548864 153600
1731099535238 0.23968 156672
1731099673907 0.22447360000000005 159744
1731099763139 0.20926720000000001 162816
1731099863137 0.19406079999999998 165888
1731099955812 0.17885440000000005 168960
1731100047890 0.16364800000000002 172032
1731100147920 0.14844159999999998 175104
1731100233449 0.13323520000000003 178176
1731100319986 0.11802879999999999 181248
1731100422280 0.10282239999999995 184320
1731100521197 0.08761600000000001 187392
1731100603037 0.07240959999999998 190464
1731100702783 0.05720319999999995 193536
1731100784229 0.041996800000000015 196608
1731100877948 0.026790399999999978 199680
1731100974378 0.011584000000000046 202752
