1731095136494 0.19695872 6144
1731095202262 0.19391744000000002 9216
1731095272289 0.19087616000000002 12288
1731095369656 0.18783488 15360
1731095449234 0.1847936 18432
1731095545966 0.18175232 21504
1731095630672 0.17871104 24576
1731095718838 0.17566976 27648
1731095822532 0.17262848 30720
1731095911306 0.16958720000000002 33792
1731096017462 0.16654592000000001 36864
1731096108759 0.16350464 39936
1731096207718 0.16046336000000003 43008
1731096297664 0.15742208000000002 46080
1731096397444 0.1543808 49152
1731096485660 0.15133952 52224
1731096572561 0.14829824 55296
1731096651833 0.14525696 58368
1731096745456 0.14221568 61440
1731096820615 0.13917440000000003 64512
1731096908531 0.13613312000000002 67584
1731097006289 0.13309184000000002 70656
1731097093156 0.13005056 73728
1731097168512 0.12700928 76800
1731097261838 0.12396800000000001 79872
1731097357920 0.12092672000000002 82944
1731097432321 0.11788544000000001 86016
1731097519915 0.11484416 89088
1731097598426 0.11180288 92160
1731097686636 0.10876160000000001 95232
1731097763224 0.10572032 98304
1731097831922 0.10267904000000001 101376
1731097912862 0.09963776 104448
1731098008050 0.09659648 107520
1731098100654 0.09355520000000002 110592
1731098198957 0.09051392 113664
1731098265500 0.08747263999999999 116736
1731098346029 0.08443136000000001 119808
1731098432035 0.08139008 122880
1731098507525 0.07834880000000001 125952
1731098598066 0.07530752 129024
1731098690032 0.07226624 132096
1731098831631 0.06922496000000002 135168
1731098937648 0.06618368000000001 138240
1731099037174 0.06314239999999999 141312
1731099138582 0.06010112000000001 144384
1731099250440 0.05705984 147456
1731099346517 0.05401855999999999 150528
1731099451806 0.05097728000000001 153600
1731099535221 0.047936 156672
1731099673902 0.04489472000000001 159744
1731099763133 0.041853440000000006 162816
1731099863131 0.03881216 165888
1731099955807 0.03577088000000001 168960
1731100047887 0.032729600000000005 172032
1731100147914 0.029688319999999997 175104
1731100233443 0.02664704000000001 178176
1731100319969 0.023605760000000003 181248
1731100422276 0.02056447999999999 184320
1731100521192 0.017523200000000006 187392
1731100603031 0.014481919999999997 190464
1731100702778 0.01144063999999999 193536
1731100784225 0.008399360000000003 196608
1731100877943 0.005358079999999995 199680
1731100974375 0.002316800000000009 202752
