1731095136505 -2.837877035140991 6144
1731095202271 -2.837877035140991 9216
1731095272297 -2.837877035140991 12288
1731095369666 -2.837877035140991 15360
1731095449241 -2.837877035140991 18432
1731095545977 -2.837877035140991 21504
1731095630681 -2.837877035140991 24576
1731095718848 -2.837877035140991 27648
1731095822542 -2.837877035140991 30720
1731095911316 -2.837877035140991 33792
1731096017472 -2.837877035140991 36864
1731096108777 -2.837877035140991 39936
1731096207727 -2.837877035140991 43008
1731096297674 -2.837877035140991 46080
1731096397455 -2.837877035140991 49152
1731096485670 -2.837877035140991 52224
1731096572571 -2.837877035140991 55296
1731096651839 -2.837877035140991 58368
1731096745467 -2.837877035140991 61440
1731096820626 -2.837877035140991 64512
1731096908542 -2.837877035140991 67584
1731097006299 -2.837877035140991 70656
1731097093165 -2.837877035140991 73728
1731097168523 -2.837877035140991 76800
1731097261848 -2.837877035140991 79872
1731097357931 -2.837877035140991 82944
1731097432331 -2.837877035140991 86016
1731097519922 -2.837877035140991 89088
1731097598437 -2.837877035140991 92160
1731097686658 -2.837877035140991 95232
1731097763235 -2.837877035140991 98304
1731097831932 -2.837877035140991 101376
1731097912870 -2.837877035140991 104448
1731098008060 -2.837877035140991 107520
1731098100661 -2.837877035140991 110592
1731098198967 -2.837877035140991 113664
1731098265511 -2.837877035140991 116736
1731098346039 -2.837877035140991 119808
1731098432046 -2.837877035140991 122880
1731098507535 -2.837877035140991 125952
1731098598077 -2.837877035140991 129024
1731098690042 -2.837877035140991 132096
1731098831640 -2.837877035140991 135168
1731098937670 -2.837877035140991 138240
1731099037196 -2.837877035140991 141312
1731099138591 -2.837877035140991 144384
1731099250450 -2.837877035140991 147456
1731099346524 -2.837877035140991 150528
1731099451814 -2.837877035140991 153600
1731099535243 -2.837877035140991 156672
1731099673912 -2.837877035140991 159744
1731099763144 -2.837877035140991 162816
1731099863141 -2.837877035140991 165888
1731099955816 -2.837877035140991 168960
1731100047894 -2.837877035140991 172032
1731100147925 -2.837877035140991 175104
1731100233454 -2.837877035140991 178176
1731100319991 -2.837877035140991 181248
1731100422285 -2.837877035140991 184320
1731100521214 -2.837877035140991 187392
1731100603042 -2.837877035140991 190464
1731100702788 -2.837877035140991 193536
1731100784234 -2.837877035140991 196608
1731100877953 -2.837877035140991 199680
1731100974381 -2.837877035140991 202752
