1731095136510 -0.30379343032836914 6144
1731095202276 0.19110846519470215 9216
1731095272302 -0.00986170768737793 12288
1731095369672 0.005781710147857666 15360
1731095449245 0.06921625137329102 18432
1731095545982 0.1638379693031311 21504
1731095630686 0.16961896419525146 24576
1731095718853 0.24891245365142822 27648
1731095822559 0.3435099124908447 30720
1731095911322 0.35901135206222534 33792
1731096017477 0.45652276277542114 36864
1731096108781 0.48760777711868286 39936
1731096207732 0.5909912586212158 43008
1731096297679 0.4245324730873108 46080
1731096397460 0.5938365459442139 49152
1731096485675 0.5099203586578369 52224
1731096572576 0.5529482364654541 55296
1731096651842 0.7174953818321228 58368
1731096745472 0.659157395362854 61440
1731096820631 0.6905271410942078 64512
1731096908547 0.7835728526115417 67584
1731097006305 0.6471070051193237 70656
1731097093169 0.7220511436462402 73728
1731097168528 0.7778077125549316 76800
1731097261853 0.5755540728569031 79872
1731097357936 0.5659308433532715 82944
1731097432336 0.7199165225028992 86016
1731097519938 0.8275585770606995 89088
1731097598442 0.6316456198692322 92160
1731097686663 0.680703341960907 95232
1731097763241 0.8507888913154602 98304
1731097831938 -0.003595709800720215 101376
1731097912873 0.9341444373130798 104448
1731098008066 0.9648499488830566 107520
1731098100665 0.8291442394256592 110592
1731098198972 0.08070260286331177 113664
1731098265516 0.04059576988220215 116736
1731098346045 0.1592334508895874 119808
1731098432051 0.004236698150634766 122880
1731098507541 0.08248472213745117 125952
1731098598082 0.37722498178482056 129024
1731098690048 0.0013408064842224121 132096
1731098831645 0.15126341581344604 135168
1731098937675 0.3942263126373291 138240
1731099037202 0.4255727529525757 141312
1731099138596 0.6429768800735474 144384
1731099250456 0.7136772871017456 147456
1731099346540 0.44639575481414795 150528
1731099451817 0.48097872734069824 153600
1731099535248 0.7432893514633179 156672
1731099673918 0.8354378938674927 159744
1731099763149 0.5781809687614441 162816
1731099863146 0.8197238445281982 165888
1731099955821 0.8270865678787231 168960
1731100047897 0.016936063766479492 172032
1731100147931 0.23117303848266602 175104
1731100233459 0.512214183807373 178176
1731100319997 0.17316681146621704 181248
1731100422301 0.29519718885421753 184320
1731100521219 0.3207511901855469 187392
1731100603047 0.21213191747665405 190464
1731100702793 0.8742563724517822 193536
1731100784239 0.2515197992324829 196608
1731100877959 0.3039122223854065 199680
1731100974390 0.10616099834442139 202752
