1731095136526 5.0 6144
1731095202303 10.0 9216
1731095272316 15.0 12288
1731095369689 20.0 15360
1731095449256 25.0 18432
1731095545998 30.0 21504
1731095630700 35.0 24576
1731095718867 40.0 27648
1731095822575 45.0 30720
1731095911349 50.0 33792
1731096017493 55.0 36864
1731096108792 60.0 39936
1731096207747 65.0 43008
1731096297695 70.0 46080
1731096397476 75.0 49152
1731096485691 80.0 52224
1731096572590 85.0 55296
1731096651854 90.0 58368
1731096745488 95.0 61440
1731096820647 100.0 64512
1731096908562 105.0 67584
1731097006321 110.0 70656
1731097093180 115.0 73728
1731097168544 120.0 76800
1731097261869 125.0 79872
1731097357952 130.0 82944
1731097432348 135.0 86016
1731097519952 140.0 89088
1731097598457 145.0 92160
1731097686679 150.0 95232
1731097763257 155.0 98304
1731097831953 160.0 101376
1731097912884 165.0 104448
1731098008081 170.0 107520
1731098100676 175.0 110592
1731098198989 180.0 113664
1731098265532 185.0 116736
1731098346060 190.0 119808
1731098432066 195.0 122880
1731098507556 200.0 125952
1731098598097 205.0 129024
1731098690065 210.0 132096
1731098831661 215.0 135168
1731098937690 220.0 138240
1731099037215 225.0 141312
1731099138609 230.0 144384
1731099250471 235.0 147456
1731099346555 240.0 150528
1731099451828 245.0 153600
1731099535264 250.0 156672
1731099673933 255.0 159744
1731099763165 260.0 162816
1731099863158 265.0 165888
1731099955835 270.0 168960
1731100047908 275.0 172032
1731100147949 280.0 175104
1731100233474 285.0 178176
1731100320012 290.0 181248
1731100422314 295.0 184320
1731100521234 300.0 187392
1731100603063 305.0 190464
1731100702809 310.0 193536
1731100784253 315.0 196608
1731100877974 320.0 199680
1731100974397 325.0 202752
