1731095136532 0.014282676701744398 6144
1731095202308 -0.014363352085153262 9216
1731095272320 -0.004353563580662012 12288
1731095369694 -0.0011818274389952422 15360
1731095449259 -0.004021885773787896 18432
1731095546003 -0.0034588439390063285 21504
1731095630705 -0.000377141498029232 24576
1731095718872 -0.004528807926302155 27648
1731095822580 -0.0050711316056549546 30720
1731095911354 -0.000626728047306339 33792
1731096017506 -0.0021959977534910043 36864
1731096108795 -0.0030774653889238833 39936
1731096207751 -0.005388069323574504 43008
1731096297700 -0.0005031299622108539 46080
1731096397481 -0.0032148343821366628 49152
1731096485696 -0.004270863362277547 52224
1731096572595 -0.0005627569432059923 55296
1731096651858 -0.0010546764203657707 58368
1731096745493 -0.003159441938623786 61440
1731096820652 -0.001199339764813582 64512
1731096908567 -0.0008927466347813606 67584
1731097006326 -0.00012037823908030986 70656
1731097093183 -0.0019676405005156993 73728
1731097168549 0.00041330140084028244 76800
1731097261874 0.0035141161798189083 79872
1731097357957 -0.0023347905992219847 82944
1731097432352 0.0017526243347674609 86016
1731097519956 4.65361246218284e-05 89088
1731097598463 -0.00028796361293643714 92160
1731097686684 0.0029909827436010042 95232
1731097763262 -0.0015240191016346217 98304
1731097831970 0.004140413117905458 101376
1731097912887 0.0026247892373551926 104448
1731098008086 0.007043310658385356 107520
1731098100679 0.001359689189121127 110592
1731098198994 -0.0040577839128673075 113664
1731098265537 0.0011608281716083487 116736
1731098346066 -0.001376655069179833 119808
1731098432071 0.0024874875089153647 122880
1731098507561 0.0002783905869970719 125952
1731098598102 0.004080294445157051 129024
1731098690070 0.0025552946298072737 132096
1731098831666 0.004745493216129641 135168
1731098937696 0.0032913839910179376 138240
1731099037219 0.0028726472984999417 141312
1731099138614 0.005418359721079469 144384
1731099250477 0.0004489105815688769 147456
1731099346560 0.0020180504613866407 150528
1731099451832 0.0016430860695739588 153600
1731099535269 0.004897850860531131 156672
1731099673938 0.0026233131997287274 159744
1731099763170 0.0043090759931753075 162816
1731099863163 0.006238200375810266 165888
1731099955840 0.0036216612284382184 168960
1731100047911 0.002582041034474969 172032
1731100147955 0.001408570446074009 175104
1731100233479 0.00032857715462644894 178176
1731100320017 0.0003613636984179417 181248
1731100422319 0.000807723356410861 184320
1731100521240 0.00026962656217316785 187392
1731100603068 0.0004395232070237398 190464
1731100702814 0.0008679421773801247 193536
1731100784258 0.0008394645061343909 196608
1731100877979 7.067924986282984e-05 199680
1731100974400 0.00033597381164630257 202752
