1731095136537 1.0 6144
1731095202312 1.0 9216
1731095272324 1.0 12288
1731095369700 1.0 15360
1731095449263 1.0 18432
1731095546008 1.0 21504
1731095630709 1.0 24576
1731095718877 1.0 27648
1731095822585 1.0 30720
1731095911360 1.0 33792
1731096017512 1.0 36864
1731096108799 1.0 39936
1731096207756 1.0 43008
1731096297706 1.0 46080
1731096397486 1.0 49152
1731096485702 1.0 52224
1731096572601 1.0 55296
1731096651874 1.0 58368
1731096745498 1.0 61440
1731096820657 1.0 64512
1731096908573 1.0 67584
1731097006332 1.0 70656
1731097093187 1.0 73728
1731097168555 1.0 76800
1731097261879 1.0 79872
1731097357962 1.0 82944
1731097432357 1.0 86016
1731097519961 1.0 89088
1731097598468 1.0 92160
1731097686689 1.0 95232
1731097763267 1.0 98304
1731097831975 1.0 101376
1731097912891 1.0 104448
1731098008092 1.0 107520
1731098100682 1.0 110592
1731098199000 1.0 113664
1731098265542 1.0 116736
1731098346071 1.0 119808
1731098432076 1.0 122880
1731098507567 1.0 125952
1731098598108 1.0 129024
1731098690076 1.0 132096
1731098831672 1.0 135168
1731098937702 1.0 138240
1731099037223 1.0 141312
1731099138618 1.0 144384
1731099250482 1.0 147456
1731099346564 1.0 150528
1731099451835 1.0 153600
1731099535274 1.0 156672
1731099673943 1.0 159744
1731099763175 1.0 162816
1731099863167 1.0 165888
1731099955857 1.0 168960
1731100047915 1.0 172032
1731100147960 1.0 175104
1731100233485 1.0 178176
1731100320023 1.0 181248
1731100422323 1.0 184320
1731100521245 1.0 187392
1731100603086 1.0 190464
1731100702819 1.0 193536
1731100784264 1.0 196608
1731100877984 1.0 199680
1731100974402 1.0 202752
