1731095136542 0.08513992267350355 6144
1731095202317 0.07990018104513487 9216
1731095272329 4.167085409164429 12288
1731095369706 4.005214232206344 15360
1731095449267 9.509435892105103 18432
1731095546014 5.458973662058512 21504
1731095630714 8.546431144078573 24576
1731095718882 6.4644478480021155 27648
1731095822590 7.648592336972555 30720
1731095911365 10.123340717951457 33792
1731096017517 6.731370846430461 36864
1731096108802 9.081541713078817 39936
1731096207761 6.10310549736023 43008
1731096297711 8.352522706985473 46080
1731096397491 5.364927736918132 49152
1731096485707 6.524140882492065 52224
1731096572606 5.084085325400035 55296
1731096651878 2.903826669851939 58368
1731096745503 3.8596359054247538 61440
1731096820662 4.828847209612529 64512
1731096908577 2.848731605211894 67584
1731097006337 4.896543204784393 70656
1731097093190 5.196476785341899 73728
1731097168560 2.828474311033885 76800
1731097261885 1.878879498442014 79872
1731097357967 2.926315999031067 82944
1731097432361 4.90245836575826 86016
1731097519966 3.7832173387209576 89088
1731097598473 10.286630439758301 92160
1731097686694 4.718304510911306 95232
1731097763284 4.521007851759593 98304
1731097831981 501.5768096923828 101376
1731097912896 0.8839714845021566 104448
1731098008097 0.8031554996967316 107520
1731098100685 2.154644666115443 110592
1731098199005 6.454996172587077 113664
1731098265547 14.709445158640543 116736
1731098346076 0.7162922362486521 119808
1731098432082 94.33106689453125 122880
1731098507572 12.428093528747558 125952
1731098598113 7.061649775505066 129024
1731098690081 16.744555759429932 132096
1731098831677 25.67909304300944 135168
1731098937708 43.25580012003581 138240
1731099037227 52.31318868001302 141312
1731099138623 21.504032961527507 144384
1731099250487 17.69935998916626 147456
1731099346569 26.87832711537679 150528
1731099451851 24.098496945699058 153600
1731099535279 23.754955037434897 156672
1731099673948 10.40570338567098 159744
1731099763180 34.600385983784996 162816
1731099863171 9.509622144699097 165888
1731099955862 18.779235935211183 168960
1731100047918 168.45220235188802 172032
1731100147977 105.01235084533691 175104
1731100233490 17.331215699513752 178176
1731100320028 15.755431524912517 181248
1731100422328 34.264369869232176 184320
1731100521250 45.95296147664388 187392
1731100603091 31.37647031148275 190464
1731100702825 9.607694562276205 193536
1731100784269 36.008253796895346 196608
1731100877989 10.242294232050577 199680
1731100974405 101.74893201192221 202752
