1731934622154 0.01034094300121069 6144
1731934692859 0.013259351253509521 9216
1731934764710 0.01424025371670723 12288
1731934850423 0.018884388729929924 15360
1731934935150 0.007767739240080118 18432
1731935023908 0.013025455176830292 21504
1731935100170 0.004164773039519787 24576
1731935186709 0.008977942168712616 27648
1731935284321 0.0026169978082180023 30720
1731935383637 0.005582826212048531 33792
1731935492883 0.0012912721140310168 36864
1731935587256 0.0015162007184699178 39936
1731935671098 0.004448004998266697 43008
1731935768496 0.010147069580852985 46080
1731935861774 0.0011157948756590486 49152
1731935948511 0.004432509187608957 52224
1731936057919 0.0030706303659826517 55296
1731936178672 0.0013105164980515838 58368
1731936276223 0.0009131446131505072 61440
1731936386019 0.0011876978678628802 64512
1731936497523 0.0015065176412463188 67584
1731936602217 0.0007351160165853798 70656
1731936690822 0.00039062858559191227 73728
1731936806881 0.0005783373489975929 76800
1731936916203 0.00026210644864477217 79872
1731937035066 0.0001719452120596543 82944
1731937147575 0.0002786801487673074 86016
1731937248085 0.0002386668202234432 89088
1731937357111 0.0001656281528994441 92160
1731937445203 0.00010039911285275593 95232
1731937535014 0.00011310901027172804 98304
1731937636263 0.00026979445829056203 101376
