1731934622166 0.9695872 6144
1731934692873 0.9391744 9216
1731934764721 0.9087616 12288
1731934850437 0.8783488 15360
1731934935164 0.847936 18432
1731935023924 0.8175232 21504
1731935100184 0.7871104 24576
1731935186725 0.7566976 27648
1731935284334 0.7262848 30720
1731935383653 0.695872 33792
1731935492895 0.6654592 36864
1731935587268 0.6350463999999999 39936
1731935671110 0.6046336000000001 43008
1731935768507 0.5742208 46080
1731935861796 0.5438080000000001 49152
1731935948523 0.5133952 52224
1731936057942 0.4829824 55296
1731936178683 0.4525696 58368
1731936276234 0.42215680000000005 61440
1731936386049 0.39174400000000004 64512
1731936497534 0.36133119999999996 67584
1731936602228 0.3309184 70656
1731936690836 0.30050560000000004 73728
1731936806904 0.27009279999999997 76800
1731936916217 0.23968 79872
1731937035075 0.20926720000000001 82944
1731937147586 0.17885440000000005 86016
1731937248094 0.14844159999999998 89088
1731937357127 0.11802879999999999 92160
1731937445218 0.08761600000000001 95232
1731937535028 0.05720319999999995 98304
1731937636273 0.026790399999999978 101376
