1731934622174 -0.0029418468475341797 6144
1731934692883 -0.0014042854309082031 9216
1731934764729 4.9114227294921875e-05 12288
1731934850446 -0.01280069351196289 15360
1731934935173 0.0019268989562988281 18432
1731935023934 0.05451369285583496 21504
1731935100194 0.0243569016456604 24576
1731935186736 0.21671944856643677 27648
1731935284344 0.11290311813354492 30720
1731935383663 0.185924232006073 33792
1731935492904 0.3620479702949524 36864
1731935587277 0.4166566729545593 39936
1731935671117 0.4291168451309204 43008
1731935768514 0.5249566435813904 46080
1731935861807 0.5463718175888062 49152
1731935948531 0.6359149217605591 52224
1731936057949 0.22591298818588257 55296
1731936178705 0.3412202000617981 58368
1731936276257 0.5136042833328247 61440
1731936386058 0.6799397468566895 64512
1731936497541 0.7079529166221619 67584
1731936602235 0.6644083261489868 70656
1731936690855 0.7222797870635986 73728
1731936806911 0.20503348112106323 76800
1731936916227 0.7404830455780029 79872
1731937035081 0.7822060585021973 82944
1731937147593 0.7333803176879883 86016
1731937248101 0.7281861901283264 89088
1731937357138 0.8006083965301514 92160
1731937445227 0.7808993458747864 95232
1731937535038 0.7648276090621948 98304
1731937636279 0.1704350709915161 101376
