1731934622181 -0.26551496982574463 6144
1731934692892 -0.2756717801094055 9216
1731934764736 -0.28850308060646057 12288
1731934850455 -0.2885069251060486 15360
1731934935182 3.437797784805298 18432
1731935023945 -0.27344775199890137 21504
1731935100204 2.099071741104126 24576
1731935186746 -0.24312138557434082 27648
1731935284366 3.7315433025360107 30720
1731935383674 0.08351990580558777 33792
1731935492923 5.316865921020508 36864
1731935587287 4.492283344268799 39936
1731935671125 6.503920555114746 43008
1731935768522 1.8762938976287842 46080
1731935861816 8.119640350341797 49152
1731935948539 1.7167636156082153 52224
1731936057958 -0.037996143102645874 55296
1731936178714 11.339920043945312 58368
1731936276284 6.362935543060303 61440
1731936386067 5.703448295593262 64512
1731936497549 5.647994041442871 67584
1731936602243 7.103912830352783 70656
1731936690865 10.78882122039795 73728
1731936806919 82.25326538085938 76800
1731936916249 8.88935661315918 79872
1731937035087 8.761701583862305 82944
1731937147600 14.93400764465332 86016
1731937248107 11.091829299926758 89088
1731937357148 9.104235649108887 92160
1731937445237 9.6083402633667 95232
1731937535047 4.829141139984131 98304
1731937636297 80.4406967163086 101376
