1731934622185 5.0 6144
1731934692897 10.0 9216
1731934764740 15.0 12288
1731934850460 20.0 15360
1731934935187 25.0 18432
1731935023950 30.0 21504
1731935100210 35.0 24576
1731935186751 40.0 27648
1731935284372 45.0 30720
1731935383679 50.0 33792
1731935492927 55.0 36864
1731935587291 60.0 39936
1731935671141 65.0 43008
1731935768526 70.0 46080
1731935861821 75.0 49152
1731935948544 80.0 52224
1731936057962 85.0 55296
1731936178718 90.0 58368
1731936276291 95.0 61440
1731936386072 100.0 64512
1731936497553 105.0 67584
1731936602246 110.0 70656
1731936690870 115.0 73728
1731936806922 120.0 76800
1731936916255 125.0 79872
1731937035090 130.0 82944
1731937147604 135.0 86016
1731937248110 140.0 89088
1731937357154 145.0 92160
1731937445242 150.0 95232
1731937535051 155.0 98304
1731937636303 160.0 101376
