1731934622193 1.0113130807876587 6144
1731934692906 1.0207018852233887 9216
1731934764748 1.028339147567749 12288
1731934850468 1.0369527339935303 15360
1731934935197 1.0453722476959229 18432
1731935023961 1.0528496503829956 21504
1731935100219 1.0570948123931885 24576
1731935186762 1.0604186058044434 27648
1731935284383 1.0643121004104614 30720
1731935383690 1.0686403512954712 33792
1731935492933 1.0712456703186035 36864
1731935587300 1.0729389190673828 39936
1731935671149 1.0754848718643188 43008
1731935768533 1.0788629055023193 46080
1731935861830 1.0814385414123535 49152
1731935948552 1.083571434020996 52224
1731936057970 1.0847806930541992 55296
1731936178726 1.0867857933044434 58368
1731936276303 1.089714527130127 61440
1731936386080 1.0919134616851807 64512
1731936497560 1.0927520990371704 67584
1731936602254 1.0934005975723267 70656
1731936690880 1.094103217124939 73728
1731936806930 1.095099687576294 76800
1731936916265 1.095773458480835 79872
1731937035096 1.0961651802062988 82944
1731937147612 1.096445083618164 86016
1731937248115 1.0968172550201416 89088
1731937357176 1.0971198081970215 92160
1731937445263 1.0973179340362549 95232
1731937535060 1.0974743366241455 98304
1731937636313 1.0976029634475708 101376
