1731934547034 55.0 3072
1731934622138 47.0 6144
1731934692840 45.0 9216
1731934764694 45.0 12288
1731934850396 42.0 15360
1731934935130 41.0 18432
1731935023887 40.0 21504
1731935100151 40.0 24576
1731935186688 39.0 27648
1731935284302 38.0 30720
1731935383615 37.0 33792
1731935492865 36.0 36864
1731935587229 36.0 39936
1731935671083 36.0 43008
1731935768483 36.0 46080
1731935861755 35.0 49152
1731935948498 35.0 52224
1731936057904 35.0 55296
1731936178657 34.0 58368
1731936276210 34.0 61440
1731936386004 34.0 64512
1731936497506 33.0 67584
1731936602189 33.0 70656
1731936690802 33.0 73728
1731936806867 33.0 76800
1731936916185 32.0 79872
1731937035037 32.0 82944
1731937147560 32.0 86016
1731937248071 32.0 89088
1731937357090 32.0 92160
1731937445183 32.0 95232
1731937534996 32.0 98304
1731937636249 32.0 101376
