1731934547040 1.0 3072
1731934622142 2.0 6144
1731934692845 3.0 9216
1731934764698 4.0 12288
1731934850399 5.0 15360
1731934935135 6.0 18432
1731935023893 7.0 21504
1731935100156 8.0 24576
1731935186694 9.0 27648
1731935284307 10.0 30720
1731935383621 11.0 33792
1731935492869 12.0 36864
1731935587232 13.0 39936
1731935671087 14.0 43008
1731935768487 15.0 46080
1731935861760 16.0 49152
1731935948501 17.0 52224
1731936057907 18.0 55296
1731936178661 19.0 58368
1731936276213 20.0 61440
1731936386008 21.0 64512
1731936497511 22.0 67584
1731936602205 23.0 70656
1731936690807 24.0 73728
1731936806871 25.0 76800
1731936916190 26.0 79872
1731937035053 27.0 82944
1731937147563 28.0 86016
1731937248075 29.0 89088
1731937357095 30.0 92160
1731937445188 31.0 95232
1731937535001 32.0 98304
1731937636253 33.0 101376
