1731934547046 55.0 3072
1731934622145 130.0 6144
1731934692850 200.0 9216
1731934764702 272.0 12288
1731934850416 358.0 15360
1731934935140 443.0 18432
1731935023898 532.0 21504
1731935100161 608.0 24576
1731935186699 694.0 27648
1731935284312 792.0 30720
1731935383626 891.0 33792
1731935492873 1001.0 36864
1731935587236 1095.0 39936
1731935671091 1179.0 43008
1731935768491 1276.0 46080
1731935861765 1369.0 49152
1731935948504 1456.0 52224
1731936057911 1566.0 55296
1731936178665 1686.0 58368
1731936276216 1784.0 61440
1731936386011 1894.0 64512
1731936497515 2005.0 67584
1731936602210 2110.0 70656
1731936690812 2198.0 73728
1731936806874 2315.0 76800
1731936916194 2424.0 79872
1731937035058 2543.0 82944
1731937147567 2655.0 86016
1731937248078 2756.0 89088
1731937357100 2865.0 92160
1731937445193 2953.0 95232
1731937535005 3043.0 98304
1731937636256 3144.0 101376
