1731934547055 3072.0 3072
1731934622150 6144.0 6144
1731934692855 9216.0 9216
1731934764706 12288.0 12288
1731934850419 15360.0 15360
1731934935145 18432.0 18432
1731935023903 21504.0 21504
1731935100165 24576.0 24576
1731935186704 27648.0 27648
1731935284316 30720.0 30720
1731935383631 33792.0 33792
1731935492878 36864.0 36864
1731935587239 39936.0 39936
1731935671095 43008.0 43008
1731935768493 46080.0 46080
1731935861769 49152.0 49152
1731935948507 52224.0 52224
1731936057915 55296.0 55296
1731936178669 58368.0 58368
1731936276220 61440.0 61440
1731936386015 64512.0 64512
1731936497519 67584.0 67584
1731936602213 70656.0 70656
1731936690817 73728.0 73728
1731936806877 76800.0 76800
1731936916198 79872.0 79872
1731937035062 82944.0 82944
1731937147571 86016.0 86016
1731937248082 89088.0 89088
1731937357106 92160.0 92160
1731937445198 95232.0 95232
1731937535010 98304.0 98304
1731937636260 101376.0 101376
