1732650298345 53.0 3072
1732650377655 44.0 6144
1732650456084 42.0 9216
1732650527073 42.0 12288
1732650595469 43.0 15360
1732650667904 43.0 18432
1732650742159 42.0 21504
1732650819493 42.0 24576
1732650894598 42.0 27648
1732650966070 42.0 30720
1732651043254 42.0 33792
1732651119187 41.0 36864
1732651203144 41.0 39936
1732651286454 41.0 43008
1732651371585 40.0 46080
1732651451212 40.0 49152
1732651521848 40.0 52224
1732651595825 40.0 55296
1732651673156 40.0 58368
1732651751504 40.0 61440
1732651817999 40.0 64512
1732651890765 40.0 67584
1732651970155 40.0 70656
1732652040858 40.0 73728
1732652120734 40.0 76800
1732652200055 40.0 79872
1732652268211 40.0 82944
1732652334258 41.0 86016
1732652398312 41.0 89088
1732652467083 41.0 92160
1732652534286 41.0 95232
1732652606795 41.0 98304
1732652670197 41.0 101376
1732652742297 41.0 104448
1732652807585 41.0 107520
1732652880379 41.0 110592
1732652949730 41.0 113664
1732653007161 42.0 116736
1732653079703 42.0 119808
1732653144544 42.0 122880
1732653198805 42.0 125952
1732653253610 42.0 129024
1732653320947 42.0 132096
1732653384768 42.0 135168
1732653456723 42.0 138240
1732653525721 43.0 141312
1732653593543 43.0 144384
1732653662222 43.0 147456
1732653748681 42.0 150528
1732653818087 42.0 153600
1732653899841 42.0 156672
1732653977379 42.0 159744
1732654042990 42.0 162816
1732654114216 42.0 165888
1732654190821 42.0 168960
1732654260039 42.0 172032
1732654329819 42.0 175104
1732654391572 42.0 178176
1732654470768 42.0 181248
1732654555341 42.0 184320
1732654626543 42.0 187392
1732654708408 42.0 190464
1732654776297 42.0 193536
1732654837518 42.0 196608
1732654908479 42.0 199680
1732654984843 42.0 202752
