1732650298350 1.0 3072
1732650377659 2.0 6144
1732650456088 3.0 9216
1732650527078 4.0 12288
1732650595472 5.0 15360
1732650667910 6.0 18432
1732650742163 7.0 21504
1732650819499 8.0 24576
1732650894603 9.0 27648
1732650966076 10.0 30720
1732651043259 11.0 33792
1732651119193 12.0 36864
1732651203149 13.0 39936
1732651286459 14.0 43008
1732651371596 15.0 46080
1732651451216 16.0 49152
1732651521852 17.0 52224
1732651595829 18.0 55296
1732651673161 19.0 58368
1732651751508 20.0 61440
1732651818015 21.0 64512
1732651890769 22.0 67584
1732651970158 23.0 70656
1732652040862 24.0 73728
1732652120737 25.0 76800
1732652200061 26.0 79872
1732652268215 27.0 82944
1732652334263 28.0 86016
1732652398318 29.0 89088
1732652467089 30.0 92160
1732652534289 31.0 95232
1732652606811 32.0 98304
1732652670213 33.0 101376
1732652742304 34.0 104448
1732652807596 35.0 107520
1732652880382 36.0 110592
1732652949736 37.0 113664
1732653007166 38.0 116736
1732653079707 39.0 119808
1732653144548 40.0 122880
1732653198811 41.0 125952
1732653253616 42.0 129024
1732653320952 43.0 132096
1732653384771 44.0 135168
1732653456728 45.0 138240
1732653525724 46.0 141312
1732653593548 47.0 144384
1732653662227 48.0 147456
1732653748686 49.0 150528
1732653818092 50.0 153600
1732653899847 51.0 156672
1732653977384 52.0 159744
1732654042995 53.0 162816
1732654114221 54.0 165888
1732654190824 55.0 168960
1732654260045 56.0 172032
1732654329832 57.0 175104
1732654391577 58.0 178176
1732654470772 59.0 181248
1732654555346 60.0 184320
1732654626548 61.0 187392
1732654708413 62.0 190464
1732654776301 63.0 193536
1732654837535 64.0 196608
1732654908484 65.0 199680
1732654984849 66.0 202752
