1732650298355 57.0 3072
1732650377675 137.0 6144
1732650456093 215.0 9216
1732650527084 286.0 12288
1732650595475 354.0 15360
1732650667915 427.0 18432
1732650742168 501.0 21504
1732650819504 578.0 24576
1732650894607 653.0 27648
1732650966082 725.0 30720
1732651043265 802.0 33792
1732651119198 878.0 36864
1732651203153 962.0 39936
1732651286464 1045.0 43008
1732651371602 1130.0 46080
1732651451219 1210.0 49152
1732651521869 1281.0 52224
1732651595834 1355.0 55296
1732651673166 1432.0 58368
1732651751511 1510.0 61440
1732651818021 1577.0 64512
1732651890774 1650.0 67584
1732651970161 1729.0 70656
1732652040865 1800.0 73728
1732652120741 1880.0 76800
1732652200066 1959.0 79872
1732652268219 2027.0 82944
1732652334268 2093.0 86016
1732652398323 2157.0 89088
1732652467094 2226.0 92160
1732652534292 2293.0 95232
1732652606817 2366.0 98304
1732652670217 2429.0 101376
1732652742310 2501.0 104448
1732652807601 2566.0 107520
1732652880386 2639.0 110592
1732652949741 2709.0 113664
1732653007171 2766.0 116736
1732653079711 2839.0 119808
1732653144552 2903.0 122880
1732653198816 2958.0 125952
1732653253622 3012.0 129024
1732653320956 3080.0 132096
1732653384775 3144.0 135168
1732653456734 3216.0 138240
1732653525728 3285.0 141312
1732653593554 3352.0 144384
1732653662232 3421.0 147456
1732653748691 3508.0 150528
1732653818098 3577.0 153600
1732653899852 3659.0 156672
1732653977390 3736.0 159744
1732654043012 3802.0 162816
1732654114225 3873.0 165888
1732654190840 3950.0 168960
1732654260063 4019.0 172032
1732654329841 4089.0 175104
1732654391582 4150.0 178176
1732654470777 4230.0 181248
1732654555352 4314.0 184320
1732654626554 4385.0 187392
1732654708418 4467.0 190464
1732654776305 4535.0 193536
1732654837540 4596.0 196608
1732654908489 4667.0 199680
1732654984854 4744.0 202752
