1732650298360 3072.0 3072
1732650377681 6144.0 6144
1732650456096 9216.0 9216
1732650527089 12288.0 12288
1732650595478 15360.0 15360
1732650667921 18432.0 18432
1732650742171 21504.0 21504
1732650819509 24576.0 24576
1732650894611 27648.0 27648
1732650966088 30720.0 30720
1732651043270 33792.0 33792
1732651119203 36864.0 36864
1732651203157 39936.0 39936
1732651286470 43008.0 43008
1732651371607 46080.0 46080
1732651451223 49152.0 49152
1732651521875 52224.0 52224
1732651595839 55296.0 55296
1732651673172 58368.0 58368
1732651751515 61440.0 61440
1732651818026 64512.0 64512
1732651890780 67584.0 67584
1732651970165 70656.0 70656
1732652040868 73728.0 73728
1732652120744 76800.0 76800
1732652200072 79872.0 79872
1732652268222 82944.0 82944
1732652334272 86016.0 86016
1732652398328 89088.0 89088
1732652467099 92160.0 92160
1732652534295 95232.0 95232
1732652606822 98304.0 98304
1732652670220 101376.0 101376
1732652742316 104448.0 104448
1732652807607 107520.0 107520
1732652880390 110592.0 110592
1732652949746 113664.0 113664
1732653007176 116736.0 116736
1732653079714 119808.0 119808
1732653144555 122880.0 122880
1732653198821 125952.0 125952
1732653253627 129024.0 129024
1732653320961 132096.0 132096
1732653384779 135168.0 135168
1732653456739 138240.0 138240
1732653525736 141312.0 141312
1732653593559 144384.0 144384
1732653662237 147456.0 147456
1732653748695 150528.0 150528
1732653818103 153600.0 153600
1732653899857 156672.0 156672
1732653977395 159744.0 159744
1732654043017 162816.0 162816
1732654114230 165888.0 165888
1732654190844 168960.0 168960
1732654260069 172032.0 172032
1732654329846 175104.0 175104
1732654391587 178176.0 178176
1732654470782 181248.0 181248
1732654555357 184320.0 184320
1732654626559 187392.0 187392
1732654708423 190464.0 190464
1732654776309 193536.0 193536
1732654837545 196608.0 196608
1732654908493 199680.0 199680
1732654984859 202752.0 202752
