1731056339329 31.0 3072
1731056446111 30.0 6144
1731056539002 31.0 9216
1731056640929 30.0 12288
1731056723836 31.0 15360
1731056845597 30.0 18432
1731056951649 30.0 21504
1731057058922 30.0 24576
1731057169109 29.0 27648
1731057256044 30.0 30720
1731057351957 30.0 33792
1731057465426 30.0 36864
1731057567721 30.0 39936
1731057662528 30.0 43008
1731057780881 29.0 46080
1731057901067 29.0 49152
1731058009353 29.0 52224
1731058136871 29.0 55296
1731058350255 27.0 58368
1731058477206 27.0 61440
1731058587217 27.0 64512
1731058717204 27.0 67584
1731058859477 26.0 70656
1731058960078 27.0 73728
1731059110857 26.0 76800
1731059271821 26.0 79872
1731059393850 26.0 82944
1731059506194 26.0 86016
1731059626578 26.0 89088
1731059741697 26.0 92160
1731059863611 26.0 95232
1731059999158 26.0 98304
1731060133492 26.0 101376
