1731056339335 1.0 3072
1731056446115 2.0 6144
1731056539005 3.0 9216
1731056640933 4.0 12288
1731056723838 5.0 15360
1731056845602 6.0 18432
1731056951666 7.0 21504
1731057058927 8.0 24576
1731057169113 9.0 27648
1731057256049 10.0 30720
1731057351962 11.0 33792
1731057465431 12.0 36864
1731057567725 13.0 39936
1731057662544 14.0 43008
1731057780886 15.0 46080
1731057901072 16.0 49152
1731058009358 17.0 52224
1731058136875 18.0 55296
1731058350258 19.0 58368
1731058477211 20.0 61440
1731058587222 21.0 64512
1731058717207 22.0 67584
1731058859480 23.0 70656
1731058960084 24.0 73728
1731059110862 25.0 76800
1731059271826 26.0 79872
1731059393855 27.0 82944
1731059506199 28.0 86016
1731059626597 29.0 89088
1731059741703 30.0 92160
1731059863616 31.0 95232
1731059999162 32.0 98304
1731060133496 33.0 101376
