1731056339340 97.0 3072
1731056446119 204.0 6144
1731056539009 297.0 9216
1731056640937 398.0 12288
1731056723840 481.0 15360
1731056845608 603.0 18432
1731056951671 709.0 21504
1731057058933 816.0 24576
1731057169117 927.0 27648
1731057256054 1014.0 30720
1731057351968 1110.0 33792
1731057465436 1223.0 36864
1731057567728 1325.0 39936
1731057662549 1420.0 43008
1731057780891 1538.0 46080
1731057901076 1659.0 49152
1731058009364 1767.0 52224
1731058136878 1894.0 55296
1731058350262 2108.0 58368
1731058477216 2235.0 61440
1731058587227 2345.0 64512
1731058717212 2475.0 67584
1731058859483 2617.0 70656
1731058960089 2718.0 73728
1731059110866 2868.0 76800
1731059271831 3029.0 79872
1731059393860 3151.0 82944
1731059506203 3264.0 86016
1731059626602 3384.0 89088
1731059741710 3499.0 92160
1731059863622 3621.0 95232
1731059999165 3757.0 98304
1731060133499 3891.0 101376
