1731056339346 3072.0 3072
1731056446123 6144.0 6144
1731056539013 9216.0 9216
1731056640941 12288.0 12288
1731056723843 15360.0 15360
1731056845613 18432.0 18432
1731056951676 21504.0 21504
1731057058945 24576.0 24576
1731057169120 27648.0 27648
1731057256059 30720.0 30720
1731057351973 33792.0 33792
1731057465441 36864.0 36864
1731057567732 39936.0 39936
1731057662554 43008.0 43008
1731057780896 46080.0 46080
1731057901081 49152.0 49152
1731058009369 52224.0 52224
1731058136881 55296.0 55296
1731058350266 58368.0 58368
1731058477221 61440.0 61440
1731058587232 64512.0 64512
1731058717217 67584.0 67584
1731058859487 70656.0 70656
1731058960094 73728.0 73728
1731059110871 76800.0 76800
1731059271835 79872.0 79872
1731059393865 82944.0 82944
1731059506208 86016.0 86016
1731059626608 89088.0 89088
1731059741716 92160.0 92160
1731059863627 95232.0 95232
1731059999169 98304.0 98304
1731060133503 101376.0 101376
