1732533685966 0.0171827245503664 6144
1732533775108 0.01229917723685503 9216
1732533867642 0.004001489374786615 12288
1732533967197 0.008315514773130417 15360
1732534038480 0.006538182497024536 18432
1732534120528 0.019017020240426064 21504
1732534198710 0.003108443459495902 24576
1732534268655 0.0014532053610309958 27648
1732534343377 0.005228258669376373 30720
1732534421323 0.005627053324133158 33792
1732534509404 0.005610810127109289 36864
1732534583439 0.0065500736236572266 39936
1732534661122 0.007241763640195131 43008
1732534741394 0.0072277020663022995 46080
1732534830775 0.0023236903361976147 49152
1732534909929 0.003653031773865223 52224
1732534994735 0.005093296058475971 55296
1732535083272 0.003657124238088727 58368
1732535163556 0.0003547800879459828 61440
1732535249258 2.2257387172430754e-05 64512
1732535333456 3.1865201890468597e-06 67584
1732535430162 1.1637127499852795e-05 70656
1732535505964 2.6167874239035882e-05 73728
1732535598861 5.4686952353222296e-05 76800
1732535679498 1.897430047392845e-05 79872
1732535766749 3.194145392626524e-06 82944
1732535836891 0.00012672324373852462 86016
1732535926970 3.892676249961369e-05 89088
1732536014224 0.00045942491851747036 92160
1732536098465 0.0001692842779448256 95232
1732536182577 2.7521688025444746e-05 98304
1732536256336 0.0003197087498847395 101376
1732536340774 1.5759220332256518e-05 104448
1732536434194 6.77253701724112e-05 107520
1732536519074 2.8829284929088317e-05 110592
1732536597345 3.425295653869398e-05 113664
1732536681905 6.109658716013655e-05 116736
1732536767612 7.435019597323844e-06 119808
1732536851993 6.362347630783916e-05 122880
1732536941166 9.201835382555146e-06 125952
1732537022063 2.8136166292824782e-05 129024
1732537102487 5.664843411068432e-05 132096
1732537181611 4.1193757169821765e-06 135168
1732537261104 9.9375420177239e-06 138240
1732537346063 8.397021883865818e-05 141312
1732537433640 0.00026323081692680717 144384
1732537513759 4.0305971197085455e-05 147456
1732537596324 8.316322350765404e-07 150528
1732537683486 2.5675011784187518e-05 153600
1732537757155 2.485761979187373e-05 156672
1732537829411 1.670109668339137e-05 159744
1732537912867 7.979106158018112e-07 162816
1732538001798 8.278681775664154e-07 165888
1732538075287 9.711638085718732e-06 168960
1732538156440 3.7125253584235907e-05 172032
1732538228128 1.6148978829733096e-05 175104
1732538305600 3.4727854654192924e-06 178176
1732538412037 2.6419098503538407e-05 181248
1732538497121 1.0201649274677038e-05 184320
1732538581704 4.867072220804403e-06 187392
1732538666814 6.371235940605402e-06 190464
1732538749901 5.877072453586152e-06 193536
1732538836376 3.1844053864915622e-06 196608
1732538919273 2.6959849037666572e-06 199680
1732539001265 2.880697138607502e-07 202752
