1732533685970 0.2860026041666667 6144
1732533775113 0.098046875 9216
1732533867647 0.09127604166666667 12288
1732533967202 0.0822265625 15360
1732534038485 0.06041666666666667 18432
1732534120533 0.21497395833333333 21504
1732534198714 0.0609375 24576
1732534268660 0.04388020833333333 27648
1732534343394 0.04986979166666667 30720
1732534421328 0.053971354166666666 33792
1732534509409 0.1173828125 36864
1732534583442 0.11783854166666667 39936
1732534661126 0.1060546875 43008
1732534741397 0.15475260416666667 46080
1732534830780 0.029947916666666668 49152
1732534909934 0.0546875 52224
1732534994739 0.18502604166666667 55296
1732535083276 0.065234375 58368
1732535163560 0.0004557291666666667 61440
1732535249261 0.0 64512
1732535333459 0.0 67584
1732535430167 0.0 70656
1732535505967 0.0 73728
1732535598865 0.0 76800
1732535679510 0.0 79872
1732535766753 0.0 82944
1732535836895 0.0 86016
1732535926974 0.0 89088
1732536014229 0.0 92160
1732536098470 0.0 95232
1732536182582 0.0 98304
1732536256340 0.0 101376
1732536340777 0.0 104448
1732536434199 0.0 107520
1732536519079 0.0 110592
1732536597349 0.0 113664
1732536681910 0.0 116736
1732536767615 0.0 119808
1732536851998 0.0 122880
1732536941170 0.0 125952
1732537022068 0.0 129024
1732537102491 0.0 132096
1732537181616 0.0 135168
1732537261108 0.0 138240
1732537346069 0.0 141312
1732537433646 0.0022135416666666666 144384
1732537513764 0.0 147456
1732537596328 0.0 150528
1732537683490 0.0 153600
1732537757161 0.0 156672
1732537829414 0.0 159744
1732537912872 0.0 162816
1732538001803 0.0 165888
1732538075290 0.0 168960
1732538156445 6.510416666666667e-05 172032
1732538228134 0.0 175104
1732538305604 0.0 178176
1732538412040 0.0005208333333333333 181248
1732538497126 0.0 184320
1732538581709 0.0 187392
1732538666819 0.0 190464
1732538749907 0.0003255208333333333 193536
1732538836381 6.510416666666667e-05 196608
1732538919277 0.0056640625 199680
1732539001268 0.0005859375 202752
