1732533685976 9.847935999999999 6144
1732533775124 9.695872 9216
1732533867659 9.543808 12288
1732533967228 9.391744 15360
1732534038493 9.23968 18432
1732534120543 9.087616 21504
1732534198721 8.935552 24576
1732534268681 8.783488 27648
1732534343401 8.631423999999999 30720
1732534421339 8.47936 33792
1732534509418 8.327296 36864
1732534583448 8.175232 39936
1732534661136 8.023168 43008
1732534741404 7.871104 46080
1732534830802 7.719040000000001 49152
1732534909945 7.566976 52224
1732534994747 7.414911999999999 55296
1732535083284 7.262847999999999 58368
1732535163567 7.110784 61440
1732535249266 6.9587200000000005 64512
1732535333468 6.806656 67584
1732535430176 6.654592 70656
1732535505975 6.502528 73728
1732535598875 6.350463999999999 76800
1732535679525 6.1983999999999995 79872
1732535766762 6.046336 82944
1732535836901 5.894272 86016
1732535926995 5.742208 89088
1732536014240 5.590144 92160
1732536098479 5.43808 95232
1732536182604 5.286015999999999 98304
1732536256347 5.133952 101376
1732536340783 4.981888 104448
1732536434208 4.8298239999999995 107520
1732536519090 4.67776 110592
1732536597358 4.525696 113664
1732536681920 4.373632 116736
1732536767621 4.221568 119808
1732536852019 4.069504 122880
1732536941177 3.917440000000001 125952
1732537022079 3.7653760000000003 129024
1732537102500 3.613312 132096
1732537181625 3.4612480000000008 135168
1732537261116 3.309184 138240
1732537346080 3.15712 141312
1732537433657 3.0050560000000006 144384
1732537513775 2.852992 147456
1732537596337 2.7009279999999998 150528
1732537683499 2.5488640000000005 153600
1732537757172 2.3968 156672
1732537829437 2.2447360000000005 159744
1732537912883 2.0926720000000003 162816
1732538001811 1.9406079999999999 165888
1732538075295 1.7885440000000006 168960
1732538156456 1.6364800000000002 172032
1732538228156 1.4844159999999997 175104
1732538305627 1.3323520000000004 178176
1732538412047 1.180288 181248
1732538497149 1.0282239999999996 184320
1732538581719 0.8761600000000003 187392
1732538666829 0.7240959999999999 190464
1732538749918 0.5720319999999994 193536
1732538836392 0.4199680000000001 196608
1732538919286 0.26790399999999975 199680
1732539001273 0.11584000000000046 202752
