1732533685979 -2.8394119183222455 6144
1732533775130 -2.8386809746424357 9216
1732533867664 -2.838366492589315 12288
1732533967234 -2.8429286321004232 15360
1732534038497 -2.8419639031092325 18432
1732534120547 -2.8446176449457803 21504
1732534198725 -2.8454293171564737 24576
1732534268686 -2.8466412941614787 27648
1732534343404 -2.8476956685384116 30720
1732534421345 -2.8477967818578085 33792
1732534509423 -2.8501431544621787 36864
1732534583451 -2.8583282709121702 39936
1732534661141 -2.8620513995488484 43008
1732534741408 -2.8650785446166993 46080
1732534830807 -2.865484627087911 49152
1732534909950 -2.8685965379079184 52224
1732534994750 -2.8737390915552776 55296
1732535083289 -2.8748114188512166 58368
1732535163570 -2.87545169989268 61440
1732535249269 -2.8762221813201903 64512
1732535333472 -2.8763993342717487 67584
1732535430180 -2.8764324108759562 70656
1732535505979 -2.876475938161214 73728
1732535598879 -2.8765432516733807 76800
1732535679530 -2.8765891869862874 79872
1732535766766 -2.876548671722412 82944
1732535836904 -2.876599836349487 86016
1732535927000 -2.876615357398987 89088
1732536014245 -2.8765988111495973 92160
1732536098483 -2.876588757832845 95232
1732536182609 -2.8764204740524293 98304
1732536256351 -2.876316285133362 101376
1732536340786 -2.8763065338134766 104448
1732536434213 -2.8763172229131064 107520
1732536519095 -2.8762646754582724 110592
1732536597373 -2.8761792103449504 113664
1732536681938 -2.8761074860890705 116736
1732536767623 -2.876129651069641 119808
1732536852025 -2.8761359294255575 122880
1732536941181 -2.876078995068868 125952
1732537022085 -2.8760724226633707 129024
1732537102505 -2.876102312405904 132096
1732537181641 -2.8761144240697223 135168
1732537261119 -2.8761483907699583 138240
1732537346093 -2.876251443227132 141312
1732537433662 -2.876362752914429 144384
1732537513780 -2.8764076073964437 147456
1732537596342 -2.876381190617879 150528
1732537683504 -2.876413361231486 153600
1732537757178 -2.876442790031433 156672
1732537829442 -2.8764925638834637 159744
1732537912888 -2.876542409261068 162816
1732538001815 -2.8765670617421466 165888
1732538075298 -2.8765900770823163 168960
1732538156461 -2.8766085306803384 172032
1732538228162 -2.8765971581141154 175104
1732538305632 -2.8765593926111857 178176
1732538412051 -2.8765570720036826 181248
1732538497155 -2.8766520023345947 184320
1732538581723 -2.876700520515442 187392
1732538666834 -2.8767394622166953 190464
1732538749923 -2.8767502307891846 193536
1732538836397 -2.8767541885375976 196608
1732538919290 -2.8767657121022543 199680
1732539001277 -2.8767712195714314 202752
