1732533685982 -0.00045418739318847656 6144
1732533775136 -5.4001808166503906e-05 9216
1732533867669 0.0002919435501098633 12288
1732533967239 0.0002732276916503906 15360
1732534038500 7.94529914855957e-05 18432
1732534120552 0.00016105175018310547 21504
1732534198728 0.0005433559417724609 24576
1732534268691 0.00021731853485107422 27648
1732534343408 0.00011235475540161133 30720
1732534421350 0.00024205446243286133 33792
1732534509427 0.0008025765419006348 36864
1732534583461 0.0009936690330505371 39936
1732534661146 0.0017705559730529785 43008
1732534741411 0.002011537551879883 46080
1732534830813 0.004119455814361572 49152
1732534909955 0.0041397809982299805 52224
1732534994754 0.01148158311843872 55296
1732535083293 0.020873069763183594 58368
1732535163574 0.035519421100616455 61440
1732535249271 0.11043226718902588 64512
1732535333476 0.21098321676254272 67584
1732535430183 0.2708010673522949 70656
1732535505982 0.2162259817123413 73728
1732535598885 0.328339159488678 76800
1732535679535 0.24938690662384033 79872
1732535766769 0.30110931396484375 82944
1732535836914 0.3351317048072815 86016
1732535927005 0.25037848949432373 89088
1732536014250 0.3181692361831665 92160
1732536098487 0.22577190399169922 95232
1732536182615 0.3279937505722046 98304
1732536256355 0.3266909718513489 101376
1732536340789 0.23504263162612915 104448
1732536434218 0.24543511867523193 107520
1732536519100 0.35243356227874756 110592
1732536597379 0.3629491925239563 113664
1732536681944 0.3433229327201843 116736
1732536767626 0.36708128452301025 119808
1732536852030 0.4060307741165161 122880
1732536941184 0.3843560218811035 125952
1732537022090 0.4449976682662964 129024
1732537102509 0.3959875702857971 132096
1732537181646 0.4651939868927002 135168
1732537261123 0.44925063848495483 138240
1732537346102 0.4012535810470581 141312
1732537433667 0.48671233654022217 144384
1732537513786 0.430234432220459 147456
1732537596347 0.41591697931289673 150528
1732537683508 0.46567076444625854 153600
1732537757183 0.42413854598999023 156672
1732537829447 0.46716564893722534 159744
1732537912893 0.3965396285057068 162816
1732538001818 0.46239328384399414 165888
1732538075302 0.4568001627922058 168960
1732538156466 0.4492170214653015 172032
1732538228167 0.49161869287490845 175104
1732538305638 0.4225432276725769 178176
1732538412054 0.4450622797012329 181248
1732538497160 0.4040313959121704 184320
1732538581741 0.4075196385383606 187392
1732538666839 0.44880378246307373 190464
1732538749927 0.4879521131515503 193536
1732538836403 0.4789612293243408 196608
1732538919307 0.4357520341873169 199680
1732539001282 0.48739397525787354 202752
