1732533685988 -0.013060558587312698 6144
1732533775146 6.360435485839844 9216
1732533867678 10.963188171386719 12288
1732533967250 11.65195083618164 15360
1732534038508 9.783866882324219 18432
1732534120562 1.5237476825714111 21504
1732534198748 4.411312580108643 24576
1732534268700 6.912787914276123 27648
1732534343414 3.824319839477539 30720
1732534421361 5.083606719970703 33792
1732534509437 6.1191253662109375 36864
1732534583467 3.894113779067993 39936
1732534661151 4.209045886993408 43008
1732534741419 3.4753148555755615 46080
1732534830823 7.521918773651123 49152
1732534909967 2.2546639442443848 52224
1732534994774 1.2787359952926636 55296
1732535083301 3.3072519302368164 58368
1732535163581 5.793443202972412 61440
1732535249277 10.361238479614258 64512
1732535333484 5.093263149261475 67584
1732535430193 0.5375062823295593 70656
1732535505989 5.359250068664551 73728
1732535598905 3.3485488891601562 76800
1732535679545 3.850703239440918 79872
1732535766777 6.070284366607666 82944
1732535836922 1.8507107496261597 86016
1732535927012 2.0455434322357178 89088
1732536014261 5.218662738800049 92160
1732536098509 4.865478515625 95232
1732536182625 5.221235275268555 98304
1732536256362 1.6545766592025757 101376
1732536340807 5.486878395080566 104448
1732536434226 1.4439845085144043 107520
1732536519109 5.878463268280029 110592
1732536597390 3.912736177444458 113664
1732536681956 4.72360897064209 116736
1732536767631 4.4141621589660645 119808
1732536852040 2.944650173187256 122880
1732536941191 6.308171272277832 125952
1732537022101 0.7304426431655884 129024
1732537102533 3.4003117084503174 132096
1732537181656 2.247854232788086 135168
1732537261130 2.8146634101867676 138240
1732537346110 7.076207160949707 141312
1732537433678 3.7752466201782227 144384
1732537513796 3.9310362339019775 147456
1732537596369 2.6006786823272705 150528
1732537683517 5.338726997375488 153600
1732537757194 7.562249660491943 156672
1732537829457 3.5487611293792725 159744
1732537912916 5.752904891967773 162816
1732538001825 2.3347203731536865 165888
1732538075309 6.742310047149658 168960
1732538156477 5.073332786560059 172032
1732538228177 3.2847511768341064 175104
1732538305649 2.570162773132324 178176
1732538412061 2.0941529273986816 181248
1732538497171 11.353093147277832 184320
1732538581751 5.983552932739258 187392
1732538666849 3.817148447036743 190464
1732538749937 4.512741565704346 193536
1732538836413 3.2778828144073486 196608
1732538919316 5.235159873962402 199680
1732539001292 6.734243392944336 202752
