1732533685992 5.0 6144
1732533775151 10.0 9216
1732533867682 15.0 12288
1732533967256 20.0 15360
1732534038512 25.0 18432
1732534120566 30.0 21504
1732534198753 35.0 24576
1732534268705 40.0 27648
1732534343417 45.0 30720
1732534421366 50.0 33792
1732534509441 55.0 36864
1732534583471 60.0 39936
1732534661154 65.0 43008
1732534741422 70.0 46080
1732534830828 75.0 49152
1732534909972 80.0 52224
1732534994779 85.0 55296
1732535083305 90.0 58368
1732535163585 95.0 61440
1732535249280 100.0 64512
1732535333488 105.0 67584
1732535430197 110.0 70656
1732535505992 115.0 73728
1732535598909 120.0 76800
1732535679551 125.0 79872
1732535766781 130.0 82944
1732535836926 135.0 86016
1732535927016 140.0 89088
1732536014266 145.0 92160
1732536098515 150.0 95232
1732536182630 155.0 98304
1732536256366 160.0 101376
1732536340811 165.0 104448
1732536434230 170.0 107520
1732536519113 175.0 110592
1732536597396 180.0 113664
1732536681962 185.0 116736
1732536767634 190.0 119808
1732536852045 195.0 122880
1732536941195 200.0 125952
1732537022118 205.0 129024
1732537102539 210.0 132096
1732537181661 215.0 135168
1732537261134 220.0 138240
1732537346115 225.0 141312
1732537433683 230.0 144384
1732537513801 235.0 147456
1732537596375 240.0 150528
1732537683522 245.0 153600
1732537757199 250.0 156672
1732537829462 255.0 159744
1732537912922 260.0 162816
1732538001828 265.0 165888
1732538075312 270.0 168960
1732538156494 275.0 172032
1732538228182 280.0 175104
1732538305654 285.0 178176
1732538412065 290.0 181248
1732538497177 295.0 184320
1732538581756 300.0 187392
1732538666854 305.0 190464
1732538749941 310.0 193536
1732538836419 315.0 196608
1732538919320 320.0 199680
1732539001296 325.0 202752
