1732533685999 1.0012924671173096 6144
1732533775160 0.999578595161438 9216
1732533867689 1.0019958019256592 12288
1732533967266 1.0021119117736816 15360
1732534038519 1.0027040243148804 18432
1732534120573 1.003674030303955 21504
1732534198763 1.0040565729141235 24576
1732534268716 1.0048105716705322 27648
1732534343425 1.0048527717590332 30720
1732534421378 1.0051298141479492 33792
1732534509466 1.0086719989776611 36864
1732534583478 1.0113604068756104 39936
1732534661161 1.013298749923706 43008
1732534741429 1.0136160850524902 46080
1732534830839 1.0142099857330322 49152
1732534909982 1.0171833038330078 52224
1732534994789 1.0187137126922607 55296
1732535083313 1.0185719728469849 58368
1732535163593 1.019315481185913 61440
1732535249286 1.0194578170776367 64512
1732535333495 1.0194957256317139 67584
1732535430203 1.0195071697235107 70656
1732535505998 1.0195426940917969 73728
1732535598921 1.0195857286453247 76800
1732535679560 1.0195672512054443 79872
1732535766789 1.0195648670196533 82944
1732535836934 1.019608974456787 86016
1732535927024 1.019576072692871 89088
1732536014277 1.0196136236190796 92160
1732536098526 1.0195250511169434 95232
1732536182641 1.0194799900054932 98304
1732536256373 1.0194461345672607 101376
1732536340818 1.0194423198699951 104448
1732536434237 1.0194491147994995 107520
1732536519122 1.0193970203399658 110592
1732536597408 1.019350528717041 113664
1732536681974 1.0193431377410889 116736
1732536767640 1.019362211227417 119808
1732536852055 1.0193374156951904 122880
1732536941202 1.0193228721618652 125952
1732537022129 1.0193308591842651 129024
1732537102549 1.0193445682525635 132096
1732537181671 1.0193450450897217 135168
1732537261158 1.0193910598754883 138240
1732537346123 1.0194422006607056 141312
1732537433694 1.01950204372406 144384
1732537513812 1.01948082447052 147456
1732537596385 1.019491195678711 150528
1732537683531 1.0195040702819824 153600
1732537757210 1.0195260047912598 156672
1732537829471 1.0195560455322266 159744
1732537912932 1.0195705890655518 162816
1732538001834 1.0195828676223755 165888
1732538075319 1.0195956230163574 168960
1732538156504 1.0195996761322021 172032
1732538228193 1.0195815563201904 175104
1732538305663 1.0195577144622803 178176
1732538412072 1.0196046829223633 181248
1732538497188 1.0196337699890137 184320
1732538581765 1.0196583271026611 187392
1732538666864 1.0196677446365356 190464
1732538749950 1.0196707248687744 193536
1732538836429 1.0196771621704102 196608
1732538919329 1.0196781158447266 199680
1732539001305 1.0196846723556519 202752
