1732623049399 1.0 3072
1732623128682 2.0 6144
1732623204302 3.0 9216
1732623291408 4.0 12288
1732623363948 5.0 15360
1732623444944 6.0 18432
1732623510364 7.0 21504
1732623591606 8.0 24576
1732623662017 9.0 27648
1732623738513 10.0 30720
1732623812246 11.0 33792
1732623892674 12.0 36864
1732623975112 13.0 39936
1732624054446 14.0 43008
1732624137929 15.0 46080
1732624221181 16.0 49152
1732624311472 17.0 52224
1732624390280 18.0 55296
1732624474921 19.0 58368
1732624567836 20.0 61440
1732624650349 21.0 64512
1732624753858 22.0 67584
1732624834076 23.0 70656
1732624918812 24.0 73728
1732625000285 25.0 76800
1732625089963 26.0 79872
1732625163079 27.0 82944
1732625240746 28.0 86016
1732625335518 29.0 89088
1732625416687 30.0 92160
1732625506587 31.0 95232
1732625601794 32.0 98304
1732625689215 33.0 101376
1732625768818 34.0 104448
1732625847356 35.0 107520
1732625927338 36.0 110592
1732626008623 37.0 113664
1732626082601 38.0 116736
1732626161444 39.0 119808
1732626239094 40.0 122880
1732626313170 41.0 125952
1732626400192 42.0 129024
1732626485332 43.0 132096
1732626578457 44.0 135168
1732626669262 45.0 138240
1732626757384 46.0 141312
1732626847543 47.0 144384
1732626927164 48.0 147456
1732627010744 49.0 150528
1732627098190 50.0 153600
1732627188432 51.0 156672
1732627274641 52.0 159744
1732627374533 53.0 162816
1732627461743 54.0 165888
1732627542515 55.0 168960
1732627619529 56.0 172032
1732627715502 57.0 175104
1732627806436 58.0 178176
1732627891194 59.0 181248
1732627983556 60.0 184320
1732628073536 61.0 187392
1732628148348 62.0 190464
1732628230542 63.0 193536
1732628314166 64.0 196608
1732628403401 65.0 199680
1732628479121 66.0 202752
