1732623049405 68.0 3072
1732623128688 148.0 6144
1732623204306 223.0 9216
1732623291414 310.0 12288
1732623363953 383.0 15360
1732623444949 464.0 18432
1732623510369 529.0 21504
1732623591613 611.0 24576
1732623662021 681.0 27648
1732623738518 757.0 30720
1732623812250 831.0 33792
1732623892680 912.0 36864
1732623975116 994.0 39936
1732624054451 1073.0 43008
1732624137934 1157.0 46080
1732624221185 1240.0 49152
1732624311477 1330.0 52224
1732624390285 1409.0 55296
1732624474925 1494.0 58368
1732624567841 1587.0 61440
1732624650352 1669.0 64512
1732624753863 1773.0 67584
1732624834080 1853.0 70656
1732624918817 1938.0 73728
1732625000289 2019.0 76800
1732625089966 2109.0 79872
1732625163084 2182.0 82944
1732625240751 2260.0 86016
1732625335523 2354.0 89088
1732625416691 2436.0 92160
1732625506590 2526.0 95232
1732625601799 2621.0 98304
1732625689219 2708.0 101376
1732625768823 2788.0 104448
1732625847362 2866.0 107520
1732625927344 2946.0 110592
1732626008636 3028.0 113664
1732626082607 3102.0 116736
1732626161449 3180.0 119808
1732626239110 3258.0 122880
1732626313176 3332.0 125952
1732626400198 3419.0 129024
1732626485336 3504.0 132096
1732626578463 3597.0 135168
1732626669267 3688.0 138240
1732626757389 3776.0 141312
1732626847548 3866.0 144384
1732626927168 3946.0 147456
1732627010750 4030.0 150528
1732627098194 4117.0 153600
1732627188438 4207.0 156672
1732627274658 4294.0 159744
1732627374538 4393.0 162816
1732627461747 4481.0 165888
1732627542520 4561.0 168960
1732627619532 4638.0 172032
1732627715506 4734.0 175104
1732627806440 4825.0 178176
1732627891197 4910.0 181248
1732627983559 5003.0 184320
1732628073541 5092.0 187392
1732628148354 5167.0 190464
1732628230548 5249.0 193536
1732628314170 5333.0 196608
1732628403406 5422.0 199680
1732628479124 5498.0 202752
