1732729877434 0.03188474848866463 6144
1732729923364 0.015793653205037117 9216
1732729982961 0.028222203254699707 12288
1732730053796 0.006648098584264517 15360
1732730112404 0.0032894981559365988 18432
1732730182077 0.008434453047811985 21504
1732730243258 0.005728419404476881 24576
1732730313926 0.010291492566466331 27648
1732730380467 0.003682993119582534 30720
1732730460618 0.004403738304972649 33792
1732730549105 0.003356451168656349 36864
1732730643333 0.005667472258210182 39936
1732730712525 0.005487670656293631 43008
1732730795418 0.005601958837360144 46080
1732730864724 0.006393350660800934 49152
1732730929005 0.006811852101236582 52224
1732730995751 0.008867583237588406 55296
1732731051392 0.012576140463352203 58368
1732731109774 0.006391653325408697 61440
1732731174924 0.010597177781164646 64512
1732731242092 0.007482702378183603 67584
1732731287228 0.05430805683135986 70656
1732731337919 0.00595052307471633 73728
1732731392213 0.010964211076498032 76800
1732731443413 0.01660315878689289 79872
1732731511128 0.040913742035627365 82944
1732731593531 0.01820828765630722 86016
1732731661240 0.05601337552070618 89088
1732731721669 0.028374841436743736 92160
1732731779392 0.012384493835270405 95232
1732731849919 0.02212712913751602 98304
1732731933908 0.027942491695284843 101376
1732732009788 0.039183180779218674 104448
1732732070474 0.015607769601047039 107520
1732732132146 0.011055105365812778 110592
1732732187123 0.022692782804369926 113664
1732732246334 0.011447406373918056 116736
1732732302354 0.006823359522968531 119808
1732732356741 0.006429280620068312 122880
1732732410679 0.00724766543135047 125952
1732732465047 0.012213085778057575 129024
1732732518053 0.138048455119133 132096
1732732569448 0.013236147351562977 135168
1732732624977 0.005783107131719589 138240
1732732675028 0.017461251467466354 141312
1732732723894 0.023039700463414192 144384
1732732772600 0.008199264295399189 147456
1732732820962 0.0130428122356534 150528
1732732872395 0.015745170414447784 153600
1732732932416 0.03468472883105278 156672
1732732982546 0.011616046540439129 159744
1732733045990 0.01481972262263298 162816
1732733108003 0.03477219119668007 165888
1732733175278 0.02106499671936035 168960
1732733234718 0.013285075314342976 172032
1732733293691 0.03099869191646576 175104
1732733355099 0.013184812851250172 178176
1732733419746 0.02034330926835537 181248
1732733480909 0.01305823028087616 184320
1732733545374 0.06022593006491661 187392
1732733627584 0.0230044424533844 190464
1732733699704 0.0031244794372469187 193536
1732733782211 0.0034282950218766928 196608
1732733853312 0.0018935400294139981 199680
1732733935667 0.011598396115005016 202752
1732734012532 0.003246035659685731 205824
1732734108888 0.011308315210044384 208896
1732734181437 0.0061898319981992245 211968
1732734256209 0.00535002863034606 215040
1732734349641 0.005458681378513575 218112
1732734423610 0.010686536319553852 221184
1732734497851 0.009719408117234707 224256
1732734570433 0.017032144591212273 227328
1732734638551 0.008079244755208492 230400
1732734701732 0.011392064392566681 233472
1732734768957 0.0068525648675858974 236544
1732734825165 0.003578709438443184 239616
1732734904818 0.012062988243997097 242688
1732734984209 0.010344908572733402 245760
1732735045409 0.004959187936037779 248832
1732735130792 0.0051825386472046375 251904
1732735206504 0.008529420010745525 254976
1732735279271 0.009048879146575928 258048
1732735346602 0.004921820480376482 261120
1732735404958 0.007438758388161659 264192
1732735483404 0.012154093943536282 267264
1732735531617 0.006720505654811859 270336
1732735594851 0.005660822615027428 273408
1732735665965 0.016449367627501488 276480
1732735730178 0.008015398867428303 279552
1732735801083 0.010079535655677319 282624
1732735869311 0.009782634675502777 285696
1732735925185 0.004875517915934324 288768
1732735990436 0.006568219047039747 291840
1732736061090 0.003376505570486188 294912
1732736122665 0.006227610632777214 297984
1732736188860 0.007020398508757353 301056
1732736247025 0.009826894849538803 304128
1732736308984 0.004312161821871996 307200
1732736373471 0.0044243959710001945 310272
1732736429767 0.007903731428086758 313344
1732736489346 0.009103148244321346 316416
1732736539898 0.006178401876240969 319488
1732736619085 0.005234118085354567 322560
1732736686027 0.004722528159618378 325632
1732736751472 0.015764130279421806 328704
1732736822155 0.004289992153644562 331776
1732736882956 0.009428824298083782 334848
1732736947966 0.012415912002325058 337920
1732737009635 0.006278293207287788 340992
1732737066862 0.0026574991643428802 344064
1732737129527 0.004500542767345905 347136
1732737197891 0.004601337015628815 350208
1732737263563 0.00453121168538928 353280
1732737321105 0.004165790509432554 356352
1732737385497 0.006798660848289728 359424
1732737459972 0.004786578472703695 362496
1732737520424 0.003845363622531295 365568
1732737590505 0.008329734206199646 368640
1732737642115 0.00536469928920269 371712
1732737703189 0.00493231974542141 374784
1732737764004 0.018813205882906914 377856
1732737833002 0.0037048764061182737 380928
1732737887591 0.004732593894004822 384000
1732737957269 0.003044427139684558 387072
1732738017829 0.0028289370238780975 390144
1732738070538 0.002581423381343484 393216
1732738135126 0.006370709743350744 396288
1732738208124 0.004255890380591154 399360
1732738265512 0.005493704229593277 402432
1732738335373 0.0052929348312318325 405504
1732738391239 0.006384881213307381 408576
1732738445057 0.0042215632274746895 411648
1732738508904 0.0025928791146725416 414720
1732738588529 0.0035249509382992983 417792
1732738659222 0.003967817407101393 420864
1732738727792 0.007154252380132675 423936
1732738791798 0.005053300876170397 427008
1732738861605 0.0047425986267626286 430080
1732738919924 0.0027753282338380814 433152
1732738975916 0.003485859138891101 436224
1732739038606 0.0029698938596993685 439296
1732739107904 0.005005997139960527 442368
1732739164719 0.005007182713598013 445440
1732739223934 0.004195962566882372 448512
1732739281006 0.0022618023212999105 451584
1732739343306 0.004973993171006441 454656
1732739402661 0.005338399205356836 457728
1732739463877 0.0032774480059742928 460800
1732739530664 0.0038281844463199377 463872
1732739590806 0.007470404729247093 466944
1732739658044 0.004194579552859068 470016
1732739723727 0.003532739356160164 473088
1732739787255 0.004601264838129282 476160
1732739842137 0.004848469980061054 479232
1732739901538 0.003434946993365884 482304
1732739955799 0.004001217428594828 485376
1732740010600 0.007839840836822987 488448
1732740069981 0.0017265939386561513 491520
1732740141482 0.0024050618521869183 494592
1732740198905 0.004037338774651289 497664
1732740263211 0.004386574495583773 500736
1732740319575 0.002804970368742943 503808
1732740389503 0.006431540474295616 506880
1732740454878 0.003318510251119733 509952
1732740511315 0.0031645249109715223 513024
1732740571611 0.00309283216483891 516096
1732740633351 0.0036170620005577803 519168
1732740689715 0.004060056526213884 522240
1732740743279 0.00346087827347219 525312
1732740796836 0.0032752121333032846 528384
1732740856587 0.0063300542533397675 531456
1732740920167 0.0032656535040587187 534528
1732740974813 0.0030178006272763014 537600
1732741027084 0.0032438794150948524 540672
1732741082221 0.004596777260303497 543744
1732741140974 0.0027198416646569967 546816
1732741194804 0.002725055441260338 549888
1732741243353 0.003795015625655651 552960
1732741297307 0.005142499227076769 556032
1732741347826 0.0024225497618317604 559104
1732741400513 0.0029644074384123087 562176
1732741466969 0.0028590932488441467 565248
1732741535590 0.002426793798804283 568320
1732741590226 0.002554100239649415 571392
1732741648761 0.006037309765815735 574464
1732741708737 0.0023127140011638403 577536
1732741770720 0.000421597040258348 580608
1732741848210 0.002653237199410796 583680
1732741907773 0.007339191157370806 586752
1732741969883 0.0025372053496539593 589824
1732742028714 0.001980588072910905 592896
1732742092579 0.0026357013266533613 595968
1732742156486 0.00403029378503561 599040
1732742214497 0.003457718761637807 602112
1732742277550 0.0015307478606700897 605184
1732742341208 0.0048652892000973225 608256
1732742402933 0.0024055142421275377 611328
1732742462038 0.002170564839616418 614400
1732742533893 0.0010705430759117007 617472
1732742587168 0.004400782752782106 620544
1732742645057 0.0044213770888745785 623616
1732742699988 0.0023792029824107885 626688
1732742760032 0.002715129405260086 629760
1732742821252 0.0013479042099788785 632832
1732742878421 0.003810689551755786 635904
1732742936823 0.004489717539399862 638976
1732742997748 0.0012700677616521716 642048
1732743062295 0.004727859515696764 645120
1732743125557 0.0034612074960023165 648192
1732743182689 0.0027010587509721518 651264
1732743241448 0.0027435729280114174 654336
1732743299532 0.003369416343048215 657408
1732743361195 0.0017641998128965497 660480
1732743417588 0.002168275648728013 663552
1732743480873 0.002168470760807395 666624
1732743545023 0.0030302072409540415 669696
1732743604721 0.0017457968788221478 672768
1732743662966 0.0013656631344929338 675840
1732743717887 0.0027855634689331055 678912
1732743775771 0.0017352855065837502 681984
1732743833145 0.0024768502917140722 685056
1732743888178 0.0027054420206695795 688128
1732743945895 0.002045427681878209 691200
1732744000289 0.0015278137288987637 694272
1732744058169 0.00173773558344692 697344
1732744113149 0.0028260741382837296 700416
1732744166020 0.0013924430822953582 703488
1732744227345 0.0010365202324464917 706560
1732744281345 0.00046472647227346897 709632
1732744341066 0.000807862204965204 712704
1732744397904 0.0012650516582652926 715776
1732744445271 0.0012678278144448996 718848
1732744495226 0.0013135974295437336 721920
1732744553953 0.0010357851861044765 724992
1732744615640 0.0009280392550863326 728064
1732744673319 0.0016783125465735793 731136
1732744727364 0.0008111758506856859 734208
1732744784236 0.001457207021303475 737280
1732744842664 0.001511731999926269 740352
1732744896369 0.0012794557260349393 743424
1732744960377 0.0009364813449792564 746496
1732745017496 0.0011920308461412787 749568
1732745078425 0.0012315587373450398 752640
1732745132455 0.0017377217300236225 755712
1732745198953 0.0010433761635795236 758784
1732745261880 0.001571101718582213 761856
1732745319586 0.0015902748564258218 764928
1732745372012 0.0008965309825725853 768000
1732745433041 0.001884404686279595 771072
1732745484528 0.0007501463405787945 774144
1732745555083 0.0005844085826538503 777216
1732745624312 0.0008298492175526917 780288
1732745695422 0.0011730174301192164 783360
1732745757486 0.0007001221529208124 786432
1732745818147 0.0004425477236509323 789504
1732745886467 0.0003300821699667722 792576
1732745944669 0.0006928988150320947 795648
1732746006308 0.0008118014666251838 798720
1732746065578 0.0008468016167171299 801792
1732746128605 0.000755475542973727 804864
1732746185638 0.0036761502269655466 807936
1732746241241 0.0011046407744288445 811008
1732746299909 0.0022575294133275747 814080
1732746353035 0.0018320232629776 817152
1732746403673 0.0007805605418980122 820224
1732746455427 0.0008404941181652248 823296
1732746506668 0.0008602345478720963 826368
1732746574294 0.001182654988951981 829440
1732746625419 0.0008321239147335291 832512
1732746675480 0.0004019270127173513 835584
1732746727417 0.0003135034639853984 838656
1732746783671 0.0009725978597998619 841728
1732746845385 0.0005260140751488507 844800
1732746897135 0.004087074659764767 847872
1732746951829 0.0006354626966640353 850944
1732747014409 0.0005037453374825418 854016
1732747073587 0.0008127288310788572 857088
1732747129223 0.00038104192935861647 860160
1732747189885 0.0006920285522937775 863232
1732747267372 0.0004333022516220808 866304
1732747324676 0.0006202823133207858 869376
1732747387746 0.0005044541321694851 872448
1732747448605 0.0005185017944313586 875520
1732747509670 0.0013420834438875318 878592
1732747576816 0.0005494228680618107 881664
1732747644246 0.0006672462332062423 884736
1732747708410 0.00032428084523417056 887808
1732747768434 0.0003396802640054375 890880
1732747824628 0.000412781722843647 893952
1732747888313 0.0003860925498884171 897024
1732747944902 0.0005772503209300339 900096
1732748009519 0.00042500291601754725 903168
1732748081688 0.0002029872703133151 906240
1732748138537 0.0009937235154211521 909312
1732748193010 0.0001982805406441912 912384
1732748250578 0.0005070417537353933 915456
1732748307631 0.00026852567680180073 918528
1732748376333 0.0001363237388432026 921600
1732748439363 0.001000350690446794 924672
1732748501221 0.0001498042984167114 927744
1732748562306 0.00010882772039622068 930816
1732748624036 0.0002167093480238691 933888
1732748682394 9.341332042822614e-05 936960
1732748742107 0.0001510728761786595 940032
1732748804506 0.0010385240893810987 943104
1732748865389 6.743202538928017e-05 946176
1732748922144 8.462138794129714e-05 949248
1732748982815 4.361371975392103e-05 952320
1732749044810 9.493171091889963e-05 955392
1732749111302 0.00010665073205018416 958464
1732749167657 8.849357254803181e-05 961536
1732749227169 0.00014454644406214356 964608
1732749292483 6.334025965770707e-05 967680
1732749360308 3.8713798858225346e-05 970752
1732749420878 3.9610331441508606e-05 973824
1732749477799 2.0589950509020127e-05 976896
1732749539453 3.982843554695137e-05 979968
1732749600284 4.035898018628359e-05 983040
1732749656116 2.867839066311717e-05 986112
1732749712512 1.5020505998109002e-05 989184
1732749766197 2.6788367904373445e-05 992256
1732749844523 6.935054898349335e-06 995328
1732749900965 5.1235933824500535e-06 998400
1732749960008 2.939040541605209e-06 1001472
