1732729877437 0.3967013888888889 6144
1732729923369 0.2847222222222222 9216
1732729982967 0.3276909722222222 12288
1732730053801 0.12782118055555555 15360
1732730112408 0.033528645833333336 18432
1732730182082 0.08051215277777778 21504
1732730243261 0.05555555555555555 24576
1732730313931 0.10394965277777778 27648
1732730380484 0.04774305555555555 30720
1732730460622 0.0681423611111111 33792
1732730549110 0.058268229166666664 36864
1732730643338 0.06228298611111111 39936
1732730712542 0.06922743055555555 43008
1732730795422 0.07649739583333333 46080
1732730864729 0.07020399305555555 49152
1732730929011 0.060872395833333336 52224
1732730995756 0.1103515625 55296
1732731051398 0.1255425347222222 58368
1732731109777 0.0734592013888889 61440
1732731174929 0.1265190972222222 64512
1732731242098 0.1599392361111111 67584
1732731287246 0.2243923611111111 70656
1732731337925 0.08995225694444445 73728
1732731392217 0.10069444444444445 76800
1732731443418 0.21397569444444445 79872
1732731511133 0.3387586805555556 82944
1732731593536 0.1644965277777778 86016
1732731661245 0.3229166666666667 89088
1732731721674 0.20475260416666666 92160
1732731779399 0.1303168402777778 95232
1732731849924 0.18977864583333334 98304
1732731933913 0.13856336805555555 101376
1732732009792 0.23133680555555555 104448
1732732070479 0.16569010416666666 107520
1732732132151 0.12348090277777778 110592
1732732187128 0.1279296875 113664
1732732246339 0.1120876736111111 116736
1732732302360 0.0830078125 119808
1732732356744 0.1105685763888889 122880
1732732410685 0.11295572916666667 125952
1732732465052 0.13313802083333334 129024
1732732518058 0.4059244791666667 132096
1732732569452 0.1518012152777778 135168
1732732624983 0.11707899305555555 138240
1732732675033 0.3761935763888889 141312
1732732723899 0.1750217013888889 144384
1732732772605 0.2107204861111111 147456
1732732820967 0.22981770833333334 150528
1732732872401 0.3512369791666667 153600
1732732932421 0.14268663194444445 156672
1732732982549 0.11566840277777778 159744
1732733045995 0.1884765625 162816
1732733108009 0.23795572916666666 165888
1732733175282 0.1606987847222222 168960
1732733234724 0.15397135416666666 172032
1732733293696 0.1999782986111111 175104
1732733355105 0.14388020833333334 178176
1732733419752 0.18153211805555555 181248
1732733480914 0.13411458333333334 184320
1732733545380 0.2162543402777778 187392
1732733627589 0.18565538194444445 190464
1732733699711 0.026041666666666668 193536
1732733782215 0.029622395833333332 196608
1732733853317 0.0146484375 199680
1732733935672 0.1474609375 202752
1732734012548 0.04503038194444445 205824
1732734108893 0.09016927083333333 208896
1732734181442 0.06705729166666667 211968
1732734256212 0.0681423611111111 215040
1732734349646 0.048285590277777776 218112
1732734423615 0.1460503472222222 221184
1732734497855 0.14322916666666666 224256
1732734570438 0.14680989583333334 227328
1732734638553 0.08799913194444445 230400
1732734701737 0.1384548611111111 233472
1732734768963 0.10970052083333333 236544
1732734825170 0.052191840277777776 239616
1732734904823 0.1470269097222222 242688
1732734984215 0.23643663194444445 245760
1732735045413 0.1271701388888889 248832
1732735130796 0.09722222222222222 251904
1732735206509 0.10557725694444445 254976
1732735279278 0.1684027777777778 258048
1732735346607 0.1518012152777778 261120
1732735404963 0.1431206597222222 264192
1732735483408 0.1697048611111111 267264
1732735531622 0.11078559027777778 270336
1732735594854 0.07237413194444445 273408
1732735665970 0.19694010416666666 276480
1732735730184 0.1498480902777778 279552
1732735801089 0.1261935763888889 282624
1732735869316 0.1382378472222222 285696
1732735925188 0.10308159722222222 288768
1732735990441 0.14051649305555555 291840
1732736061094 0.0537109375 294912
1732736122670 0.1286892361111111 297984
1732736188865 0.12152777777777778 301056
1732736247031 0.1545138888888889 304128
1732736308990 0.0966796875 307200
1732736373476 0.10405815972222222 310272
1732736429772 0.11176215277777778 313344
1732736489350 0.1875 316416
1732736539903 0.0993923611111111 319488
1732736619090 0.09016927083333333 322560
1732736686032 0.10340711805555555 325632
1732736751476 0.20594618055555555 328704
1732736822160 0.05870225694444445 331776
1732736882961 0.2527126736111111 334848
1732736947971 0.2153862847222222 337920
1732737009640 0.11002604166666667 340992
1732737066866 0.04383680555555555 344064
1732737129530 0.083984375 347136
1732737197896 0.059027777777777776 350208
1732737263569 0.0830078125 353280
1732737321109 0.07671440972222222 356352
1732737385502 0.1199001736111111 359424
1732737459977 0.08680555555555555 362496
1732737520429 0.0681423611111111 365568
1732737590523 0.201171875 368640
1732737642118 0.2591145833333333 371712
1732737703194 0.08387586805555555 374784
1732737764009 0.2250434027777778 377856
1732737833006 0.16829427083333334 380928
1732737887596 0.13487413194444445 384000
1732737957274 0.06825086805555555 387072
1732738017834 0.05164930555555555 390144
1732738070542 0.049262152777777776 393216
1732738135132 0.1435546875 396288
1732738208140 0.0779079861111111 399360
1732738265517 0.1506076388888889 402432
1732738335378 0.1056857638888889 405504
1732738391244 0.11859809027777778 408576
1732738445063 0.0949435763888889 411648
1732738508907 0.09049479166666667 414720
1732738588533 0.12445746527777778 417792
1732738659227 0.1349826388888889 420864
1732738727797 0.1570095486111111 423936
1732738791804 0.1376953125 427008
1732738861610 0.12510850694444445 430080
1732738919929 0.07335069444444445 433152
1732738975920 0.06380208333333333 436224
1732739038623 0.09993489583333333 439296
1732739107908 0.107421875 442368
1732739164721 0.12044270833333333 445440
1732739223937 0.12272135416666667 448512
1732739281010 0.10362413194444445 451584
1732739343310 0.13758680555555555 454656
1732739402667 0.14583333333333334 457728
1732739463881 0.0866970486111111 460800
1732739530670 0.09233940972222222 463872
1732739590810 0.13639322916666666 466944
1732739658049 0.1013454861111111 470016
1732739723732 0.1480034722222222 473088
1732739787260 0.13932291666666666 476160
1732739842143 0.11263020833333333 479232
1732739901543 0.11729600694444445 482304
1732739955816 0.1655815972222222 485376
1732740010603 0.2026909722222222 488448
1732740069985 0.047417534722222224 491520
1732740141488 0.11089409722222222 494592
1732740198921 0.16276041666666666 497664
1732740263216 0.1392144097222222 500736
1732740319581 0.0812717013888889 503808
1732740389520 0.17708333333333334 506880
1732740454883 0.1630859375 509952
1732740511321 0.09092881944444445 513024
1732740571615 0.0947265625 516096
1732740633355 0.11338975694444445 519168
1732740689720 0.1469184027777778 522240
1732740743284 0.10481770833333333 525312
1732740796840 0.13802083333333334 528384
1732740856593 0.2056206597222222 531456
1732740920171 0.12999131944444445 534528
1732740974818 0.2292751736111111 537600
1732741027090 0.13736979166666666 540672
1732741082226 0.1560329861111111 543744
1732741140979 0.134765625 546816
1732741194807 0.15928819444444445 549888
1732741243358 0.1711154513888889 552960
1732741297312 0.2072482638888889 556032
1732741347830 0.0915798611111111 559104
1732741400518 0.11903211805555555 562176
1732741466975 0.11121961805555555 565248
1732741535596 0.09581163194444445 568320
1732741590230 0.1337890625 571392
1732741648766 0.2732204861111111 574464
1732741708743 0.1935763888888889 577536
1732741770726 0.015733506944444444 580608
1732741848216 0.09244791666666667 583680
1732741907788 0.2535807291666667 586752
1732741969887 0.09483506944444445 589824
1732742028719 0.11317274305555555 592896
1732742092585 0.10807291666666667 595968
1732742156490 0.16493055555555555 599040
1732742214502 0.11338975694444445 602112
1732742277556 0.1042751736111111 605184
1732742341213 0.2251519097222222 608256
1732742402939 0.13671875 611328
1732742462043 0.08984375 614400
1732742533899 0.07584635416666667 617472
1732742587173 0.22374131944444445 620544
1732742645063 0.18174913194444445 623616
1732742699993 0.15516493055555555 626688
1732742760037 0.11089409722222222 629760
1732742821256 0.06976996527777778 632832
1732742878426 0.20518663194444445 635904
1732742936829 0.20540364583333334 638976
1732742997753 0.0818142361111111 642048
1732743062301 0.1433376736111111 645120
1732743125562 0.140625 648192
1732743182693 0.10416666666666667 651264
1732743241453 0.1443142361111111 654336
1732743299536 0.20084635416666666 657408
1732743361201 0.14854600694444445 660480
1732743417591 0.1162109375 663552
1732743480878 0.14171006944444445 666624
1732743545028 0.1767578125 669696
1732743604725 0.126953125 672768
1732743662971 0.1008029513888889 675840
1732743717892 0.18250868055555555 678912
1732743775776 0.17957899305555555 681984
1732743833149 0.1605902777777778 685056
1732743888183 0.1480034722222222 688128
1732743945901 0.15266927083333334 691200
1732744000295 0.1154513888888889 694272
1732744058172 0.1919487847222222 697344
1732744113155 0.20301649305555555 700416
1732744166025 0.19954427083333334 703488
1732744227350 0.126953125 706560
1732744281351 0.05262586805555555 709632
1732744341071 0.0859375 712704
1732744397909 0.0771484375 715776
1732744445288 0.10894097222222222 718848
1732744495231 0.11024305555555555 721920
1732744553958 0.1435546875 724992
1732744615646 0.08235677083333333 728064
1732744673324 0.14930555555555555 731136
1732744727369 0.06901041666666667 734208
1732744784241 0.125 737280
1732744842669 0.17447916666666666 740352
1732744896373 0.1254340277777778 743424
1732744960382 0.09895833333333333 746496
1732745017506 0.11197916666666667 749568
1732745078431 0.13075086805555555 752640
1732745132460 0.2241753472222222 755712
1732745198958 0.13075086805555555 758784
1732745261885 0.1654730902777778 761856
1732745319591 0.13292100694444445 764928
1732745372031 0.11382378472222222 768000
1732745433047 0.1650390625 771072
1732745484533 0.1240234375 774144
1732745555088 0.10753038194444445 777216
1732745624317 0.13389756944444445 780288
1732745695427 0.1616753472222222 783360
1732745757489 0.1398654513888889 786432
1732745818152 0.0808376736111111 789504
1732745886477 0.05870225694444445 792576
1732745944674 0.13216145833333334 795648
1732746006313 0.12055121527777778 798720
1732746065582 0.1457248263888889 801792
1732746128608 0.1843532986111111 804864
1732746185644 0.5329861111111112 807936
1732746241244 0.18587239583333334 811008
1732746299914 0.2611762152777778 814080
1732746353040 0.2595486111111111 817152
1732746403676 0.11219618055555555 820224
1732746455444 0.14485677083333334 823296
1732746506671 0.1281467013888889 826368
1732746574298 0.1550564236111111 829440
1732746625424 0.1537543402777778 832512
1732746675485 0.11295572916666667 835584
1732746727420 0.11317274305555555 838656
1732746783675 0.208984375 841728
1732746845387 0.1457248263888889 844800
1732746897141 0.4211154513888889 847872
1732746951833 0.22884114583333334 850944
1732747014413 0.16514756944444445 854016
1732747073593 0.1494140625 857088
1732747129229 0.0769314236111111 860160
1732747189888 0.20301649305555555 863232
1732747267377 0.1203342013888889 866304
1732747324681 0.22493489583333334 869376
1732747387752 0.1023220486111111 872448
1732747448610 0.2072482638888889 875520
1732747509676 0.3336588541666667 878592
1732747576821 0.19303385416666666 881664
1732747644252 0.1796875 884736
1732747708416 0.1498480902777778 887808
1732747768439 0.1394314236111111 890880
1732747824633 0.18446180555555555 893952
1732747888318 0.2197265625 897024
1732747944906 0.19596354166666666 900096
1732748009523 0.17784288194444445 903168
1732748081692 0.12293836805555555 906240
1732748138541 0.3285590277777778 909312
1732748193016 0.14539930555555555 912384
1732748250583 0.2355685763888889 915456
1732748307634 0.16004774305555555 918528
1732748376338 0.15516493055555555 921600
1732748439369 0.5772569444444444 924672
1732748501226 0.1789279513888889 927744
1732748562317 0.10677083333333333 930816
1732748624041 0.22493489583333334 933888
1732748682401 0.162109375 936960
1732748742112 0.20496961805555555 940032
1732748804511 0.3581814236111111 943104
1732748865394 0.10221354166666667 946176
1732748922149 0.15049913194444445 949248
1732748982820 0.0808376736111111 952320
1732749044814 0.1410590277777778 955392
1732749111307 0.21126302083333334 958464
1732749167674 0.20128038194444445 961536
1732749227174 0.4202473958333333 964608
1732749292488 0.1978081597222222 967680
1732749360314 0.15950520833333334 970752
1732749420883 0.15028211805555555 973824
1732749477805 0.11143663194444445 976896
1732749539456 0.18033854166666666 979968
1732749600289 0.19227430555555555 983040
1732749656121 0.1787109375 986112
1732749712518 0.18153211805555555 989184
1732749766203 0.3917100694444444 992256
1732749844529 0.1945529513888889 995328
1732749900970 0.1733940972222222 998400
1732749960014 0.1455078125 1001472
