1732729877440 0.199391744 6144
1732729923374 0.198783488 9216
1732729982972 0.198175232 12288
1732730053806 0.197566976 15360
1732730112412 0.19695872 18432
1732730182088 0.196350464 21504
1732730243265 0.19574220800000003 24576
1732730313936 0.195133952 27648
1732730380489 0.194525696 30720
1732730460627 0.19391744000000002 33792
1732730549116 0.193309184 36864
1732730643343 0.19270092800000002 39936
1732730712547 0.19209267200000002 43008
1732730795427 0.191484416 46080
1732730864734 0.19087616000000002 49152
1732730929016 0.19026790400000002 52224
1732730995761 0.18965964800000001 55296
1732731051404 0.189051392 58368
1732731109781 0.188443136 61440
1732731174935 0.18783488 64512
1732731242114 0.187226624 67584
1732731287251 0.186618368 70656
1732731337930 0.186010112 73728
1732731392222 0.185401856 76800
1732731443423 0.1847936 79872
1732731511138 0.18418534400000003 82944
1732731593542 0.183577088 86016
1732731661251 0.18296883200000003 89088
1732731721679 0.182360576 92160
1732731779407 0.18175232 95232
1732731849940 0.18114406400000002 98304
1732731933930 0.18053580800000002 101376
1732732009797 0.17992755200000002 104448
1732732070484 0.17931929600000002 107520
1732732132167 0.17871104 110592
1732732187134 0.17810278400000001 113664
1732732246345 0.177494528 116736
1732732302365 0.176886272 119808
1732732356748 0.176278016 122880
1732732410691 0.17566976 125952
1732732465058 0.175061504 129024
1732732518063 0.174453248 132096
1732732569456 0.173844992 135168
1732732624988 0.17323673600000003 138240
1732732675038 0.17262848 141312
1732732723905 0.172020224 144384
1732732772611 0.171411968 147456
1732732820972 0.170803712 150528
1732732872407 0.17019545600000002 153600
1732732932425 0.16958720000000002 156672
1732732982552 0.168978944 159744
1732733045999 0.16837068800000002 162816
1732733108014 0.16776243200000002 165888
1732733175286 0.16715417600000002 168960
1732733234729 0.16654592000000001 172032
1732733293706 0.165937664 175104
1732733355110 0.165329408 178176
1732733419758 0.164721152 181248
1732733480919 0.164112896 184320
1732733545385 0.16350464 187392
1732733627594 0.162896384 190464
1732733699717 0.162288128 193536
1732733782220 0.161679872 196608
1732733853322 0.161071616 199680
1732733935678 0.16046336000000003 202752
1732734012553 0.159855104 205824
1732734108898 0.159246848 208896
1732734181447 0.15863859200000002 211968
1732734256216 0.15803033600000002 215040
1732734349652 0.15742208000000002 218112
1732734423619 0.15681382400000002 221184
1732734497859 0.156205568 224256
1732734570444 0.15559731200000002 227328
1732734638556 0.15498905600000001 230400
1732734701743 0.1543808 233472
1732734768968 0.153772544 236544
1732734825174 0.153164288 239616
1732734904828 0.152556032 242688
1732734984220 0.151947776 245760
1732735045418 0.15133952 248832
1732735130800 0.15073126400000003 251904
1732735206512 0.150123008 254976
1732735279284 0.149514752 258048
1732735346613 0.148906496 261120
1732735404968 0.14829824 264192
1732735483412 0.14768998400000002 267264
1732735531627 0.14708172800000002 270336
1732735594858 0.146473472 273408
1732735665975 0.14586521600000002 276480
1732735730190 0.14525696 279552
1732735801094 0.14464870400000002 282624
1732735869321 0.14404044800000002 285696
1732735925191 0.14343219200000001 288768
1732735990446 0.142823936 291840
1732736061097 0.14221568 294912
1732736122674 0.141607424 297984
1732736188871 0.140999168 301056
1732736247036 0.140390912 304128
1732736309007 0.139782656 307200
1732736373492 0.13917440000000003 310272
1732736429778 0.138566144 313344
1732736489354 0.137957888 316416
1732736539909 0.137349632 319488
1732736619096 0.136741376 322560
1732736686037 0.13613312000000002 325632
1732736751493 0.13552486400000002 328704
1732736822166 0.13491660800000002 331776
1732736882966 0.134308352 334848
1732736947976 0.133700096 337920
1732737009645 0.13309184000000002 340992
1732737066870 0.13248358400000002 344064
1732737129534 0.131875328 347136
1732737197901 0.131267072 350208
1732737263574 0.13065881599999998 353280
1732737321112 0.13005056 356352
1732737385507 0.129442304 359424
1732737459981 0.128834048 362496
1732737520434 0.12822579200000003 365568
1732737590528 0.127617536 368640
1732737642121 0.12700928 371712
1732737703200 0.126401024 374784
1732737764015 0.125792768 377856
1732737833009 0.125184512 380928
1732737887601 0.12457625600000002 384000
1732737957280 0.12396800000000001 387072
1732738017838 0.123359744 390144
1732738070546 0.12275148799999999 393216
1732738135138 0.122143232 396288
1732738208145 0.12153497600000002 399360
1732738265522 0.12092672000000002 402432
1732738335383 0.120318464 405504
1732738391249 0.11971020800000001 408576
1732738445080 0.119101952 411648
1732738508911 0.11849369600000001 414720
1732738588536 0.11788544000000001 417792
1732738659232 0.11727718400000002 420864
1732738727802 0.116668928 423936
1732738791820 0.11606067200000002 427008
1732738861614 0.115452416 430080
1732738919934 0.11484416 433152
1732738975925 0.11423590400000001 436224
1732739038629 0.11362764800000001 439296
1732739107912 0.113019392 442368
1732739164724 0.11241113600000001 445440
1732739223941 0.11180288 448512
1732739281015 0.111194624 451584
1732739343314 0.110586368 454656
1732739402672 0.10997811200000002 457728
1732739463885 0.109369856 460800
1732739530675 0.10876160000000001 463872
1732739590813 0.108153344 466944
1732739658055 0.107545088 470016
1732739723737 0.10693683200000001 473088
1732739787265 0.10632857600000002 476160
1732739842148 0.10572032 479232
1732739901547 0.105112064 482304
1732739955821 0.10450380799999999 485376
1732740010621 0.103895552 488448
1732740069988 0.10328729600000001 491520
1732740141493 0.10267904000000001 494592
1732740198925 0.10207078400000003 497664
1732740263222 0.10146252800000001 500736
1732740319586 0.10085427200000001 503808
1732740389525 0.100246016 506880
1732740454889 0.09963776 509952
1732740511326 0.09902950400000002 513024
1732740571620 0.098421248 516096
1732740633358 0.097812992 519168
1732740689725 0.09720473600000001 522240
1732740743289 0.09659648 525312
1732740796845 0.09598822400000001 528384
1732740856598 0.09537996800000001 531456
1732740920187 0.094771712 534528
1732740974822 0.094163456 537600
1732741027095 0.09355520000000002 540672
1732741082231 0.092946944 543744
1732741140983 0.092338688 546816
1732741194810 0.09173043200000001 549888
1732741243363 0.091122176 552960
1732741297317 0.09051392 556032
1732741347833 0.08990566400000001 559104
1732741400523 0.089297408 562176
1732741466992 0.08868915200000001 565248
1732741535601 0.088080896 568320
1732741590233 0.08747263999999999 571392
1732741648772 0.086864384 574464
1732741708748 0.08625612800000002 577536
1732741770731 0.085647872 580608
1732741848221 0.085039616 583680
1732741907791 0.08443136000000001 586752
1732741969891 0.083823104 589824
1732742028724 0.08321484800000001 592896
1732742092590 0.082606592 595968
1732742156494 0.08199833599999999 599040
1732742214508 0.08139008 602112
1732742277562 0.08078182400000002 605184
1732742341217 0.080173568 608256
1732742402945 0.079565312 611328
1732742462048 0.07895705600000001 614400
1732742533904 0.07834880000000001 617472
1732742587178 0.077740544 620544
1732742645068 0.07713228800000001 623616
1732742699999 0.07652403200000002 626688
1732742760041 0.075915776 629760
1732742821261 0.07530752 632832
1732742878441 0.07469926400000002 635904
1732742936834 0.074091008 638976
1732742997759 0.07348275200000001 642048
1732743062306 0.07287449600000001 645120
1732743125567 0.07226624 648192
1732743182696 0.07165798400000001 651264
1732743241459 0.07104972800000002 654336
1732743299541 0.070441472 657408
1732743361206 0.069833216 660480
1732743417595 0.06922496000000002 663552
1732743480897 0.068616704 666624
1732743545032 0.068008448 669696
1732743604728 0.06740019200000001 672768
1732743662977 0.066791936 675840
1732743717896 0.06618368000000001 678912
1732743775781 0.06557542400000001 681984
1732743833154 0.06496716799999999 685056
1732743888188 0.064358912 688128
1732743945906 0.063750656 691200
1732744000301 0.06314239999999999 694272
1732744058176 0.062534144 697344
1732744113160 0.06192588800000001 700416
1732744166030 0.061317632 703488
1732744227354 0.060709376 706560
1732744281356 0.06010112000000001 709632
1732744341077 0.059492864 712704
1732744397914 0.058884608000000005 715776
1732744445294 0.05827635200000001 718848
1732744495236 0.057668095999999995 721920
1732744553964 0.05705984 724992
1732744615651 0.05645158400000001 728064
1732744673328 0.055843328 731136
1732744727375 0.055235072 734208
1732744784246 0.05462681600000001 737280
1732744842675 0.05401855999999999 740352
1732744896378 0.053410304000000006 743424
1732744960387 0.05280204800000001 746496
1732745017511 0.052193791999999996 749568
1732745078436 0.051585536 752640
1732745132465 0.05097728000000001 755712
1732745198964 0.05036902399999999 758784
1732745261889 0.049760768000000004 761856
1732745319597 0.04915251200000001 764928
1732745372037 0.048544255999999994 768000
1732745433052 0.047936 771072
1732745484539 0.047327744000000005 774144
1732745555094 0.046719487999999997 777216
1732745624321 0.046111232 780288
1732745695433 0.04550297600000001 783360
1732745757492 0.04489472000000001 786432
1732745818158 0.044286464 789504
1732745886482 0.04367820800000001 792576
1732745944678 0.043069952000000016 795648
1732746006318 0.042461696 798720
1732746065585 0.041853440000000006 801792
1732746128612 0.04124518400000001 804864
1732746185660 0.040636927999999996 807936
1732746241248 0.04002867200000001 811008
1732746299918 0.039420416000000014 814080
1732746353045 0.03881216 817152
1732746403679 0.038203904000000004 820224
1732746455449 0.03759564800000001 823296
1732746506674 0.036987392 826368
1732746574301 0.036379136000000006 829440
1732746625428 0.03577088000000001 832512
1732746675491 0.035162623999999996 835584
1732746727423 0.034554368 838656
1732746783678 0.033946112000000014 841728
1732746845390 0.033337856 844800
1732746897147 0.032729600000000005 847872
1732746951836 0.03212134400000001 850944
1732747014416 0.031513087999999995 854016
1732747073598 0.030904832 857088
1732747129234 0.030296576000000013 860160
1732747189890 0.029688319999999997 863232
1732747267382 0.029080064000000003 866304
1732747324687 0.028471808000000008 869376
1732747387758 0.027863551999999993 872448
1732747448616 0.027255296 875520
1732747509681 0.02664704000000001 878592
1732747576827 0.026038783999999995 881664
1732747644257 0.025430528 884736
1732747708421 0.024822272000000006 887808
1732747768444 0.02421401599999999 890880
1732747824639 0.023605760000000003 893952
1732747888323 0.02299750400000001 897024
1732747944910 0.022389247999999994 900096
1732748009528 0.021780992 903168
1732748081695 0.021172736000000004 906240
1732748138544 0.02056447999999999 909312
1732748193021 0.019956224 912384
1732748250589 0.019347968000000007 915456
1732748307638 0.01873971199999999 918528
1732748376343 0.018131455999999997 921600
1732748439374 0.017523200000000006 924672
1732748501231 0.01691494399999999 927744
1732748562327 0.016306688 930816
1732748624047 0.015698432000000005 933888
1732748682407 0.01509017599999999 936960
1732748742117 0.014481919999999997 940032
1732748804517 0.013873664000000004 943104
1732748865399 0.01326540799999999 946176
1732748922153 0.012657151999999998 949248
1732748982825 0.012048896000000005 952320
1732749044818 0.01144063999999999 955392
1732749111312 0.010832383999999997 958464
1732749167679 0.010224128000000004 961536
1732749227179 0.009615872000000011 964608
1732749292503 0.009007615999999996 967680
1732749360318 0.008399360000000003 970752
1732749420889 0.0077911040000000105 973824
1732749477810 0.007182847999999996 976896
1732749539459 0.006574592000000003 979968
1732749600294 0.0059663360000000104 983040
1732749656127 0.005358079999999995 986112
1732749712521 0.004749824000000002 989184
1732749766209 0.0041415680000000095 992256
1732749844534 0.003533311999999995 995328
1732749900975 0.002925056000000002 998400
1732749960019 0.002316800000000009 1001472
