1732729877444 9.969587200000001 6144
1732729923380 9.939174399999999 9216
1732729982977 9.9087616 12288
1732730053810 9.8783488 15360
1732730112417 9.847935999999999 18432
1732730182093 9.8175232 21504
1732730243269 9.7871104 24576
1732730313941 9.756697599999999 27648
1732730380494 9.7262848 30720
1732730460631 9.695872 33792
1732730549122 9.665459199999999 36864
1732730643348 9.6350464 39936
1732730712553 9.6046336 43008
1732730795431 9.574220799999999 46080
1732730864740 9.543808 49152
1732730929021 9.5133952 52224
1732730995766 9.4829824 55296
1732731051410 9.4525696 58368
1732731109785 9.4221568 61440
1732731174940 9.391744 64512
1732731242120 9.3613312 67584
1732731287256 9.3309184 70656
1732731337935 9.3005056 73728
1732731392227 9.2700928 76800
1732731443428 9.23968 79872
1732731511142 9.209267200000001 82944
1732731593547 9.1788544 86016
1732731661256 9.1484416 89088
1732731721685 9.1180288 92160
1732731779414 9.087616 95232
1732731849946 9.0572032 98304
1732731933935 9.026790400000001 101376
1732732009802 8.996377599999999 104448
1732732070490 8.9659648 107520
1732732132173 8.935552 110592
1732732187139 8.905139199999999 113664
1732732246350 8.8747264 116736
1732732302371 8.844313600000001 119808
1732732356752 8.813900799999999 122880
1732732410697 8.783488 125952
1732732465063 8.7530752 129024
1732732518069 8.722662399999999 132096
1732732569459 8.6922496 135168
1732732624994 8.6618368 138240
1732732675043 8.631423999999999 141312
1732732723910 8.6010112 144384
1732732772616 8.5705984 147456
1732732820977 8.5401856 150528
1732732872412 8.5097728 153600
1732732932431 8.47936 156672
1732732982555 8.4489472 159744
1732733046004 8.4185344 162816
1732733108019 8.3881216 165888
1732733175289 8.3577088 168960
1732733234735 8.327296 172032
1732733293710 8.2968832 175104
1732733355115 8.2664704 178176
1732733419763 8.2360576 181248
1732733480924 8.2056448 184320
1732733545391 8.175232 187392
1732733627599 8.1448192 190464
1732733699722 8.1144064 193536
1732733782224 8.0839936 196608
1732733853327 8.0535808 199680
1732733935683 8.023168 202752
1732734012558 7.9927551999999995 205824
1732734108902 7.9623424 208896
1732734181452 7.9319296 211968
1732734256219 7.9015168000000005 215040
1732734349657 7.871104 218112
1732734423623 7.8406912 221184
1732734497862 7.8102784 224256
1732734570451 7.7798656 227328
1732734638559 7.7494528 230400
1732734701748 7.719040000000001 233472
1732734768973 7.6886272 236544
1732734825192 7.6582144 239616
1732734904833 7.6278016 242688
1732734984225 7.5973888 245760
1732735045421 7.566976 248832
1732735130804 7.536563200000001 251904
1732735206516 7.5061504 254976
1732735279290 7.4757376 258048
1732735346618 7.445324799999999 261120
1732735404974 7.414911999999999 264192
1732735483415 7.3844992000000005 267264
1732735531633 7.354086400000001 270336
1732735594862 7.323673599999999 273408
1732735665980 7.2932608 276480
1732735730195 7.262847999999999 279552
1732735801100 7.232435199999999 282624
1732735869325 7.2020224 285696
1732735925194 7.1716096 288768
1732735990452 7.1411967999999995 291840
1732736061101 7.110784 294912
1732736122679 7.080371199999999 297984
1732736188876 7.0499583999999995 301056
1732736247041 7.0195456 304128
1732736309012 6.9891328 307200
1732736373498 6.9587200000000005 310272
1732736429783 6.9283072 313344
1732736489357 6.897894399999999 316416
1732736539914 6.8674816 319488
1732736619101 6.8370688 322560
1732736686042 6.806656 325632
1732736751498 6.776243200000001 328704
1732736822171 6.7458304 331776
1732736882971 6.715417599999999 334848
1732736947981 6.6850048 337920
1732737009649 6.654592 340992
1732737066874 6.6241792 344064
1732737129537 6.593766400000001 347136
1732737197906 6.5633536 350208
1732737263580 6.5329407999999995 353280
1732737321116 6.502528 356352
1732737385524 6.4721152 359424
1732737459986 6.4417024000000005 362496
1732737520439 6.411289600000001 365568
1732737590533 6.3808768 368640
1732737642124 6.350463999999999 371712
1732737703205 6.320051199999999 374784
1732737764020 6.289638399999999 377856
1732737833013 6.2592256 380928
1732737887606 6.228812800000001 384000
1732737957286 6.1983999999999995 387072
1732738017843 6.167987199999999 390144
1732738070549 6.137574399999999 393216
1732738135145 6.1071615999999995 396288
1732738208151 6.0767488 399360
1732738265528 6.046336 402432
1732738335389 6.0159232 405504
1732738391253 5.9855104 408576
1732738445086 5.955097599999999 411648
1732738508914 5.9246848 414720
1732738588540 5.894272 417792
1732738659236 5.8638592 420864
1732738727807 5.8334464 423936
1732738791826 5.8030336 427008
1732738861619 5.772620799999999 430080
1732738919939 5.742208 433152
1732738975929 5.7117952 436224
1732739038636 5.6813824 439296
1732739107929 5.6509696 442368
1732739164728 5.6205568 445440
1732739223944 5.590144 448512
1732739281019 5.5597312 451584
1732739343330 5.5293184 454656
1732739402677 5.4989056000000005 457728
1732739463889 5.4684928 460800
1732739530680 5.43808 463872
1732739590817 5.407667199999999 466944
1732739658060 5.3772544 470016
1732739723742 5.3468416 473088
1732739787270 5.316428800000001 476160
1732739842153 5.286015999999999 479232
1732739901552 5.2556031999999995 482304
1732739955828 5.225190399999999 485376
1732740010626 5.194777599999999 488448
1732740069992 5.1643647999999995 491520
1732740141499 5.133952 494592
1732740198930 5.103539200000001 497664
1732740263227 5.0731264 500736
1732740319593 5.0427136 503808
1732740389532 5.012300799999999 506880
1732740454894 4.981888 509952
1732740511331 4.9514752 513024
1732740571624 4.921062399999999 516096
1732740633361 4.8906496 519168
1732740689729 4.8602368 522240
1732740743306 4.8298239999999995 525312
1732740796849 4.7994112 528384
1732740856601 4.7689984 531456
1732740920192 4.7385855999999995 534528
1732740974827 4.7081728 537600
1732741027100 4.67776 540672
1732741082236 4.6473472 543744
1732741140988 4.6169344 546816
1732741194813 4.5865216 549888
1732741243369 4.5561088 552960
1732741297323 4.525696 556032
1732741347836 4.4952832 559104
1732741400528 4.4648704 562176
1732741466998 4.4344576 565248
1732741535606 4.4040448 568320
1732741590249 4.373632 571392
1732741648777 4.3432192 574464
1732741708753 4.3128064 577536
1732741770736 4.282393599999999 580608
1732741848226 4.251980799999999 583680
1732741907794 4.221568 586752
1732741969894 4.191155199999999 589824
1732742028729 4.160742399999999 592896
1732742092596 4.1303296 595968
1732742156497 4.0999168 599040
1732742214513 4.069504 602112
1732742277567 4.0390912000000005 605184
1732742341235 4.008678399999999 608256
1732742402950 3.9782656 611328
1732742462053 3.9478528000000006 614400
1732742533910 3.917440000000001 617472
1732742587183 3.8870272 620544
1732742645073 3.8566144 623616
1732742700004 3.8262016000000005 626688
1732742760046 3.7957888 629760
1732742821275 3.7653760000000003 632832
1732742878447 3.7349632000000006 635904
1732742936851 3.7045504 638976
1732742997764 3.6741376000000003 642048
1732743062311 3.6437248000000007 645120
1732743125573 3.613312 648192
1732743182700 3.5828992000000004 651264
1732743241464 3.5524864000000007 654336
1732743299545 3.5220736 657408
1732743361211 3.4916608000000005 660480
1732743417599 3.4612480000000008 663552
1732743480902 3.4308351999999998 666624
1732743545037 3.4004224 669696
1732743604732 3.370009600000001 672768
1732743662982 3.3395968 675840
1732743717901 3.309184 678912
1732743775786 3.2787712000000004 681984
1732743833159 3.2483584 685056
1732743888194 3.2179456 688128
1732743945911 3.1875328000000005 691200
1732744000306 3.15712 694272
1732744058180 3.1267072000000002 697344
1732744113165 3.0962944000000006 700416
1732744166036 3.0658816 703488
1732744227359 3.0354688000000003 706560
1732744281360 3.0050560000000006 709632
1732744341082 2.9746431999999996 712704
1732744397919 2.9442304000000004 715776
1732744445299 2.9138176000000007 718848
1732744495240 2.8834047999999997 721920
1732744553981 2.852992 724992
1732744615656 2.8225792000000003 728064
1732744673332 2.7921663999999997 731136
1732744727380 2.7617536 734208
1732744784252 2.7313408000000003 737280
1732744842680 2.7009279999999998 740352
1732744896383 2.6705152 743424
1732744960393 2.6401024000000004 746496
1732745017517 2.6096896 749568
1732745078441 2.5792768 752640
1732745132470 2.5488640000000005 755712
1732745198969 2.5184512 758784
1732745261894 2.4880384 761856
1732745319602 2.4576256000000005 764928
1732745372043 2.4272127999999995 768000
1732745433069 2.3968 771072
1732745484544 2.3663872000000006 774144
1732745555112 2.3359743999999996 777216
1732745624326 2.3055616 780288
1732745695438 2.2751488 783360
1732745757495 2.2447360000000005 786432
1732745818163 2.2143232 789504
1732745886487 2.1839104000000003 792576
1732745944682 2.1534976000000006 795648
1732746006323 2.1230848 798720
1732746065602 2.0926720000000003 801792
1732746128615 2.0622592000000006 804864
1732746185664 2.0318463999999996 807936
1732746241252 2.0014336000000004 811008
1732746299923 1.9710208000000007 814080
1732746353051 1.9406079999999999 817152
1732746403682 1.9101952000000002 820224
1732746455454 1.8797824000000005 823296
1732746506677 1.8493696 826368
1732746574305 1.8189568000000003 829440
1732746625433 1.7885440000000006 832512
1732746675496 1.7581311999999998 835584
1732746727426 1.7277184000000003 838656
1732746783682 1.6973056000000006 841728
1732746845393 1.6668927999999998 844800
1732746897152 1.6364800000000002 847872
1732746951840 1.6060672000000005 850944
1732747014420 1.5756544 854016
1732747073604 1.5452416000000002 857088
1732747129252 1.5148288000000005 860160
1732747189893 1.4844159999999997 863232
1732747267388 1.4540032 866304
1732747324692 1.4235904000000006 869376
1732747387763 1.3931775999999998 872448
1732747448621 1.3627648 875520
1732747509686 1.3323520000000004 878592
1732747576832 1.3019391999999996 881664
1732747644262 1.2715264000000002 884736
1732747708427 1.2411136000000005 887808
1732747768450 1.2107007999999997 890880
1732747824644 1.180288 893952
1732747888328 1.1498752000000005 897024
1732747944914 1.1194623999999997 900096
1732748009532 1.0890496 903168
1732748081698 1.0586368000000004 906240
1732748138548 1.0282239999999996 909312
1732748193026 0.9978111999999999 912384
1732748250594 0.9673984000000003 915456
1732748307642 0.9369855999999995 918528
1732748376348 0.9065727999999998 921600
1732748439380 0.8761600000000003 924672
1732748501236 0.8457471999999995 927744
1732748562331 0.8153343999999999 930816
1732748624052 0.7849216000000002 933888
1732748682413 0.7545087999999995 936960
1732748742122 0.7240959999999999 940032
1732748804522 0.6936832000000002 943104
1732748865405 0.6632703999999995 946176
1732748922158 0.6328575999999998 949248
1732748982831 0.6024448000000002 952320
1732749044823 0.5720319999999994 955392
1732749111317 0.5416191999999999 958464
1732749167685 0.5112064000000002 961536
1732749227184 0.4807936000000006 964608
1732749292509 0.4503807999999998 967680
1732749360323 0.4199680000000001 970752
1732749420894 0.38955520000000055 973824
1732749477815 0.35914239999999975 976896
1732749539463 0.3287296000000002 979968
1732749600300 0.2983168000000005 983040
1732749656132 0.26790399999999975 986112
1732749712524 0.23749120000000012 989184
1732749766216 0.2070784000000005 992256
1732749844540 0.17666559999999976 995328
1732749900981 0.1462528000000001 998400
1732749960025 0.11584000000000046 1001472
