1732729877461 -2.837877035140991 6144
1732729923385 -2.837877035140991 9216
1732729982983 -2.837877035140991 12288
1732730053815 -2.837877035140991 15360
1732730112421 -2.837877035140991 18432
1732730182098 -2.837877035140991 21504
1732730243272 -2.837877035140991 24576
1732730313947 -2.837877035140991 27648
1732730380500 -2.837877035140991 30720
1732730460636 -2.837877035140991 33792
1732730549140 -2.837877035140991 36864
1732730643353 -2.837877035140991 39936
1732730712558 -2.837877035140991 43008
1732730795437 -2.837877035140991 46080
1732730864745 -2.837877035140991 49152
1732730929038 -2.837877035140991 52224
1732730995770 -2.837877035140991 55296
1732731051415 -2.837877035140991 58368
1732731109788 -2.837877035140991 61440
1732731174945 -2.837877035140991 64512
1732731242125 -2.837877035140991 67584
1732731287262 -2.837877035140991 70656
1732731337941 -2.837877035140991 73728
1732731392231 -2.837877035140991 76800
1732731443433 -2.837877035140991 79872
1732731511147 -2.837877035140991 82944
1732731593552 -2.837877035140991 86016
1732731661262 -2.837877035140991 89088
1732731721690 -2.837877035140991 92160
1732731779419 -2.837877035140991 95232
1732731849951 -2.837877035140991 98304
1732731933940 -2.837877035140991 101376
1732732009806 -2.837877035140991 104448
1732732070495 -2.837877035140991 107520
1732732132179 -2.837877035140991 110592
1732732187144 -2.837877035140991 113664
1732732246355 -2.837877035140991 116736
1732732302376 -2.837877035140991 119808
1732732356756 -2.837877035140991 122880
1732732410702 -2.837877035140991 125952
1732732465068 -2.837877035140991 129024
1732732518074 -2.837877035140991 132096
1732732569463 -2.837877035140991 135168
1732732624999 -2.837877035140991 138240
1732732675047 -2.837877035140991 141312
1732732723915 -2.837877035140991 144384
1732732772621 -2.837877035140991 147456
1732732820983 -2.837877035140991 150528
1732732872418 -2.837877035140991 153600
1732732932436 -2.837877035140991 156672
1732732982558 -2.837877035140991 159744
1732733046021 -2.837877035140991 162816
1732733108025 -2.837877035140991 165888
1732733175293 -2.837877035140991 168960
1732733234740 -2.837877035140991 172032
1732733293714 -2.837877035140991 175104
1732733355121 -2.837877035140991 178176
1732733419769 -2.837877035140991 181248
1732733480929 -2.837877035140991 184320
1732733545396 -2.837877035140991 187392
1732733627603 -2.837877035140991 190464
1732733699739 -2.837877035140991 193536
1732733782241 -2.837877035140991 196608
1732733853332 -2.837877035140991 199680
1732733935688 -2.837877035140991 202752
1732734012564 -2.837877035140991 205824
1732734108907 -2.837877035140991 208896
1732734181458 -2.837877035140991 211968
1732734256222 -2.837877035140991 215040
1732734349662 -2.837877035140991 218112
1732734423639 -2.837877035140991 221184
1732734497866 -2.837877035140991 224256
1732734570457 -2.837877035140991 227328
1732734638562 -2.837877035140991 230400
1732734701753 -2.837877035140991 233472
1732734768979 -2.837877035140991 236544
1732734825197 -2.837877035140991 239616
1732734904837 -2.837877035140991 242688
1732734984231 -2.837877035140991 245760
1732735045425 -2.837877035140991 248832
1732735130809 -2.837877035140991 251904
1732735206519 -2.837877035140991 254976
1732735279297 -2.837877035140991 258048
1732735346623 -2.837877035140991 261120
1732735404979 -2.837877035140991 264192
1732735483419 -2.837877035140991 267264
1732735531638 -2.837877035140991 270336
1732735594865 -2.837877035140991 273408
1732735665998 -2.837877035140991 276480
1732735730201 -2.837877035140991 279552
1732735801106 -2.837877035140991 282624
1732735869330 -2.837877035140991 285696
1732735925197 -2.837877035140991 288768
1732735990456 -2.837877035140991 291840
1732736061104 -2.837877035140991 294912
1732736122684 -2.837877035140991 297984
1732736188881 -2.837877035140991 301056
1732736247047 -2.837877035140991 304128
1732736309017 -2.837877035140991 307200
1732736373503 -2.837877035140991 310272
1732736429789 -2.837877035140991 313344
1732736489361 -2.837877035140991 316416
1732736539919 -2.837877035140991 319488
1732736619107 -2.837877035140991 322560
1732736686047 -2.837877035140991 325632
1732736751504 -2.837877035140991 328704
1732736822177 -2.837877035140991 331776
1732736882976 -2.837877035140991 334848
1732736947986 -2.837877035140991 337920
1732737009654 -2.837877035140991 340992
1732737066878 -2.837877035140991 344064
1732737129540 -2.837877035140991 347136
1732737197913 -2.837877035140991 350208
1732737263585 -2.837877035140991 353280
1732737321119 -2.837877035140991 356352
1732737385529 -2.837877035140991 359424
1732737460003 -2.837877035140991 362496
1732737520445 -2.837877035140991 365568
1732737590539 -2.837877035140991 368640
1732737642127 -2.837877035140991 371712
1732737703210 -2.837877035140991 374784
1732737764026 -2.837877035140991 377856
1732737833016 -2.837877035140991 380928
1732737887623 -2.837877035140991 384000
1732737957291 -2.837877035140991 387072
1732738017848 -2.837877035140991 390144
1732738070553 -2.837877035140991 393216
1732738135151 -2.837877035140991 396288
1732738208156 -2.837877035140991 399360
1732738265533 -2.837877035140991 402432
1732738335394 -2.837877035140991 405504
1732738391257 -2.837877035140991 408576
1732738445091 -2.837877035140991 411648
1732738508925 -2.837877035140991 414720
1732738588543 -2.837877035140991 417792
1732738659241 -2.837877035140991 420864
1732738727811 -2.837877035140991 423936
1732738791832 -2.837877035140991 427008
1732738861624 -2.837877035140991 430080
1732738919944 -2.837877035140991 433152
1732738975934 -2.837877035140991 436224
1732739038642 -2.837877035140991 439296
1732739107934 -2.837877035140991 442368
1732739164732 -2.837877035140991 445440
1732739223948 -2.837877035140991 448512
1732739281024 -2.837877035140991 451584
1732739343335 -2.837877035140991 454656
1732739402682 -2.837877035140991 457728
1732739463893 -2.837877035140991 460800
1732739530685 -2.837877035140991 463872
1732739590821 -2.837877035140991 466944
1732739658066 -2.837877035140991 470016
1732739723746 -2.837877035140991 473088
1732739787275 -2.837877035140991 476160
1732739842159 -2.837877035140991 479232
1732739901568 -2.837877035140991 482304
1732739955833 -2.837877035140991 485376
1732740010631 -2.837877035140991 488448
1732740069996 -2.837877035140991 491520
1732740141505 -2.837877035140991 494592
1732740198935 -2.837877035140991 497664
1732740263232 -2.837877035140991 500736
1732740319598 -2.837877035140991 503808
1732740389537 -2.837877035140991 506880
1732740454899 -2.837877035140991 509952
1732740511336 -2.837877035140991 513024
1732740571642 -2.837877035140991 516096
1732740633364 -2.837877035140991 519168
1732740689740 -2.837877035140991 522240
1732740743311 -2.837877035140991 525312
1732740796854 -2.837877035140991 528384
1732740856606 -2.837877035140991 531456
1732740920197 -2.837877035140991 534528
1732740974832 -2.837877035140991 537600
1732741027106 -2.837877035140991 540672
1732741082242 -2.837877035140991 543744
1732741140992 -2.837877035140991 546816
1732741194816 -2.837877035140991 549888
1732741243374 -2.837877035140991 552960
1732741297328 -2.837877035140991 556032
1732741347839 -2.837877035140991 559104
1732741400533 -2.837877035140991 562176
1732741467003 -2.837877035140991 565248
1732741535612 -2.837877035140991 568320
1732741590252 -2.837877035140991 571392
1732741648783 -2.837877035140991 574464
1732741708759 -2.837877035140991 577536
1732741770742 -2.837877035140991 580608
1732741848231 -2.837877035140991 583680
1732741907798 -2.837877035140991 586752
1732741969898 -2.837877035140991 589824
1732742028734 -2.837877035140991 592896
1732742092602 -2.837877035140991 595968
1732742156501 -2.837877035140991 599040
1732742214518 -2.837877035140991 602112
1732742277573 -2.837877035140991 605184
1732742341240 -2.837877035140991 608256
1732742402956 -2.837877035140991 611328
1732742462058 -2.837877035140991 614400
1732742533916 -2.837877035140991 617472
1732742587188 -2.837877035140991 620544
1732742645079 -2.837877035140991 623616
1732742700010 -2.837877035140991 626688
1732742760050 -2.837877035140991 629760
1732742821280 -2.837877035140991 632832
1732742878452 -2.837877035140991 635904
1732742936856 -2.837877035140991 638976
1732742997770 -2.837877035140991 642048
1732743062329 -2.837877035140991 645120
1732743125578 -2.837877035140991 648192
1732743182715 -2.837877035140991 651264
1732743241469 -2.837877035140991 654336
1732743299550 -2.837877035140991 657408
1732743361216 -2.837877035140991 660480
1732743417602 -2.837877035140991 663552
1732743480908 -2.837877035140991 666624
1732743545042 -2.837877035140991 669696
1732743604736 -2.837877035140991 672768
1732743663000 -2.837877035140991 675840
1732743717906 -2.837877035140991 678912
1732743775791 -2.837877035140991 681984
1732743833164 -2.837877035140991 685056
1732743888199 -2.837877035140991 688128
1732743945917 -2.837877035140991 691200
1732744000312 -2.837877035140991 694272
1732744058195 -2.837877035140991 697344
1732744113171 -2.837877035140991 700416
1732744166042 -2.837877035140991 703488
1732744227363 -2.837877035140991 706560
1732744281364 -2.837877035140991 709632
1732744341087 -2.837877035140991 712704
1732744397924 -2.837877035140991 715776
1732744445304 -2.837877035140991 718848
1732744495245 -2.837877035140991 721920
1732744553986 -2.837877035140991 724992
1732744615662 -2.837877035140991 728064
1732744673336 -2.837877035140991 731136
1732744727386 -2.837877035140991 734208
1732744784257 -2.837877035140991 737280
1732744842697 -2.837877035140991 740352
1732744896388 -2.837877035140991 743424
1732744960398 -2.837877035140991 746496
1732745017522 -2.837877035140991 749568
1732745078447 -2.837877035140991 752640
1732745132487 -2.837877035140991 755712
1732745198975 -2.837877035140991 758784
1732745261898 -2.837877035140991 761856
1732745319607 -2.837877035140991 764928
1732745372049 -2.837877035140991 768000
1732745433074 -2.837877035140991 771072
1732745484549 -2.837877035140991 774144
1732745555117 -2.837877035140991 777216
1732745624342 -2.837877035140991 780288
1732745695443 -2.837877035140991 783360
1732745757498 -2.837877035140991 786432
1732745818169 -2.837877035140991 789504
1732745886492 -2.837877035140991 792576
1732745944686 -2.837877035140991 795648
1732746006329 -2.837877035140991 798720
1732746065605 -2.837877035140991 801792
1732746128618 -2.837877035140991 804864
1732746185669 -2.837877035140991 807936
1732746241255 -2.837877035140991 811008
1732746299928 -2.837877035140991 814080
1732746353056 -2.837877035140991 817152
1732746403684 -2.837877035140991 820224
1732746455458 -2.837877035140991 823296
1732746506680 -2.837877035140991 826368
1732746574309 -2.837877035140991 829440
1732746625437 -2.837877035140991 832512
1732746675502 -2.837877035140991 835584
1732746727429 -2.837877035140991 838656
1732746783686 -2.837877035140991 841728
1732746845408 -2.837877035140991 844800
1732746897157 -2.837877035140991 847872
1732746951844 -2.837877035140991 850944
1732747014424 -2.837877035140991 854016
1732747073609 -2.837877035140991 857088
1732747129258 -2.837877035140991 860160
1732747189895 -2.837877035140991 863232
1732747267393 -2.837877035140991 866304
1732747324697 -2.837877035140991 869376
1732747387769 -2.837877035140991 872448
1732747448627 -2.837877035140991 875520
1732747509692 -2.837877035140991 878592
1732747576838 -2.837877035140991 881664
1732747644267 -2.837877035140991 884736
1732747708432 -2.837877035140991 887808
1732747768455 -2.837877035140991 890880
1732747824649 -2.837877035140991 893952
1732747888333 -2.837877035140991 897024
1732747944917 -2.837877035140991 900096
1732748009544 -2.837877035140991 903168
1732748081702 -2.837877035140991 906240
1732748138552 -2.837877035140991 909312
1732748193031 -2.837877035140991 912384
1732748250599 -2.837877035140991 915456
1732748307645 -2.837877035140991 918528
1732748376354 -2.837877035140991 921600
1732748439385 -2.837877035140991 924672
1732748501241 -2.837877035140991 927744
1732748562336 -2.837877035140991 930816
1732748624069 -2.837877035140991 933888
1732748682418 -2.837877035140991 936960
1732748742128 -2.837877035140991 940032
1732748804527 -2.837877035140991 943104
1732748865410 -2.837877035140991 946176
1732748922162 -2.837877035140991 949248
1732748982836 -2.837877035140991 952320
1732749044827 -2.837877035140991 955392
1732749111334 -2.837877035140991 958464
1732749167690 -2.837877035140991 961536
1732749227201 -2.837877035140991 964608
1732749292514 -2.837877035140991 967680
1732749360327 -2.837877035140991 970752
1732749420899 -2.837877035140991 973824
1732749477820 -2.837877035140991 976896
1732749539466 -2.837877035140991 979968
1732749600305 -2.837877035140991 983040
1732749656137 -2.837877035140991 986112
1732749712528 -2.837877035140991 989184
1732749766223 -2.837877035140991 992256
1732749844545 -2.837877035140991 995328
1732749900986 -2.837877035140991 998400
1732749960031 -2.837877035140991 1001472
