1732729877466 -0.01860642433166504 6144
1732729923390 0.2647971510887146 9216
1732729982988 0.4304240345954895 12288
1732730053820 -0.005697369575500488 15360
1732730112425 0.05266249179840088 18432
1732730182117 0.21273797750473022 21504
1732730243288 0.2848231792449951 24576
1732730313964 0.4277881383895874 27648
1732730380505 0.4465630054473877 30720
1732730460640 0.5882788300514221 33792
1732730549146 0.5654957294464111 36864
1732730643358 0.5989793539047241 39936
1732730712564 0.6590340733528137 43008
1732730795442 0.8245919942855835 46080
1732730864750 0.7676220536231995 49152
1732730929044 0.8508551120758057 52224
1732730995775 0.8938676118850708 55296
1732731051434 0.9040848016738892 58368
1732731109792 0.9384814500808716 61440
1732731174950 0.9643104076385498 64512
1732731242130 0.9494318962097168 67584
1732731287267 0.41410183906555176 70656
1732731337946 0.9667293429374695 73728
1732731392236 0.9549517631530762 76800
1732731443438 0.9735001921653748 79872
1732731511152 0.3619610071182251 82944
1732731593558 0.9024732112884521 86016
1732731661267 0.786526620388031 89088
1732731721696 0.926476240158081 92160
1732731779425 0.9392876029014587 95232
1732731849956 0.5567148923873901 98304
1732731933945 0.5483744144439697 101376
1732732009811 0.8956964612007141 104448
1732732070500 0.962253212928772 107520
1732732132183 0.8685694336891174 110592
1732732187150 0.9088398218154907 113664
1732732246361 0.9604536890983582 116736
1732732302381 0.9548183083534241 119808
1732732356759 0.9817822575569153 122880
1732732410708 0.9323309063911438 125952
1732732465074 0.9640133380889893 129024
1732732518079 0.5745825171470642 132096
1732732569467 0.9757516980171204 135168
1732732625005 0.9598913192749023 138240
1732732675052 0.9357331991195679 141312
1732732723921 0.9045285582542419 144384
1732732772627 0.80832839012146 147456
1732732820988 0.8796656131744385 150528
1732732872423 0.8553254008293152 153600
1732732932441 0.9843207001686096 156672
1732732982560 0.9638073444366455 159744
1732733046026 0.9191256761550903 162816
1732733108030 0.9389095306396484 165888
1732733175297 0.4437105059623718 168960
1732733234745 0.8532006740570068 172032
1732733293717 0.9238924384117126 175104
1732733355126 0.8857175707817078 178176
1732733419775 0.5928968191146851 181248
1732733480934 0.22619080543518066 184320
1732733545401 0.48355233669281006 187392
1732733627607 0.608357846736908 190464
1732733699745 0.5609848499298096 193536
1732733782246 0.6101086139678955 196608
1732733853337 0.6940534114837646 199680
1732733935694 0.659252405166626 202752
1732734012569 0.758493185043335 205824
1732734108923 0.7876721024513245 208896
1732734181463 0.7574195265769958 211968
1732734256226 0.6923307776451111 215040
1732734349668 0.8215042352676392 218112
1732734423644 0.7801610827445984 221184
1732734497869 0.5292232632637024 224256
1732734570463 0.7256206274032593 227328
1732734638565 0.7430229783058167 230400
1732734701759 0.802293598651886 233472
1732734768984 0.593123197555542 236544
1732734825202 0.8321350812911987 239616
1732734904842 0.35986608266830444 242688
1732734984236 0.7861367464065552 245760
1732735045429 0.8704514503479004 248832
1732735130813 0.8869972825050354 251904
1732735206523 0.8961144089698792 254976
1732735279302 0.8903689980506897 258048
1732735346629 0.8207129836082458 261120
1732735404984 0.9118725061416626 264192
1732735483423 0.6467010378837585 267264
1732735531643 0.8781590461730957 270336
1732735594869 0.7496448159217834 273408
1732735666004 0.5249176025390625 276480
1732735730207 0.8339549899101257 279552
1732735801111 0.849439263343811 282624
1732735869334 0.9245129823684692 285696
1732735925200 0.9488232731819153 288768
1732735990460 0.6947283744812012 291840
1732736061109 0.9249454140663147 294912
1732736122688 0.9141786694526672 297984
1732736188887 0.853035569190979 301056
1732736247052 0.8249800205230713 304128
1732736309022 0.8714932203292847 307200
1732736373509 0.7855549454689026 310272
1732736429794 0.8457245826721191 313344
1732736489365 0.793115496635437 316416
1732736539924 0.4985203146934509 319488
1732736619112 0.7857393026351929 322560
1732736686052 0.6927000284194946 325632
1732736751509 0.6941878795623779 328704
1732736822182 0.7555771470069885 331776
1732736882981 0.21367812156677246 334848
1732736947991 0.7397100925445557 337920
1732737009658 0.12291926145553589 340992
1732737066883 0.7688291668891907 344064
1732737129543 -0.18848252296447754 347136
1732737197919 0.6195976138114929 350208
1732737263590 0.6037794351577759 353280
1732737321123 0.6642884612083435 356352
1732737385535 0.6852717399597168 359424
1732737460009 0.806403636932373 362496
1732737520450 0.8600797057151794 365568
1732737590544 0.5477573871612549 368640
1732737642130 0.7818025350570679 371712
1732737703215 0.8274021744728088 374784
1732737764031 0.6558036804199219 377856
1732737833020 0.722681999206543 380928
1732737887628 0.7892130613327026 384000
1732737957296 0.792153000831604 387072
1732738017852 0.8319844603538513 390144
1732738070557 0.8364349603652954 393216
1732738135156 0.5512099862098694 396288
1732738208162 0.6087760925292969 399360
1732738265538 0.4762710928916931 402432
1732738335411 0.5418094396591187 405504
1732738391261 0.6646295189857483 408576
1732738445097 0.3920937776565552 411648
1732738508928 0.6057001352310181 414720
1732738588547 0.8033536672592163 417792
1732738659245 0.6618722081184387 420864
1732738727816 0.6971248388290405 423936
1732738791837 0.6574995517730713 427008
1732738861629 0.6885440945625305 430080
1732738919949 0.7050108313560486 433152
1732738975938 0.6418211460113525 436224
1732739038646 0.6886641383171082 439296
1732739107939 0.611329972743988 442368
1732739164736 0.7342709898948669 445440
1732739223950 0.5974935293197632 448512
1732739281042 0.5968209505081177 451584
1732739343340 0.6271145343780518 454656
1732739402688 0.714211106300354 457728
1732739463897 0.7161903381347656 460800
1732739530690 0.4262809753417969 463872
1732739590825 0.7382057905197144 466944
1732739658071 0.6880142092704773 470016
1732739723751 0.8841555118560791 473088
1732739787292 0.5656404495239258 476160
1732739842164 0.7375684380531311 479232
1732739901574 0.8329244256019592 482304
1732739955838 0.7513370513916016 485376
1732740010635 0.07015746831893921 488448
1732740070000 0.4309415817260742 491520
1732740141510 0.45245057344436646 494592
1732740198940 0.5513505935668945 497664
1732740263250 0.34456658363342285 500736
1732740319604 0.4519358277320862 503808
1732740389543 0.3525736927986145 506880
1732740454916 0.7206912040710449 509952
1732740511342 0.5576775074005127 513024
1732740571647 0.5460994839668274 516096
1732740633368 0.08918803930282593 519168
1732740689744 0.5806649923324585 522240
1732740743317 0.5425069332122803 525312
1732740796859 0.3196510076522827 528384
1732740856610 0.5525306463241577 531456
1732740920202 0.7762895822525024 534528
1732740974836 0.18061262369155884 537600
1732741027112 0.5942637920379639 540672
1732741082247 0.7498612403869629 543744
1732741140997 0.9399405121803284 546816
1732741194819 0.9660258293151855 549888
1732741243379 0.9635152816772461 552960
1732741297340 0.9359697103500366 556032
1732741347842 0.920731246471405 559104
1732741400550 0.8617768287658691 562176
1732741467009 0.47782862186431885 565248
1732741535617 0.8340590000152588 568320
1732741590256 0.7043405771255493 571392
1732741648788 0.7878579497337341 574464
1732741708764 0.8250746726989746 577536
1732741770747 0.7906816005706787 580608
1732741848237 0.7857568860054016 583680
1732741907801 0.5728968381881714 586752
1732741969902 0.6224329471588135 589824
1732742028739 0.6982845067977905 592896
1732742092608 0.6228253841400146 595968
1732742156519 0.6190050840377808 599040
1732742214523 0.5485455393791199 602112
1732742277579 0.0803830623626709 605184
1732742341245 0.8248037695884705 608256
1732742402962 0.7004098892211914 611328
1732742462063 0.6892088651657104 614400
1732742533921 0.9047857522964478 617472
1732742587193 0.6006761789321899 620544
1732742645084 0.4051916003227234 623616
1732742700016 0.8029465675354004 626688
1732742760055 0.7859798073768616 629760
1732742821283 0.5819740295410156 632832
1732742878457 0.6359025239944458 635904
1732742936861 0.7129067182540894 638976
1732742997775 0.6891455054283142 642048
1732743062335 0.48128294944763184 645120
1732743125583 0.671965479850769 648192
1732743182719 0.6959908604621887 651264
1732743241475 0.7118425369262695 654336
1732743299555 0.7147620320320129 657408
1732743361233 0.5247852802276611 660480
1732743417606 0.7626606225967407 663552
1732743480913 0.45652490854263306 666624
1732743545046 0.8668255805969238 669696
1732743604740 0.7468106150627136 672768
1732743663005 0.7020095586776733 675840
1732743717911 0.31231796741485596 678912
1732743775796 0.1150708794593811 681984
1732743833168 0.8197925090789795 685056
1732743888204 0.5118598341941833 688128
1732743945922 0.1914566159248352 691200
1732744000318 0.7527369856834412 694272
1732744058199 0.6942634582519531 697344
1732744113176 0.7878913283348083 700416
1732744166046 0.8998279571533203 703488
1732744227368 0.9520496129989624 706560
1732744281369 0.9473812580108643 709632
1732744341103 0.5540583729743958 712704
1732744397929 0.691287636756897 715776
1732744445309 0.7787519693374634 718848
1732744495250 0.5128981471061707 721920
1732744553991 0.5267758369445801 724992
1732744615667 0.8239579796791077 728064
1732744673346 0.886748731136322 731136
1732744727391 0.5222611427307129 734208
1732744784262 0.4690631031990051 737280
1732744842702 0.42528825998306274 740352
1732744896393 0.671367347240448 743424
1732744960403 0.5950831174850464 746496
1732745017527 0.6510195732116699 749568
1732745078452 0.6172827482223511 752640
1732745132492 0.08109885454177856 755712
1732745198991 0.05238825082778931 758784
1732745261916 0.8505802154541016 761856
1732745319611 0.7309180498123169 764928
1732745372054 0.6358059644699097 768000
1732745433080 0.10704749822616577 771072
1732745484555 0.6726000905036926 774144
1732745555123 0.8080570697784424 777216
1732745624347 0.8006104826927185 780288
1732745695461 0.04543274641036987 783360
1732745757501 0.5626789331436157 786432
1732745818174 0.6945680379867554 789504
1732745886497 0.5824294090270996 792576
1732745944689 0.7391295433044434 795648
1732746006334 0.5465258359909058 798720
1732746065609 0.677082896232605 801792
1732746128623 0.4677605628967285 804864
1732746185674 0.6311455368995667 807936
1732746241259 0.4674297571182251 811008
1732746299934 0.8309048414230347 814080
1732746353062 0.6818516254425049 817152
1732746403687 0.48724377155303955 820224
1732746455463 0.19297969341278076 823296
1732746506683 0.6985028386116028 826368
1732746574312 0.44529640674591064 829440
1732746625442 0.6554498076438904 832512
1732746675520 0.5082473754882812 835584
1732746727432 0.6105038523674011 838656
1732746783693 0.546330451965332 841728
1732746845411 0.7409405708312988 844800
1732746897164 0.8339071869850159 847872
1732746951849 0.87016361951828 850944
1732747014428 0.8942500352859497 854016
1732747073614 0.7078875303268433 857088
1732747129263 0.3096768856048584 860160
1732747189898 0.34868162870407104 863232
1732747267398 0.8386921882629395 866304
1732747324703 0.6875579357147217 869376
1732747387775 0.45826107263565063 872448
1732747448632 0.8243995308876038 875520
1732747509697 0.8772647976875305 878592
1732747576843 0.9259389042854309 881664
1732747644273 0.6422539949417114 884736
1732747708437 0.7997922301292419 887808
1732747768460 0.47857141494750977 890880
1732747824655 0.7511969804763794 893952
1732747888338 0.7169493436813354 897024
1732747944921 0.6868147850036621 900096
1732748009554 0.8319758772850037 903168
1732748081705 0.8363981246948242 906240
1732748138555 0.6775493621826172 909312
1732748193037 0.7294416427612305 912384
1732748250605 0.879746675491333 915456
1732748307649 0.565796971321106 918528
1732748376359 0.7471606731414795 921600
1732748439391 0.7976641654968262 924672
1732748501246 0.3353676199913025 927744
1732748562340 0.6888433694839478 930816
1732748624074 0.7307695150375366 933888
1732748682422 0.5361682176589966 936960
1732748742133 0.6317052245140076 940032
1732748804533 0.18858379125595093 943104
1732748865415 0.7126177549362183 946176
1732748922179 0.808556318283081 949248
1732748982841 0.8379067778587341 952320
1732749044832 0.7657755613327026 955392
1732749111340 0.7462730407714844 958464
1732749167695 0.7120794057846069 961536
1732749227206 0.4007109999656677 964608
1732749292518 0.5611897110939026 967680
1732749360332 0.8826192617416382 970752
1732749420905 0.8634648323059082 973824
1732749477826 0.8239298462867737 976896
1732749539469 0.2435927391052246 979968
1732749600310 0.8556961417198181 983040
1732749656143 0.8497985005378723 986112
1732749712531 0.8563071489334106 989184
1732749766229 0.9023354053497314 992256
1732749844550 0.889495849609375 995328
1732749900992 0.8811836838722229 998400
1732749960037 0.791047215461731 1001472
