1732729877472 0.00039878348800000005 6144
1732729923396 0.000397566976 9216
1732729982993 0.000396350464 12288
1732730053825 0.00039513395200000003 15360
1732730112442 0.00039391744 18432
1732730182122 0.00039270092800000004 21504
1732730243293 0.000391484416 24576
1732730313969 0.000390267904 27648
1732730380510 0.000389051392 30720
1732730460644 0.00038783488000000005 33792
1732730549151 0.000386618368 36864
1732730643363 0.000385401856 39936
1732730712569 0.00038418534400000003 43008
1732730795448 0.000382968832 46080
1732730864756 0.00038175232000000004 49152
1732730929050 0.000380535808 52224
1732730995780 0.000379319296 55296
1732731051439 0.000378102784 58368
1732731109795 0.00037688627200000005 61440
1732731174956 0.00037566976 64512
1732731242136 0.000374453248 67584
1732731287273 0.00037323673600000003 70656
1732731337951 0.000372020224 73728
1732731392241 0.00037080371200000004 76800
1732731443443 0.0003695872 79872
1732731511157 0.00036837068800000004 82944
1732731593563 0.000367154176 86016
1732731661272 0.00036593766400000005 89088
1732731721701 0.00036472115199999997 92160
1732731779430 0.00036350464 95232
1732731849962 0.00036228812800000003 98304
1732731933950 0.00036107161600000006 101376
1732732009816 0.00035985510400000003 104448
1732732070506 0.000358638592 107520
1732732132187 0.00035742208 110592
1732732187155 0.000356205568 113664
1732732246366 0.00035498905600000005 116736
1732732302385 0.000353772544 119808
1732732356763 0.000352556032 122880
1732732410714 0.00035133952000000003 125952
1732732465079 0.000350123008 129024
1732732518085 0.000348906496 132096
1732732569470 0.000347689984 135168
1732732625010 0.00034647347200000004 138240
1732732675057 0.00034525696 141312
1732732723926 0.000344040448 144384
1732732772632 0.00034282393599999997 147456
1732732820993 0.000341607424 150528
1732732872429 0.00034039091200000003 153600
1732732932447 0.00033917440000000006 156672
1732732982563 0.000337957888 159744
1732733046031 0.000336741376 162816
1732733108035 0.00033552486400000004 165888
1732733175300 0.000334308352 168960
1732733234751 0.00033309184 172032
1732733293721 0.000331875328 175104
1732733355131 0.000330658816 178176
1732733419780 0.000329442304 181248
1732733480939 0.000328225792 184320
1732733545407 0.00032700928 187392
1732733627611 0.000325792768 190464
1732733699750 0.00032457625600000004 193536
1732733782251 0.000323359744 196608
1732733853342 0.000322143232 199680
1732733935699 0.00032092672 202752
1732734012574 0.000319710208 205824
1732734108928 0.000318493696 208896
1732734181469 0.000317277184 211968
1732734256229 0.00031606067200000003 215040
1732734349673 0.00031484416 218112
1732734423649 0.00031362764800000004 221184
1732734497873 0.000312411136 224256
1732734570468 0.000311194624 227328
1732734638567 0.000309978112 230400
1732734701764 0.00030876160000000005 233472
1732734768990 0.000307545088 236544
1732734825207 0.000306328576 239616
1732734904859 0.000305112064 242688
1732734984241 0.000303895552 245760
1732735045433 0.00030267904000000004 248832
1732735130817 0.000301462528 251904
1732735206528 0.000300246016 254976
1732735279308 0.000299029504 258048
1732735346635 0.000297812992 261120
1732735404990 0.00029659648 264192
1732735483427 0.000295379968 267264
1732735531649 0.00029416345600000003 270336
1732735594873 0.000292946944 273408
1732735666010 0.00029173043200000004 276480
1732735730212 0.00029051392 279552
1732735801117 0.000289297408 282624
1732735869339 0.000288080896 285696
1732735925210 0.00028686438400000005 288768
1732735990464 0.000285647872 291840
1732736061114 0.00028443136 294912
1732736122705 0.000283214848 297984
1732736188892 0.000281998336 301056
1732736247057 0.00028078182400000004 304128
1732736309028 0.000279565312 307200
1732736373514 0.00027834880000000004 310272
1732736429799 0.000277132288 313344
1732736489368 0.000275915776 316416
1732736539930 0.000274699264 319488
1732736619117 0.000273482752 322560
1732736686057 0.00027226624000000003 325632
1732736751514 0.00027104972800000006 328704
1732736822188 0.00026983321600000003 331776
1732736882986 0.00026861670399999996 334848
1732736947996 0.000267400192 337920
1732737009663 0.00026618368 340992
1732737066887 0.00026496716800000005 344064
1732737129547 0.000263750656 347136
1732737197924 0.000262534144 350208
1732737263596 0.000261317632 353280
1732737321126 0.00026010112 356352
1732737385540 0.00025888460800000003 359424
1732737460014 0.000257668096 362496
1732737520455 0.00025645158400000004 365568
1732737590550 0.000255235072 368640
1732737642139 0.00025401856 371712
1732737703220 0.00025280204799999997 374784
1732737764037 0.000251585536 377856
1732737833024 0.00025036902400000003 380928
1732737887634 0.00024915251200000006 384000
1732737957301 0.00024793600000000003 387072
1732738017857 0.000246719488 390144
1732738070561 0.000245502976 393216
1732738135161 0.000244286464 396288
1732738208167 0.00024306995200000002 399360
1732738265543 0.00024185344000000002 402432
1732738335417 0.000240636928 405504
1732738391266 0.00023942041600000003 408576
1732738445102 0.00023820390399999998 411648
1732738508932 0.000236987392 414720
1732738588551 0.00023577088 417792
1732738659250 0.00023455436800000004 420864
1732738727821 0.000233337856 423936
1732738791842 0.00023212134400000002 427008
1732738861635 0.000230904832 430080
1732738919954 0.00022968832 433152
1732738975943 0.00022847180800000003 436224
1732739038650 0.00022725529600000003 439296
1732739107944 0.000226038784 442368
1732739164740 0.000224822272 445440
1732739223953 0.00022360575999999998 448512
1732739281047 0.00022238924799999999 451584
1732739343344 0.00022117273600000002 454656
1732739402693 0.00021995622400000002 457728
1732739463901 0.000218739712 460800
1732739530696 0.0002175232 463872
1732739590829 0.00021630668799999997 466944
1732739658076 0.000215090176 470016
1732739723756 0.000213873664 473088
1732739787298 0.00021265715200000004 476160
1732739842169 0.00021144063999999999 479232
1732739901579 0.00021022412800000002 482304
1732739955843 0.000209007616 485376
1732740010640 0.000207791104 488448
1732740070003 0.000206574592 491520
1732740141515 0.00020535808000000003 494592
1732740198944 0.00020414156800000003 497664
1732740263255 0.000202925056 500736
1732740319627 0.000201708544 503808
1732740389548 0.00020049203199999998 506880
1732740454922 0.00019927552000000001 509952
1732740511347 0.00019805900800000002 513024
1732740571653 0.000196842496 516096
1732740633371 0.000195625984 519168
1732740689749 0.00019440947200000003 522240
1732740743322 0.00019319295999999998 525312
1732740796863 0.000191976448 528384
1732740856614 0.000190759936 531456
1732740920207 0.00018954342399999998 534528
1732740974840 0.00018832691200000001 537600
1732741027117 0.00018711040000000002 540672
1732741082251 0.000185893888 543744
1732741141002 0.000184677376 546816
1732741194822 0.00018346086400000003 549888
1732741243385 0.00018224435199999997 552960
1732741297345 0.00018102784 556032
1732741347846 0.000179811328 559104
1732741400556 0.00017859481599999998 562176
1732741467014 0.00017737830399999999 565248
1732741535622 0.00017616179200000002 568320
1732741590260 0.00017494528 571392
1732741648794 0.000173728768 574464
1732741708769 0.00017251225600000003 577536
1732741770752 0.00017129574399999997 580608
1732741848242 0.000170079232 583680
1732741907804 0.00016886272 586752
1732741969906 0.00016764620799999998 589824
1732742028744 0.00016642969599999999 592896
1732742092613 0.00016521318400000002 595968
1732742156524 0.000163996672 599040
1732742214529 0.00016278016 602112
1732742277584 0.000161563648 605184
1732742341250 0.00016034713599999997 608256
1732742402967 0.000159130624 611328
1732742462068 0.000157914112 614400
1732742533927 0.0001566976 617472
1732742587198 0.00015548108799999998 620544
1732742645089 0.00015426457600000001 623616
1732742700022 0.00015304806400000002 626688
1732742760060 0.000151831552 629760
1732742821288 0.00015061504 632832
1732742878463 0.00014939852800000003 635904
1732742936867 0.000148182016 638976
1732742997781 0.000146965504 642048
1732743062340 0.000145748992 645120
1732743125588 0.00014453247999999998 648192
1732743182724 0.00014331596800000001 651264
1732743241480 0.00014209945600000002 654336
1732743299559 0.000140882944 657408
1732743361239 0.000139666432 660480
1732743417622 0.00013844992000000003 663552
1732743480919 0.00013723340799999997 666624
1732743545051 0.000136016896 669696
1732743604743 0.000134800384 672768
1732743663011 0.00013358387199999998 675840
1732743717928 0.00013236736 678912
1732743775812 0.00013115084800000002 681984
1732743833184 0.000129934336 685056
1732743888209 0.000128717824 688128
1732743945927 0.00012750131200000003 691200
1732744000324 0.00012628479999999997 694272
1732744058202 0.000125068288 697344
1732744113193 0.000123851776 700416
1732744166051 0.00012263526399999998 703488
1732744227372 0.00012141875200000001 706560
1732744281373 0.00012020224000000003 709632
1732744341108 0.00011898572799999999 712704
1732744397934 0.00011776921600000001 715776
1732744445314 0.00011655270400000002 718848
1732744495254 0.000115336192 721920
1732744553997 0.00011411968 724992
1732744615672 0.00011290316800000002 728064
1732744673351 0.000111686656 731136
1732744727396 0.00011047014400000001 734208
1732744784267 0.00010925363200000003 737280
1732744842708 0.00010803711999999999 740352
1732744896398 0.00010682060800000001 743424
1732744960408 0.00010560409600000002 746496
1732745017532 0.00010438758399999999 749568
1732745078457 0.000103171072 752640
1732745132497 0.00010195456000000002 755712
1732745198997 0.000100738048 758784
1732745261921 9.9521536e-05 761856
1732745319615 9.830502400000001e-05 764928
1732745372060 9.708851199999999e-05 768000
1732745433085 9.5872e-05 771072
1732745484560 9.465548800000002e-05 774144
1732745555128 9.343897599999999e-05 777216
1732745624353 9.2222464e-05 780288
1732745695466 9.100595200000002e-05 783360
1732745757504 8.978944000000003e-05 786432
1732745818178 8.8572928e-05 789504
1732745886502 8.735641600000001e-05 792576
1732745944693 8.613990400000003e-05 795648
1732746006339 8.4923392e-05 798720
1732746065613 8.370688000000001e-05 801792
1732746128628 8.249036800000003e-05 804864
1732746185679 8.1273856e-05 807936
1732746241263 8.005734400000002e-05 811008
1732746299940 7.884083200000003e-05 814080
1732746353067 7.762432e-05 817152
1732746403703 7.640780800000001e-05 820224
1732746455468 7.519129600000003e-05 823296
1732746506685 7.397478399999999e-05 826368
1732746574316 7.275827200000001e-05 829440
1732746625446 7.154176000000002e-05 832512
1732746675526 7.0325248e-05 835584
1732746727435 6.910873600000002e-05 838656
1732746783699 6.789222400000002e-05 841728
1732746845414 6.6675712e-05 844800
1732746897170 6.545920000000001e-05 847872
1732746951854 6.424268800000001e-05 850944
1732747014432 6.302617599999999e-05 854016
1732747073620 6.180966400000001e-05 857088
1732747129268 6.0593152000000024e-05 860160
1732747189900 5.937663999999999e-05 863232
1732747267403 5.816012800000001e-05 866304
1732747324708 5.694361600000002e-05 869376
1732747387781 5.5727103999999995e-05 872448
1732747448637 5.4510592000000004e-05 875520
1732747509702 5.329408000000002e-05 878592
1732747576848 5.207756799999999e-05 881664
1732747644278 5.0861056000000006e-05 884736
1732747708455 4.9644544000000016e-05 887808
1732747768465 4.842803199999999e-05 890880
1732747824660 4.721152e-05 893952
1732747888343 4.599500800000002e-05 897024
1732747944925 4.477849599999999e-05 900096
1732748009559 4.3561984000000004e-05 903168
1732748081709 4.234547200000002e-05 906240
1732748138559 4.112895999999999e-05 909312
1732748193042 3.9912448e-05 912384
1732748250610 3.8695936000000015e-05 915456
1732748307652 3.7479423999999984e-05 918528
1732748376364 3.6262912e-05 921600
1732748439396 3.504640000000002e-05 924672
1732748501251 3.3829887999999986e-05 927744
1732748562345 3.2613375999999996e-05 930816
1732748624079 3.139686400000001e-05 933888
1732748682427 3.018035199999998e-05 936960
1732748742139 2.8963839999999998e-05 940032
1732748804538 2.7747328000000008e-05 943104
1732748865421 2.6530815999999984e-05 946176
1732748922185 2.5314303999999993e-05 949248
1732748982847 2.409779200000001e-05 952320
1732749044837 2.288127999999998e-05 955392
1732749111345 2.1664767999999995e-05 958464
1732749167701 2.0448256000000012e-05 961536
1732749227212 1.923174400000002e-05 964608
1732749292523 1.8015231999999994e-05 967680
1732749360336 1.6798720000000007e-05 970752
1732749420910 1.5582208000000024e-05 973824
1732749477831 1.4365695999999993e-05 976896
1732749539472 1.3149184000000007e-05 979968
1732749600316 1.193267200000002e-05 983040
1732749656149 1.0716159999999991e-05 986112
1732749712534 9.499648000000004e-06 989184
1732749766236 8.28313600000002e-06 992256
1732749844556 7.06662399999999e-06 995328
1732749900997 5.850112000000005e-06 998400
1732749960043 4.633600000000019e-06 1001472
