1732729877477 -0.02403854951262474 6144
1732729923401 -0.022828109562397003 9216
1732729982999 -0.033793020993471146 12288
1732730053829 5.476786136627197 15360
1732730112447 5.289635181427002 18432
1732730182128 1.2276678085327148 21504
1732730243298 2.0726301670074463 24576
1732730313975 3.9386253356933594 27648
1732730380516 7.594693183898926 30720
1732730460648 1.366638422012329 33792
1732730549156 4.062784671783447 36864
1732730643368 6.115058422088623 39936
1732730712574 7.145656585693359 43008
1732730795453 2.784592390060425 46080
1732730864761 3.2331526279449463 49152
1732730929055 4.557663917541504 52224
1732730995785 3.293534755706787 55296
1732731051445 2.039022207260132 58368
1732731109799 0.6992201209068298 61440
1732731174961 1.0021058320999146 64512
1732731242141 2.377514123916626 67584
1732731287278 3.4873101711273193 70656
1732731337957 0.07781120389699936 73728
1732731392247 0.8552100658416748 76800
1732731443448 0.6713376641273499 79872
1732731511162 94.90440368652344 82944
1732731593568 3.5349254608154297 86016
1732731661278 8.955692291259766 89088
1732731721707 3.9015514850616455 92160
1732731779447 1.3286902904510498 95232
1732731849967 57.88011932373047 98304
1732731933955 23.586809158325195 101376
1732732009820 7.3000898361206055 104448
1732732070511 3.790984630584717 107520
1732732132191 5.2640299797058105 110592
1732732187160 4.758964538574219 113664
1732732246372 1.1866871118545532 116736
1732732302390 0.7626258730888367 119808
1732732356767 1.618451476097107 122880
1732732410719 0.6029074788093567 125952
1732732465084 3.662280559539795 129024
1732732518090 88.85222625732422 132096
1732732569474 1.6884514093399048 135168
1732732625015 0.0024133697152137756 138240
1732732675062 3.0470449924468994 141312
1732732723932 4.372250556945801 144384
1732732772638 -0.005518510937690735 147456
1732732820998 0.02952984720468521 150528
1732732872434 -0.026454385370016098 153600
1732732932452 2.053760290145874 156672
1732732982566 2.5549793243408203 159744
1732733046036 3.301544189453125 162816
1732733108040 5.8112640380859375 165888
1732733175316 33.04964065551758 168960
1732733234756 7.180772304534912 172032
1732733293725 5.432533264160156 175104
1732733355137 5.401562213897705 178176
1732733419786 14.062005043029785 181248
1732733480944 9.629940032958984 184320
1732733545412 383.590576171875 187392
1732733627616 1216.923828125 190464
1732733699755 1930.41064453125 193536
1732733782255 1374.1590576171875 196608
1732733853347 844.9110107421875 199680
1732733935704 980.2503662109375 202752
1732734012579 238.66409301757812 205824
1732734108933 22.852270126342773 208896
1732734181474 72.61209869384766 211968
1732734256232 12.528192520141602 215040
1732734349678 10.018563270568848 218112
1732734423654 20.877849578857422 221184
1732734497877 18.775928497314453 224256
1732734570474 8.519112586975098 227328
1732734638570 11.536076545715332 230400
1732734701768 6.286707401275635 233472
1732734768995 17.603792190551758 236544
1732734825212 11.327254295349121 239616
1732734904864 16.117431640625 242688
1732734984247 16.86673355102539 245760
1732735045437 12.168755531311035 248832
1732735130822 3.303527355194092 251904
1732735206533 5.779382228851318 254976
1732735279314 4.236391067504883 258048
1732735346640 14.282416343688965 261120
1732735404995 5.950928688049316 264192
1732735483430 77.53482818603516 267264
1732735531654 8.738234519958496 270336
1732735594877 4.504824161529541 273408
1732735666016 465.7789001464844 276480
1732735730227 164.4501495361328 279552
1732735801122 13.744993209838867 282624
1732735869344 10.521605491638184 285696
1732735925218 4.069436073303223 288768
1732735990469 44.74734115600586 291840
1732736061118 7.157280921936035 294912
1732736122710 8.082075119018555 297984
1732736188897 8.974635124206543 301056
1732736247062 31.39165687561035 304128
1732736309033 3.8391942977905273 307200
1732736373520 7.392465591430664 310272
1732736429805 8.073834419250488 313344
1732736489372 13.224963188171387 316416
1732736539935 51.33488464355469 319488
1732736619123 8.198491096496582 322560
1732736686062 48.462745666503906 325632
1732736751519 40.03572082519531 328704
1732736822193 24.75124740600586 331776
1732736882991 387.4790344238281 334848
1732736948001 7.652184963226318 337920
1732737009667 338.63067626953125 340992
1732737066892 11.945117950439453 344064
1732737129550 18.908935546875 347136
1732737197929 16.3156795501709 350208
1732737263601 8.6561861038208 353280
1732737321130 14.832507133483887 356352
1732737385545 25.759395599365234 359424
1732737460020 14.102182388305664 362496
1732737520461 11.279221534729004 365568
1732737590555 436.2328796386719 368640
1732737642142 452.2132568359375 371712
1732737703225 86.35192108154297 374784
1732737764042 39.80268096923828 377856
1732737833027 13.663660049438477 380928
1732737887639 111.8588638305664 384000
1732737957306 513.0802001953125 387072
1732738017862 566.0496215820312 390144
1732738070564 521.5695190429688 393216
1732738135166 27.63434600830078 396288
1732738208172 18.780630111694336 399360
1732738265549 23.135839462280273 402432
1732738335422 26.097965240478516 405504
1732738391270 26.71220588684082 408576
1732738445108 30.7425594329834 411648
1732738508936 7.926544189453125 414720
1732738588555 52.607295989990234 417792
1732738659255 33.8287239074707 420864
1732738727826 12.534482955932617 423936
1732738791847 57.21916961669922 427008
1732738861640 48.93498229980469 430080
1732738919959 33.92980194091797 433152
1732738975948 20.492544174194336 436224
1732739038655 18.8239688873291 439296
1732739107949 16.98379898071289 442368
1732739164743 36.92340850830078 445440
1732739223955 23.331573486328125 448512
1732739281052 11.9075345993042 451584
1732739343348 27.44672393798828 454656
1732739402699 18.916202545166016 457728
1732739463904 21.702083587646484 460800
1732739530701 13.0366792678833 463872
1732739590833 21.08574867248535 466944
1732739658082 29.799930572509766 470016
1732739723761 9.194568634033203 473088
1732739787303 45.302364349365234 476160
1732739842175 24.60413360595703 479232
1732739901585 11.365365028381348 482304
1732739955848 8.462372779846191 485376
1732740010646 119.76077270507812 488448
1732740070021 50.408485412597656 491520
1732740141521 16.38923454284668 494592
1732740198949 18.108755111694336 497664
1732740263260 20.077281951904297 500736
1732740319635 95.72168731689453 503808
1732740389554 160.07745361328125 506880
1732740454927 6.804990768432617 509952
1732740511352 29.596233367919922 513024
1732740571658 14.406906127929688 516096
1732740633384 11.326736450195312 519168
1732740689754 21.41765022277832 522240
1732740743327 20.83870506286621 525312
1732740796868 27.317720413208008 528384
1732740856618 26.02037239074707 531456
1732740920212 12.759786605834961 534528
1732740974843 80.67582702636719 537600
1732741027123 10.113834381103516 540672
1732741082256 300.2410888671875 543744
1732741141007 57.475379943847656 546816
1732741194826 41.383522033691406 549888
1732741243390 39.52760696411133 552960
1732741297350 87.46881866455078 556032
1732741347849 168.02471923828125 559104
1732741400561 110.17567443847656 562176
1732741467020 47.725738525390625 565248
1732741535628 24.974138259887695 568320
1732741590265 24.35260009765625 571392
1732741648799 323.4817199707031 574464
1732741708775 916.4590454101562 577536
1732741770758 1794.439453125 580608
1732741848248 628.9727172851562 583680
1732741907808 36.361732482910156 586752
1732741969910 22.22113037109375 589824
1732742028749 22.495908737182617 592896
1732742092619 28.784381866455078 595968
1732742156528 25.576814651489258 599040
1732742214534 34.0916633605957 602112
1732742277590 38.310752868652344 605184
1732742341255 31.822004318237305 608256
1732742402973 39.062313079833984 611328
1732742462072 34.64495086669922 614400
1732742533932 7.6107497215271 617472
1732742587203 65.09467315673828 620544
1732742645106 30.91362762451172 623616
1732742700027 13.681577682495117 626688
1732742760064 22.473575592041016 629760
1732742821293 19.41048812866211 632832
1732742878468 20.668701171875 635904
1732742936872 23.52888298034668 638976
1732742997786 14.55459213256836 642048
1732743062345 32.30121612548828 645120
1732743125594 32.27846145629883 648192
1732743182729 36.03630447387695 651264
1732743241485 13.672287940979004 654336
1732743299564 21.08224868774414 657408
1732743361244 29.48668098449707 660480
1732743417626 32.1321907043457 663552
1732743480924 9.284573554992676 666624
1732743545055 25.66828155517578 669696
1732743604747 33.25395202636719 672768
1732743663016 25.790523529052734 675840
1732743717934 13.488754272460938 678912
1732743775817 1083.802734375 681984
1732743833187 20.70743179321289 685056
1732743888215 143.21241760253906 688128
1732743945933 47.764591217041016 691200
1732744000329 9.083964347839355 694272
1732744058206 22.326269149780273 697344
1732744113198 612.3726196289062 700416
1732744166055 224.8697052001953 703488
1732744227377 111.66627502441406 706560
1732744281378 124.24568176269531 709632
1732744341113 31.43245506286621 712704
1732744397939 37.60404968261719 715776
1732744445319 17.434314727783203 718848
1732744495259 20.26045036315918 721920
1732744554002 26.30389404296875 724992
1732744615678 10.311680793762207 728064
1732744673355 24.6457462310791 731136
1732744727402 11.673904418945312 734208
1732744784273 31.97970962524414 737280
1732744842713 51.79860305786133 740352
1732744896401 46.292205810546875 743424
1732744960414 23.436901092529297 746496
1732745017538 20.09750747680664 749568
1732745078463 28.18441390991211 752640
1732745132502 1129.8624267578125 755712
1732745199002 140.14186096191406 758784
1732745261926 34.128089904785156 761856
1732745319618 34.8632698059082 764928
1732745372066 37.76686477661133 768000
1732745433090 778.0609130859375 771072
1732745484565 63.982582092285156 774144
1732745555134 13.047445297241211 777216
1732745624358 24.32343864440918 780288
1732745695472 330.8680725097656 783360
1732745757507 38.589927673339844 786432
1732745818184 10.575940132141113 789504
1732745886507 16.82343101501465 792576
1732745944709 44.33089065551758 795648
1732746006344 24.7186279296875 798720
1732746065617 13.768899917602539 801792
1732746128633 45.3359489440918 804864
1732746185684 29.314014434814453 807936
1732746241266 14.272371292114258 811008
1732746299958 22.19399070739746 814080
1732746353072 37.442657470703125 817152
1732746403707 16.877906799316406 820224
1732746455473 31.197580337524414 823296
1732746506688 19.895715713500977 826368
1732746574320 14.470946311950684 829440
1732746625451 30.88872718811035 832512
1732746675531 78.95677947998047 835584
1732746727437 1032.025146484375 838656
1732746783703 898.9296875 841728
1732746845417 873.2098388671875 844800
1732746897176 1045.8331298828125 847872
1732746951860 552.464111328125 850944
1732747014435 358.7047119140625 854016
1732747073625 48.491920471191406 857088
1732747129274 75.0320816040039 860160
1732747189903 21.899656295776367 863232
1732747267409 11.758729934692383 866304
1732747324713 42.22085189819336 869376
1732747387786 38.084102630615234 872448
1732747448643 23.464313507080078 875520
1732747509708 281.5518798828125 878592
1732747576854 49.49420928955078 881664
1732747644283 38.3774299621582 884736
1732747708460 46.4942741394043 887808
1732747768471 42.990272521972656 890880
1732747824665 33.1145133972168 893952
1732747888347 23.51675033569336 897024
1732747944929 38.23967361450195 900096
1732748009565 11.605993270874023 903168
1732748081712 27.126094818115234 906240
1732748138563 46.51491165161133 909312
1732748193047 16.982330322265625 912384
1732748250615 15.253213882446289 915456
1732748307656 44.00261688232422 918528
1732748376370 7.939375400543213 921600
1732748439401 59.698272705078125 924672
1732748501256 55.117279052734375 927744
1732748562349 28.22665023803711 930816
1732748624085 9.021832466125488 933888
1732748682431 62.198890686035156 936960
1732748742144 82.3883285522461 940032
1732748804543 109.61756896972656 943104
1732748865426 20.345407485961914 946176
1732748922190 26.36859893798828 949248
1732748982852 27.206066131591797 952320
1732749044841 26.134931564331055 955392
1732749111351 30.031587600708008 958464
1732749167706 23.92971420288086 961536
1732749227217 51.07367706298828 964608
1732749292528 38.74043655395508 967680
1732749360341 67.45855712890625 970752
1732749420915 22.768857955932617 973824
1732749477837 17.847665786743164 976896
1732749539476 28.67719841003418 979968
1732749600321 24.34811019897461 983040
1732749656154 124.65986633300781 986112
1732749712537 802.2777709960938 989184
1732749766242 500.773681640625 992256
1732749844561 617.5624389648438 995328
1732749901003 136.94639587402344 998400
1732749960049 34.741146087646484 1001472
