1732729877482 3.0 6144
1732729923406 6.0 9216
1732729983004 9.0 12288
1732730053834 12.0 15360
1732730112452 15.0 18432
1732730182133 18.0 21504
1732730243303 21.0 24576
1732730313980 24.0 27648
1732730380521 27.0 30720
1732730460651 30.0 33792
1732730549162 33.0 36864
1732730643373 36.0 39936
1732730712580 39.0 43008
1732730795459 42.0 46080
1732730864766 45.0 49152
1732730929061 48.0 52224
1732730995790 51.0 55296
1732731051450 54.0 58368
1732731109803 57.0 61440
1732731174978 60.0 64512
1732731242147 63.0 67584
1732731287283 66.0 70656
1732731337962 69.0 73728
1732731392252 72.0 76800
1732731443465 75.0 79872
1732731511167 78.0 82944
1732731593574 81.0 86016
1732731661283 84.0 89088
1732731721712 87.0 92160
1732731779452 90.0 95232
1732731849972 93.0 98304
1732731933960 96.0 101376
1732732009825 99.0 104448
1732732070516 102.0 107520
1732732132196 105.0 110592
1732732187177 108.0 113664
1732732246377 111.0 116736
1732732302394 114.0 119808
1732732356770 117.0 122880
1732732410725 120.0 125952
1732732465090 123.0 129024
1732732518095 126.0 132096
1732732569477 129.0 135168
1732732625021 132.0 138240
1732732675067 135.0 141312
1732732723937 138.0 144384
1732732772655 141.0 147456
1732732821004 144.0 150528
1732732872440 147.0 153600
1732732932457 150.0 156672
1732732982581 153.0 159744
1732733046042 156.0 162816
1732733108046 159.0 165888
1732733175321 162.0 168960
1732733234773 165.0 172032
1732733293728 168.0 175104
1732733355142 171.0 178176
1732733419791 174.0 181248
1732733480949 177.0 184320
1732733545417 180.0 187392
1732733627620 183.0 190464
1732733699761 186.0 193536
1732733782260 189.0 196608
1732733853352 192.0 199680
1732733935709 195.0 202752
1732734012584 198.0 205824
1732734108939 201.0 208896
1732734181479 204.0 211968
1732734256236 207.0 215040
1732734349684 210.0 218112
1732734423659 213.0 221184
1732734497881 216.0 224256
1732734570479 219.0 227328
1732734638573 222.0 230400
1732734701772 225.0 233472
1732734769000 228.0 236544
1732734825217 231.0 239616
1732734904870 234.0 242688
1732734984252 237.0 245760
1732735045441 240.0 248832
1732735130827 243.0 251904
1732735206538 246.0 254976
1732735279320 249.0 258048
1732735346645 252.0 261120
1732735405000 255.0 264192
1732735483434 258.0 267264
1732735531659 261.0 270336
1732735594880 264.0 273408
1732735666021 267.0 276480
1732735730233 270.0 279552
1732735801128 273.0 282624
1732735869348 276.0 285696
1732735925221 279.0 288768
1732735990473 282.0 291840
1732736061123 285.0 294912
1732736122715 288.0 297984
1732736188903 291.0 301056
1732736247068 294.0 304128
1732736309039 297.0 307200
1732736373525 300.0 310272
1732736429810 303.0 313344
1732736489376 306.0 316416
1732736539940 309.0 319488
1732736619128 312.0 322560
1732736686067 315.0 325632
1732736751525 318.0 328704
1732736822198 321.0 331776
1732736882996 324.0 334848
1732736948005 327.0 337920
1732737009672 330.0 340992
1732737066896 333.0 344064
1732737129553 336.0 347136
1732737197934 339.0 350208
1732737263607 342.0 353280
1732737321134 345.0 356352
1732737385550 348.0 359424
1732737460025 351.0 362496
1732737520466 354.0 365568
1732737590561 357.0 368640
1732737642146 360.0 371712
1732737703230 363.0 374784
1732737764059 366.0 377856
1732737833031 369.0 380928
1732737887644 372.0 384000
1732737957323 375.0 387072
1732738017867 378.0 390144
1732738070568 381.0 393216
1732738135171 384.0 396288
1732738208177 387.0 399360
1732738265554 390.0 402432
1732738335427 393.0 405504
1732738391275 396.0 408576
1732738445113 399.0 411648
1732738508940 402.0 414720
1732738588558 405.0 417792
1732738659259 408.0 420864
1732738727831 411.0 423936
1732738791853 414.0 427008
1732738861646 417.0 430080
1732738919964 420.0 433152
1732738975952 423.0 436224
1732739038659 426.0 439296
1732739107954 429.0 442368
1732739164747 432.0 445440
1732739223958 435.0 448512
1732739281058 438.0 451584
1732739343352 441.0 454656
1732739402704 444.0 457728
1732739463908 447.0 460800
1732739530706 450.0 463872
1732739590836 453.0 466944
1732739658099 456.0 470016
1732739723765 459.0 473088
1732739787307 462.0 476160
1732739842191 465.0 479232
1732739901590 468.0 482304
1732739955854 471.0 485376
1732740010651 474.0 488448
1732740070025 477.0 491520
1732740141526 480.0 494592
1732740198953 483.0 497664
1732740263266 486.0 500736
1732740319641 489.0 503808
1732740389559 492.0 506880
1732740454933 495.0 509952
1732740511370 498.0 513024
1732740571663 501.0 516096
1732740633389 504.0 519168
1732740689758 507.0 522240
1732740743333 510.0 525312
1732740796872 513.0 528384
1732740856623 516.0 531456
1732740920217 519.0 534528
1732740974847 522.0 537600
1732741027129 525.0 540672
1732741082260 528.0 543744
1732741141011 531.0 546816
1732741194829 534.0 549888
1732741243395 537.0 552960
1732741297355 540.0 556032
1732741347853 543.0 559104
1732741400567 546.0 562176
1732741467025 549.0 565248
1732741535633 552.0 568320
1732741590270 555.0 571392
1732741648817 558.0 574464
1732741708780 561.0 577536
1732741770763 564.0 580608
1732741848253 567.0 583680
1732741907811 570.0 586752
1732741969925 573.0 589824
1732742028754 576.0 592896
1732742092625 579.0 595968
1732742156533 582.0 599040
1732742214540 585.0 602112
1732742277596 588.0 605184
1732742341259 591.0 608256
1732742402990 594.0 611328
1732742462077 597.0 614400
1732742533938 600.0 617472
1732742587208 603.0 620544
1732742645113 606.0 623616
1732742700032 609.0 626688
1732742760069 612.0 629760
1732742821298 615.0 632832
1732742878473 618.0 635904
1732742936877 621.0 638976
1732742997792 624.0 642048
1732743062351 627.0 645120
1732743125599 630.0 648192
1732743182734 633.0 651264
1732743241491 636.0 654336
1732743299568 639.0 657408
1732743361250 642.0 660480
1732743417629 645.0 663552
1732743480929 648.0 666624
1732743545060 651.0 669696
1732743604751 654.0 672768
1732743663021 657.0 675840
1732743717939 660.0 678912
1732743775822 663.0 681984
1732743833192 666.0 685056
1732743888220 669.0 688128
1732743945938 672.0 691200
1732744000335 675.0 694272
1732744058210 678.0 697344
1732744113204 681.0 700416
1732744166061 684.0 703488
1732744227381 687.0 706560
1732744281384 690.0 709632
1732744341120 693.0 712704
1732744397944 696.0 715776
1732744445324 699.0 718848
1732744495264 702.0 721920
1732744554007 705.0 724992
1732744615683 708.0 728064
1732744673359 711.0 731136
1732744727419 714.0 734208
1732744784278 717.0 737280
1732744842718 720.0 740352
1732744896406 723.0 743424
1732744960419 726.0 746496
1732745017543 729.0 749568
1732745078468 732.0 752640
1732745132506 735.0 755712
1732745199008 738.0 758784
1732745261932 741.0 761856
1732745319622 744.0 764928
1732745372071 747.0 768000
1732745433096 750.0 771072
1732745484571 753.0 774144
1732745555139 756.0 777216
1732745624365 759.0 780288
1732745695477 762.0 783360
1732745757510 765.0 786432
1732745818190 768.0 789504
1732745886512 771.0 792576
1732745944714 774.0 795648
1732746006349 777.0 798720
1732746065620 780.0 801792
1732746128638 783.0 804864
1732746185689 786.0 807936
1732746241270 789.0 811008
1732746299963 792.0 814080
1732746353078 795.0 817152
1732746403711 798.0 820224
1732746455478 801.0 823296
1732746506692 804.0 826368
1732746574324 807.0 829440
1732746625455 810.0 832512
1732746675536 813.0 835584
1732746727441 816.0 838656
1732746783708 819.0 841728
1732746845420 822.0 844800
1732746897181 825.0 847872
1732746951864 828.0 850944
1732747014439 831.0 854016
1732747073631 834.0 857088
1732747129279 837.0 860160
1732747189905 840.0 863232
1732747267414 843.0 866304
1732747324730 846.0 869376
1732747387792 849.0 872448
1732747448648 852.0 875520
1732747509713 855.0 878592
1732747576859 858.0 881664
1732747644288 861.0 884736
1732747708465 864.0 887808
1732747768476 867.0 890880
1732747824682 870.0 893952
1732747888353 873.0 897024
1732747944933 876.0 900096
1732748009570 879.0 903168
1732748081715 882.0 906240
1732748138566 885.0 909312
1732748193053 888.0 912384
1732748250620 891.0 915456
1732748307673 894.0 918528
1732748376375 897.0 921600
1732748439418 900.0 924672
1732748501261 903.0 927744
1732748562354 906.0 930816
1732748624090 909.0 933888
1732748682438 912.0 936960
1732748742149 915.0 940032
1732748804549 918.0 943104
1732748865431 921.0 946176
1732748922195 924.0 949248
1732748982857 927.0 952320
1732749044846 930.0 955392
1732749111356 933.0 958464
1732749167711 936.0 961536
1732749227222 939.0 964608
1732749292533 942.0 967680
1732749360346 945.0 970752
1732749420920 948.0 973824
1732749477842 951.0 976896
1732749539479 954.0 979968
1732749600337 957.0 983040
1732749656159 960.0 986112
1732749712540 963.0 989184
1732749766249 966.0 992256
1732749844566 969.0 995328
1732749901008 972.0 998400
1732749960054 975.0 1001472
