1732729877492 1.0 6144
1732729923429 1.0 9216
1732729983015 1.0 12288
1732730053843 1.0 15360
1732730112461 1.0 18432
1732730182143 1.0 21504
1732730243312 1.0 24576
1732730313991 1.0 27648
1732730380532 1.0 30720
1732730460658 1.0 33792
1732730549172 1.0 36864
1732730643383 1.0 39936
1732730712591 1.0 43008
1732730795470 1.0 46080
1732730864777 1.0 49152
1732730929073 1.0 52224
1732730995800 1.0 55296
1732731051460 1.0 58368
1732731109810 1.0 61440
1732731174988 1.0 64512
1732731242157 1.0 67584
1732731287294 1.0 70656
1732731337973 1.0 73728
1732731392263 1.0 76800
1732731443476 1.0 79872
1732731511177 1.0 82944
1732731593584 1.0 86016
1732731661294 1.0 89088
1732731721722 1.0 92160
1732731779461 1.0 95232
1732731849983 1.0 98304
1732731933970 1.0 101376
1732732009834 1.0 104448
1732732070527 1.0 107520
1732732132204 1.0 110592
1732732187186 1.0 113664
1732732246388 1.0 116736
1732732302403 1.0 119808
1732732356778 1.0 122880
1732732410736 1.0 125952
1732732465100 1.0 129024
1732732518106 1.0 132096
1732732569485 1.0 135168
1732732625032 1.0 138240
1732732675077 1.0 141312
1732732723947 1.0 144384
1732732772663 1.0 147456
1732732821014 1.0 150528
1732732872451 1.0 153600
1732732932466 1.0 156672
1732732982589 1.0 159744
1732733046052 1.0 162816
1732733108056 1.0 165888
1732733175330 1.0 168960
1732733234785 1.0 172032
1732733293736 1.0 175104
1732733355153 1.0 178176
1732733419803 1.0 181248
1732733480959 1.0 184320
1732733545439 1.0 187392
1732733627628 1.0 190464
1732733699772 1.0 193536
1732733782268 1.0 196608
1732733853362 1.0 199680
1732733935720 1.0 202752
1732734012595 1.0 205824
1732734108950 1.0 208896
1732734181490 1.0 211968
1732734256242 1.0 215040
1732734349705 1.0 218112
1732734423669 1.0 221184
1732734497888 1.0 224256
1732734570490 1.0 227328
1732734638578 1.0 230400
1732734701792 1.0 233472
1732734769011 1.0 236544
1732734825227 1.0 239616
1732734904881 1.0 242688
1732734984263 1.0 245760
1732735045448 1.0 248832
1732735130837 1.0 251904
1732735206548 1.0 254976
1732735279332 1.0 258048
1732735346656 1.0 261120
1732735405011 1.0 264192
1732735483441 1.0 267264
1732735531669 1.0 270336
1732735594888 1.0 273408
1732735666032 1.0 276480
1732735730244 1.0 279552
1732735801139 1.0 282624
1732735869357 1.0 285696
1732735925227 1.0 288768
1732735990493 1.0 291840
1732736061132 1.0 294912
1732736122725 1.0 297984
1732736188913 1.0 301056
1732736247078 1.0 304128
1732736309049 1.0 307200
1732736373536 1.0 310272
1732736429821 1.0 313344
1732736489383 1.0 316416
1732736539963 1.0 319488
1732736619138 1.0 322560
1732736686088 1.0 325632
1732736751535 1.0 328704
1732736822209 1.0 331776
1732736883018 1.0 334848
1732736948021 1.0 337920
1732737009693 1.0 340992
1732737066904 1.0 344064
1732737129561 1.0 347136
1732737197945 1.0 350208
1732737263617 1.0 353280
1732737321141 1.0 356352
1732737385561 1.0 359424
1732737460036 1.0 362496
1732737520476 1.0 365568
1732737590571 1.0 368640
1732737642153 1.0 371712
1732737703252 1.0 374784
1732737764069 1.0 377856
1732737833038 1.0 380928
1732737887656 1.0 384000
1732737957333 1.0 387072
1732738017876 1.0 390144
1732738070575 1.0 393216
1732738135181 1.0 396288
1732738208188 1.0 399360
1732738265565 1.0 402432
1732738335438 1.0 405504
1732738391284 1.0 408576
1732738445124 1.0 411648
1732738508950 1.0 414720
1732738588579 1.0 417792
1732738659268 1.0 420864
1732738727841 1.0 423936
1732738791863 1.0 427008
1732738861657 1.0 430080
1732738919986 1.0 433152
1732738975962 1.0 436224
1732739038669 1.0 439296
1732739107964 1.0 442368
1732739164755 1.0 445440
1732739223963 1.0 448512
1732739281068 1.0 451584
1732739343361 1.0 454656
1732739402715 1.0 457728
1732739463916 1.0 460800
1732739530717 1.0 463872
1732739590844 1.0 466944
1732739658109 1.0 470016
1732739723774 1.0 473088
1732739787318 1.0 476160
1732739842202 1.0 479232
1732739901601 1.0 482304
1732739955865 1.0 485376
1732740010660 1.0 488448
1732740070033 1.0 491520
1732740141537 1.0 494592
1732740198962 1.0 497664
1732740263276 1.0 500736
1732740319651 1.0 503808
1732740389570 1.0 506880
1732740454944 1.0 509952
1732740511380 1.0 513024
1732740571674 1.0 516096
1732740633400 1.0 519168
1732740689770 1.0 522240
1732740743343 1.0 525312
1732740796881 1.0 528384
1732740856634 1.0 531456
1732740920227 1.0 534528
1732740974854 1.0 537600
1732741027141 1.0 540672
1732741082271 1.0 543744
1732741141020 1.0 546816
1732741194835 1.0 549888
1732741243406 1.0 552960
1732741297366 1.0 556032
1732741347860 1.0 559104
1732741400579 1.0 562176
1732741467036 1.0 565248
1732741535643 1.0 568320
1732741590280 1.0 571392
1732741648828 1.0 574464
1732741708791 1.0 577536
1732741770774 1.0 580608
1732741848264 1.0 583680
1732741907818 1.0 586752
1732741969933 1.0 589824
1732742028764 1.0 592896
1732742092636 1.0 595968
1732742156543 1.0 599040
1732742214550 1.0 602112
1732742277607 1.0 605184
1732742341269 1.0 608256
1732742403001 1.0 611328
1732742462087 1.0 614400
1732742533949 1.0 617472
1732742587219 1.0 620544
1732742645124 1.0 623616
1732742700043 1.0 626688
1732742760078 1.0 629760
1732742821307 1.0 632832
1732742878484 1.0 635904
1732742936888 1.0 638976
1732742997802 1.0 642048
1732743062362 1.0 645120
1732743125609 1.0 648192
1732743182744 1.0 651264
1732743241502 1.0 654336
1732743299578 1.0 657408
1732743361260 1.0 660480
1732743417637 1.0 663552
1732743480940 1.0 666624
1732743545069 1.0 669696
1732743604770 1.0 672768
1732743663032 1.0 675840
1732743717950 1.0 678912
1732743775832 1.0 681984
1732743833201 1.0 685056
1732743888231 1.0 688128
1732743945949 1.0 691200
1732744000347 1.0 694272
1732744058217 1.0 697344
1732744113211 1.0 700416
1732744166071 1.0 703488
1732744227390 1.0 706560
1732744281405 1.0 709632
1732744341132 1.0 712704
1732744397954 1.0 715776
1732744445334 1.0 718848
1732744495286 1.0 721920
1732744554018 1.0 724992
1732744615705 1.0 728064
1732744673368 1.0 731136
1732744727429 1.0 734208
1732744784288 1.0 737280
1732744842729 1.0 740352
1732744896415 1.0 743424
1732744960430 1.0 746496
1732745017553 1.0 749568
1732745078478 1.0 752640
1732745132516 1.0 755712
1732745199018 1.0 758784
1732745261942 1.0 761856
1732745319630 1.0 764928
1732745372082 1.0 768000
1732745433106 1.0 771072
1732745484581 1.0 774144
1732745555150 1.0 777216
1732745624374 1.0 780288
1732745695489 1.0 783360
1732745757532 1.0 786432
1732745818200 1.0 789504
1732745886522 1.0 792576
1732745944726 1.0 795648
1732746006359 1.0 798720
1732746065628 1.0 801792
1732746128646 1.0 804864
1732746185700 1.0 807936
1732746241277 1.0 811008
1732746299975 1.0 814080
1732746353090 1.0 817152
1732746403719 1.0 820224
1732746455488 1.0 823296
1732746506699 1.0 826368
1732746574331 1.0 829440
1732746625464 1.0 832512
1732746675548 1.0 835584
1732746727446 1.0 838656
1732746783718 1.0 841728
1732746845426 1.0 844800
1732746897193 1.0 847872
1732746951874 1.0 850944
1732747014447 1.0 854016
1732747073651 1.0 857088
1732747129290 1.0 860160
1732747189910 1.0 863232
1732747267424 1.0 866304
1732747324741 1.0 869376
1732747387803 1.0 872448
1732747448659 1.0 875520
1732747509724 1.0 878592
1732747576870 1.0 881664
1732747644299 1.0 884736
1732747708476 1.0 887808
1732747768487 1.0 890880
1732747824693 1.0 893952
1732747888363 1.0 897024
1732747944942 1.0 900096
1732748009581 1.0 903168
1732748081722 1.0 906240
1732748138574 1.0 909312
1732748193063 1.0 912384
1732748250631 1.0 915456
1732748307682 1.0 918528
1732748376386 1.0 921600
1732748439429 1.0 924672
1732748501271 1.0 927744
1732748562365 1.0 930816
1732748624101 1.0 933888
1732748682450 1.0 936960
1732748742160 1.0 940032
1732748804560 1.0 943104
1732748865442 1.0 946176
1732748922206 1.0 949248
1732748982868 1.0 952320
1732749044855 1.0 955392
1732749111367 1.0 958464
1732749167722 1.0 961536
1732749227231 1.0 964608
1732749292543 1.0 967680
1732749360356 1.0 970752
1732749420931 1.0 973824
1732749477853 1.0 976896
1732749539486 1.0 979968
1732749600348 1.0 983040
1732749656170 1.0 986112
1732749712546 1.0 989184
1732749766273 1.0 992256
1732749844577 1.0 995328
1732749901019 1.0 998400
1732749960066 1.0 1001472
