1732729877496 0.06739879223621553 6144
1732729923434 0.08125676995971137 9216
1732729983020 0.05513294925913215 12288
1732730053848 5.962813465131654 15360
1732730112466 7.265909930070241 18432
1732730182148 3.447371382266283 21504
1732730243316 6.289029651217991 24576
1732730313996 4.329011460145314 27648
1732730380537 6.524238765239716 30720
1732730460661 4.813572944866286 33792
1732730549177 7.595174590746562 36864
1732730643388 7.0041600002182856 39936
1732730712596 8.178995192050934 43008
1732730795475 4.18829169538286 46080
1732730864782 5.187329471111298 49152
1732730929079 3.3333063233229847 52224
1732730995805 2.9305356293916702 55296
1732731051466 2.114359853996171 58368
1732731109814 0.6972480855054326 61440
1732731174994 0.6817142352875736 64512
1732731242162 1.9307285671432812 67584
1732731287299 4.834895978371303 70656
1732731337979 0.32399724423885345 73728
1732731392268 1.310174389017953 76800
1732731443481 1.608407336804602 79872
1732731511194 93.50324034690857 82944
1732731593589 4.721488396326701 86016
1732731661306 13.607821544011435 89088
1732731721728 5.513241251309712 92160
1732731779465 4.3629157940546675 95232
1732731849988 46.703082455529106 98304
1732731933975 37.78271145290799 101376
1732732009839 13.57257088025411 104448
1732732070532 5.39258885383606 107520
1732732132208 14.075966980722216 110592
1732732187191 9.168474422560799 113664
1732732246393 2.1153224723206625 116736
1732732302407 2.0116621322102017 119808
1732732356781 1.6855850451522403 122880
1732732410742 1.594593753417333 125952
1732732465106 3.5691856377654605 129024
1732732518111 94.20514901479085 132096
1732732569488 1.9960091428624258 135168
1732732625037 0.1004860609666341 138240
1732732675082 2.856940204898516 141312
1732732723953 5.796278600891431 144384
1732732772667 0.10441310646840268 147456
1732732821020 0.08211175683471891 150528
1732732872456 0.0852625698575543 153600
1732732932470 1.6470898191134136 156672
1732732982592 4.842839572164747 159744
1732733046058 6.39068537288242 162816
1732733108062 8.25951800081465 165888
1732733175335 53.624857584635414 168960
1732733234791 12.652978486484951 172032
1732733293740 6.672861145602332 175104
1732733355158 7.7134690748320685 178176
1732733419808 18.213473518689472 181248
1732733480964 324.2575838830736 184320
1732733545444 242.89413113064236 187392
1732733627632 1152.8037668863933 190464
1732733699778 1801.737501356337 193536
1732733782272 1230.3360680474175 196608
1732733853367 872.5074818929037 199680
1732733935725 1123.8902960883247 202752
1732734012601 255.67058690388998 205824
1732734108955 29.634478674994575 208896
1732734181495 92.96285057067871 211968
1732734256245 21.207494921154446 215040
1732734349711 17.797551022635567 218112
1732734423674 25.550137837727863 221184
1732734497891 31.05768264664544 224256
1732734570495 20.69772066010369 227328
1732734638581 18.58674756685893 230400
1732734701797 18.53284001350403 233472
1732734769016 24.966353363460964 236544
1732734825231 17.554545985327827 239616
1732734904886 29.587004131740994 242688
1732734984268 23.078930960761177 245760
1732735045452 15.14338911904229 248832
1732735130842 8.08212693532308 251904
1732735206553 9.399756206406487 254976
1732735279338 10.076380610466003 258048
1732735346662 21.425178448359173 261120
1732735405016 10.837399178081089 264192
1732735483445 88.58872307671442 267264
1732735531674 10.02195315890842 270336
1732735594891 7.944374627537197 273408
1732735666038 499.0315907796224 276480
1732735730250 171.64384841918945 279552
1732735801144 27.249415821499294 282624
1732735869362 11.72551809416877 285696
1732735925230 7.450898985068004 288768
1732735990497 55.46572176615397 291840
1732736061137 15.542574723561605 294912
1732736122730 14.502878295050728 297984
1732736188919 23.392364846335518 301056
1732736247084 26.032000462214153 304128
1732736309055 7.082524240016937 307200
1732736373541 14.024412155151367 310272
1732736429826 14.3533360030916 313344
1732736489387 19.341073115666706 316416
1732736539968 147.3836505677965 319488
1732736619144 14.389534804556105 322560
1732736686093 34.62211709552341 325632
1732736751540 55.69199509090848 328704
1732736822215 24.234304626782734 331776
1732736883023 391.2344509760539 334848
1732736948026 15.34369315041436 337920
1732737009698 467.4659366607666 340992
1732737066908 15.806510501437717 344064
1732737129564 24.614512072669136 347136
1732737197962 24.96724401579963 350208
1732737263623 26.526070064968533 353280
1732737321146 24.80585871802436 356352
1732737385566 47.38470247056749 359424
1732737460042 20.824691401587593 362496
1732737520482 15.815124273300171 365568
1732737590577 449.5609588623047 368640
1732737642157 457.7912377251519 371712
1732737703257 93.36702579922147 374784
1732737764075 48.26525804731581 377856
1732737833042 21.987776623831856 380928
1732737887662 167.10073365105524 384000
1732737957338 624.3068898518881 387072
1732738017881 635.9823760986328 390144
1732738070579 513.2384652031792 393216
1732738135186 39.28308137257894 396288
1732738208193 36.15701410505507 399360
1732738265570 50.644405629899765 402432
1732738335444 52.72986041174995 405504
1732738391288 33.67731989754571 408576
1732738445129 35.11592573589749 411648
1732738508954 15.215470592180887 414720
1732738588583 41.86672433217367 417792
1732738659273 39.404109160105385 420864
1732738727855 23.39767861366272 423936
1732738791868 35.94111522038778 427008
1732738861662 52.8086379898919 430080
1732738919991 37.866016228993736 433152
1732738975966 24.541193299823338 436224
1732739038673 14.533342520395914 439296
1732739107969 18.18337321281433 442368
1732739164759 30.436005963219536 445440
1732739223966 21.411295493443806 448512
1732739281074 15.282899896303812 451584
1732739343366 35.50453774134318 454656
1732739402721 33.85432815551758 457728
1732739463920 33.37689071231418 460800
1732739530722 29.2399160861969 463872
1732739590848 28.620577653249104 466944
1732739658115 17.892234259181553 470016
1732739723779 14.107284095552233 473088
1732739787323 45.14242463641696 476160
1732739842208 32.59018924501207 479232
1732739901606 13.763831827375624 482304
1732739955871 9.40976313749949 485376
1732740010665 137.45800728268094 488448
1732740070037 36.13053634431627 491520
1732740141542 20.45009003745185 494592
1732740198968 28.05501659711202 497664
1732740263282 21.41414425108168 500736
1732740319656 87.97493743896484 503808
1732740389576 175.64400227864584 506880
1732740454949 19.59931809372372 509952
1732740511386 28.90985631942749 513024
1732740571679 18.358479526307846 516096
1732740633405 16.432238790724014 519168
1732740689776 25.10480965508355 522240
1732740743349 24.400909900665283 525312
1732740796886 36.78847201665243 528384
1732740856639 30.901030381520588 531456
1732740920232 12.096788353390163 534528
1732740974858 392.0369959407383 537600
1732741027147 13.02328548166487 540672
1732741082275 274.4956860012478 543744
1732741141025 79.06036747826471 546816
1732741194838 45.85052013397217 549888
1732741243411 47.02213223775228 552960
1732741297371 100.42089504665799 556032
1732741347864 220.215451558431 559104
1732741400585 101.57117674085829 562176
1732741467041 60.02921952141656 565248
1732741535649 20.528051349851822 568320
1732741590285 33.897737397087944 571392
1732741648833 331.14972601996527 574464
1732741708796 978.9947781032986 577536
1732741770779 1830.1190795898438 580608
1732741848269 483.1817978752984 583680
1732741907821 49.16072962019179 586752
1732741969938 29.764593813154434 589824
1732742028770 24.67497950130039 592896
1732742092651 25.16323841942681 595968
1732742156547 25.22334337234497 599040
1732742214555 42.26152202818129 602112
1732742277613 134.4557293256124 605184
1732742341274 39.77715174357096 608256
1732742403007 50.55795537100898 611328
1732742462092 39.9196695221795 614400
1732742533967 9.336401409573025 617472
1732742587224 53.261588626437714 620544
1732742645130 27.661375761032104 623616
1732742700048 17.177466498480904 626688
1732742760083 23.247616423500908 629760
1732742821313 28.214476585388184 632832
1732742878489 34.44907262590196 635904
1732742936894 19.83341105779012 638976
1732742997808 21.938893212212456 642048
1732743062367 32.2107064459059 645120
1732743125615 49.54847182167901 648192
1732743182749 32.86622847451104 651264
1732743241507 17.993844932980007 654336
1732743299582 23.650685999128555 657408
1732743361265 29.40281385845608 660480
1732743417640 36.26447656419542 663552
1732743480946 12.169780479537117 666624
1732743545073 27.99834468629625 669696
1732743604774 34.48092948065864 672768
1732743663037 30.88264380560981 675840
1732743717955 27.186896403630573 678912
1732743775837 398.58277130126953 681984
1732743833206 26.019059075249565 685056
1732743888236 144.82564528783163 688128
1732743945954 364.15240563286676 691200
1732744000353 16.116505728827583 694272
1732744058221 38.15411122639974 697344
1732744113216 650.8433532714844 700416
1732744166077 269.787358601888 703488
1732744227395 110.70048989189996 706560
1732744281409 123.52931806776259 709632
1732744341138 30.81554916169908 712704
1732744397959 39.90195073021783 715776
1732744445339 26.73372811741299 718848
1732744495292 33.103237311045326 721920
1732744554023 34.96944416893853 724992
1732744615710 14.075773027208117 728064
1732744673373 36.07070787747701 731136
1732744727434 26.85436142815484 734208
1732744784294 32.787892765469024 737280
1732744842734 54.094045639038086 740352
1732744896420 40.690811740027534 743424
1732744960435 27.232882976531982 746496
1732745017558 38.63402223587036 749568
1732745078484 31.21974081463284 752640
1732745132521 402.65020253923205 755712
1732745199024 159.27859364615546 758784
1732745261948 32.84384685092502 761856
1732745319633 51.095856030782066 764928
1732745372087 32.33256848653158 768000
1732745433112 555.9886379241943 771072
1732745484587 62.28936746385362 774144
1732745555155 16.869616164101494 777216
1732745624379 26.473588201734756 780288
1732745695494 404.06703016493054 783360
1732745757537 32.86526685290866 786432
1732745818203 12.279444403118557 789504
1732745886527 22.75944333606296 792576
1732745944731 39.21028333240085 795648
1732746006364 30.63623317082723 798720
1732746065632 20.478327963087295 801792
1732746128650 35.922791692945694 804864
1732746185705 36.321753925747345 807936
1732746241281 17.868634859720867 811008
1732746299981 26.298432615068222 814080
1732746353095 31.11470625135634 817152
1732746403722 20.460275491078693 820224
1732746455493 25.996085166931152 823296
1732746506703 26.188106271955704 826368
1732746574347 14.536187357372707 829440
1732746625470 36.928275161319306 832512
1732746675553 99.64922724829779 835584
1732746727449 932.748543633355 838656
1732746783723 928.1351047092014 841728
1732746845429 890.6017116970486 844800
1732746897199 986.1010403103298 847872
1732746951877 556.8163892957899 850944
1732747014451 346.4411171807183 854016
1732747073657 41.525991916656494 857088
1732747129295 67.94387155108981 860160
1732747189913 21.37140655517578 863232
1732747267430 16.89221035109626 866304
1732747324746 48.26481760872735 869376
1732747387821 27.51562253634135 872448
1732747448665 27.21383873621623 875520
1732747509729 321.12223519219293 878592
1732747576875 41.84680196974013 881664
1732747644304 39.78392431471083 884736
1732747708481 43.21310912238227 887808
1732747768492 61.8615525563558 890880
1732747824698 33.067817793952095 893952
1732747888368 26.9323312441508 897024
1732747944946 37.999535666571724 900096
1732748009586 12.001636743545532 903168
1732748081725 28.26827155219184 906240
1732748138577 75.08765920003255 909312
1732748193069 15.951540549596151 912384
1732748250636 15.294709814919365 915456
1732748307687 41.20120610131158 918528
1732748376391 8.371165580219692 921600
1732748439434 37.089308977127075 924672
1732748501276 66.11341296301947 927744
1732748562370 28.677989376915825 930816
1732748624106 24.410016775131226 933888
1732748682467 44.22634304894341 936960
1732748742165 61.98171933492025 940032
1732748804565 77.92984549204509 943104
1732748865447 25.104859405093723 946176
1732748922211 24.109029452006023 949248
1732748982875 25.184146881103516 952320
1732749044860 19.790453301535713 955392
1732749111373 27.37367190255059 958464
1732749167727 54.6324569384257 961536
1732749227236 66.51602453655667 964608
1732749292548 29.337923844655354 967680
1732749360361 44.81917979982164 970752
1732749420936 32.64284533924527 973824
1732749477858 24.895834075080025 976896
1732749539489 33.361509799957275 979968
1732749600353 28.206477536095512 983040
1732749656175 81.36715401543512 986112
1732749712548 857.5649617513021 989184
1732749766278 558.371605767144 992256
1732749844583 580.7611719767252 995328
1732749901024 120.1183630625407 998400
1732749960072 25.89636140399509 1001472
