1731008986469 0.0 0
1731008996528 13.7 1
1731009006579 14.3 2
1731009016633 14.3 3
1731009026674 14.2 4
1731009036729 14.5 5
1731009046787 10.6 6
1731009056863 15.3 7
1731009066944 17.3 8
1731009077027 14.7 9
1731009087094 9.9 10
1731009097170 8.0 11
1731009107240 15.6 12
1731009117293 12.5 13
1731009127368 12.6 14
1731009137449 12.6 15
1731009147532 12.7 16
1731009157572 10.9 17
1731009167646 11.0 18
1731009177722 11.7 19
1731009187785 10.5 20
1731009197843 10.5 21
1731009207899 9.0 22
1731009217964 9.2 23
1731009228036 7.7 24
1731009238117 12.0 25
1731009248176 11.7 26
1731009258234 11.7 27
