1731008986469 46.2 0
1731008996528 46.2 1
1731009006579 46.2 2
1731009016633 46.2 3
1731009026674 46.2 4
1731009036729 46.2 5
1731009046787 46.2 6
1731009056863 46.2 7
1731009066944 46.2 8
1731009077027 46.2 9
1731009087094 46.2 10
1731009097170 46.2 11
1731009107240 46.2 12
1731009117293 46.2 13
1731009127368 46.2 14
1731009137449 46.2 15
1731009147532 46.2 16
1731009157572 46.2 17
1731009167646 46.2 18
1731009177722 46.2 19
1731009187785 46.2 20
1731009197843 46.2 21
1731009207899 46.2 22
1731009217964 46.2 23
1731009228036 46.2 24
1731009238117 46.2 25
1731009248176 46.2 26
1731009258234 46.2 27
