1731008986469 121293.8 0
1731008996528 121293.8 1
1731009006579 121293.8 2
1731009016633 121293.9 3
1731009026674 121293.9 4
1731009036729 121294.0 5
1731009046787 121294.0 6
1731009056863 121293.9 7
1731009066944 121294.0 8
1731009077027 121294.2 9
1731009087094 121295.1 10
1731009097170 121295.2 11
1731009107240 121295.7 12
1731009117293 121296.8 13
1731009127368 121296.0 14
1731009137449 121297.2 15
1731009147532 121301.9 16
1731009157572 121304.4 17
1731009167646 121305.9 18
1731009177722 121307.0 19
1731009187785 121307.0 20
1731009197843 121307.2 21
1731009207899 121307.2 22
1731009217964 121307.2 23
1731009228036 121307.2 24
1731009238117 121307.3 25
1731009248176 121307.3 26
1731009258234 121307.3 27
