1731008986469 10.8 0
1731008996528 20.8 1
1731009006579 27.1 2
1731009016633 26.8 3
1731009026674 27.1 4
1731009036729 26.9 5
1731009046787 32.8 6
1731009056863 32.9 7
1731009066944 33.2 8
1731009077027 33.3 9
1731009087094 33.1 10
1731009097170 33.1 11
1731009107240 33.1 12
1731009117293 33.1 13
1731009127368 33.1 14
1731009137449 33.3 15
1731009147532 33.3 16
1731009157572 33.4 17
1731009167646 33.5 18
1731009177722 33.1 19
1731009187785 33.0 20
1731009197843 33.1 21
1731009207899 33.0 22
1731009217964 33.0 23
1731009228036 32.9 24
1731009238117 32.9 25
1731009248176 32.9 26
1731009258234 32.9 27
