1731008986469 2772.0 0
1731008996528 5357.8 1
1731009006579 6972.2 2
1731009016633 6913.7 3
1731009026674 6973.2 4
1731009036729 6931.8 5
1731009046787 8452.4 6
1731009056863 8484.7 7
1731009066944 8548.8 8
1731009077027 8576.5 9
1731009087094 8541.0 10
1731009097170 8540.8 11
1731009107240 8532.3 12
1731009117293 8525.3 13
1731009127368 8533.2 14
1731009137449 8587.2 15
1731009147532 8578.1 16
1731009157572 8613.7 17
1731009167646 8626.0 18
1731009177722 8517.8 19
1731009187785 8516.7 20
1731009197843 8521.8 21
1731009207899 8508.1 22
1731009217964 8504.9 23
1731009228036 8483.1 24
1731009238117 8483.1 25
1731009248176 8481.7 26
1731009258234 8479.4 27
