1731008986469 18.5 0
1731008996528 30.4 1
1731009006579 76.3 2
1731009016633 77.1 3
1731009026674 76.5 4
1731009036729 77.4 5
1731009046787 78.7 6
1731009056863 78.8 7
1731009066944 78.9 8
1731009077027 78.9 9
1731009087094 38.4 10
1731009097170 44.1 11
1731009107240 78.8 12
1731009117293 77.4 13
1731009127368 32.8 14
1731009137449 38.9 15
1731009147532 76.5 16
1731009157572 75.6 17
1731009167646 56.2 18
1731009177722 78.4 19
1731009187785 32.0 20
1731009197843 55.7 21
1731009207899 76.3 22
1731009217964 37.1 23
1731009228036 35.9 24
1731009238117 74.3 25
1731009248176 37.1 26
1731009258234 31.6 27
