1731008986469 13.0 0
1731008996528 17.0 1
1731009006579 59.0 2
1731009016633 60.0 3
1731009026674 54.0 4
1731009036729 57.0 5
1731009046787 53.0 6
1731009056863 59.0 7
1731009066944 55.0 8
1731009077027 60.0 9
1731009087094 23.0 10
1731009097170 47.0 11
1731009107240 54.0 12
1731009117293 57.0 13
1731009127368 3.0 14
1731009137449 5.0 15
1731009147532 55.0 16
1731009157572 51.0 17
1731009167646 60.0 18
1731009177722 54.0 19
1731009187785 1.0 20
1731009197843 6.0 21
1731009207899 63.0 22
1731009217964 1.0 23
1731009228036 0.0 24
1731009238117 52.0 25
1731009248176 29.0 26
1731009258234 0.0 27
