1731008986469 68.4 0
1731008996528 112.5 1
1731009006579 282.5 2
1731009016633 285.5 3
1731009026674 283.1 4
1731009036729 286.2 5
1731009046787 291.0 6
1731009056863 291.7 7
1731009066944 291.8 8
1731009077027 292.0 9
1731009087094 141.9 10
1731009097170 163.3 11
1731009107240 291.6 12
1731009117293 286.4 13
1731009127368 121.2 14
1731009137449 143.9 15
1731009147532 283.2 16
1731009157572 279.6 17
1731009167646 207.9 18
1731009177722 290.0 19
1731009187785 118.4 20
1731009197843 206.1 21
1731009207899 282.2 22
1731009217964 137.4 23
1731009228036 132.8 24
1731009238117 274.9 25
1731009248176 137.1 26
1731009258234 117.1 27
