1731008986469 0.000345999999808555 0
1731008996528 0.02833599999985381 1
1731009006579 1.2610759999997754 2
1731009016633 2.9054409999998825 3
1731009026674 4.540324999999939 4
1731009036729 6.231007999999747 5
1731009046787 7.121611999999914 6
1731009056863 8.806573999999728 7
1731009066944 10.60829799999965 8
1731009077027 12.30263799999966 9
1731009087094 13.139530999999806 10
1731009097170 13.59267299999965 11
1731009107240 15.475044999999682 12
1731009117293 16.517795999999635 13
1731009127368 18.006858999999622 14
1731009137449 20.002118999999766 15
1731009147532 25.114526999999725 16
1731009157572 26.86850400000003 17
1731009167646 27.80383699999993 18
1731009177722 28.68171200000006 19
1731009187785 29.650100999999722 20
1731009197843 30.387005000000045 21
1731009207899 30.723209999999654 22
1731009217964 30.948394000000008 23
1731009228036 31.40077199999996 24
1731009238117 32.54503599999998 25
1731009248176 33.27817099999993 26
1731009258234 33.94772899999998 27
