1731008986469 0.00034600000000750697 0
1731008996528 0.0251880000000142 1
1731009006579 1.2574760000000254 2
1731009016633 2.9011870000000215 3
1731009026674 4.5356470000000115 4
1731009036729 6.225569000000007 5
1731009046787 7.105599000000012 6
1731009056863 8.791110000000003 7
1731009066944 10.591919000000019 8
1731009077027 12.400596000000007 9
1731009087094 13.057763000000023 10
1731009097170 13.50584600000002 11
1731009107240 15.252959000000004 12
1731009117293 16.189480000000003 13
1731009127368 17.249693000000008 14
1731009137449 18.402957000000015 15
1731009147532 19.618424000000005 16
1731009157572 20.453934000000004 17
1731009167646 21.25095300000001 18
1731009177722 22.153576000000015 19
1731009187785 23.106281000000024 20
1731009197843 23.79158700000002 21
1731009207899 24.122717000000023 22
1731009217964 24.34776500000001 23
1731009228036 24.799633999999998 24
1731009238117 25.943264 25
1731009248176 26.677821000000023 26
1731009258234 27.346814000000023 27
