1731008986469 24.7 0
1731008996528 56.8 1
1731009006579 59.0 2
1731009016633 62.9 3
1731009026674 66.3 4
1731009036729 70.3 5
1731009046787 58.9 6
1731009056863 62.9 7
1731009066944 66.7 8
1731009077027 70.7 9
1731009087094 87.1 10
1731009097170 58.6 11
1731009107240 62.1 12
1731009117293 64.5 13
1731009127368 71.6 14
1731009137449 69.2 15
1731009147532 71.7 16
1731009157572 58.9 17
1731009167646 61.1 18
1731009177722 62.9 19
1731009187785 65.2 20
1731009197843 66.9 21
1731009207899 67.8 22
1731009217964 67.9 23
1731009228036 67.0 24
1731009238117 71.7 25
1731009248176 73.7 26
1731009258234 66.6 27
