1731008986469 8295.8 0
1731008996528 19049.9 1
1731009006579 19805.3 2
1731009016633 21101.5 3
1731009026674 22251.0 4
1731009036729 23579.2 5
1731009046787 19773.6 6
1731009056863 21094.4 7
1731009066944 22388.6 8
1731009077027 23719.2 9
1731009087094 29232.8 10
1731009097170 19646.7 11
1731009107240 20850.4 12
1731009117293 21642.0 13
1731009127368 24009.2 14
1731009137449 23207.6 15
1731009147532 24042.5 16
1731009157572 19758.8 17
1731009167646 20507.9 18
1731009177722 21118.4 19
1731009187785 21886.5 20
1731009197843 22440.4 21
1731009207899 22755.0 22
1731009217964 22779.6 23
1731009228036 22492.8 24
1731009238117 24054.4 25
1731009248176 24730.3 26
1731009258234 22338.0 27
