1731095081860 49.0 3072
1731095136462 52.0 6144
1731095202232 50.0 9216
1731095272265 48.0 12288
1731095369622 43.0 15360
1731095449211 42.0 18432
1731095545927 40.0 21504
1731095630643 40.0 24576
1731095718801 39.0 27648
1731095822500 38.0 30720
1731095911273 37.0 33792
1731096017431 36.0 36864
1731096108737 36.0 39936
1731096207689 36.0 43008
1731096297632 36.0 46080
1731096397400 35.0 49152
1731096485628 35.0 52224
1731096572531 35.0 55296
1731096651814 35.0 58368
1731096745424 35.0 61440
1731096820587 35.0 64512
1731096908500 35.0 67584
1731097006257 35.0 70656
1731097093120 35.0 73728
1731097168481 35.0 76800
1731097261807 35.0 79872
1731097357889 35.0 82944
1731097432278 35.0 86016
1731097519890 35.0 89088
1731097598395 35.0 92160
1731097686605 35.0 95232
1731097763190 35.0 98304
1731097831891 36.0 101376
1731097912829 36.0 104448
1731098008018 35.0 107520
1731098100612 35.0 110592
1731098198928 35.0 113664
1731098265469 35.0 116736
1731098345998 36.0 119808
1731098432004 36.0 122880
1731098507493 36.0 125952
1731098598023 36.0 129024
1731098689992 35.0 132096
1731098831603 35.0 135168
1731098937616 35.0 138240
1731099037144 35.0 141312
1731099138555 35.0 144384
1731099250397 34.0 147456
1731099346496 34.0 150528
1731099451775 34.0 153600
1731099535190 34.0 156672
1731099673859 34.0 159744
1731099763102 34.0 162816
1731099863100 34.0 165888
1731099955777 34.0 168960
1731100047865 34.0 172032
1731100147881 34.0 175104
1731100233401 34.0 178176
1731100319938 34.0 181248
1731100422248 34.0 184320
1731100521161 34.0 187392
1731100603000 34.0 190464
1731100702737 34.0 193536
1731100784198 34.0 196608
1731100877903 34.0 199680
1731100974356 34.0 202752
