1731095081865 1.0 3072
1731095136467 2.0 6144
1731095202237 3.0 9216
1731095272269 4.0 12288
1731095369628 5.0 15360
1731095449215 6.0 18432
1731095545932 7.0 21504
1731095630648 8.0 24576
1731095718806 9.0 27648
1731095822506 10.0 30720
1731095911279 11.0 33792
1731096017436 12.0 36864
1731096108741 13.0 39936
1731096207694 14.0 43008
1731096297637 15.0 46080
1731096397406 16.0 49152
1731096485634 17.0 52224
1731096572536 18.0 55296
1731096651817 19.0 58368
1731096745430 20.0 61440
1731096820591 21.0 64512
1731096908505 22.0 67584
1731097006262 23.0 70656
1731097093124 24.0 73728
1731097168486 25.0 76800
1731097261812 26.0 79872
1731097357894 27.0 82944
1731097432284 28.0 86016
1731097519894 29.0 89088
1731097598400 30.0 92160
1731097686610 31.0 95232
1731097763195 32.0 98304
1731097831896 33.0 101376
1731097912833 34.0 104448
1731098008024 35.0 107520
1731098100617 36.0 110592
1731098198932 37.0 113664
1731098265474 38.0 116736
1731098346003 39.0 119808
1731098432009 40.0 122880
1731098507498 41.0 125952
1731098598028 42.0 129024
1731098689997 43.0 132096
1731098831607 44.0 135168
1731098937622 45.0 138240
1731099037149 46.0 141312
1731099138559 47.0 144384
1731099250403 48.0 147456
1731099346499 49.0 150528
1731099451780 50.0 153600
1731099535195 51.0 156672
1731099673875 52.0 159744
1731099763107 53.0 162816
1731099863105 54.0 165888
1731099955782 55.0 168960
1731100047869 56.0 172032
1731100147887 57.0 175104
1731100233406 58.0 178176
1731100319943 59.0 181248
1731100422253 60.0 184320
1731100521166 61.0 187392
1731100603005 62.0 190464
1731100702742 63.0 193536
1731100784202 64.0 196608
1731100877908 65.0 199680
1731100974359 66.0 202752
