1731095081870 61.0 3072
1731095136473 116.0 6144
1731095202243 182.0 9216
1731095272273 252.0 12288
1731095369635 349.0 15360
1731095449219 429.0 18432
1731095545936 525.0 21504
1731095630653 610.0 24576
1731095718811 698.0 27648
1731095822511 802.0 30720
1731095911284 891.0 33792
1731096017441 997.0 36864
1731096108744 1088.0 39936
1731096207699 1187.0 43008
1731096297643 1277.0 46080
1731096397411 1377.0 49152
1731096485639 1465.0 52224
1731096572541 1552.0 55296
1731096651820 1631.0 58368
1731096745435 1725.0 61440
1731096820596 1800.0 64512
1731096908510 1888.0 67584
1731097006267 1986.0 70656
1731097093128 2072.0 73728
1731097168492 2148.0 76800
1731097261817 2241.0 79872
1731097357900 2337.0 82944
1731097432289 2412.0 86016
1731097519899 2499.0 89088
1731097598405 2578.0 92160
1731097686615 2666.0 95232
1731097763201 2743.0 98304
1731097831901 2811.0 101376
1731097912836 2892.0 104448
1731098008029 2987.0 107520
1731098100623 3080.0 110592
1731098198937 3178.0 113664
1731098265479 3245.0 116736
1731098346008 3325.0 119808
1731098432014 3411.0 122880
1731098507504 3487.0 125952
1731098598033 3577.0 129024
1731098690003 3669.0 132096
1731098831612 3811.0 135168
1731098937627 3917.0 138240
1731099037154 4017.0 141312
1731099138564 4118.0 144384
1731099250419 4230.0 147456
1731099346503 4326.0 150528
1731099451785 4431.0 153600
1731099535200 4515.0 156672
1731099673881 4653.0 159744
1731099763113 4742.0 162816
1731099863110 4842.0 165888
1731099955787 4935.0 168960
1731100047872 5027.0 172032
1731100147892 5127.0 175104
1731100233411 5213.0 178176
1731100319948 5299.0 181248
1731100422257 5402.0 184320
1731100521171 5501.0 187392
1731100603010 5582.0 190464
1731100702746 5682.0 193536
1731100784207 5764.0 196608
1731100877912 5857.0 199680
1731100974362 5954.0 202752
