1731065817942 0.0 0
1731065828013 21.4 1
1731065838076 14.6 2
1731065848124 20.7 3
1731065858171 18.8 4
1731065868225 17.1 5
1731065878288 21.6 6
1731065888345 16.1 7
1731065898405 21.2 8
1731065908456 21.7 9
1731065918520 18.3 10
1731065928604 19.8 11
1731065938673 19.6 12
1731065948733 16.7 13
1731065958796 19.9 14
1731065968862 19.2 15
1731065978943 17.7 16
1731065989021 20.9 17
1731065999089 17.1 18
1731066009160 19.4 19
1731066019224 18.2 20
1731066029306 17.6 21
1731066039371 18.4 22
1731066049441 11.3 23
1731066059522 14.1 24
1731066069606 11.0 25
1731066079680 11.3 26
1731066089741 13.5 27
1731066099806 12.7 28
1731066109880 11.3 29
1731066119957 12.7 30
1731066130032 11.0 31
1731066140115 11.8 32
1731066150195 8.1 33
1731066160259 7.3 34
1731066170321 8.1 35
1731066180389 12.2 36
1731066190472 10.1 37
1731066200543 11.4 38
1731066210619 8.2 39
1731066220688 9.1 40
1731066230770 11.8 41
1731066240837 8.9 42
1731066250894 8.2 43
1731066260976 9.0 44
1731066271056 9.0 45
1731066281143 10.5 46
1731066291216 10.7 47
1731066301310 9.7 48
1731066311392 10.4 49
1731066321463 9.0 50
1731066331518 11.1 51
1731066341576 9.2 52
1731066351646 11.4 53
1731066361722 9.8 54
1731066371775 8.5 55
1731066381829 11.2 56
1731066391907 6.8 57
1731066401974 10.9 58
1731066412051 11.3 59
1731066422116 9.3 60
1731066432166 9.4 61
1731066442230 9.3 62
1731066452315 7.2 63
1731066462388 9.6 64
1731066472476 9.5 65
1731066482555 9.0 66
1731066492628 11.9 67
1731066502707 8.2 68
1731066512778 7.5 69
1731066522877 10.0 70
1731066532941 10.1 71
1731066543023 8.3 72
1731066553100 8.1 73
1731066563188 8.0 74
1731066573263 9.0 75
1731066583334 9.7 76
1731066593418 11.0 77
1731066603498 9.6 78
1731066613571 9.6 79
1731066623654 8.8 80
1731066633736 7.5 81
1731066643803 9.6 82
1731066653870 11.0 83
1731066663945 10.6 84
1731066674010 12.1 85
1731066684107 7.3 86
1731066694202 9.3 87
1731066704290 8.2 88
1731066714368 8.5 89
1731066724456 9.6 90
1731066734534 9.1 91
1731066744597 9.3 92
1731066754671 8.9 93
1731066764756 11.0 94
1731066774837 9.5 95
1731066784925 8.5 96
1731066795013 11.0 97
1731066805100 9.8 98
1731066815173 9.2 99
1731066825251 9.7 100
1731066835322 11.7 101
1731066845396 8.9 102
1731066855469 7.4 103
1731066865574 10.1 104
1731066875666 11.4 105
1731066885734 11.5 106
1731066895805 8.7 107
1731066905893 10.4 108
1731066915955 8.3 109
1731066926031 9.6 110
1731066936102 11.7 111
1731066946191 9.7 112
1731066956268 9.5 113
1731066966344 10.1 114
1731066976410 9.9 115
1731066986510 8.4 116
1731066996584 10.3 117
1731067006654 9.6 118
1731067016733 11.2 119
1731067026834 9.5 120
1731067036921 10.9 121
1731067047006 10.2 122
1731067057098 8.7 123
1731067067149 11.1 124
1731067077232 10.1 125
1731067087321 10.9 126
1731067097411 8.8 127
1731067107502 10.6 128
1731067117581 7.5 129
1731067127662 6.9 130
1731067137761 10.7 131
1731067147858 10.4 132
1731067157951 8.7 133
1731067168027 11.1 134
1731067178100 9.1 135
1731067188204 8.2 136
1731067198300 10.9 137
1731067208395 10.7 138
1731067218478 9.6 139
1731067228576 10.0 140
1731067238668 9.3 141
1731067248766 7.1 142
1731067258861 10.7 143
1731067268951 8.3 144
1731067279031 9.9 145
1731067289135 9.5 146
1731067299226 10.6 147
1731067309309 7.9 148
1731067319403 8.2 149
1731067329491 9.6 150
1731067339577 8.3 151
1731067349667 8.7 152
1731067359738 10.4 153
1731067369832 8.8 154
1731067379909 8.6 155
1731067390001 8.3 156
1731067400103 9.9 157
1731067410198 9.9 158
1731067420274 9.1 159
1731067430360 10.7 160
1731067440458 7.5 161
1731067450542 10.4 162
1731067460626 8.3 163
1731067470707 8.8 164
1731067480788 10.1 165
1731067490888 9.4 166
1731067500970 10.8 167
1731067511054 6.6 168
1731067521140 9.0 169
1731067531239 7.7 170
1731067541323 8.4 171
1731067551422 10.6 172
1731067561511 7.1 173
1731067571585 8.2 174
1731067581670 7.0 175
1731067591749 10.5 176
1731067601836 8.7 177
1731067611943 10.4 178
1731067622028 8.1 179
1731067632122 7.9 180
1731067642196 9.2 181
1731067652273 8.6 182
1731067662382 8.8 183
1731067672481 9.3 184
1731067682564 10.5 185
1731067692638 9.7 186
1731067702708 8.3 187
1731067712814 7.4 188
1731067722904 11.0 189
1731067732997 6.5 190
1731067743084 10.5 191
1731067753184 8.9 192
1731067763264 7.9 193
1731067773361 9.0 194
1731067783457 8.0 195
1731067793541 8.9 196
1731067803625 8.1 197
1731067813712 7.0 198
1731067823797 7.0 199
1731067833895 9.1 200
1731067843996 9.1 201
1731067854083 9.0 202
1731067864183 7.7 203
1731067874261 6.8 204
1731067884359 7.4 205
1731067894461 8.7 206
1731067904569 8.0 207
1731067914665 10.3 208
1731067924759 7.1 209
1731067934874 11.2 210
1731067944973 9.1 211
1731067955061 7.5 212
1731067965180 10.6 213
1731067975278 7.0 214
1731067985366 10.3 215
1731067995483 7.5 216
1731068005568 9.1 217
1731068015665 10.2 218
1731068025767 9.3 219
1731068035853 10.8 220
1731068045945 10.9 221
1731068056032 8.2 222
1731068066149 8.2 223
1731068076250 10.8 224
1731068086356 9.1 225
1731068096456 7.3 226
1731068106561 7.8 227
1731068116651 8.1 228
1731068126756 10.9 229
1731068136861 8.6 230
1731068146960 7.6 231
1731068157062 7.3 232
1731068167161 9.5 233
1731068177257 9.4 234
1731068187355 8.1 235
1731068197456 7.5 236
1731068207546 9.1 237
1731068217649 9.0 238
1731068227759 7.7 239
1731068237856 8.3 240
1731068247953 6.7 241
1731068258057 7.4 242
1731068268162 9.6 243
1731068278260 9.1 244
1731068288337 11.0 245
1731068298437 8.8 246
1731068308534 8.1 247
1731068318638 8.0 248
1731068328755 9.4 249
1731068338854 6.9 250
1731068348948 9.1 251
1731068359046 8.4 252
1731068369151 8.3 253
1731068379252 7.2 254
1731068389336 10.3 255
1731068399435 8.0 256
1731068409556 7.3 257
1731068419896 11.2 258
1731068429996 7.9 259
1731068440097 9.2 260
1731068450198 8.6 261
1731068460289 7.9 262
1731068470400 11.0 263
1731068480505 9.9 264
1731068490601 10.0 265
1731068500717 10.5 266
1731068510825 7.6 267
1731068520928 9.7 268
1731068531035 9.3 269
1731068541145 9.5 270
1731068551257 8.5 271
1731068561371 9.2 272
1731068571494 9.7 273
1731068581608 8.2 274
1731068591719 9.2 275
1731068601821 8.7 276
1731068611933 8.1 277
1731068622057 9.6 278
1731068632166 10.8 279
1731068642241 9.3 280
1731068652348 10.4 281
1731068662452 6.5 282
1731068672565 6.3 283
1731068682666 9.1 284
1731068692772 9.1 285
1731068702875 7.7 286
1731068712968 9.0 287
1731068723053 8.4 288
1731068733144 8.4 289
1731068743270 8.2 290
1731068753382 10.9 291
1731068763502 7.5 292
1731068773618 10.5 293
1731068783722 8.7 294
1731068793804 8.6 295
1731068803899 8.9 296
1731068814005 7.5 297
1731068824109 8.1 298
1731068834214 8.1 299
1731068844331 7.8 300
1731068854444 8.7 301
1731068864570 8.1 302
1731068874682 9.1 303
1731068884792 9.3 304
1731068894909 10.8 305
1731068905019 8.7 306
1731068915128 10.7 307
1731068925241 8.6 308
1731068935370 8.9 309
1731068945467 8.4 310
1731068955583 7.4 311
1731068965693 6.9 312
1731068975802 8.7 313
1731068985907 9.0 314
1731068996019 9.3 315
1731069006131 6.9 316
1731069016237 5.9 317
1731069026346 9.9 318
1731069036459 7.7 319
1731069046567 9.0 320
1731069056694 9.0 321
1731069066770 8.7 322
1731069076884 9.9 323
1731069086982 12.0 324
1731069097083 10.7 325
1731069107172 8.0 326
1731069117290 10.1 327
1731069127393 7.4 328
1731069137509 8.3 329
1731069147606 7.2 330
1731069157726 8.8 331
1731069167797 9.0 332
1731069177909 9.2 333
1731069188016 9.3 334
1731069198114 8.5 335
1731069208226 7.6 336
1731069218379 9.7 337
1731069228489 7.4 338
1731069238593 7.2 339
1731069248700 8.8 340
1731069258817 8.0 341
1731069268936 8.9 342
1731069279045 8.4 343
1731069289158 8.8 344
1731069299287 7.4 345
1731069309398 10.6 346
1731069319522 7.2 347
1731069329631 8.6 348
1731069339716 7.7 349
1731069349827 7.0 350
1731069359942 9.8 351
1731069370023 9.5 352
1731069380134 7.6 353
1731069390254 11.2 354
1731069400486 11.0 355
1731069410601 9.6 356
1731069420715 9.0 357
1731069430832 8.6 358
1731069440942 8.8 359
1731069451061 8.9 360
1731069461166 10.9 361
1731069471280 9.5 362
1731069481364 8.5 363
1731069491474 7.8 364
1731069501596 9.2 365
1731069511698 10.2 366
1731069521820 8.3 367
1731069531935 7.3 368
1731069542063 9.6 369
1731069552174 8.8 370
1731069562256 10.5 371
1731069572357 8.2 372
1731069582457 10.8 373
1731069592563 9.9 374
1731069602667 11.4 375
1731069612762 11.4 376
1731069622880 11.5 377
1731069633003 9.3 378
1731069643117 10.0 379
1731069653256 11.2 380
1731069663341 11.1 381
1731069673464 10.5 382
1731069683596 10.4 383
1731069693686 9.2 384
1731069703809 10.1 385
1731069713923 8.0 386
1731069724046 9.1 387
1731069734166 11.0 388
1731069744286 9.2 389
1731069754403 9.5 390
1731069764528 8.5 391
1731069774611 8.5 392
1731069784727 11.3 393
1731069794855 10.6 394
1731069804959 7.4 395
1731069815070 10.6 396
1731069825146 10.3 397
1731069835323 10.5 398
1731069845444 8.1 399
1731069855562 10.9 400
1731069865639 8.0 401
1731069875758 10.6 402
1731069885877 9.9 403
1731069895984 6.9 404
1731069906119 8.8 405
1731069916239 8.9 406
1731069926364 9.6 407
1731069936479 9.3 408
1731069946592 9.3 409
1731069956688 10.3 410
1731069966824 10.4 411
1731069976946 10.5 412
1731069987068 7.8 413
1731069997197 10.0 414
1731070007280 9.7 415
1731070017376 9.2 416
1731070027492 8.3 417
1731070037619 9.3 418
1731070047746 10.5 419
1731070057877 6.1 420
1731070068003 8.8 421
1731070078118 10.3 422
1731070088254 11.3 423
1731070098377 11.2 424
1731070108494 10.8 425
1731070118621 8.5 426
1731070128743 10.7 427
1731070138868 7.7 428
1731070149008 8.6 429
1731070159131 8.6 430
1731070169226 9.7 431
1731070179340 9.8 432
1731070189468 11.1 433
1731070199594 9.4 434
1731070209719 8.6 435
1731070219840 7.8 436
1731070229965 11.1 437
1731070240095 11.6 438
1731070250227 11.3 439
1731070260345 9.5 440
1731070270472 10.4 441
1731070280592 10.3 442
1731070290718 7.0 443
1731070300848 8.3 444
1731070310978 10.1 445
1731070321126 11.6 446
1731070331252 11.3 447
1731070341374 10.9 448
1731070351494 8.8 449
1731070361618 8.2 450
1731070371729 10.4 451
1731070381822 11.2 452
1731070391926 10.6 453
1731070402070 8.7 454
1731070412219 10.7 455
1731070422290 8.2 456
1731070432418 7.6 457
1731070442535 11.3 458
1731070452673 8.5 459
1731070462801 10.6 460
1731070472906 10.7 461
1731070483035 9.1 462
1731070493163 9.8 463
1731070503274 10.1 464
1731070513390 11.3 465
1731070523517 9.1 466
1731070533645 9.0 467
1731070543794 10.0 468
1731070553931 8.9 469
1731070564062 8.2 470
1731070574189 8.5 471
1731070584279 11.0 472
1731070594373 8.8 473
1731070604472 10.5 474
1731070614578 9.2 475
1731070624939 9.2 476
1731070635065 7.6 477
1731070645210 9.2 478
1731070655358 9.1 479
1731070665510 9.5 480
1731070675641 9.4 481
1731070685773 11.5 482
1731070695905 9.2 483
1731070706032 9.0 484
1731070716160 6.7 485
1731070726312 7.4 486
1731070736449 9.2 487
1731070746589 11.3 488
1731070756719 9.4 489
1731070766854 11.2 490
1731070776989 10.8 491
1731070787121 7.7 492
1731070797247 6.8 493
1731070807332 9.7 494
1731070817461 8.2 495
1731070827589 8.4 496
1731070837730 7.6 497
1731070847847 7.9 498
1731070857979 11.4 499
1731070868111 11.0 500
1731070878266 7.9 501
1731070888352 9.4 502
1731070898475 9.8 503
1731070908589 8.9 504
1731070918722 11.3 505
1731070928824 10.8 506
1731070938940 9.3 507
