1731065817942 46.2 0
1731065828013 46.2 1
1731065838076 46.2 2
1731065848124 46.2 3
1731065858171 46.2 4
1731065868225 46.2 5
1731065878288 46.2 6
1731065888345 46.2 7
1731065898405 46.2 8
1731065908456 46.2 9
1731065918520 46.2 10
1731065928604 46.2 11
1731065938673 46.2 12
1731065948733 46.2 13
1731065958796 46.2 14
1731065968862 46.2 15
1731065978943 46.2 16
1731065989021 46.2 17
1731065999089 46.2 18
1731066009160 46.2 19
1731066019224 46.2 20
1731066029306 46.2 21
1731066039371 46.2 22
1731066049441 46.2 23
1731066059522 46.2 24
1731066069606 46.2 25
1731066079680 46.2 26
1731066089741 46.2 27
1731066099806 46.2 28
1731066109880 46.2 29
1731066119957 46.2 30
1731066130032 46.2 31
1731066140115 46.2 32
1731066150195 46.2 33
1731066160259 46.2 34
1731066170321 46.2 35
1731066180389 46.2 36
1731066190472 46.2 37
1731066200543 46.2 38
1731066210619 46.2 39
1731066220688 46.2 40
1731066230770 46.2 41
1731066240837 46.2 42
1731066250894 46.2 43
1731066260976 46.2 44
1731066271056 46.2 45
1731066281143 46.2 46
1731066291216 46.2 47
1731066301310 46.2 48
1731066311392 46.2 49
1731066321463 46.2 50
1731066331518 46.2 51
1731066341576 46.2 52
1731066351646 46.2 53
1731066361722 46.2 54
1731066371775 46.2 55
1731066381829 46.2 56
1731066391907 46.2 57
1731066401974 46.2 58
1731066412051 46.2 59
1731066422116 46.2 60
1731066432166 46.2 61
1731066442230 46.2 62
1731066452315 46.2 63
1731066462388 46.2 64
1731066472476 46.2 65
1731066482555 46.2 66
1731066492628 46.2 67
1731066502707 46.2 68
1731066512778 46.2 69
1731066522877 46.2 70
1731066532941 46.2 71
1731066543023 46.2 72
1731066553100 46.2 73
1731066563188 46.2 74
1731066573263 46.2 75
1731066583334 46.2 76
1731066593418 46.2 77
1731066603498 46.2 78
1731066613571 46.2 79
1731066623654 46.2 80
1731066633736 46.2 81
1731066643803 46.2 82
1731066653870 46.2 83
1731066663945 46.2 84
1731066674010 46.2 85
1731066684107 46.2 86
1731066694202 46.2 87
1731066704290 46.2 88
1731066714368 46.2 89
1731066724456 46.2 90
1731066734534 46.2 91
1731066744597 46.2 92
1731066754671 46.2 93
1731066764756 46.2 94
1731066774837 46.2 95
1731066784925 46.2 96
1731066795013 46.2 97
1731066805100 46.2 98
1731066815173 46.2 99
1731066825251 46.2 100
1731066835322 46.2 101
1731066845396 46.2 102
1731066855469 46.2 103
1731066865574 46.2 104
1731066875666 46.2 105
1731066885734 46.2 106
1731066895805 46.2 107
1731066905893 46.2 108
1731066915955 46.2 109
1731066926031 46.2 110
1731066936102 46.2 111
1731066946191 46.2 112
1731066956268 46.2 113
1731066966344 46.2 114
1731066976410 46.2 115
1731066986510 46.2 116
1731066996584 46.2 117
1731067006654 46.2 118
1731067016733 46.2 119
1731067026834 46.2 120
1731067036921 46.2 121
1731067047006 46.2 122
1731067057098 46.2 123
1731067067149 46.2 124
1731067077232 46.2 125
1731067087321 46.2 126
1731067097411 46.2 127
1731067107502 46.2 128
1731067117581 46.2 129
1731067127662 46.2 130
1731067137761 46.2 131
1731067147858 46.2 132
1731067157951 46.2 133
1731067168027 46.2 134
1731067178100 46.2 135
1731067188204 46.2 136
1731067198300 46.2 137
1731067208395 46.2 138
1731067218478 46.2 139
1731067228576 46.2 140
1731067238668 46.2 141
1731067248766 46.2 142
1731067258861 46.2 143
1731067268951 46.2 144
1731067279031 46.2 145
1731067289135 46.2 146
1731067299226 46.2 147
1731067309309 46.2 148
1731067319403 46.2 149
1731067329491 46.2 150
1731067339577 46.2 151
1731067349667 46.2 152
1731067359738 46.2 153
1731067369832 46.2 154
1731067379909 46.2 155
1731067390001 46.2 156
1731067400103 46.2 157
1731067410198 46.2 158
1731067420274 46.2 159
1731067430360 46.2 160
1731067440458 46.2 161
1731067450542 46.2 162
1731067460626 46.2 163
1731067470707 46.2 164
1731067480788 46.2 165
1731067490888 46.2 166
1731067500970 46.2 167
1731067511054 46.2 168
1731067521140 46.2 169
1731067531239 46.2 170
1731067541323 46.2 171
1731067551422 46.2 172
1731067561511 46.2 173
1731067571585 46.2 174
1731067581670 46.2 175
1731067591749 46.2 176
1731067601836 46.2 177
1731067611943 46.2 178
1731067622028 46.2 179
1731067632122 46.2 180
1731067642196 46.2 181
1731067652273 46.2 182
1731067662382 46.2 183
1731067672481 46.2 184
1731067682564 46.2 185
1731067692638 46.2 186
1731067702708 46.2 187
1731067712814 46.2 188
1731067722904 46.2 189
1731067732997 46.2 190
1731067743084 46.2 191
1731067753184 46.2 192
1731067763264 46.2 193
1731067773361 46.2 194
1731067783457 46.2 195
1731067793541 46.2 196
1731067803625 46.2 197
1731067813712 46.2 198
1731067823797 46.2 199
1731067833895 46.2 200
1731067843996 46.2 201
1731067854083 46.2 202
1731067864183 46.2 203
1731067874261 46.2 204
1731067884359 46.2 205
1731067894461 46.2 206
1731067904569 46.2 207
1731067914665 46.2 208
1731067924759 46.2 209
1731067934874 46.2 210
1731067944973 46.2 211
1731067955061 46.2 212
1731067965180 46.2 213
1731067975278 46.2 214
1731067985366 46.2 215
1731067995483 46.2 216
1731068005568 46.2 217
1731068015665 46.2 218
1731068025767 46.2 219
1731068035853 46.2 220
1731068045945 46.2 221
1731068056032 46.2 222
1731068066149 46.2 223
1731068076250 46.2 224
1731068086356 46.2 225
1731068096456 46.2 226
1731068106561 46.2 227
1731068116651 46.2 228
1731068126756 46.2 229
1731068136861 46.2 230
1731068146960 46.2 231
1731068157062 46.2 232
1731068167161 46.2 233
1731068177257 46.2 234
1731068187355 46.2 235
1731068197456 46.2 236
1731068207546 46.2 237
1731068217649 46.2 238
1731068227759 46.2 239
1731068237856 46.2 240
1731068247953 46.2 241
1731068258057 46.2 242
1731068268162 46.2 243
1731068278260 46.2 244
1731068288337 46.2 245
1731068298437 46.2 246
1731068308534 46.2 247
1731068318638 46.2 248
1731068328755 46.2 249
1731068338854 46.2 250
1731068348948 46.2 251
1731068359046 46.2 252
1731068369151 46.2 253
1731068379252 46.2 254
1731068389336 46.2 255
1731068399435 46.2 256
1731068409556 46.2 257
1731068419896 46.2 258
1731068429996 46.2 259
1731068440097 46.2 260
1731068450198 46.2 261
1731068460289 46.2 262
1731068470400 46.2 263
1731068480505 46.2 264
1731068490601 46.2 265
1731068500717 46.2 266
1731068510825 46.2 267
1731068520928 46.2 268
1731068531035 46.2 269
1731068541145 46.2 270
1731068551257 46.2 271
1731068561371 46.2 272
1731068571494 46.2 273
1731068581608 46.2 274
1731068591719 46.2 275
1731068601821 46.2 276
1731068611933 46.2 277
1731068622057 46.2 278
1731068632166 46.2 279
1731068642241 46.2 280
1731068652348 46.2 281
1731068662452 46.2 282
1731068672565 46.2 283
1731068682666 46.2 284
1731068692772 46.2 285
1731068702875 46.2 286
1731068712968 46.2 287
1731068723053 46.2 288
1731068733144 46.2 289
1731068743270 46.2 290
1731068753382 46.2 291
1731068763502 46.2 292
1731068773618 46.2 293
1731068783722 46.2 294
1731068793804 46.2 295
1731068803899 46.2 296
1731068814005 46.2 297
1731068824109 46.2 298
1731068834214 46.2 299
1731068844331 46.2 300
1731068854444 46.2 301
1731068864570 46.2 302
1731068874682 46.2 303
1731068884792 46.2 304
1731068894909 46.2 305
1731068905019 46.2 306
1731068915128 46.2 307
1731068925241 46.2 308
1731068935370 46.2 309
1731068945467 46.2 310
1731068955583 46.2 311
1731068965693 46.2 312
1731068975802 46.2 313
1731068985907 46.2 314
1731068996019 46.2 315
1731069006131 46.2 316
1731069016237 46.2 317
1731069026346 46.2 318
1731069036459 46.2 319
1731069046567 46.2 320
1731069056694 46.2 321
1731069066770 46.2 322
1731069076884 46.2 323
1731069086982 46.2 324
1731069097083 46.2 325
1731069107172 46.2 326
1731069117290 46.2 327
1731069127393 46.2 328
1731069137509 46.2 329
1731069147606 46.2 330
1731069157726 46.2 331
1731069167797 46.2 332
1731069177909 46.2 333
1731069188016 46.2 334
1731069198114 46.2 335
1731069208226 46.2 336
1731069218379 46.2 337
1731069228489 46.2 338
1731069238593 46.2 339
1731069248700 46.2 340
1731069258817 46.2 341
1731069268936 46.2 342
1731069279045 46.2 343
1731069289158 46.2 344
1731069299287 46.2 345
1731069309398 46.2 346
1731069319522 46.2 347
1731069329631 46.2 348
1731069339716 46.2 349
1731069349827 46.2 350
1731069359942 46.2 351
1731069370023 46.2 352
1731069380134 46.2 353
1731069390254 46.2 354
1731069400486 46.2 355
1731069410601 46.2 356
1731069420715 46.2 357
1731069430832 46.2 358
1731069440942 46.2 359
1731069451061 46.2 360
1731069461166 46.2 361
1731069471280 46.2 362
1731069481364 46.2 363
1731069491474 46.2 364
1731069501596 46.2 365
1731069511698 46.2 366
1731069521820 46.2 367
1731069531935 46.2 368
1731069542063 46.2 369
1731069552174 46.2 370
1731069562256 46.2 371
1731069572357 46.2 372
1731069582457 46.2 373
1731069592563 46.2 374
1731069602667 46.2 375
1731069612762 46.2 376
1731069622880 46.2 377
1731069633003 46.2 378
1731069643117 46.2 379
1731069653256 46.2 380
1731069663341 46.2 381
1731069673464 46.2 382
1731069683596 46.2 383
1731069693686 46.2 384
1731069703809 46.2 385
1731069713923 46.2 386
1731069724046 46.2 387
1731069734166 46.2 388
1731069744286 46.2 389
1731069754403 46.2 390
1731069764528 46.2 391
1731069774611 46.2 392
1731069784727 46.2 393
1731069794855 46.2 394
1731069804959 46.2 395
1731069815070 46.2 396
1731069825146 46.2 397
1731069835323 46.2 398
1731069845444 46.2 399
1731069855562 46.2 400
1731069865639 46.2 401
1731069875758 46.2 402
1731069885877 46.2 403
1731069895984 46.2 404
1731069906119 46.2 405
1731069916239 46.2 406
1731069926364 46.2 407
1731069936479 46.2 408
1731069946592 46.2 409
1731069956688 46.2 410
1731069966824 46.2 411
1731069976946 46.2 412
1731069987068 46.2 413
1731069997197 46.2 414
1731070007280 46.2 415
1731070017376 46.2 416
1731070027492 46.2 417
1731070037619 46.2 418
1731070047746 46.2 419
1731070057877 46.2 420
1731070068003 46.2 421
1731070078118 46.2 422
1731070088254 46.2 423
1731070098377 46.2 424
1731070108494 46.2 425
1731070118621 46.2 426
1731070128743 46.2 427
1731070138868 46.2 428
1731070149008 46.2 429
1731070159131 46.2 430
1731070169226 46.2 431
1731070179340 46.2 432
1731070189468 46.2 433
1731070199594 46.2 434
1731070209719 46.2 435
1731070219840 46.2 436
1731070229965 46.2 437
1731070240095 46.2 438
1731070250227 46.2 439
1731070260345 46.2 440
1731070270472 46.2 441
1731070280592 46.2 442
1731070290718 46.2 443
1731070300848 46.2 444
1731070310978 46.2 445
1731070321126 46.2 446
1731070331252 46.2 447
1731070341374 46.2 448
1731070351494 46.2 449
1731070361618 46.2 450
1731070371729 46.2 451
1731070381822 46.2 452
1731070391926 46.2 453
1731070402070 46.2 454
1731070412219 46.2 455
1731070422290 46.2 456
1731070432418 46.2 457
1731070442535 46.2 458
1731070452673 46.2 459
1731070462801 46.2 460
1731070472906 46.2 461
1731070483035 46.2 462
1731070493163 46.2 463
1731070503274 46.2 464
1731070513390 46.2 465
1731070523517 46.2 466
1731070533645 46.2 467
1731070543794 46.2 468
1731070553931 46.2 469
1731070564062 46.2 470
1731070574189 46.2 471
1731070584279 46.2 472
1731070594373 46.2 473
1731070604472 46.2 474
1731070614578 46.2 475
1731070624939 46.2 476
1731070635065 46.2 477
1731070645210 46.2 478
1731070655358 46.2 479
1731070665510 46.2 480
1731070675641 46.2 481
1731070685773 46.2 482
1731070695905 46.2 483
1731070706032 46.2 484
1731070716160 46.2 485
1731070726312 46.2 486
1731070736449 46.2 487
1731070746589 46.2 488
1731070756719 46.2 489
1731070766854 46.2 490
1731070776989 46.2 491
1731070787121 46.2 492
1731070797247 46.2 493
1731070807332 46.2 494
1731070817461 46.2 495
1731070827589 46.2 496
1731070837730 46.2 497
1731070847847 46.2 498
1731070857979 46.2 499
1731070868111 46.2 500
1731070878266 46.2 501
1731070888352 46.2 502
1731070898475 46.2 503
1731070908589 46.2 504
1731070918722 46.2 505
1731070928824 46.2 506
1731070938940 46.2 507
