1731065817942 141060.2 0
1731065828013 141058.2 1
1731065838076 141061.4 2
1731065848124 141057.1 3
1731065858171 141060.4 4
1731065868225 141056.0 5
1731065878288 141060.4 6
1731065888345 141060.1 7
1731065898405 141059.3 8
1731065908456 141059.1 9
1731065918520 141062.3 10
1731065928604 141060.3 11
1731065938673 141060.1 12
1731065948733 141076.2 13
1731065958796 141075.9 14
1731065968862 141079.2 15
1731065978943 141074.9 16
1731065989021 141078.1 17
1731065999089 141073.7 18
1731066009160 141076.9 19
1731066019224 141076.7 20
1731066029306 141075.9 21
1731066039371 141075.6 22
1731066049441 141075.7 23
1731066059522 141075.5 24
1731066069606 141085.0 25
1731066079680 141084.9 26
1731066089741 141084.3 27
1731066099806 141083.5 28
1731066109880 141083.6 29
1731066119957 141083.5 30
1731066130032 141082.8 31
1731066140115 141082.8 32
1731066150195 141082.8 33
1731066160259 141082.8 34
1731066170321 141082.8 35
1731066180389 141082.8 36
1731066190472 141082.8 37
1731066200543 141082.8 38
1731066210619 141082.7 39
1731066220688 141082.7 40
1731066230770 141082.7 41
1731066240837 141082.7 42
1731066250894 141074.3 43
1731066260976 141074.3 44
1731066271056 141074.3 45
1731066281143 141074.3 46
1731066291216 141074.2 47
1731066301310 141074.2 48
1731066311392 141074.2 49
1731066321463 141074.2 50
1731066331518 141074.1 51
1731066341576 141074.1 52
1731066351646 141074.1 53
1731066361722 141074.1 54
1731066371775 141074.1 55
1731066381829 141074.1 56
1731066391907 141073.9 57
1731066401974 141073.8 58
1731066412051 141074.2 59
1731066422116 141074.1 60
1731066432166 141074.1 61
1731066442230 141074.1 62
1731066452315 141074.1 63
1731066462388 141074.1 64
1731066472476 141074.1 65
1731066482555 141074.1 66
1731066492628 141074.1 67
1731066502707 141074.1 68
1731066512778 141074.0 69
1731066522877 141074.0 70
1731066532941 141074.0 71
1731066543023 141074.0 72
1731066553100 141074.0 73
1731066563188 141074.0 74
1731066573263 141074.0 75
1731066583334 141074.0 76
1731066593418 141073.9 77
1731066603498 141073.9 78
1731066613571 141073.9 79
1731066623654 141073.9 80
1731066633736 141073.9 81
1731066643803 141073.9 82
1731066653870 141073.9 83
1731066663945 141073.9 84
1731066674010 141073.9 85
1731066684107 141073.9 86
1731066694202 141073.8 87
1731066704290 141073.8 88
1731066714368 141073.8 89
1731066724456 141073.8 90
1731066734534 141073.8 91
1731066744597 141073.8 92
1731066754671 141073.8 93
1731066764756 141073.8 94
1731066774837 141073.7 95
1731066784925 141073.7 96
1731066795013 141073.7 97
1731066805100 141073.7 98
1731066815173 141073.7 99
1731066825251 141073.7 100
1731066835322 141073.7 101
1731066845396 141073.7 102
1731066855469 141073.6 103
1731066865574 141073.6 104
1731066875666 141073.6 105
1731066885734 141073.6 106
1731066895805 141073.6 107
1731066905893 141073.6 108
1731066915955 141073.6 109
1731066926031 141073.6 110
1731066936102 141073.6 111
1731066946191 141073.6 112
1731066956268 141073.5 113
1731066966344 141073.5 114
1731066976410 141073.5 115
1731066986510 141073.5 116
1731066996584 141073.5 117
1731067006654 141073.5 118
1731067016733 141073.5 119
1731067026834 141073.5 120
1731067036921 141073.5 121
1731067047006 141073.4 122
1731067057098 141073.4 123
1731067067149 141073.4 124
1731067077232 141073.4 125
1731067087321 141073.4 126
1731067097411 141073.3 127
1731067107502 141073.3 128
1731067117581 141073.3 129
1731067127662 141073.3 130
1731067137761 141073.3 131
1731067147858 141073.3 132
1731067157951 141073.3 133
1731067168027 141073.3 134
1731067178100 141073.2 135
1731067188204 141073.2 136
1731067198300 141073.2 137
1731067208395 141073.2 138
1731067218478 141073.2 139
1731067228576 141073.2 140
1731067238668 141073.2 141
1731067248766 141073.2 142
1731067258861 141073.2 143
1731067268951 141073.1 144
1731067279031 141073.1 145
1731067289135 141073.1 146
1731067299226 141073.1 147
1731067309309 141073.1 148
1731067319403 141073.1 149
1731067329491 141073.1 150
1731067339577 141073.1 151
1731067349667 141073.1 152
1731067359738 141073.0 153
1731067369832 141073.0 154
1731067379909 141073.0 155
1731067390001 141073.0 156
1731067400103 141073.0 157
1731067410198 141073.0 158
1731067420274 141072.9 159
1731067430360 141072.9 160
1731067440458 141072.9 161
1731067450542 141072.9 162
1731067460626 141072.9 163
1731067470707 141072.9 164
1731067480788 141072.9 165
1731067490888 141072.9 166
1731067500970 141072.8 167
1731067511054 141072.8 168
1731067521140 141072.8 169
1731067531239 141072.8 170
1731067541323 141072.8 171
1731067551422 141072.8 172
1731067561511 141072.8 173
1731067571585 141072.8 174
1731067581670 141072.8 175
1731067591749 141072.8 176
1731067601836 141072.7 177
1731067611943 141072.7 178
1731067622028 141072.7 179
1731067632122 141072.7 180
1731067642196 141072.7 181
1731067652273 141072.7 182
1731067662382 141072.7 183
1731067672481 141072.7 184
1731067682564 141072.6 185
1731067692638 141072.6 186
1731067702708 141072.6 187
1731067712814 141072.6 188
1731067722904 141072.6 189
1731067732997 141072.6 190
1731067743084 141072.5 191
1731067753184 141072.5 192
1731067763264 141072.5 193
1731067773361 141072.5 194
1731067783457 141072.5 195
1731067793541 141072.5 196
1731067803625 141072.5 197
1731067813712 141072.5 198
1731067823797 141072.5 199
1731067833895 141072.4 200
1731067843996 141072.4 201
1731067854083 141072.4 202
1731067864183 141072.4 203
1731067874261 141072.4 204
1731067884359 141072.4 205
1731067894461 141072.4 206
1731067904569 141072.4 207
1731067914665 141072.3 208
1731067924759 141072.3 209
1731067934874 141072.3 210
1731067944973 141072.3 211
1731067955061 141072.3 212
1731067965180 141072.3 213
1731067975278 141072.3 214
1731067985366 141072.3 215
1731067995483 141072.3 216
1731068005568 141072.2 217
1731068015665 141072.2 218
1731068025767 141072.2 219
1731068035853 141072.2 220
1731068045945 141072.2 221
1731068056032 141072.2 222
1731068066149 141072.2 223
1731068076250 141072.1 224
1731068086356 141072.1 225
1731068096456 141072.1 226
1731068106561 141072.1 227
1731068116651 141072.1 228
1731068126756 141072.1 229
1731068136861 141072.1 230
1731068146960 141072.1 231
1731068157062 141072.1 232
1731068167161 141072.0 233
1731068177257 141072.0 234
1731068187355 141072.0 235
1731068197456 141072.0 236
1731068207546 141072.0 237
1731068217649 141072.0 238
1731068227759 141072.0 239
1731068237856 141072.0 240
1731068247953 141072.0 241
1731068258057 141072.0 242
1731068268162 141071.9 243
1731068278260 141071.9 244
1731068288337 141071.9 245
1731068298437 141071.9 246
1731068308534 141071.9 247
1731068318638 141071.9 248
1731068328755 141071.9 249
1731068338854 141071.9 250
1731068348948 141071.9 251
1731068359046 141071.9 252
1731068369151 141071.8 253
1731068379252 141071.8 254
1731068389336 141071.8 255
1731068399435 141071.8 256
1731068409556 141071.8 257
1731068419896 141071.8 258
1731068429996 141071.8 259
1731068440097 141071.8 260
1731068450198 141071.8 261
1731068460289 141071.7 262
1731068470400 141071.7 263
1731068480505 141071.7 264
1731068490601 141071.7 265
1731068500717 141071.7 266
1731068510825 141071.7 267
1731068520928 141071.7 268
1731068531035 141071.7 269
1731068541145 141071.6 270
1731068551257 141071.6 271
1731068561371 141071.6 272
1731068571494 141071.6 273
1731068581608 141071.6 274
1731068591719 141071.6 275
1731068601821 141071.6 276
1731068611933 141071.6 277
1731068622057 141071.5 278
1731068632166 141071.5 279
1731068642241 141071.5 280
1731068652348 141071.5 281
1731068662452 141071.5 282
1731068672565 141071.5 283
1731068682666 141071.5 284
1731068692772 141071.5 285
1731068702875 141071.5 286
1731068712968 141071.5 287
1731068723053 141071.4 288
1731068733144 141071.4 289
1731068743270 141071.4 290
1731068753382 141071.4 291
1731068763502 141071.4 292
1731068773618 141071.4 293
1731068783722 141071.4 294
1731068793804 141071.3 295
1731068803899 141071.3 296
1731068814005 141071.3 297
1731068824109 141071.3 298
1731068834214 141071.3 299
1731068844331 141071.3 300
1731068854444 141071.3 301
1731068864570 141071.3 302
1731068874682 141071.3 303
1731068884792 141071.3 304
1731068894909 141071.2 305
1731068905019 141071.2 306
1731068915128 141071.2 307
1731068925241 141071.2 308
1731068935370 141071.2 309
1731068945467 141071.2 310
1731068955583 141071.2 311
1731068965693 141071.2 312
1731068975802 141071.1 313
1731068985907 141071.1 314
1731068996019 141071.1 315
1731069006131 141071.1 316
1731069016237 141071.1 317
1731069026346 141071.1 318
1731069036459 141071.1 319
1731069046567 141071.1 320
1731069056694 141071.1 321
1731069066770 141071.1 322
1731069076884 141071.0 323
1731069086982 141069.1 324
1731069097083 141069.1 325
1731069107172 141069.1 326
1731069117290 141069.1 327
1731069127393 141069.1 328
1731069137509 141069.1 329
1731069147606 141069.1 330
1731069157726 141069.1 331
1731069167797 141069.0 332
1731069177909 141069.0 333
1731069188016 141069.0 334
1731069198114 141069.0 335
1731069208226 141069.0 336
1731069218379 141069.0 337
1731069228489 141069.0 338
1731069238593 141069.0 339
1731069248700 141069.0 340
1731069258817 141068.9 341
1731069268936 141068.9 342
1731069279045 141068.9 343
1731069289158 141068.9 344
1731069299287 141068.9 345
1731069309398 141068.9 346
1731069319522 141068.9 347
1731069329631 141068.9 348
1731069339716 141068.8 349
1731069349827 141068.8 350
1731069359942 141068.8 351
1731069370023 141068.8 352
1731069380134 141068.8 353
1731069390254 141068.8 354
1731069400486 141068.8 355
1731069410601 141068.8 356
1731069420715 141068.8 357
1731069430832 141068.8 358
1731069440942 141068.7 359
1731069451061 141068.7 360
1731069461166 141068.7 361
1731069471280 141068.7 362
1731069481364 141068.7 363
1731069491474 141068.7 364
1731069501596 141068.7 365
1731069511698 141068.6 366
1731069521820 141068.6 367
1731069531935 141068.6 368
1731069542063 141068.6 369
1731069552174 141068.6 370
1731069562256 141068.6 371
1731069572357 141068.6 372
1731069582457 141068.6 373
1731069592563 141068.6 374
1731069602667 141068.6 375
1731069612762 141068.5 376
1731069622880 141068.5 377
1731069633003 141068.5 378
1731069643117 141055.8 379
1731069653256 141068.5 380
1731069663341 141068.5 381
1731069673464 141068.5 382
1731069683596 141068.5 383
1731069693686 141068.5 384
1731069703809 141068.4 385
1731069713923 141068.4 386
1731069724046 141068.4 387
1731069734166 141068.4 388
1731069744286 141068.4 389
1731069754403 141068.4 390
1731069764528 141068.4 391
1731069774611 141068.4 392
1731069784727 141068.3 393
1731069794855 141068.3 394
1731069804959 141068.3 395
1731069815070 141068.3 396
1731069825146 141068.3 397
1731069835323 141068.3 398
1731069845444 141068.3 399
1731069855562 141068.3 400
1731069865639 141068.2 401
1731069875758 141068.2 402
1731069885877 141068.2 403
1731069895984 141068.2 404
1731069906119 141068.2 405
1731069916239 141068.2 406
1731069926364 141068.2 407
1731069936479 141068.2 408
1731069946592 141068.1 409
1731069956688 141068.1 410
1731069966824 141068.1 411
1731069976946 141068.1 412
1731069987068 141068.1 413
1731069997197 141068.1 414
1731070007280 141068.1 415
1731070017376 141068.1 416
1731070027492 141068.1 417
1731070037619 141068.0 418
1731070047746 141068.0 419
1731070057877 141068.0 420
1731070068003 141068.0 421
1731070078118 141068.0 422
1731070088254 141068.0 423
1731070098377 141068.0 424
1731070108494 141068.0 425
1731070118621 141067.9 426
1731070128743 141067.9 427
1731070138868 141067.9 428
1731070149008 141067.9 429
1731070159131 141067.9 430
1731070169226 141067.9 431
1731070179340 141067.9 432
1731070189468 141067.9 433
1731070199594 141067.9 434
1731070209719 141067.8 435
1731070219840 141067.8 436
1731070229965 141067.8 437
1731070240095 141067.8 438
1731070250227 141067.8 439
1731070260345 141067.8 440
1731070270472 141067.8 441
1731070280592 141067.8 442
1731070290718 141067.7 443
1731070300848 141067.7 444
1731070310978 141067.7 445
1731070321126 141067.7 446
1731070331252 141067.7 447
1731070341374 141067.7 448
1731070351494 141067.7 449
1731070361618 141067.7 450
1731070371729 141067.7 451
1731070381822 141067.7 452
1731070391926 141067.6 453
1731070402070 141067.6 454
1731070412219 141067.6 455
1731070422290 141067.6 456
1731070432418 141067.6 457
1731070442535 141067.6 458
1731070452673 141067.6 459
1731070462801 141067.6 460
1731070472906 141067.6 461
1731070483035 141067.5 462
1731070493163 141067.5 463
1731070503274 141067.5 464
1731070513390 141067.5 465
1731070523517 141067.5 466
1731070533645 141067.5 467
1731070543794 141067.5 468
1731070553931 141067.5 469
1731070564062 141067.4 470
1731070574189 141067.4 471
1731070584279 141067.4 472
1731070594373 141067.4 473
1731070604472 141067.4 474
1731070614578 141067.4 475
1731070624939 141067.4 476
1731070635065 141067.4 477
1731070645210 141067.4 478
1731070655358 141067.3 479
1731070665510 141067.3 480
1731070675641 141067.3 481
1731070685773 141067.3 482
1731070695905 141067.3 483
1731070706032 141067.3 484
1731070716160 141067.3 485
1731070726312 141067.3 486
1731070736449 141067.2 487
1731070746589 141067.2 488
1731070756719 141067.2 489
1731070766854 141067.2 490
1731070776989 141067.2 491
1731070787121 141067.2 492
1731070797247 141067.2 493
1731070807332 141067.2 494
1731070817461 141067.2 495
1731070827589 141067.1 496
1731070837730 141067.1 497
1731070847847 141067.1 498
1731070857979 141067.1 499
1731070868111 141067.1 500
1731070878266 141067.1 501
1731070888352 141067.1 502
1731070898475 141067.1 503
1731070908589 141067.1 504
1731070918722 141067.0 505
1731070928824 141067.0 506
1731070938940 141067.0 507
