1731065817942 121317.4 0
1731065828013 121319.5 1
1731065838076 121316.2 2
1731065848124 121320.6 3
1731065858171 121317.3 4
1731065868225 121321.7 5
1731065878288 121317.3 6
1731065888345 121317.5 7
1731065898405 121318.4 8
1731065908456 121318.6 9
1731065918520 121315.3 10
1731065928604 121317.4 11
1731065938673 121317.6 12
1731065948733 121301.5 13
1731065958796 121301.7 14
1731065968862 121298.5 15
1731065978943 121302.8 16
1731065989021 121299.5 17
1731065999089 121304.0 18
1731066009160 121300.8 19
1731066019224 121301.0 20
1731066029306 121301.8 21
1731066039371 121302.1 22
1731066049441 121302.0 23
1731066059522 121302.2 24
1731066069606 121292.6 25
1731066079680 121292.8 26
1731066089741 121293.3 27
1731066099806 121294.1 28
1731066109880 121294.1 29
1731066119957 121294.2 30
1731066130032 121294.8 31
1731066140115 121294.8 32
1731066150195 121294.8 33
1731066160259 121294.9 34
1731066170321 121294.9 35
1731066180389 121294.9 36
1731066190472 121294.9 37
1731066200543 121294.9 38
1731066210619 121294.9 39
1731066220688 121294.9 40
1731066230770 121295.0 41
1731066240837 121295.0 42
1731066250894 121303.4 43
1731066260976 121303.4 44
1731066271056 121303.4 45
1731066281143 121303.4 46
1731066291216 121303.4 47
1731066301310 121303.4 48
1731066311392 121303.4 49
1731066321463 121303.5 50
1731066331518 121303.5 51
1731066341576 121303.5 52
1731066351646 121303.5 53
1731066361722 121303.6 54
1731066371775 121303.6 55
1731066381829 121303.6 56
1731066391907 121303.8 57
1731066401974 121303.8 58
1731066412051 121303.5 59
1731066422116 121303.5 60
1731066432166 121303.5 61
1731066442230 121303.5 62
1731066452315 121303.5 63
1731066462388 121303.6 64
1731066472476 121303.6 65
1731066482555 121303.6 66
1731066492628 121303.6 67
1731066502707 121303.6 68
1731066512778 121303.6 69
1731066522877 121303.6 70
1731066532941 121303.7 71
1731066543023 121303.7 72
1731066553100 121303.7 73
1731066563188 121303.7 74
1731066573263 121303.7 75
1731066583334 121303.7 76
1731066593418 121303.7 77
1731066603498 121303.7 78
1731066613571 121303.7 79
1731066623654 121303.7 80
1731066633736 121303.8 81
1731066643803 121303.8 82
1731066653870 121303.8 83
1731066663945 121303.8 84
1731066674010 121303.8 85
1731066684107 121303.8 86
1731066694202 121303.8 87
1731066704290 121303.8 88
1731066714368 121303.9 89
1731066724456 121303.9 90
1731066734534 121303.9 91
1731066744597 121303.9 92
1731066754671 121303.9 93
1731066764756 121303.9 94
1731066774837 121303.9 95
1731066784925 121303.9 96
1731066795013 121303.9 97
1731066805100 121303.9 98
1731066815173 121304.0 99
1731066825251 121304.0 100
1731066835322 121304.0 101
1731066845396 121304.0 102
1731066855469 121304.0 103
1731066865574 121304.0 104
1731066875666 121304.0 105
1731066885734 121304.1 106
1731066895805 121304.1 107
1731066905893 121304.1 108
1731066915955 121304.1 109
1731066926031 121304.1 110
1731066936102 121304.1 111
1731066946191 121304.1 112
1731066956268 121304.1 113
1731066966344 121304.1 114
1731066976410 121304.2 115
1731066986510 121304.2 116
1731066996584 121304.2 117
1731067006654 121304.2 118
1731067016733 121304.2 119
1731067026834 121304.2 120
1731067036921 121304.2 121
1731067047006 121304.2 122
1731067057098 121304.2 123
1731067067149 121304.3 124
1731067077232 121304.3 125
1731067087321 121304.3 126
1731067097411 121304.3 127
1731067107502 121304.3 128
1731067117581 121304.3 129
1731067127662 121304.3 130
1731067137761 121304.4 131
1731067147858 121304.4 132
1731067157951 121304.4 133
1731067168027 121304.4 134
1731067178100 121304.4 135
1731067188204 121304.4 136
1731067198300 121304.4 137
1731067208395 121304.4 138
1731067218478 121304.4 139
1731067228576 121304.5 140
1731067238668 121304.5 141
1731067248766 121304.5 142
1731067258861 121304.5 143
1731067268951 121304.5 144
1731067279031 121304.5 145
1731067289135 121304.5 146
1731067299226 121304.6 147
1731067309309 121304.6 148
1731067319403 121304.6 149
1731067329491 121304.6 150
1731067339577 121304.6 151
1731067349667 121304.6 152
1731067359738 121304.6 153
1731067369832 121304.6 154
1731067379909 121304.6 155
1731067390001 121304.7 156
1731067400103 121304.7 157
1731067410198 121304.7 158
1731067420274 121304.7 159
1731067430360 121304.7 160
1731067440458 121304.7 161
1731067450542 121304.8 162
1731067460626 121304.8 163
1731067470707 121304.8 164
1731067480788 121304.8 165
1731067490888 121304.8 166
1731067500970 121304.8 167
1731067511054 121304.8 168
1731067521140 121304.8 169
1731067531239 121304.8 170
1731067541323 121304.8 171
1731067551422 121304.9 172
1731067561511 121304.9 173
1731067571585 121304.9 174
1731067581670 121304.9 175
1731067591749 121304.9 176
1731067601836 121304.9 177
1731067611943 121304.9 178
1731067622028 121305.0 179
1731067632122 121304.9 180
1731067642196 121305.0 181
1731067652273 121305.0 182
1731067662382 121305.0 183
1731067672481 121305.0 184
1731067682564 121305.0 185
1731067692638 121305.0 186
1731067702708 121305.0 187
1731067712814 121305.0 188
1731067722904 121305.1 189
1731067732997 121305.1 190
1731067743084 121305.1 191
1731067753184 121305.1 192
1731067763264 121305.1 193
1731067773361 121305.1 194
1731067783457 121305.2 195
1731067793541 121305.2 196
1731067803625 121305.2 197
1731067813712 121305.2 198
1731067823797 121305.2 199
1731067833895 121305.2 200
1731067843996 121305.2 201
1731067854083 121305.2 202
1731067864183 121305.2 203
1731067874261 121305.3 204
1731067884359 121305.3 205
1731067894461 121305.3 206
1731067904569 121305.3 207
1731067914665 121305.3 208
1731067924759 121305.3 209
1731067934874 121305.3 210
1731067944973 121305.3 211
1731067955061 121305.4 212
1731067965180 121305.4 213
1731067975278 121305.4 214
1731067985366 121305.4 215
1731067995483 121305.4 216
1731068005568 121305.4 217
1731068015665 121305.4 218
1731068025767 121305.4 219
1731068035853 121305.4 220
1731068045945 121305.5 221
1731068056032 121305.5 222
1731068066149 121305.5 223
1731068076250 121305.5 224
1731068086356 121305.5 225
1731068096456 121305.5 226
1731068106561 121305.6 227
1731068116651 121305.6 228
1731068126756 121305.6 229
1731068136861 121305.6 230
1731068146960 121305.6 231
1731068157062 121305.6 232
1731068167161 121305.6 233
1731068177257 121305.6 234
1731068187355 121305.6 235
1731068197456 121305.7 236
1731068207546 121305.7 237
1731068217649 121305.7 238
1731068227759 121305.7 239
1731068237856 121305.7 240
1731068247953 121305.7 241
1731068258057 121305.7 242
1731068268162 121305.7 243
1731068278260 121305.7 244
1731068288337 121305.7 245
1731068298437 121305.7 246
1731068308534 121305.8 247
1731068318638 121305.8 248
1731068328755 121305.8 249
1731068338854 121305.8 250
1731068348948 121305.8 251
1731068359046 121305.8 252
1731068369151 121305.8 253
1731068379252 121305.8 254
1731068389336 121305.8 255
1731068399435 121305.8 256
1731068409556 121305.8 257
1731068419896 121305.9 258
1731068429996 121305.9 259
1731068440097 121305.9 260
1731068450198 121305.9 261
1731068460289 121305.9 262
1731068470400 121305.9 263
1731068480505 121306.0 264
1731068490601 121306.0 265
1731068500717 121306.0 266
1731068510825 121306.0 267
1731068520928 121306.0 268
1731068531035 121306.0 269
1731068541145 121306.0 270
1731068551257 121306.0 271
1731068561371 121306.0 272
1731068571494 121306.0 273
1731068581608 121306.1 274
1731068591719 121306.1 275
1731068601821 121306.1 276
1731068611933 121306.1 277
1731068622057 121306.1 278
1731068632166 121306.1 279
1731068642241 121306.1 280
1731068652348 121306.1 281
1731068662452 121306.2 282
1731068672565 121306.2 283
1731068682666 121306.2 284
1731068692772 121306.2 285
1731068702875 121306.2 286
1731068712968 121306.2 287
1731068723053 121306.2 288
1731068733144 121306.2 289
1731068743270 121306.3 290
1731068753382 121306.3 291
1731068763502 121306.3 292
1731068773618 121306.3 293
1731068783722 121306.3 294
1731068793804 121306.3 295
1731068803899 121306.3 296
1731068814005 121306.3 297
1731068824109 121306.3 298
1731068834214 121306.3 299
1731068844331 121306.4 300
1731068854444 121306.4 301
1731068864570 121306.4 302
1731068874682 121306.4 303
1731068884792 121306.4 304
1731068894909 121306.4 305
1731068905019 121306.4 306
1731068915128 121306.4 307
1731068925241 121306.5 308
1731068935370 121306.5 309
1731068945467 121306.5 310
1731068955583 121306.5 311
1731068965693 121306.5 312
1731068975802 121306.5 313
1731068985907 121306.5 314
1731068996019 121306.5 315
1731069006131 121306.5 316
1731069016237 121306.5 317
1731069026346 121306.6 318
1731069036459 121306.6 319
1731069046567 121306.6 320
1731069056694 121306.6 321
1731069066770 121306.6 322
1731069076884 121306.6 323
1731069086982 121308.5 324
1731069097083 121308.5 325
1731069107172 121308.5 326
1731069117290 121308.5 327
1731069127393 121308.6 328
1731069137509 121308.6 329
1731069147606 121308.6 330
1731069157726 121308.6 331
1731069167797 121308.6 332
1731069177909 121308.6 333
1731069188016 121308.6 334
1731069198114 121308.6 335
1731069208226 121308.7 336
1731069218379 121308.7 337
1731069228489 121308.7 338
1731069238593 121308.7 339
1731069248700 121308.7 340
1731069258817 121308.7 341
1731069268936 121308.7 342
1731069279045 121308.7 343
1731069289158 121308.8 344
1731069299287 121308.8 345
1731069309398 121308.8 346
1731069319522 121308.8 347
1731069329631 121308.8 348
1731069339716 121308.8 349
1731069349827 121308.8 350
1731069359942 121308.8 351
1731069370023 121308.8 352
1731069380134 121308.9 353
1731069390254 121308.9 354
1731069400486 121308.9 355
1731069410601 121308.9 356
1731069420715 121308.9 357
1731069430832 121308.9 358
1731069440942 121308.9 359
1731069451061 121308.9 360
1731069461166 121309.0 361
1731069471280 121309.0 362
1731069481364 121309.0 363
1731069491474 121309.0 364
1731069501596 121309.0 365
1731069511698 121309.0 366
1731069521820 121309.0 367
1731069531935 121309.0 368
1731069542063 121309.0 369
1731069552174 121309.0 370
1731069562256 121309.1 371
1731069572357 121309.1 372
1731069582457 121309.1 373
1731069592563 121309.1 374
1731069602667 121309.1 375
1731069612762 121309.1 376
1731069622880 121309.1 377
1731069633003 121309.2 378
1731069643117 121321.8 379
1731069653256 121309.2 380
1731069663341 121309.2 381
1731069673464 121309.2 382
1731069683596 121309.2 383
1731069693686 121309.2 384
1731069703809 121309.2 385
1731069713923 121309.2 386
1731069724046 121309.3 387
1731069734166 121309.3 388
1731069744286 121309.3 389
1731069754403 121309.3 390
1731069764528 121309.3 391
1731069774611 121309.3 392
1731069784727 121309.3 393
1731069794855 121309.3 394
1731069804959 121309.3 395
1731069815070 121309.3 396
1731069825146 121309.4 397
1731069835323 121309.4 398
1731069845444 121309.4 399
1731069855562 121309.4 400
1731069865639 121309.4 401
1731069875758 121309.4 402
1731069885877 121309.4 403
1731069895984 121309.5 404
1731069906119 121309.5 405
1731069916239 121309.5 406
1731069926364 121309.5 407
1731069936479 121309.5 408
1731069946592 121309.5 409
1731069956688 121309.5 410
1731069966824 121309.5 411
1731069976946 121309.5 412
1731069987068 121309.6 413
1731069997197 121309.6 414
1731070007280 121309.6 415
1731070017376 121309.6 416
1731070027492 121309.6 417
1731070037619 121309.6 418
1731070047746 121309.6 419
1731070057877 121309.6 420
1731070068003 121309.6 421
1731070078118 121309.7 422
1731070088254 121309.7 423
1731070098377 121309.7 424
1731070108494 121309.7 425
1731070118621 121309.7 426
1731070128743 121309.7 427
1731070138868 121309.7 428
1731070149008 121309.7 429
1731070159131 121309.8 430
1731070169226 121309.8 431
1731070179340 121309.8 432
1731070189468 121309.8 433
1731070199594 121309.8 434
1731070209719 121309.8 435
1731070219840 121309.8 436
1731070229965 121309.8 437
1731070240095 121309.8 438
1731070250227 121309.9 439
1731070260345 121309.9 440
1731070270472 121309.9 441
1731070280592 121309.9 442
1731070290718 121309.9 443
1731070300848 121309.9 444
1731070310978 121309.9 445
1731070321126 121309.9 446
1731070331252 121309.9 447
1731070341374 121310.0 448
1731070351494 121310.0 449
1731070361618 121310.0 450
1731070371729 121310.0 451
1731070381822 121310.0 452
1731070391926 121310.0 453
1731070402070 121310.0 454
1731070412219 121310.0 455
1731070422290 121310.1 456
1731070432418 121310.1 457
1731070442535 121310.1 458
1731070452673 121310.1 459
1731070462801 121310.1 460
1731070472906 121310.1 461
1731070483035 121310.1 462
1731070493163 121310.1 463
1731070503274 121310.1 464
1731070513390 121310.2 465
1731070523517 121310.2 466
1731070533645 121310.2 467
1731070543794 121310.2 468
1731070553931 121310.2 469
1731070564062 121310.2 470
1731070574189 121310.2 471
1731070584279 121310.2 472
1731070594373 121310.2 473
1731070604472 121310.3 474
1731070614578 121310.3 475
1731070624939 121310.3 476
1731070635065 121310.3 477
1731070645210 121310.3 478
1731070655358 121310.3 479
1731070665510 121310.3 480
1731070675641 121310.3 481
1731070685773 121310.4 482
1731070695905 121310.4 483
1731070706032 121310.4 484
1731070716160 121310.4 485
1731070726312 121310.4 486
1731070736449 121310.4 487
1731070746589 121310.4 488
1731070756719 121310.4 489
1731070766854 121310.4 490
1731070776989 121310.5 491
1731070787121 121310.5 492
1731070797247 121310.5 493
1731070807332 121310.5 494
1731070817461 121310.5 495
1731070827589 121310.5 496
1731070837730 121310.5 497
1731070847847 121310.5 498
1731070857979 121310.6 499
1731070868111 121310.6 500
1731070878266 121310.6 501
1731070888352 121310.6 502
1731070898475 121310.6 503
1731070908589 121310.6 504
1731070918722 121310.6 505
1731070928824 121310.6 506
1731070938940 121310.7 507
