1731065817942 19.8 0
1731065828013 31.3 1
1731065838076 75.5 2
1731065848124 76.0 3
1731065858171 75.0 4
1731065868225 77.9 5
1731065878288 61.9 6
1731065888345 36.9 7
1731065898405 75.6 8
1731065908456 76.0 9
1731065918520 34.1 10
1731065928604 76.3 11
1731065938673 48.8 12
1731065948733 75.9 13
1731065958796 72.7 14
1731065968862 73.7 15
1731065978943 74.8 16
1731065989021 50.6 17
1731065999089 36.6 18
1731066009160 75.2 19
1731066019224 33.3 20
1731066029306 33.8 21
1731066039371 36.3 22
1731066049441 68.6 23
1731066059522 69.5 24
1731066069606 37.3 25
1731066079680 40.0 26
1731066089741 32.3 27
1731066099806 70.6 28
1731066109880 39.0 29
1731066119957 57.3 30
1731066130032 75.8 31
1731066140115 74.4 32
1731066150195 70.3 33
1731066160259 32.2 34
1731066170321 43.5 35
1731066180389 44.8 36
1731066190472 78.3 37
1731066200543 75.7 38
1731066210619 73.1 39
1731066220688 37.3 40
1731066230770 75.0 41
1731066240837 62.9 42
1731066250894 74.0 43
1731066260976 73.1 44
1731066271056 73.8 45
1731066281143 54.0 46
1731066291216 73.9 47
1731066301310 60.9 48
1731066311392 32.6 49
1731066321463 35.4 50
1731066331518 74.4 51
1731066341576 74.0 52
1731066351646 73.8 53
1731066361722 73.0 54
1731066371775 35.5 55
1731066381829 73.9 56
1731066391907 33.5 57
1731066401974 76.0 58
1731066412051 74.0 59
1731066422116 72.7 60
1731066432166 73.2 61
1731066442230 37.9 62
1731066452315 32.3 63
1731066462388 72.0 64
1731066472476 71.1 65
1731066482555 43.6 66
1731066492628 71.7 67
1731066502707 39.2 68
1731066512778 72.3 69
1731066522877 33.5 70
1731066532941 71.1 71
1731066543023 71.2 72
1731066553100 32.3 73
1731066563188 43.5 74
1731066573263 71.6 75
1731066583334 68.0 76
1731066593418 67.9 77
1731066603498 32.6 78
1731066613571 73.1 79
1731066623654 37.6 80
1731066633736 71.8 81
1731066643803 32.4 82
1731066653870 72.1 83
1731066663945 69.9 84
1731066674010 75.1 85
1731066684107 34.9 86
1731066694202 32.3 87
1731066704290 48.9 88
1731066714368 32.5 89
1731066724456 32.4 90
1731066734534 36.9 91
1731066744597 68.8 92
1731066754671 32.4 93
1731066764756 73.1 94
1731066774837 77.6 95
1731066784925 73.8 96
1731066795013 72.0 97
1731066805100 35.0 98
1731066815173 41.5 99
1731066825251 74.4 100
1731066835322 75.8 101
1731066845396 74.4 102
1731066855469 32.5 103
1731066865574 75.8 104
1731066875666 71.5 105
1731066885734 70.5 106
1731066895805 39.8 107
1731066905893 75.2 108
1731066915955 37.2 109
1731066926031 50.8 110
1731066936102 74.0 111
1731066946191 54.3 112
1731066956268 32.6 113
1731066966344 53.0 114
1731066976410 71.5 115
1731066986510 37.1 116
1731066996584 39.1 117
1731067006654 70.6 118
1731067016733 72.5 119
1731067026834 73.0 120
1731067036921 72.9 121
1731067047006 42.0 122
1731067057098 69.4 123
1731067067149 71.3 124
1731067077232 69.3 125
1731067087321 69.8 126
1731067097411 68.3 127
1731067107502 67.3 128
1731067117581 34.0 129
1731067127662 53.2 130
1731067137761 72.0 131
1731067147858 72.0 132
1731067157951 73.9 133
1731067168027 73.3 134
1731067178100 32.3 135
1731067188204 36.5 136
1731067198300 73.1 137
1731067208395 75.1 138
1731067218478 37.3 139
1731067228576 72.1 140
1731067238668 32.8 141
1731067248766 58.1 142
1731067258861 71.7 143
1731067268951 75.2 144
1731067279031 41.9 145
1731067289135 71.8 146
1731067299226 72.6 147
1731067309309 36.8 148
1731067319403 66.0 149
1731067329491 32.2 150
1731067339577 72.6 151
1731067349667 70.2 152
1731067359738 73.2 153
1731067369832 63.3 154
1731067379909 67.8 155
1731067390001 36.4 156
1731067400103 68.9 157
1731067410198 40.1 158
1731067420274 71.3 159
1731067430360 71.8 160
1731067440458 31.8 161
1731067450542 70.6 162
1731067460626 41.7 163
1731067470707 72.0 164
1731067480788 36.9 165
1731067490888 71.4 166
1731067500970 71.6 167
1731067511054 59.4 168
1731067521140 31.8 169
1731067531239 72.2 170
1731067541323 36.0 171
1731067551422 67.3 172
1731067561511 31.4 173
1731067571585 31.4 174
1731067581670 71.5 175
1731067591749 71.0 176
1731067601836 70.5 177
1731067611943 70.3 178
1731067622028 71.3 179
1731067632122 73.3 180
1731067642196 31.7 181
1731067652273 50.1 182
1731067662382 66.6 183
1731067672481 32.5 184
1731067682564 71.2 185
1731067692638 36.4 186
1731067702708 34.3 187
1731067712814 31.5 188
1731067722904 70.0 189
1731067732997 31.4 190
1731067743084 70.9 191
1731067753184 66.3 192
1731067763264 68.7 193
1731067773361 31.6 194
1731067783457 36.6 195
1731067793541 49.8 196
1731067803625 71.0 197
1731067813712 31.0 198
1731067823797 31.0 199
1731067833895 31.2 200
1731067843996 70.7 201
1731067854083 31.4 202
1731067864183 31.2 203
1731067874261 44.9 204
1731067884359 71.2 205
1731067894461 36.2 206
1731067904569 49.4 207
1731067914665 41.2 208
1731067924759 59.0 209
1731067934874 74.0 210
1731067944973 72.5 211
1731067955061 31.5 212
1731067965180 68.0 213
1731067975278 36.0 214
1731067985366 46.9 215
1731067995483 70.2 216
1731068005568 70.8 217
1731068015665 68.4 218
1731068025767 38.5 219
1731068035853 71.4 220
1731068045945 54.6 221
1731068056032 67.4 222
1731068066149 66.5 223
1731068076250 68.7 224
1731068086356 66.7 225
1731068096456 34.2 226
1731068106561 33.5 227
1731068116651 69.7 228
1731068126756 69.8 229
1731068136861 36.7 230
1731068146960 68.2 231
1731068157062 70.3 232
1731068167161 31.7 233
1731068177257 38.4 234
1731068187355 65.9 235
1731068197456 34.7 236
1731068207546 41.2 237
1731068217649 49.7 238
1731068227759 70.6 239
1731068237856 42.2 240
1731068247953 31.1 241
1731068258057 31.0 242
1731068268162 33.9 243
1731068278260 70.1 244
1731068288337 69.5 245
1731068298437 71.3 246
1731068308534 38.4 247
1731068318638 31.5 248
1731068328755 31.5 249
1731068338854 35.8 250
1731068348948 68.8 251
1731068359046 70.2 252
1731068369151 38.3 253
1731068379252 34.3 254
1731068389336 72.8 255
1731068399435 31.4 256
1731068409556 53.7 257
1731068419896 71.8 258
1731068429996 36.8 259
1731068440097 70.5 260
1731068450198 38.4 261
1731068460289 31.2 262
1731068470400 71.7 263
1731068480505 35.4 264
1731068490601 65.8 265
1731068500717 67.2 266
1731068510825 44.3 267
1731068520928 67.4 268
1731068531035 35.1 269
1731068541145 71.7 270
1731068551257 68.5 271
1731068561371 38.6 272
1731068571494 74.0 273
1731068581608 37.0 274
1731068591719 31.8 275
1731068601821 69.7 276
1731068611933 68.3 277
1731068622057 71.2 278
1731068632166 70.8 279
1731068642241 68.8 280
1731068652348 51.7 281
1731068662452 31.6 282
1731068672565 50.3 283
1731068682666 65.7 284
1731068692772 71.2 285
1731068702875 36.8 286
1731068712968 69.4 287
1731068723053 71.4 288
1731068733144 72.6 289
1731068743270 70.8 290
1731068753382 68.4 291
1731068763502 35.8 292
1731068773618 66.4 293
1731068783722 68.1 294
1731068793804 66.6 295
1731068803899 67.7 296
1731068814005 32.7 297
1731068824109 70.1 298
1731068834214 72.1 299
1731068844331 70.3 300
1731068854444 70.5 301
1731068864570 68.9 302
1731068874682 68.9 303
1731068884792 69.6 304
1731068894909 70.1 305
1731068905019 48.0 306
1731068915128 67.9 307
1731068925241 38.4 308
1731068935370 38.7 309
1731068945467 41.2 310
1731068955583 60.2 311
1731068965693 68.6 312
1731068975802 68.5 313
1731068985907 67.2 314
1731068996019 67.4 315
1731069006131 31.1 316
1731069016237 8.8 317
1731069026346 38.2 318
1731069036459 65.0 319
1731069046567 38.2 320
1731069056694 34.8 321
1731069066770 35.6 322
1731069076884 68.0 323
1731069086982 31.3 324
1731069097083 73.1 325
1731069107172 31.4 326
1731069117290 51.2 327
1731069127393 31.5 328
1731069137509 31.4 329
1731069147606 64.2 330
1731069157726 68.7 331
1731069167797 66.7 332
1731069177909 68.2 333
1731069188016 36.0 334
1731069198114 33.0 335
1731069208226 31.5 336
1731069218379 71.0 337
1731069228489 45.8 338
1731069238593 38.2 339
1731069248700 73.9 340
1731069258817 71.4 341
1731069268936 31.3 342
1731069279045 66.1 343
1731069289158 46.7 344
1731069299287 31.3 345
1731069309398 68.0 346
1731069319522 31.4 347
1731069329631 68.9 348
1731069339716 61.1 349
1731069349827 71.3 350
1731069359942 69.1 351
1731069370023 63.2 352
1731069380134 63.4 353
1731069390254 69.0 354
1731069400486 68.5 355
1731069410601 39.6 356
1731069420715 70.4 357
1731069430832 73.7 358
1731069440942 70.8 359
1731069451061 68.2 360
1731069461166 68.6 361
1731069471280 35.2 362
1731069481364 51.8 363
1731069491474 35.3 364
1731069501596 69.6 365
1731069511698 70.8 366
1731069521820 71.1 367
1731069531935 61.9 368
1731069542063 68.9 369
1731069552174 40.2 370
1731069562256 43.0 371
1731069572357 67.6 372
1731069582457 66.7 373
1731069592563 36.9 374
1731069602667 67.1 375
1731069612762 66.7 376
1731069622880 66.7 377
1731069633003 37.8 378
1731069643117 68.4 379
1731069653256 66.7 380
1731069663341 66.8 381
1731069673464 67.8 382
1731069683596 67.0 383
1731069693686 38.2 384
1731069703809 66.1 385
1731069713923 33.5 386
1731069724046 70.8 387
1731069734166 72.2 388
1731069744286 32.2 389
1731069754403 34.0 390
1731069764528 72.2 391
1731069774611 36.4 392
1731069784727 69.8 393
1731069794855 45.5 394
1731069804959 67.4 395
1731069815070 68.2 396
1731069825146 66.7 397
1731069835323 71.2 398
1731069845444 71.2 399
1731069855562 72.1 400
1731069865639 34.6 401
1731069875758 71.8 402
1731069885877 35.9 403
1731069895984 36.2 404
1731069906119 68.7 405
1731069916239 36.9 406
1731069926364 57.3 407
1731069936479 69.5 408
1731069946592 31.8 409
1731069956688 67.3 410
1731069966824 67.5 411
1731069976946 67.6 412
1731069987068 66.7 413
1731069997197 38.7 414
1731070007280 68.5 415
1731070017376 48.6 416
1731070027492 42.7 417
1731070037619 68.6 418
1731070047746 67.1 419
1731070057877 45.9 420
1731070068003 36.3 421
1731070078118 67.4 422
1731070088254 67.8 423
1731070098377 67.5 424
1731070108494 66.4 425
1731070118621 32.2 426
1731070128743 67.1 427
1731070138868 39.9 428
1731070149008 67.1 429
1731070159131 67.1 430
1731070169226 38.0 431
1731070179340 68.7 432
1731070189468 69.0 433
1731070199594 32.0 434
1731070209719 67.1 435
1731070219840 38.4 436
1731070229965 66.0 437
1731070240095 65.3 438
1731070250227 66.6 439
1731070260345 66.9 440
1731070270472 68.1 441
1731070280592 67.7 442
1731070290718 38.6 443
1731070300848 31.9 444
1731070310978 68.3 445
1731070321126 70.0 446
1731070331252 69.7 447
1731070341374 67.8 448
1731070351494 41.1 449
1731070361618 68.2 450
1731070371729 66.3 451
1731070381822 67.8 452
1731070391926 68.0 453
1731070402070 66.1 454
1731070412219 67.7 455
1731070422290 69.4 456
1731070432418 69.9 457
1731070442535 69.2 458
1731070452673 31.9 459
1731070462801 68.7 460
1731070472906 61.5 461
1731070483035 72.3 462
1731070493163 37.0 463
1731070503274 66.9 464
1731070513390 69.8 465
1731070523517 69.4 466
1731070533645 50.7 467
1731070543794 38.7 468
1731070553931 67.6 469
1731070564062 37.3 470
1731070574189 62.4 471
1731070584279 69.5 472
1731070594373 72.5 473
1731070604472 70.7 474
1731070614578 74.8 475
1731070624939 71.6 476
1731070635065 35.1 477
1731070645210 68.1 478
1731070655358 65.3 479
1731070665510 32.9 480
1731070675641 71.0 481
1731070685773 71.0 482
1731070695905 69.9 483
1731070706032 45.9 484
1731070716160 33.7 485
1731070726312 31.7 486
1731070736449 69.6 487
1731070746589 70.1 488
1731070756719 65.9 489
1731070766854 67.0 490
1731070776989 68.6 491
1731070787121 35.8 492
1731070797247 36.7 493
1731070807332 38.5 494
1731070817461 31.8 495
1731070827589 37.9 496
1731070837730 70.6 497
1731070847847 37.2 498
1731070857979 71.4 499
1731070868111 69.6 500
1731070878266 36.8 501
1731070888352 67.2 502
1731070898475 66.8 503
1731070908589 68.3 504
1731070918722 69.4 505
1731070928824 69.4 506
1731070938940 62.5 507
