1731065817942 2782.8 0
1731065828013 4875.9 1
1731065838076 7139.5 2
1731065848124 7120.0 3
1731065858171 7149.0 4
1731065868225 7148.1 5
1731065878288 7153.1 6
1731065888345 10164.2 7
1731065898405 10165.9 8
1731065908456 10162.0 9
1731065918520 10162.9 10
1731065928604 10164.8 11
1731065938673 10155.7 12
1731065948733 10161.2 13
1731065958796 10164.6 14
1731065968862 10154.7 15
1731065978943 10145.7 16
1731065989021 10153.4 17
1731065999089 10166.4 18
1731066009160 10260.3 19
1731066019224 10260.3 20
1731066029306 10262.0 21
1731066039371 10322.7 22
1731066049441 10289.5 23
1731066059522 10277.9 24
1731066069606 10252.1 25
1731066079680 10373.7 26
1731066089741 10448.9 27
1731066099806 10437.7 28
1731066109880 10455.5 29
1731066119957 10455.5 30
1731066130032 10432.5 31
1731066140115 10417.5 32
1731066150195 10417.6 33
1731066160259 10421.7 34
1731066170321 10428.1 35
1731066180389 10434.4 36
1731066190472 10429.9 37
1731066200543 10429.9 38
1731066210619 10434.2 39
1731066220688 10429.9 40
1731066230770 10429.9 41
1731066240837 10434.3 42
1731066250894 10434.3 43
1731066260976 10434.3 44
1731066271056 10429.9 45
1731066281143 10434.3 46
1731066291216 10430.1 47
1731066301310 10430.1 48
1731066311392 10434.4 49
1731066321463 10434.4 50
1731066331518 10434.2 51
1731066341576 10429.4 52
1731066351646 10425.0 53
1731066361722 10429.4 54
1731066371775 10429.4 55
1731066381829 10425.0 56
1731066391907 10431.5 57
1731066401974 10427.1 58
1731066412051 10431.5 59
1731066422116 10427.1 60
1731066432166 10427.1 61
1731066442230 10415.4 62
1731066452315 10424.0 63
1731066462388 10424.0 64
1731066472476 10428.3 65
1731066482555 10428.9 66
1731066492628 10666.1 67
1731066502707 10670.5 68
1731066512778 10670.5 69
1731066522877 10670.5 70
1731066532941 10672.4 71
1731066543023 10670.3 72
1731066553100 10674.7 73
1731066563188 10674.7 74
1731066573263 10674.8 75
1731066583334 10681.1 76
1731066593418 10533.7 77
1731066603498 10538.1 78
1731066613571 10538.1 79
1731066623654 10533.7 80
1731066633736 10538.1 81
1731066643803 10475.1 82
1731066653870 10470.7 83
1731066663945 10475.1 84
1731066674010 10470.7 85
1731066684107 10481.4 86
1731066694202 10481.4 87
1731066704290 10464.4 88
1731066714368 10470.7 89
1731066724456 10475.1 90
1731066734534 10475.1 91
1731066744597 10464.4 92
1731066754671 10468.8 93
1731066764756 10470.7 94
1731066774837 10475.1 95
1731066784925 10470.7 96
1731066795013 10470.7 97
1731066805100 10475.1 98
1731066815173 10475.1 99
1731066825251 10475.1 100
1731066835322 10470.7 101
1731066845396 10413.1 102
1731066855469 10417.5 103
1731066865574 10419.4 104
1731066875666 10406.9 105
1731066885734 10406.9 106
1731066895805 10413.3 107
1731066905893 10409.0 108
1731066915955 10409.0 109
1731066926031 10413.3 110
1731066936102 10409.0 111
1731066946191 10413.3 112
1731066956268 10413.3 113
1731066966344 10413.3 114
1731066976410 10415.3 115
1731066986510 10415.3 116
1731066996584 10419.7 117
1731067006654 10415.3 118
1731067016733 10415.3 119
1731067026834 10419.7 120
1731067036921 10404.8 121
1731067047006 10404.8 122
1731067057098 10404.8 123
1731067067149 10404.8 124
1731067077232 10409.0 125
1731067087321 10444.1 126
1731067097411 10450.5 127
1731067107502 10450.5 128
1731067117581 10459.2 129
1731067127662 10459.2 130
1731067137761 10459.2 131
1731067147858 10459.2 132
1731067157951 10459.2 133
1731067168027 10459.2 134
1731067178100 10459.2 135
1731067188204 10452.6 136
1731067198300 10452.6 137
1731067208395 10452.6 138
1731067218478 10452.6 139
1731067228576 10452.6 140
1731067238668 10452.6 141
1731067248766 10452.6 142
1731067258861 10452.6 143
1731067268951 10452.6 144
1731067279031 10452.6 145
1731067289135 10452.6 146
1731067299226 10452.6 147
1731067309309 10452.6 148
1731067319403 10452.6 149
1731067329491 10452.6 150
1731067339577 10448.4 151
1731067349667 10448.4 152
1731067359738 10448.4 153
1731067369832 10448.4 154
1731067379909 10448.4 155
1731067390001 10448.4 156
1731067400103 10448.4 157
1731067410198 10448.4 158
1731067420274 10448.4 159
1731067430360 10448.4 160
1731067440458 10448.4 161
1731067450542 10448.4 162
1731067460626 10448.4 163
1731067470707 10448.4 164
1731067480788 10448.4 165
1731067490888 10448.4 166
1731067500970 10355.9 167
1731067511054 10355.9 168
1731067521140 10355.9 169
1731067531239 10355.9 170
1731067541323 10355.9 171
1731067551422 10355.9 172
1731067561511 10355.9 173
1731067571585 10355.9 174
1731067581670 10355.9 175
1731067591749 10355.9 176
1731067601836 10364.5 177
1731067611943 10368.8 178
1731067622028 10368.8 179
1731067632122 10360.1 180
1731067642196 10360.1 181
1731067652273 10360.1 182
1731067662382 10360.1 183
1731067672481 10360.1 184
1731067682564 10368.8 185
1731067692638 10368.8 186
1731067702708 10368.8 187
1731067712814 10368.8 188
1731067722904 10368.8 189
1731067732997 10360.1 190
1731067743084 10360.1 191
1731067753184 10360.1 192
1731067763264 10360.1 193
1731067773361 10368.8 194
1731067783457 10370.9 195
1731067793541 10370.9 196
1731067803625 10370.9 197
1731067813712 10370.9 198
1731067823797 10362.2 199
1731067833895 10370.9 200
1731067843996 10370.9 201
1731067854083 10370.9 202
1731067864183 10370.9 203
1731067874261 10370.9 204
1731067884359 10370.9 205
1731067894461 10370.9 206
1731067904569 10370.9 207
1731067914665 10370.9 208
1731067924759 10362.2 209
1731067934874 10362.2 210
1731067944973 10358.0 211
1731067955061 10358.0 212
1731067965180 10358.0 213
1731067975278 10358.0 214
1731067985366 10358.0 215
1731067995483 10358.0 216
1731068005568 10358.0 217
1731068015665 10358.0 218
1731068025767 10358.0 219
1731068035853 10358.0 220
1731068045945 10358.0 221
1731068056032 10358.0 222
1731068066149 10358.0 223
1731068076250 10358.0 224
1731068086356 10370.9 225
1731068096456 10370.9 226
1731068106561 10370.9 227
1731068116651 10373.1 228
1731068126756 10373.1 229
1731068136861 10373.1 230
1731068146960 10364.4 231
1731068157062 10364.4 232
1731068167161 10364.4 233
1731068177257 10364.4 234
1731068187355 10364.4 235
1731068197456 10364.4 236
1731068207546 10366.5 237
1731068217649 10366.5 238
1731068227759 10366.5 239
1731068237856 10366.5 240
1731068247953 10362.3 241
1731068258057 10362.3 242
1731068268162 10362.3 243
1731068278260 10375.2 244
1731068288337 10366.5 245
1731068298437 10366.5 246
1731068308534 10366.5 247
1731068318638 10366.5 248
1731068328755 10366.5 249
1731068338854 10366.5 250
1731068348948 10366.5 251
1731068359046 10366.5 252
1731068369151 10366.5 253
1731068379252 10366.5 254
1731068389336 10375.2 255
1731068399435 10366.5 256
1731068409556 10366.5 257
1731068419896 10366.5 258
1731068429996 10366.5 259
1731068440097 10366.5 260
1731068450198 10375.2 261
1731068460289 10375.2 262
1731068470400 10375.2 263
1731068480505 10366.5 264
1731068490601 10366.5 265
1731068500717 10366.5 266
1731068510825 10366.5 267
1731068520928 10366.5 268
1731068531035 10366.5 269
1731068541145 10362.3 270
1731068551257 10362.3 271
1731068561371 10362.3 272
1731068571494 10375.2 273
1731068581608 10366.5 274
1731068591719 10366.5 275
1731068601821 10368.6 276
1731068611933 10368.6 277
1731068622057 10368.6 278
1731068632166 10368.6 279
1731068642241 10368.6 280
1731068652348 10368.6 281
1731068662452 10368.6 282
1731068672565 10368.6 283
1731068682666 10377.3 284
1731068692772 10377.3 285
1731068702875 10373.0 286
1731068712968 10369.5 287
1731068723053 10368.6 288
1731068733144 10377.3 289
1731068743270 10377.3 290
1731068753382 10377.3 291
1731068763502 10377.3 292
1731068773618 10377.3 293
1731068783722 10377.3 294
1731068793804 10377.3 295
1731068803899 10368.6 296
1731068814005 10368.6 297
1731068824109 10377.3 298
1731068834214 10377.3 299
1731068844331 10377.3 300
1731068854444 10377.3 301
1731068864570 10377.3 302
1731068874682 10377.3 303
1731068884792 10377.3 304
1731068894909 10377.3 305
1731068905019 10377.3 306
1731068915128 10368.6 307
1731068925241 10368.6 308
1731068935370 10368.6 309
1731068945467 10368.6 310
1731068955583 10368.6 311
1731068965693 10377.3 312
1731068975802 10377.3 313
1731068985907 10377.3 314
1731068996019 10377.3 315
1731069006131 10377.3 316
1731069016237 10377.4 317
1731069026346 10368.6 318
1731069036459 10368.6 319
1731069046567 10370.7 320
1731069056694 10370.7 321
1731069066770 10372.8 322
1731069076884 10372.8 323
1731069086982 10372.8 324
1731069097083 10372.8 325
1731069107172 10372.8 326
1731069117290 10381.6 327
1731069127393 10381.6 328
1731069137509 10372.8 329
1731069147606 10372.8 330
1731069157726 10372.8 331
1731069167797 10372.8 332
1731069177909 10372.8 333
1731069188016 10372.8 334
1731069198114 10372.8 335
1731069208226 10381.6 336
1731069218379 10381.6 337
1731069228489 10381.6 338
1731069238593 10372.9 339
1731069248700 10372.9 340
1731069258817 10372.9 341
1731069268936 10372.9 342
1731069279045 10372.9 343
1731069289158 10372.9 344
1731069299287 10372.9 345
1731069309398 10372.9 346
1731069319522 10372.9 347
1731069329631 10383.7 348
1731069339716 10375.0 349
1731069349827 10375.0 350
1731069359942 10383.7 351
1731069370023 10375.0 352
1731069380134 10375.0 353
1731069390254 10375.0 354
1731069400486 10375.0 355
1731069410601 10375.0 356
1731069420715 10375.0 357
1731069430832 10377.1 358
1731069440942 10377.1 359
1731069451061 10377.1 360
1731069461166 10377.1 361
1731069471280 10377.1 362
1731069481364 10377.1 363
1731069491474 10377.1 364
1731069501596 10377.1 365
1731069511698 10377.1 366
1731069521820 10377.1 367
1731069531935 10377.1 368
1731069542063 10377.1 369
1731069552174 10377.1 370
1731069562256 10377.1 371
1731069572357 10377.1 372
1731069582457 10377.1 373
1731069592563 10377.1 374
1731069602667 10377.1 375
1731069612762 10377.1 376
1731069622880 10377.1 377
1731069633003 10377.1 378
1731069643117 10377.1 379
1731069653256 10377.1 380
1731069663341 10377.1 381
1731069673464 10377.1 382
1731069683596 10377.1 383
1731069693686 10377.1 384
1731069703809 10378.3 385
1731069713923 10377.1 386
1731069724046 10377.1 387
1731069734166 10377.1 388
1731069744286 10385.8 389
1731069754403 10385.8 390
1731069764528 10385.8 391
1731069774611 10377.1 392
1731069784727 10377.1 393
1731069794855 10377.1 394
1731069804959 10385.8 395
1731069815070 10385.8 396
1731069825146 10385.8 397
1731069835323 10385.8 398
1731069845444 10385.8 399
1731069855562 10385.9 400
1731069865639 10385.8 401
1731069875758 10385.8 402
1731069885877 10385.8 403
1731069895984 10385.8 404
1731069906119 10385.8 405
1731069916239 10377.1 406
1731069926364 10377.1 407
1731069936479 10377.1 408
1731069946592 10377.1 409
1731069956688 10377.1 410
1731069966824 10377.1 411
1731069976946 10377.1 412
1731069987068 10377.1 413
1731069997197 10377.1 414
1731070007280 10377.1 415
1731070017376 10377.1 416
1731070027492 10385.8 417
1731070037619 10385.8 418
1731070047746 10385.8 419
1731070057877 10385.8 420
1731070068003 10385.8 421
1731070078118 10385.8 422
1731070088254 10385.8 423
1731070098377 10385.8 424
1731070108494 10377.1 425
1731070118621 10377.1 426
1731070128743 10377.1 427
1731070138868 10385.8 428
1731070149008 10385.8 429
1731070159131 10385.8 430
1731070169226 10385.8 431
1731070179340 10385.8 432
1731070189468 10385.8 433
1731070199594 10385.8 434
1731070209719 10385.8 435
1731070219840 10377.1 436
1731070229965 10377.1 437
1731070240095 10377.1 438
1731070250227 10377.1 439
1731070260345 10377.1 440
1731070270472 10377.1 441
1731070280592 10377.1 442
1731070290718 10377.1 443
1731070300848 10377.1 444
1731070310978 10377.1 445
1731070321126 10377.1 446
1731070331252 10377.1 447
1731070341374 10372.9 448
1731070351494 10372.9 449
1731070361618 10372.9 450
1731070371729 10372.9 451
1731070381822 10372.9 452
1731070391926 10372.9 453
1731070402070 10372.9 454
1731070412219 10372.9 455
1731070422290 10372.9 456
1731070432418 10372.9 457
1731070442535 10372.9 458
1731070452673 10372.9 459
1731070462801 10372.9 460
1731070472906 10372.9 461
1731070483035 10372.9 462
1731070493163 10372.9 463
1731070503274 10372.9 464
1731070513390 10372.9 465
1731070523517 10385.8 466
1731070533645 10377.1 467
1731070543794 10385.8 468
1731070553931 10377.1 469
1731070564062 10377.1 470
1731070574189 10377.1 471
1731070584279 10377.1 472
1731070594373 10377.1 473
1731070604472 10377.1 474
1731070614578 10377.1 475
1731070624939 10377.1 476
1731070635065 10377.1 477
1731070645210 10372.9 478
1731070655358 10372.9 479
1731070665510 10372.9 480
1731070675641 10385.8 481
1731070685773 10381.5 482
1731070695905 10381.5 483
1731070706032 10387.9 484
1731070716160 10387.9 485
1731070726312 10387.9 486
1731070736449 10383.6 487
1731070746589 10379.2 488
1731070756719 10379.2 489
1731070766854 10379.2 490
1731070776989 10379.2 491
1731070787121 10379.2 492
1731070797247 10379.2 493
1731070807332 10379.2 494
1731070817461 10379.2 495
1731070827589 10387.9 496
1731070837730 10387.9 497
1731070847847 10390.0 498
1731070857979 10381.3 499
1731070868111 10381.3 500
1731070878266 10381.3 501
1731070888352 10381.3 502
1731070898475 10381.3 503
1731070908589 10381.3 504
1731070918722 10381.3 505
1731070928824 10381.3 506
1731070938940 10381.3 507
