1731065817942 10.8 0
1731065828013 18.9 1
1731065838076 27.7 2
1731065848124 27.6 3
1731065858171 27.7 4
1731065868225 27.7 5
1731065878288 27.8 6
1731065888345 39.4 7
1731065898405 39.4 8
1731065908456 39.4 9
1731065918520 39.4 10
1731065928604 39.4 11
1731065938673 39.4 12
1731065948733 39.4 13
1731065958796 39.4 14
1731065968862 39.4 15
1731065978943 39.4 16
1731065989021 39.4 17
1731065999089 39.5 18
1731066009160 39.8 19
1731066019224 39.8 20
1731066029306 39.8 21
1731066039371 40.1 22
1731066049441 39.9 23
1731066059522 39.9 24
1731066069606 39.8 25
1731066079680 40.3 26
1731066089741 40.5 27
1731066099806 40.5 28
1731066109880 40.6 29
1731066119957 40.6 30
1731066130032 40.5 31
1731066140115 40.4 32
1731066150195 40.4 33
1731066160259 40.4 34
1731066170321 40.5 35
1731066180389 40.5 36
1731066190472 40.5 37
1731066200543 40.5 38
1731066210619 40.5 39
1731066220688 40.5 40
1731066230770 40.5 41
1731066240837 40.5 42
1731066250894 40.5 43
1731066260976 40.5 44
1731066271056 40.5 45
1731066281143 40.5 46
1731066291216 40.5 47
1731066301310 40.5 48
1731066311392 40.5 49
1731066321463 40.5 50
1731066331518 40.5 51
1731066341576 40.5 52
1731066351646 40.5 53
1731066361722 40.5 54
1731066371775 40.5 55
1731066381829 40.5 56
1731066391907 40.5 57
1731066401974 40.5 58
1731066412051 40.5 59
1731066422116 40.5 60
1731066432166 40.5 61
1731066442230 40.4 62
1731066452315 40.5 63
1731066462388 40.5 64
1731066472476 40.5 65
1731066482555 40.5 66
1731066492628 41.4 67
1731066502707 41.4 68
1731066512778 41.4 69
1731066522877 41.4 70
1731066532941 41.4 71
1731066543023 41.4 72
1731066553100 41.4 73
1731066563188 41.4 74
1731066573263 41.4 75
1731066583334 41.4 76
1731066593418 40.9 77
1731066603498 40.9 78
1731066613571 40.9 79
1731066623654 40.9 80
1731066633736 40.9 81
1731066643803 40.6 82
1731066653870 40.6 83
1731066663945 40.6 84
1731066674010 40.6 85
1731066684107 40.7 86
1731066694202 40.7 87
1731066704290 40.6 88
1731066714368 40.6 89
1731066724456 40.6 90
1731066734534 40.6 91
1731066744597 40.6 92
1731066754671 40.6 93
1731066764756 40.6 94
1731066774837 40.6 95
1731066784925 40.6 96
1731066795013 40.6 97
1731066805100 40.6 98
1731066815173 40.6 99
1731066825251 40.6 100
1731066835322 40.6 101
1731066845396 40.4 102
1731066855469 40.4 103
1731066865574 40.4 104
1731066875666 40.4 105
1731066885734 40.4 106
1731066895805 40.4 107
1731066905893 40.4 108
1731066915955 40.4 109
1731066926031 40.4 110
1731066936102 40.4 111
1731066946191 40.4 112
1731066956268 40.4 113
1731066966344 40.4 114
1731066976410 40.4 115
1731066986510 40.4 116
1731066996584 40.4 117
1731067006654 40.4 118
1731067016733 40.4 119
1731067026834 40.4 120
1731067036921 40.4 121
1731067047006 40.4 122
1731067057098 40.4 123
1731067067149 40.4 124
1731067077232 40.4 125
1731067087321 40.5 126
1731067097411 40.6 127
1731067107502 40.6 128
1731067117581 40.6 129
1731067127662 40.6 130
1731067137761 40.6 131
1731067147858 40.6 132
1731067157951 40.6 133
1731067168027 40.6 134
1731067178100 40.6 135
1731067188204 40.6 136
1731067198300 40.6 137
1731067208395 40.6 138
1731067218478 40.6 139
1731067228576 40.6 140
1731067238668 40.6 141
1731067248766 40.6 142
1731067258861 40.6 143
1731067268951 40.6 144
1731067279031 40.6 145
1731067289135 40.6 146
1731067299226 40.6 147
1731067309309 40.6 148
1731067319403 40.6 149
1731067329491 40.6 150
1731067339577 40.5 151
1731067349667 40.5 152
1731067359738 40.5 153
1731067369832 40.5 154
1731067379909 40.5 155
1731067390001 40.5 156
1731067400103 40.5 157
1731067410198 40.5 158
1731067420274 40.5 159
1731067430360 40.5 160
1731067440458 40.5 161
1731067450542 40.5 162
1731067460626 40.5 163
1731067470707 40.5 164
1731067480788 40.5 165
1731067490888 40.5 166
1731067500970 40.2 167
1731067511054 40.2 168
1731067521140 40.2 169
1731067531239 40.2 170
1731067541323 40.2 171
1731067551422 40.2 172
1731067561511 40.2 173
1731067571585 40.2 174
1731067581670 40.2 175
1731067591749 40.2 176
1731067601836 40.2 177
1731067611943 40.2 178
1731067622028 40.2 179
1731067632122 40.2 180
1731067642196 40.2 181
1731067652273 40.2 182
1731067662382 40.2 183
1731067672481 40.2 184
1731067682564 40.2 185
1731067692638 40.2 186
1731067702708 40.2 187
1731067712814 40.2 188
1731067722904 40.2 189
1731067732997 40.2 190
1731067743084 40.2 191
1731067753184 40.2 192
1731067763264 40.2 193
1731067773361 40.2 194
1731067783457 40.2 195
1731067793541 40.2 196
1731067803625 40.2 197
1731067813712 40.2 198
1731067823797 40.2 199
1731067833895 40.2 200
1731067843996 40.2 201
1731067854083 40.2 202
1731067864183 40.2 203
1731067874261 40.2 204
1731067884359 40.2 205
1731067894461 40.2 206
1731067904569 40.2 207
1731067914665 40.2 208
1731067924759 40.2 209
1731067934874 40.2 210
1731067944973 40.2 211
1731067955061 40.2 212
1731067965180 40.2 213
1731067975278 40.2 214
1731067985366 40.2 215
1731067995483 40.2 216
1731068005568 40.2 217
1731068015665 40.2 218
1731068025767 40.2 219
1731068035853 40.2 220
1731068045945 40.2 221
1731068056032 40.2 222
1731068066149 40.2 223
1731068076250 40.2 224
1731068086356 40.2 225
1731068096456 40.2 226
1731068106561 40.2 227
1731068116651 40.3 228
1731068126756 40.3 229
1731068136861 40.3 230
1731068146960 40.2 231
1731068157062 40.2 232
1731068167161 40.2 233
1731068177257 40.2 234
1731068187355 40.2 235
1731068197456 40.2 236
1731068207546 40.2 237
1731068217649 40.2 238
1731068227759 40.2 239
1731068237856 40.2 240
1731068247953 40.2 241
1731068258057 40.2 242
1731068268162 40.2 243
1731068278260 40.3 244
1731068288337 40.2 245
1731068298437 40.2 246
1731068308534 40.2 247
1731068318638 40.2 248
1731068328755 40.2 249
1731068338854 40.2 250
1731068348948 40.2 251
1731068359046 40.2 252
1731068369151 40.2 253
1731068379252 40.2 254
1731068389336 40.3 255
1731068399435 40.2 256
1731068409556 40.2 257
1731068419896 40.2 258
1731068429996 40.2 259
1731068440097 40.2 260
1731068450198 40.3 261
1731068460289 40.3 262
1731068470400 40.3 263
1731068480505 40.2 264
1731068490601 40.2 265
1731068500717 40.2 266
1731068510825 40.2 267
1731068520928 40.2 268
1731068531035 40.2 269
1731068541145 40.2 270
1731068551257 40.2 271
1731068561371 40.2 272
1731068571494 40.3 273
1731068581608 40.2 274
1731068591719 40.2 275
1731068601821 40.2 276
1731068611933 40.2 277
1731068622057 40.2 278
1731068632166 40.2 279
1731068642241 40.2 280
1731068652348 40.2 281
1731068662452 40.2 282
1731068672565 40.2 283
1731068682666 40.3 284
1731068692772 40.3 285
1731068702875 40.3 286
1731068712968 40.2 287
1731068723053 40.2 288
1731068733144 40.3 289
1731068743270 40.3 290
1731068753382 40.3 291
1731068763502 40.3 292
1731068773618 40.3 293
1731068783722 40.3 294
1731068793804 40.3 295
1731068803899 40.2 296
1731068814005 40.2 297
1731068824109 40.3 298
1731068834214 40.3 299
1731068844331 40.3 300
1731068854444 40.3 301
1731068864570 40.3 302
1731068874682 40.3 303
1731068884792 40.3 304
1731068894909 40.3 305
1731068905019 40.3 306
1731068915128 40.2 307
1731068925241 40.2 308
1731068935370 40.2 309
1731068945467 40.2 310
1731068955583 40.2 311
1731068965693 40.3 312
1731068975802 40.3 313
1731068985907 40.3 314
1731068996019 40.3 315
1731069006131 40.3 316
1731069016237 40.3 317
1731069026346 40.2 318
1731069036459 40.2 319
1731069046567 40.2 320
1731069056694 40.2 321
1731069066770 40.3 322
1731069076884 40.3 323
1731069086982 40.3 324
1731069097083 40.3 325
1731069107172 40.3 326
1731069117290 40.3 327
1731069127393 40.3 328
1731069137509 40.3 329
1731069147606 40.3 330
1731069157726 40.3 331
1731069167797 40.3 332
1731069177909 40.3 333
1731069188016 40.3 334
1731069198114 40.3 335
1731069208226 40.3 336
1731069218379 40.3 337
1731069228489 40.3 338
1731069238593 40.3 339
1731069248700 40.3 340
1731069258817 40.3 341
1731069268936 40.3 342
1731069279045 40.3 343
1731069289158 40.3 344
1731069299287 40.3 345
1731069309398 40.3 346
1731069319522 40.3 347
1731069329631 40.3 348
1731069339716 40.3 349
1731069349827 40.3 350
1731069359942 40.3 351
1731069370023 40.3 352
1731069380134 40.3 353
1731069390254 40.3 354
1731069400486 40.3 355
1731069410601 40.3 356
1731069420715 40.3 357
1731069430832 40.3 358
1731069440942 40.3 359
1731069451061 40.3 360
1731069461166 40.3 361
1731069471280 40.3 362
1731069481364 40.3 363
1731069491474 40.3 364
1731069501596 40.3 365
1731069511698 40.3 366
1731069521820 40.3 367
1731069531935 40.3 368
1731069542063 40.3 369
1731069552174 40.3 370
1731069562256 40.3 371
1731069572357 40.3 372
1731069582457 40.3 373
1731069592563 40.3 374
1731069602667 40.3 375
1731069612762 40.3 376
1731069622880 40.3 377
1731069633003 40.3 378
1731069643117 40.3 379
1731069653256 40.3 380
1731069663341 40.3 381
1731069673464 40.3 382
1731069683596 40.3 383
1731069693686 40.3 384
1731069703809 40.3 385
1731069713923 40.3 386
1731069724046 40.3 387
1731069734166 40.3 388
1731069744286 40.3 389
1731069754403 40.3 390
1731069764528 40.3 391
1731069774611 40.3 392
1731069784727 40.3 393
1731069794855 40.3 394
1731069804959 40.3 395
1731069815070 40.3 396
1731069825146 40.3 397
1731069835323 40.3 398
1731069845444 40.3 399
1731069855562 40.3 400
1731069865639 40.3 401
1731069875758 40.3 402
1731069885877 40.3 403
1731069895984 40.3 404
1731069906119 40.3 405
1731069916239 40.3 406
1731069926364 40.3 407
1731069936479 40.3 408
1731069946592 40.3 409
1731069956688 40.3 410
1731069966824 40.3 411
1731069976946 40.3 412
1731069987068 40.3 413
1731069997197 40.3 414
1731070007280 40.3 415
1731070017376 40.3 416
1731070027492 40.3 417
1731070037619 40.3 418
1731070047746 40.3 419
1731070057877 40.3 420
1731070068003 40.3 421
1731070078118 40.3 422
1731070088254 40.3 423
1731070098377 40.3 424
1731070108494 40.3 425
1731070118621 40.3 426
1731070128743 40.3 427
1731070138868 40.3 428
1731070149008 40.3 429
1731070159131 40.3 430
1731070169226 40.3 431
1731070179340 40.3 432
1731070189468 40.3 433
1731070199594 40.3 434
1731070209719 40.3 435
1731070219840 40.3 436
1731070229965 40.3 437
1731070240095 40.3 438
1731070250227 40.3 439
1731070260345 40.3 440
1731070270472 40.3 441
1731070280592 40.3 442
1731070290718 40.3 443
1731070300848 40.3 444
1731070310978 40.3 445
1731070321126 40.3 446
1731070331252 40.3 447
1731070341374 40.3 448
1731070351494 40.3 449
1731070361618 40.3 450
1731070371729 40.3 451
1731070381822 40.3 452
1731070391926 40.3 453
1731070402070 40.3 454
1731070412219 40.3 455
1731070422290 40.3 456
1731070432418 40.3 457
1731070442535 40.3 458
1731070452673 40.3 459
1731070462801 40.3 460
1731070472906 40.3 461
1731070483035 40.3 462
1731070493163 40.3 463
1731070503274 40.3 464
1731070513390 40.3 465
1731070523517 40.3 466
1731070533645 40.3 467
1731070543794 40.3 468
1731070553931 40.3 469
1731070564062 40.3 470
1731070574189 40.3 471
1731070584279 40.3 472
1731070594373 40.3 473
1731070604472 40.3 474
1731070614578 40.3 475
1731070624939 40.3 476
1731070635065 40.3 477
1731070645210 40.3 478
1731070655358 40.3 479
1731070665510 40.3 480
1731070675641 40.3 481
1731070685773 40.3 482
1731070695905 40.3 483
1731070706032 40.3 484
1731070716160 40.3 485
1731070726312 40.3 486
1731070736449 40.3 487
1731070746589 40.3 488
1731070756719 40.3 489
1731070766854 40.3 490
1731070776989 40.3 491
1731070787121 40.3 492
1731070797247 40.3 493
1731070807332 40.3 494
1731070817461 40.3 495
1731070827589 40.3 496
1731070837730 40.3 497
1731070847847 40.3 498
1731070857979 40.3 499
1731070868111 40.3 500
1731070878266 40.3 501
1731070888352 40.3 502
1731070898475 40.3 503
1731070908589 40.3 504
1731070918722 40.3 505
1731070928824 40.3 506
1731070938940 40.3 507
