1731065817942 13.0 0
1731065828013 10.0 1
1731065838076 61.0 2
1731065848124 62.0 3
1731065858171 62.0 4
1731065868225 60.0 5
1731065878288 8.0 6
1731065888345 36.0 7
1731065898405 64.0 8
1731065908456 63.0 9
1731065918520 44.0 10
1731065928604 59.0 11
1731065938673 8.0 12
1731065948733 58.0 13
1731065958796 52.0 14
1731065968862 57.0 15
1731065978943 51.0 16
1731065989021 11.0 17
1731065999089 11.0 18
1731066009160 56.0 19
1731066019224 7.0 20
1731066029306 12.0 21
1731066039371 4.0 22
1731066049441 46.0 23
1731066059522 55.0 24
1731066069606 25.0 25
1731066079680 9.0 26
1731066089741 2.0 27
1731066099806 52.0 28
1731066109880 3.0 29
1731066119957 3.0 30
1731066130032 56.0 31
1731066140115 53.0 32
1731066150195 46.0 33
1731066160259 4.0 34
1731066170321 49.0 35
1731066180389 3.0 36
1731066190472 59.0 37
1731066200543 57.0 38
1731066210619 45.0 39
1731066220688 32.0 40
1731066230770 53.0 41
1731066240837 51.0 42
1731066250894 54.0 43
1731066260976 55.0 44
1731066271056 53.0 45
1731066281143 1.0 46
1731066291216 48.0 47
1731066301310 51.0 48
1731066311392 2.0 49
1731066321463 3.0 50
1731066331518 47.0 51
1731066341576 53.0 52
1731066351646 54.0 53
1731066361722 51.0 54
1731066371775 28.0 55
1731066381829 54.0 56
1731066391907 3.0 57
1731066401974 51.0 58
1731066412051 43.0 59
1731066422116 45.0 60
1731066432166 50.0 61
1731066442230 27.0 62
1731066452315 1.0 63
1731066462388 54.0 64
1731066472476 54.0 65
1731066482555 56.0 66
1731066492628 57.0 67
1731066502707 1.0 68
1731066512778 54.0 69
1731066522877 2.0 70
1731066532941 49.0 71
1731066543023 48.0 72
1731066553100 2.0 73
1731066563188 51.0 74
1731066573263 55.0 75
1731066583334 52.0 76
1731066593418 46.0 77
1731066603498 4.0 78
1731066613571 53.0 79
1731066623654 24.0 80
1731066633736 49.0 81
1731066643803 1.0 82
1731066653870 45.0 83
1731066663945 53.0 84
1731066674010 52.0 85
1731066684107 47.0 86
1731066694202 1.0 87
1731066704290 50.0 88
1731066714368 3.0 89
1731066724456 4.0 90
1731066734534 1.0 91
1731066744597 45.0 92
1731066754671 1.0 93
1731066764756 52.0 94
1731066774837 56.0 95
1731066784925 48.0 96
1731066795013 48.0 97
1731066805100 2.0 98
1731066815173 50.0 99
1731066825251 51.0 100
1731066835322 51.0 101
1731066845396 45.0 102
1731066855469 1.0 103
1731066865574 52.0 104
1731066875666 47.0 105
1731066885734 47.0 106
1731066895805 1.0 107
1731066905893 58.0 108
1731066915955 34.0 109
1731066926031 49.0 110
1731066936102 54.0 111
1731066946191 44.0 112
1731066956268 2.0 113
1731066966344 1.0 114
1731066976410 41.0 115
1731066986510 31.0 116
1731066996584 3.0 117
1731067006654 47.0 118
1731067016733 47.0 119
1731067026834 52.0 120
1731067036921 48.0 121
1731067047006 23.0 122
1731067057098 46.0 123
1731067067149 50.0 124
1731067077232 46.0 125
1731067087321 47.0 126
1731067097411 43.0 127
1731067107502 53.0 128
1731067117581 0.0 129
1731067127662 50.0 130
1731067137761 50.0 131
1731067147858 51.0 132
1731067157951 53.0 133
1731067168027 55.0 134
1731067178100 1.0 135
1731067188204 32.0 136
1731067198300 52.0 137
1731067208395 51.0 138
1731067218478 0.0 139
1731067228576 47.0 140
1731067238668 0.0 141
1731067248766 46.0 142
1731067258861 43.0 143
1731067268951 54.0 144
1731067279031 1.0 145
1731067289135 51.0 146
1731067299226 52.0 147
1731067309309 22.0 148
1731067319403 58.0 149
1731067329491 0.0 150
1731067339577 51.0 151
1731067349667 48.0 152
1731067359738 52.0 153
1731067369832 0.0 154
1731067379909 40.0 155
1731067390001 31.0 156
1731067400103 51.0 157
1731067410198 1.0 158
1731067420274 53.0 159
1731067430360 49.0 160
1731067440458 0.0 161
1731067450542 51.0 162
1731067460626 30.0 163
1731067470707 54.0 164
1731067480788 0.0 165
1731067490888 51.0 166
1731067500970 45.0 167
1731067511054 52.0 168
1731067521140 1.0 169
1731067531239 51.0 170
1731067541323 31.0 171
1731067551422 48.0 172
1731067561511 0.0 173
1731067571585 0.0 174
1731067581670 41.0 175
1731067591749 45.0 176
1731067601836 44.0 177
1731067611943 49.0 178
1731067622028 50.0 179
1731067632122 47.0 180
1731067642196 1.0 181
1731067652273 50.0 182
1731067662382 46.0 183
1731067672481 0.0 184
1731067682564 54.0 185
1731067692638 22.0 186
1731067702708 0.0 187
1731067712814 0.0 188
1731067722904 41.0 189
1731067732997 1.0 190
1731067743084 47.0 191
1731067753184 44.0 192
1731067763264 46.0 193
1731067773361 2.0 194
1731067783457 22.0 195
1731067793541 0.0 196
1731067803625 53.0 197
1731067813712 0.0 198
1731067823797 0.0 199
1731067833895 0.0 200
1731067843996 46.0 201
1731067854083 2.0 202
1731067864183 0.0 203
1731067874261 0.0 204
1731067884359 47.0 205
1731067894461 24.0 206
1731067904569 47.0 207
1731067914665 0.0 208
1731067924759 45.0 209
1731067934874 48.0 210
1731067944973 42.0 211
1731067955061 1.0 212
1731067965180 36.0 213
1731067975278 22.0 214
1731067985366 0.0 215
1731067995483 40.0 216
1731068005568 46.0 217
1731068015665 44.0 218
1731068025767 0.0 219
1731068035853 45.0 220
1731068045945 0.0 221
1731068056032 53.0 222
1731068066149 52.0 223
1731068076250 50.0 224
1731068086356 43.0 225
1731068096456 24.0 226
1731068106561 0.0 227
1731068116651 48.0 228
1731068126756 50.0 229
1731068136861 32.0 230
1731068146960 40.0 231
1731068157062 43.0 232
1731068167161 1.0 233
1731068177257 0.0 234
1731068187355 40.0 235
1731068197456 0.0 236
1731068207546 0.0 237
1731068217649 0.0 238
1731068227759 47.0 239
1731068237856 22.0 240
1731068247953 0.0 241
1731068258057 1.0 242
1731068268162 1.0 243
1731068278260 48.0 244
1731068288337 45.0 245
1731068298437 50.0 246
1731068308534 0.0 247
1731068318638 1.0 248
1731068328755 0.0 249
1731068338854 30.0 250
1731068348948 49.0 251
1731068359046 49.0 252
1731068369151 1.0 253
1731068379252 0.0 254
1731068389336 50.0 255
1731068399435 0.0 256
1731068409556 51.0 257
1731068419896 41.0 258
1731068429996 1.0 259
1731068440097 45.0 260
1731068450198 0.0 261
1731068460289 0.0 262
1731068470400 46.0 263
1731068480505 0.0 264
1731068490601 38.0 265
1731068500717 42.0 266
1731068510825 0.0 267
1731068520928 47.0 268
1731068531035 1.0 269
1731068541145 46.0 270
1731068551257 50.0 271
1731068561371 0.0 272
1731068571494 44.0 273
1731068581608 26.0 274
1731068591719 0.0 275
1731068601821 46.0 276
1731068611933 44.0 277
1731068622057 48.0 278
1731068632166 45.0 279
1731068642241 47.0 280
1731068652348 0.0 281
1731068662452 0.0 282
1731068672565 44.0 283
1731068682666 43.0 284
1731068692772 45.0 285
1731068702875 50.0 286
1731068712968 47.0 287
1731068723053 45.0 288
1731068733144 50.0 289
1731068743270 40.0 290
1731068753382 46.0 291
1731068763502 0.0 292
1731068773618 51.0 293
1731068783722 50.0 294
1731068793804 49.0 295
1731068803899 49.0 296
1731068814005 0.0 297
1731068824109 50.0 298
1731068834214 54.0 299
1731068844331 46.0 300
1731068854444 45.0 301
1731068864570 53.0 302
1731068874682 48.0 303
1731068884792 51.0 304
1731068894909 51.0 305
1731068905019 48.0 306
1731068915128 51.0 307
1731068925241 0.0 308
1731068935370 22.0 309
1731068945467 0.0 310
1731068955583 54.0 311
1731068965693 46.0 312
1731068975802 46.0 313
1731068985907 42.0 314
1731068996019 41.0 315
1731069006131 1.0 316
1731069016237 52.0 317
1731069026346 0.0 318
1731069036459 43.0 319
1731069046567 0.0 320
1731069056694 23.0 321
1731069066770 0.0 322
1731069076884 45.0 323
1731069086982 1.0 324
1731069097083 56.0 325
1731069107172 0.0 326
1731069117290 0.0 327
1731069127393 0.0 328
1731069137509 0.0 329
1731069147606 44.0 330
1731069157726 45.0 331
1731069167797 33.0 332
1731069177909 40.0 333
1731069188016 1.0 334
1731069198114 1.0 335
1731069208226 0.0 336
1731069218379 45.0 337
1731069228489 57.0 338
1731069238593 0.0 339
1731069248700 51.0 340
1731069258817 51.0 341
1731069268936 0.0 342
1731069279045 46.0 343
1731069289158 1.0 344
1731069299287 1.0 345
1731069309398 41.0 346
1731069319522 0.0 347
1731069329631 46.0 348
1731069339716 0.0 349
1731069349827 47.0 350
1731069359942 46.0 351
1731069370023 24.0 352
1731069380134 50.0 353
1731069390254 47.0 354
1731069400486 35.0 355
1731069410601 0.0 356
1731069420715 44.0 357
1731069430832 53.0 358
1731069440942 42.0 359
1731069451061 38.0 360
1731069461166 45.0 361
1731069471280 0.0 362
1731069481364 0.0 363
1731069491474 24.0 364
1731069501596 43.0 365
1731069511698 44.0 366
1731069521820 46.0 367
1731069531935 45.0 368
1731069542063 43.0 369
1731069552174 51.0 370
1731069562256 0.0 371
1731069572357 46.0 372
1731069582457 41.0 373
1731069592563 0.0 374
1731069602667 45.0 375
1731069612762 48.0 376
1731069622880 46.0 377
1731069633003 33.0 378
1731069643117 44.0 379
1731069653256 44.0 380
1731069663341 46.0 381
1731069673464 38.0 382
1731069683596 45.0 383
1731069693686 22.0 384
1731069703809 39.0 385
1731069713923 0.0 386
1731069724046 36.0 387
1731069734166 50.0 388
1731069744286 0.0 389
1731069754403 0.0 390
1731069764528 47.0 391
1731069774611 28.0 392
1731069784727 39.0 393
1731069794855 0.0 394
1731069804959 40.0 395
1731069815070 45.0 396
1731069825146 42.0 397
1731069835323 47.0 398
1731069845444 53.0 399
1731069855562 40.0 400
1731069865639 0.0 401
1731069875758 41.0 402
1731069885877 0.0 403
1731069895984 1.0 404
1731069906119 44.0 405
1731069916239 23.0 406
1731069926364 0.0 407
1731069936479 52.0 408
1731069946592 0.0 409
1731069956688 37.0 410
1731069966824 46.0 411
1731069976946 40.0 412
1731069987068 44.0 413
1731069997197 1.0 414
1731070007280 42.0 415
1731070017376 47.0 416
1731070027492 0.0 417
1731070037619 44.0 418
1731070047746 42.0 419
1731070057877 50.0 420
1731070068003 30.0 421
1731070078118 42.0 422
1731070088254 56.0 423
1731070098377 47.0 424
1731070108494 43.0 425
1731070118621 1.0 426
1731070128743 42.0 427
1731070138868 22.0 428
1731070149008 48.0 429
1731070159131 41.0 430
1731070169226 1.0 431
1731070179340 41.0 432
1731070189468 44.0 433
1731070199594 0.0 434
1731070209719 54.0 435
1731070219840 37.0 436
1731070229965 49.0 437
1731070240095 44.0 438
1731070250227 46.0 439
1731070260345 49.0 440
1731070270472 40.0 441
1731070280592 46.0 442
1731070290718 0.0 443
1731070300848 0.0 444
1731070310978 43.0 445
1731070321126 49.0 446
1731070331252 41.0 447
1731070341374 47.0 448
1731070351494 22.0 449
1731070361618 43.0 450
1731070371729 39.0 451
1731070381822 49.0 452
1731070391926 44.0 453
1731070402070 43.0 454
1731070412219 46.0 455
1731070422290 56.0 456
1731070432418 44.0 457
1731070442535 49.0 458
1731070452673 0.0 459
1731070462801 37.0 460
1731070472906 0.0 461
1731070483035 46.0 462
1731070493163 23.0 463
1731070503274 45.0 464
1731070513390 37.0 465
1731070523517 50.0 466
1731070533645 48.0 467
1731070543794 0.0 468
1731070553931 39.0 469
1731070564062 25.0 470
1731070574189 41.0 471
1731070584279 45.0 472
1731070594373 47.0 473
1731070604472 52.0 474
1731070614578 55.0 475
1731070624939 44.0 476
1731070635065 0.0 477
1731070645210 40.0 478
1731070655358 36.0 479
1731070665510 16.0 480
1731070675641 41.0 481
1731070685773 44.0 482
1731070695905 48.0 483
1731070706032 0.0 484
1731070716160 1.0 485
1731070726312 1.0 486
1731070736449 45.0 487
1731070746589 42.0 488
1731070756719 42.0 489
1731070766854 52.0 490
1731070776989 51.0 491
1731070787121 23.0 492
1731070797247 1.0 493
1731070807332 0.0 494
1731070817461 1.0 495
1731070827589 0.0 496
1731070837730 45.0 497
1731070847847 51.0 498
1731070857979 54.0 499
1731070868111 52.0 500
1731070878266 23.0 501
1731070888352 45.0 502
1731070898475 49.0 503
1731070908589 48.0 504
1731070918722 47.0 505
1731070928824 47.0 506
1731070938940 48.0 507
