1731065817942 0.0003460000000359287 0
1731065828013 2.0687480000001415 1
1731065838076 2.0913620000001174 2
1731065848124 4.204602000000023 3
1731065858171 4.212732000000187 4
1731065868225 5.456333000000086 5
1731065878288 6.3078250000000935 6
1731065888345 7.161678000000165 7
1731065898405 9.2051570000001 8
1731065908456 11.40298000000007 9
1731065918520 11.422428000000082 10
1731065928604 13.154438000000027 11
1731065938673 13.178969000000052 12
1731065948733 15.255293000000165 13
1731065958796 17.03980300000012 14
1731065968862 17.04976099999999 15
1731065978943 17.112003000000186 16
1731065989021 17.122205000000122 17
1731065999089 17.138502000000017 18
1731066009160 17.15192000000002 19
1731066019224 17.163129000000026 20
1731066029306 17.190274000000045 21
1731066039371 17.2266860000002 22
1731066049441 17.246863000000076 23
1731066059522 17.361147000000074 24
1731066069606 17.378691000000117 25
1731066079680 17.396560000000136 26
1731066089741 19.166844000000083 27
1731066099806 19.88269000000014 28
1731066109880 20.47440500000016 29
1731066119957 20.829077000000098 30
1731066130032 20.848343999999997 31
1731066140115 20.895083999999997 32
1731066150195 20.911759000000075 33
1731066160259 20.92368600000009 34
1731066170321 20.93786399999999 35
1731066180389 20.946886000000177 36
1731066190472 20.957619000000022 37
1731066200543 20.964954000000034 38
1731066210619 20.979062000000113 39
1731066220688 20.991622000000007 40
1731066230770 21.007841999999982 41
1731066240837 21.024291000000176 42
1731066250894 21.039806 43
1731066260976 21.097552000000178 44
1731066271056 21.13629200000014 45
1731066281143 21.196673000000146 46
1731066291216 21.207096000000092 47
1731066301310 21.222768000000087 48
1731066311392 21.232639000000063 49
1731066321463 21.248012000000017 50
1731066331518 21.260383000000047 51
1731066341576 21.274901 52
1731066351646 21.28306100000009 53
1731066361722 21.313528000000133 54
1731066371775 21.32419200000004 55
1731066381829 21.342010000000073 56
1731066391907 21.35362000000009 57
1731066401974 21.38352400000008 58
1731066412051 21.395494999999983 59
1731066422116 21.40647100000001 60
1731066432166 21.418244000000186 61
1731066442230 21.42688700000008 62
1731066452315 21.439667999999983 63
1731066462388 21.479377999999997 64
1731066472476 21.49312900000018 65
1731066482555 21.50981200000001 66
1731066492628 21.51785300000006 67
1731066502707 21.53044900000009 68
1731066512778 21.5402660000002 69
1731066522877 21.564708999999993 70
1731066532941 21.574923000000126 71
1731066543023 21.595064000000093 72
1731066553100 21.60592900000006 73
1731066563188 21.621617000000015 74
1731066573263 21.646932000000106 75
1731066583334 21.71669400000019 76
1731066593418 21.724665000000186 77
1731066603498 21.735400000000027 78
1731066613571 21.75827800000002 79
1731066623654 21.776089000000184 80
1731066633736 21.78689300000019 81
1731066643803 21.798279999999977 82
1731066653870 21.824886000000106 83
1731066663945 21.836377000000084 84
1731066674010 21.84505000000013 85
1731066684107 21.86132500000008 86
1731066694202 21.881172000000106 87
1731066704290 21.902082000000064 88
1731066714368 21.913975000000164 89
1731066724456 21.92472100000009 90
1731066734534 21.940158999999994 91
1731066744597 21.95149400000014 92
1731066754671 21.960136000000148 93
1731066764756 21.972488999999996 94
1731066774837 22.026229000000058 95
1731066784925 22.033432000000175 96
1731066795013 22.040724000000182 97
1731066805100 22.05315100000007 98
1731066815173 22.066972000000078 99
1731066825251 22.079449000000068 100
1731066835322 22.103815000000168 101
1731066845396 22.130923000000166 102
1731066855469 22.14963899999998 103
1731066865574 22.164481000000023 104
1731066875666 22.241257000000132 105
1731066885734 22.25038500000005 106
1731066895805 22.277851000000055 107
1731066905893 22.288022000000183 108
1731066915955 22.301420000000007 109
1731066926031 22.322045000000116 110
1731066936102 22.331704000000173 111
1731066946191 22.34321 112
1731066956268 22.368763000000172 113
1731066966344 22.379340000000184 114
1731066976410 22.391779000000042 115
1731066986510 22.400003000000197 116
1731066996584 22.41667500000017 117
1731067006654 22.43965000000003 118
1731067016733 22.45110199999999 119
1731067026834 22.461880000000065 120
1731067036921 22.47467000000006 121
1731067047006 22.485068000000183 122
1731067057098 22.493540000000166 123
1731067067149 22.503348000000187 124
1731067077232 22.55949099999998 125
1731067087321 22.57150200000001 126
1731067097411 22.596926000000167 127
1731067107502 22.60504200000014 128
1731067117581 22.616103000000066 129
1731067127662 22.629352000000154 130
1731067137761 22.653707000000168 131
1731067147858 22.665099000000055 132
1731067157951 22.687609000000066 133
1731067168027 22.69778600000018 134
1731067178100 22.77430900000013 135
1731067188204 22.784424000000172 136
1731067198300 22.79531400000019 137
1731067208395 22.802909 138
1731067218478 22.815152000000126 139
1731067228576 22.825704000000087 140
1731067238668 22.8423650000002 141
1731067248766 22.854225000000042 142
1731067258861 22.87532400000009 143
1731067268951 22.88694200000009 144
1731067279031 22.894846000000143 145
1731067289135 22.907809000000043 146
1731067299226 22.92622100000017 147
1731067309309 22.943692000000055 148
1731067319403 22.95743000000016 149
1731067329491 22.966174000000137 150
1731067339577 22.98099400000001 151
1731067349667 22.991631000000098 152
1731067359738 22.999934000000167 153
1731067369832 23.01390000000015 154
1731067379909 23.06140400000004 155
1731067390001 23.078128000000106 156
1731067400103 23.08677899999998 157
1731067410198 23.098549000000048 158
1731067420274 23.10973899999999 159
1731067430360 23.118870000000015 160
1731067440458 23.14817200000016 161
1731067450542 23.15820100000019 162
1731067460626 23.17041200000017 163
1731067470707 23.187332000000197 164
1731067480788 23.26477 165
1731067490888 23.278615000000173 166
1731067500970 23.288848000000144 167
1731067511054 23.30362500000001 168
1731067521140 23.31260300000008 169
1731067531239 23.322828000000072 170
1731067541323 23.3406030000001 171
1731067551422 23.350252000000182 172
1731067561511 23.37619000000018 173
1731067571585 23.387962000000016 174
1731067581670 23.39935000000014 175
1731067591749 23.406599000000142 176
1731067601836 23.429003000000193 177
1731067611943 23.43711700000017 178
1731067622028 23.45544800000016 179
1731067632122 23.466593000000103 180
1731067642196 23.475708000000168 181
1731067652273 23.487857000000076 182
1731067662382 23.501216999999997 183
1731067672481 23.51208500000007 184
1731067682564 23.555927999999994 185
1731067692638 23.563819000000194 186
1731067702708 23.58184600000004 187
1731067712814 23.594077000000198 188
1731067722904 23.604323000000022 189
1731067732997 23.61556500000006 190
1731067743084 23.64309800000001 191
1731067753184 23.653831000000082 192
1731067763264 23.664714000000004 193
1731067773361 23.692207000000053 194
1731067783457 23.769363000000112 195
1731067793541 23.7839620000002 196
1731067803625 23.800243000000137 197
1731067813712 23.817142999999987 198
1731067823797 23.83101499999998 199
1731067833895 23.842996000000085 200
1731067843996 23.862842 201
1731067854083 23.87947700000018 202
1731067864183 23.890922000000046 203
1731067874261 23.916278000000148 204
1731067884359 23.929104000000052 205
1731067894461 23.93710800000008 206
1731067904569 23.97007100000019 207
1731067914665 23.981798000000026 208
1731067924759 23.994560000000092 209
1731067934874 24.017147000000023 210
1731067944973 24.03034200000002 211
1731067955061 24.04323199999999 212
1731067965180 24.054112000000032 213
1731067975278 24.07495700000004 214
1731067985366 24.093795 215
1731067995483 24.120784000000185 216
1731068005568 24.139499000000114 217
1731068015665 24.14729800000009 218
1731068025767 24.161423000000013 219
1731068035853 24.176648000000114 220
1731068045945 24.183851000000004 221
1731068056032 24.20675600000004 222
1731068066149 24.241958000000068 223
1731068076250 24.30526000000009 224
1731068086356 24.338016000000152 225
1731068096456 24.353626000000077 226
1731068106561 24.36522600000012 227
1731068116651 24.381755999999996 228
1731068126756 24.38958200000002 229
1731068136861 24.39756699999998 230
1731068146960 24.40956200000005 231
1731068157062 24.42383300000006 232
1731068167161 24.44057100000009 233
1731068177257 24.47049200000015 234
1731068187355 24.48403600000006 235
1731068197456 24.49601900000016 236
1731068207546 24.519005000000107 237
1731068217649 24.529380000000174 238
1731068227759 24.54278199999999 239
1731068237856 24.578625000000102 240
1731068247953 24.58762999999999 241
1731068258057 24.639507000000094 242
1731068268162 24.661922000000004 243
1731068278260 24.700551000000132 244
1731068288337 24.707886000000144 245
1731068298437 24.73461700000007 246
1731068308534 24.746707000000015 247
1731068318638 24.766849999999977 248
1731068328755 24.77775600000018 249
1731068338854 24.787784999999985 250
1731068348948 24.79871000000003 251
1731068359046 24.826152999999977 252
1731068369151 24.837743000000046 253
1731068379252 24.907879000000094 254
1731068389336 24.923770000000104 255
1731068399435 24.9428190000001 256
1731068409556 24.960064000000102 257
1731068419896 24.98377100000016 258
1731068429996 24.994590000000017 259
1731068440097 25.001741000000038 260
1731068450198 25.014621000000034 261
1731068460289 25.027136000000155 262
1731068470400 25.05374400000005 263
1731068480505 25.08001000000013 264
1731068490601 25.090299000000186 265
1731068500717 25.106527000000142 266
1731068510825 25.115117000000055 267
1731068520928 25.125249000000167 268
1731068531035 25.133175000000165 269
1731068541145 25.162938000000167 270
1731068551257 25.18209999999999 271
1731068561371 25.192383000000063 272
1731068571494 25.202916000000187 273
1731068581608 25.22993600000018 274
1731068591719 25.237996000000066 275
1731068601821 25.268836000000192 276
1731068611933 25.279584999999997 277
1731068622057 25.29917300000011 278
1731068632166 25.380743000000166 279
1731068642241 25.39183100000014 280
1731068652348 25.39892000000009 281
1731068662452 25.442156000000068 282
1731068672565 25.452920000000177 283
1731068682666 25.52454899999998 284
1731068692772 25.536164999999983 285
1731068702875 25.558848000000125 286
1731068712968 25.570245000000114 287
1731068723053 25.5982590000001 288
1731068733144 25.60843799999998 289
1731068743270 25.62134900000001 290
1731068753382 25.628765000000158 291
1731068763502 25.63661900000011 292
1731068773618 25.647989000000052 293
1731068783722 25.682261000000153 294
1731068793804 25.692596000000094 295
1731068803899 25.707312 296
1731068814005 25.719275000000152 297
1731068824109 25.732508000000053 298
1731068834214 25.743476999999984 299
1731068844331 25.767787 300
1731068854444 25.77904699999999 301
1731068864570 25.79669100000001 302
1731068874682 25.806979000000183 303
1731068884792 25.83812499999999 304
1731068894909 25.84711100000004 305
1731068905019 25.87261699999999 306
1731068915128 25.880689000000075 307
1731068925241 25.89348800000016 308
1731068935370 25.912908000000016 309
1731068945467 25.921674000000166 310
1731068955583 25.935363000000052 311
1731068965693 25.963377000000037 312
1731068975802 25.980714000000035 313
1731068985907 26.04386700000009 314
1731068996019 26.055106000000023 315
1731069006131 26.063074000000142 316
1731069016237 26.083196000000044 317
1731069026346 26.106136000000106 318
1731069036459 26.119305000000168 319
1731069046567 26.132069 320
1731069056694 26.143347000000176 321
1731069066770 26.163424000000077 322
1731069076884 26.173450000000003 323
1731069086982 29.000807000000123 324
1731069097083 29.00971800000002 325
1731069107172 29.026387000000113 326
1731069117290 29.03576800000019 327
1731069127393 29.047854000000143 328
1731069137509 29.061009000000013 329
1731069147606 29.087192000000186 330
1731069157726 29.09868800000004 331
1731069167797 29.119918000000098 332
1731069177909 29.140153000000055 333
1731069188016 29.158256000000165 334
1731069198114 29.17046100000016 335
1731069208226 29.19936800000005 336
1731069218379 29.210059 337
1731069228489 29.225027000000182 338
1731069238593 29.23391800000013 339
1731069248700 29.256183000000192 340
1731069258817 29.268710000000056 341
1731069268936 29.295659999999998 342
1731069279045 29.363847000000078 343
1731069289158 29.380971000000045 344
1731069299287 29.39294000000018 345
1731069309398 29.40259200000014 346
1731069319522 29.422866999999997 347
1731069329631 29.453001000000086 348
1731069339716 29.46121100000005 349
1731069349827 29.476786000000175 350
1731069359942 29.487643000000162 351
1731069370023 29.49882200000002 352
1731069380134 29.513678000000027 353
1731069390254 29.535900000000083 354
1731069400486 29.553949999999986 355
1731069410601 29.562368000000106 356
1731069420715 29.56990800000017 357
1731069430832 29.583163000000013 358
1731069440942 29.59493600000019 359
1731069451061 29.618650000000116 360
1731069461166 29.62769400000002 361
1731069471280 29.63820099999998 362
1731069481364 29.678835000000163 363
1731069491474 29.689779000000044 364
1731069501596 29.699559000000136 365
1731069511698 29.711860000000115 366
1731069521820 29.72468200000003 367
1731069531935 29.739438000000064 368
1731069542063 29.750804000000016 369
1731069552174 29.771383000000014 370
1731069562256 29.778492000000142 371
1731069572357 29.786097000000154 372
1731069582457 29.853982000000087 373
1731069592563 29.862404000000197 374
1731069602667 29.871822000000066 375
1731069612762 29.88089100000002 376
1731069622880 29.889989000000014 377
1731069633003 29.90605000000005 378
1731069643117 29.92502400000012 379
1731069653256 29.932136000000128 380
1731069663341 29.93999100000019 381
1731069673464 29.948043000000098 382
1731069683596 29.954856000000063 383
1731069693686 29.96252000000004 384
1731069703809 29.975391000000172 385
1731069713923 29.99625600000013 386
1731069724046 30.00800900000013 387
1731069734166 30.017021000000113 388
1731069744286 30.026691000000028 389
1731069754403 30.036817000000156 390
1731069764528 30.051232000000027 391
1731069774611 30.05898400000001 392
1731069784727 30.09383200000002 393
1731069794855 30.102742000000035 394
1731069804959 30.11648100000002 395
1731069815070 30.135806000000002 396
1731069825146 30.14289400000007 397
1731069835323 30.150661000000127 398
1731069845444 30.158652000000075 399
1731069855562 30.229908000000023 400
1731069865639 30.27466400000003 401
1731069875758 30.285325000000057 402
1731069885877 30.34871800000019 403
1731069895984 30.362901000000193 404
1731069906119 30.372737000000143 405
1731069916239 30.381483000000117 406
1731069926364 30.38949600000001 407
1731069936479 30.400434000000132 408
1731069946592 30.41803300000015 409
1731069956688 30.426616000000195 410
1731069966824 30.43616800000018 411
1731069976946 30.44608100000005 412
1731069987068 30.453818000000183 413
1731069997197 30.473972000000003 414
1731070007280 30.48394700000017 415
1731070017376 30.50283300000001 416
1731070027492 30.514417000000094 417
1731070037619 30.524846000000025 418
1731070047746 30.532946000000038 419
1731070057877 30.543542000000116 420
1731070068003 30.551130000000057 421
1731070078118 30.56809800000019 422
1731070088254 30.585444000000052 423
1731070098377 30.604410000000144 424
1731070108494 30.61155500000018 425
1731070118621 30.62078200000019 426
1731070128743 30.629757000000154 427
1731070138868 30.64088700000002 428
1731070149008 30.64818000000014 429
1731070159131 30.684523000000127 430
1731070169226 30.693550000000187 431
1731070179340 30.766644000000042 432
1731070189468 30.774197000000186 433
1731070199594 30.78210100000001 434
1731070209719 30.796129000000064 435
1731070219840 30.805724000000055 436
1731070229965 30.813733000000184 437
1731070240095 30.820695000000114 438
1731070250227 30.837019000000055 439
1731070260345 30.847505000000183 440
1731070270472 30.85480900000016 441
1731070280592 30.86306300000001 442
1731070290718 30.872104000000036 443
1731070300848 30.883015999999998 444
1731070310978 30.893889000000172 445
1731070321126 30.901151000000027 446
1731070331252 30.92779900000005 447
1731070341374 30.9372800000001 448
1731070351494 30.948838000000023 449
1731070361618 30.956374000000096 450
1731070371729 30.964099000000033 451
1731070381822 30.991778000000068 452
1731070391926 30.999692000000096 453
1731070402070 31.017803000000185 454
1731070412219 31.025906000000077 455
1731070422290 31.03701799999999 456
1731070432418 31.044373000000178 457
1731070442535 31.0524640000001 458
1731070452673 31.06080400000019 459
1731070462801 31.075353000000177 460
1731070472906 31.084538000000066 461
1731070483035 31.158521000000064 462
1731070493163 31.165704000000005 463
1731070503274 31.173918000000185 464
1731070513390 31.18149500000004 465
1731070523517 31.19221000000016 466
1731070533645 31.203430000000026 467
1731070543794 31.211467000000084 468
1731070553931 31.221177000000125 469
1731070564062 31.23733100000004 470
1731070574189 31.24881400000004 471
1731070584279 31.257832000000008 472
1731070594373 31.26844300000016 473
1731070604472 31.2749510000001 474
1731070614578 31.286903000000166 475
1731070624939 31.298091000000113 476
1731070635065 31.31646999999998 477
1731070645210 31.324089000000185 478
1731070655358 31.334927000000107 479
1731070665510 31.34572100000014 480
1731070675641 31.357149000000163 481
1731070685773 31.38354100000015 482
1731070695905 31.396709999999985 483
1731070706032 31.407667000000174 484
1731070716160 31.42416800000001 485
1731070726312 31.43644600000016 486
1731070736449 31.448495000000094 487
1731070746589 31.45607800000016 488
1731070756719 31.466513000000077 489
1731070766854 31.474020999999993 490
1731070776989 31.482240000000047 491
1731070787121 31.547908000000007 492
1731070797247 31.568574000000126 493
1731070807332 31.57940900000017 494
1731070817461 31.59283900000014 495
1731070827589 31.605617000000166 496
1731070837730 31.619419000000107 497
1731070847847 31.632888000000094 498
1731070857979 31.6409450000001 499
1731070868111 31.656853000000183 500
1731070878266 31.664093999999977 501
1731070888352 31.675283000000036 502
1731070898475 31.68755400000009 503
1731070908589 31.697953000000098 504
1731070918722 31.706239000000096 505
1731070928824 31.71381200000019 506
1731070938940 31.72711400000003 507
