1731065817942 10759.8 0
1731065828013 18422.5 1
1731065838076 22159.7 2
1731065848124 23127.1 3
1731065858171 24346.4 4
1731065868225 25549.1 5
1731065878288 29603.7 6
1731065888345 25711.8 7
1731065898405 21499.2 8
1731065908456 22630.4 9
1731065918520 23551.8 10
1731065928604 24539.2 11
1731065938673 31046.8 12
1731065948733 21068.2 13
1731065958796 22245.6 14
1731065968862 23240.0 15
1731065978943 24315.5 16
1731065989021 30641.2 17
1731065999089 21596.0 18
1731066009160 21800.5 19
1731066019224 23385.2 20
1731066029306 25098.1 21
1731066039371 22904.2 22
1731066049441 21569.6 23
1731066059522 22485.1 24
1731066069606 22877.2 25
1731066079680 18072.6 26
1731066089741 19783.9 27
1731066099806 19970.5 28
1731066109880 19440.8 29
1731066119957 21212.3 30
1731066130032 22060.0 31
1731066140115 23038.3 32
1731066150195 18678.0 33
1731066160259 18010.6 34
1731066170321 19555.0 35
1731066180389 19997.0 36
1731066190472 21415.5 37
1731066200543 22486.8 38
1731066210619 23125.3 39
1731066220688 24153.1 40
1731066230770 19802.5 41
1731066240837 20173.4 42
1731066250894 20609.7 43
1731066260976 21167.4 44
1731066271056 21748.8 45
1731066281143 22704.2 46
1731066291216 23618.0 47
1731066301310 19071.3 48
1731066311392 19951.8 49
1731066321463 18585.7 50
1731066331518 21485.5 51
1731066341576 22069.3 52
1731066351646 23089.7 53
1731066361722 23751.4 54
1731066371775 24735.8 55
1731066381829 19839.8 56
1731066391907 21957.6 57
1731066401974 21173.1 58
1731066412051 22138.4 59
1731066422116 22745.2 60
1731066432166 23366.8 61
1731066442230 24662.0 62
1731066452315 19490.4 63
1731066462388 20172.7 64
1731066472476 20775.6 65
1731066482555 20960.2 66
1731066492628 21896.2 67
1731066502707 22375.6 68
1731066512778 22785.6 69
1731066522877 21449.9 70
1731066532941 24217.6 71
1731066543023 19603.9 72
1731066553100 20207.2 73
1731066563188 20675.9 74
1731066573263 21316.3 75
1731066583334 21855.7 76
1731066593418 22712.8 77
1731066603498 23429.2 78
1731066613571 24118.7 79
1731066623654 24662.8 80
1731066633736 19983.2 81
1731066643803 20753.1 82
1731066653870 21545.7 83
1731066663945 22233.9 84
1731066674010 23296.4 85
1731066684107 23827.6 86
1731066694202 24378.5 87
1731066704290 19823.1 88
1731066714368 22432.8 89
1731066724456 23083.7 90
1731066734534 20455.4 91
1731066744597 22334.6 92
1731066754671 25059.8 93
1731066764756 23936.2 94
1731066774837 24726.9 95
1731066784925 20199.7 96
1731066795013 21195.2 97
1731066805100 22048.4 98
1731066815173 22789.8 99
1731066825251 23405.8 100
1731066835322 24479.2 101
1731066845396 20065.9 102
1731066855469 20091.9 103
1731066865574 21367.0 104
1731066875666 22261.1 105
1731066885734 23149.4 106
1731066895805 22417.4 107
1731066905893 24444.8 108
1731066915955 25174.1 109
1731066926031 20379.1 110
1731066936102 21259.0 111
1731066946191 22058.1 112
1731066956268 22170.7 113
1731066966344 21912.4 114
1731066976410 24128.3 115
1731066986510 24782.3 116
1731066996584 20387.0 117
1731067006654 21123.9 118
1731067016733 22001.1 119
1731067026834 22581.2 120
1731067036921 23594.0 121
1731067047006 29895.8 122
1731067057098 20134.3 123
1731067067149 21062.3 124
1731067077232 21893.3 125
1731067087321 22813.0 126
1731067097411 23464.2 127
1731067107502 24224.8 128
1731067117581 24865.5 129
1731067127662 19945.9 130
1731067137761 20761.4 131
1731067147858 21783.9 132
1731067157951 22439.1 133
1731067168027 23558.5 134
1731067178100 24378.8 135
1731067188204 24613.5 136
1731067198300 20688.7 137
1731067208395 21753.1 138
1731067218478 24350.7 139
1731067228576 23502.6 140
1731067238668 26301.4 141
1731067248766 19709.3 142
1731067258861 20803.2 143
1731067268951 21390.2 144
1731067279031 20413.8 145
1731067289135 23172.6 146
1731067299226 24159.6 147
1731067309309 25299.9 148
1731067319403 20302.1 149
1731067329491 22605.6 150
1731067339577 21433.9 151
1731067349667 22175.9 152
1731067359738 23100.3 153
1731067369832 23702.5 154
1731067379909 24212.8 155
1731067390001 25511.8 156
1731067400103 20682.4 157
1731067410198 19905.7 158
1731067420274 22300.9 159
1731067430360 23219.7 160
1731067440458 25107.9 161
1731067450542 24406.4 162
1731067460626 30334.8 163
1731067470707 20404.6 164
1731067480788 21762.6 165
1731067490888 22101.6 166
1731067500970 23112.2 167
1731067511054 23453.6 168
1731067521140 24048.8 169
1731067531239 24537.0 170
1731067541323 25119.5 171
1731067551422 20729.8 172
1731067561511 23037.8 173
1731067571585 21559.1 174
1731067581670 21862.6 175
1731067591749 22980.9 176
1731067601836 23822.3 177
1731067611943 24748.8 178
1731067622028 20053.5 179
1731067632122 20661.9 180
1731067642196 21405.4 181
1731067652273 21884.5 182
1731067662382 22570.1 183
1731067672481 24343.8 184
1731067682564 23928.4 185
1731067692638 25379.2 186
1731067702708 21600.5 187
1731067712814 20788.2 188
1731067722904 21618.4 189
1731067732997 21701.3 190
1731067743084 22847.9 191
1731067753184 23559.6 192
1731067763264 23998.9 193
1731067773361 24702.6 194
1731067783457 25515.1 195
1731067793541 19236.5 196
1731067803625 21120.0 197
1731067813712 21279.6 198
1731067823797 23300.7 199
1731067833895 22228.9 200
1731067843996 22953.6 201
1731067854083 25133.0 202
1731067864183 23862.0 203
1731067874261 24135.5 204
1731067884359 24573.9 205
1731067894461 25158.6 206
1731067904569 20437.0 207
1731067914665 21329.9 208
1731067924759 21699.7 209
1731067934874 22713.2 210
1731067944973 23443.8 211
1731067955061 23987.7 212
1731067965180 24742.2 213
1731067975278 25183.3 214
1731067985366 20674.3 215
1731067995483 21158.1 216
1731068005568 21747.4 217
1731068015665 22632.7 218
1731068025767 20381.4 219
1731068035853 23997.1 220
1731068045945 27833.7 221
1731068056032 20371.0 222
1731068066149 20856.7 223
1731068076250 21631.1 224
1731068086356 22334.3 225
1731068096456 22639.3 226
1731068106561 24205.2 227
1731068116651 23430.3 228
1731068126756 24423.2 229
1731068136861 24987.4 230
1731068146960 20561.4 231
1731068157062 20849.7 232
1731068167161 22980.6 233
1731068177257 22319.1 234
1731068187355 22889.9 235
1731068197456 22349.0 236
1731068207546 23784.4 237
1731068217649 22847.7 238
1731068227759 24767.0 239
1731068237856 30095.2 240
1731068247953 20374.1 241
1731068258057 20813.1 242
1731068268162 21593.3 243
1731068278260 21959.7 244
1731068288337 22844.3 245
1731068298437 23501.2 246
1731068308534 23872.6 247
1731068318638 24710.4 248
1731068328755 25325.0 249
1731068338854 25043.2 250
1731068348948 20645.2 251
1731068359046 21076.8 252
1731068369151 21732.9 253
1731068379252 22986.6 254
1731068389336 22723.9 255
1731068399435 23529.6 256
1731068409556 23487.3 257
1731068419896 24471.7 258
1731068429996 25588.7 259
1731068440097 20617.5 260
1731068450198 19527.4 261
1731068460289 21570.3 262
1731068470400 22383.8 263
1731068480505 24040.9 264
1731068490601 24060.9 265
1731068500717 24930.4 266
1731068510825 19399.4 267
1731068520928 21025.5 268
1731068531035 22051.5 269
1731068541145 22434.3 270
1731068551257 23045.8 271
1731068561371 22098.3 272
1731068571494 24474.9 273
1731068581608 20143.9 274
1731068591719 21044.7 275
1731068601821 21516.9 276
1731068611933 21878.0 277
1731068622057 22820.7 278
1731068632166 23796.7 279
1731068642241 24421.9 280
1731068652348 29077.7 281
1731068662452 20218.0 282
1731068672565 20435.4 283
1731068682666 21033.9 284
1731068692772 21542.4 285
1731068702875 21972.8 286
1731068712968 22707.3 287
1731068723053 23210.4 288
1731068733144 23657.1 289
1731068743270 24080.0 290
1731068753382 25105.0 291
1731068763502 22357.9 292
1731068773618 21097.2 293
1731068783722 21649.0 294
1731068793804 22206.4 295
1731068803899 22845.4 296
1731068814005 23013.2 297
1731068824109 23578.7 298
1731068834214 23973.6 299
1731068844331 24409.3 300
1731068854444 25200.8 301
1731068864570 20616.0 302
1731068874682 21211.7 303
1731068884792 21696.2 304
1731068894909 22565.8 305
1731068905019 23266.8 306
1731068915128 23991.4 307
1731068925241 23752.6 308
1731068935370 29721.3 309
1731068945467 20013.9 310
1731068955583 20513.8 311
1731068965693 20741.1 312
1731068975802 21409.6 313
1731068985907 21976.0 314
1731068996019 22541.9 315
1731069006131 22586.3 316
1731069016237 22766.6 317
1731069026346 22791.9 318
1731069036459 23947.2 319
1731069046567 24331.7 320
1731069056694 24814.0 321
1731069066770 22093.9 322
1731069076884 21111.5 323
1731069086982 21771.4 324
1731069097083 22595.3 325
1731069107172 23130.8 326
1731069117290 23868.7 327
1731069127393 24346.6 328
1731069137509 24840.1 329
1731069147606 20004.3 330
1731069157726 20652.6 331
1731069167797 21285.0 332
1731069177909 22010.0 333
1731069188016 23751.7 334
1731069198114 23365.8 335
1731069208226 22807.7 336
1731069218379 24441.6 337
1731069228489 25001.3 338
1731069238593 20124.9 339
1731069248700 20634.7 340
1731069258817 21094.1 341
1731069268936 21861.4 342
1731069279045 22437.3 343
1731069289158 23076.5 344
1731069299287 23393.0 345
1731069309398 24067.5 346
1731069319522 26513.6 347
1731069329631 24873.7 348
1731069339716 20123.7 349
1731069349827 20640.8 350
1731069359942 21139.9 351
1731069370023 21743.0 352
1731069380134 22282.5 353
1731069390254 23168.8 354
1731069400486 24112.5 355
1731069410601 25737.4 356
1731069420715 20634.2 357
1731069430832 21355.6 358
1731069440942 21919.8 359
1731069451061 22597.7 360
1731069461166 23490.6 361
1731069471280 24319.9 362
1731069481364 24862.2 363
1731069491474 25461.6 364
1731069501596 20589.0 365
1731069511698 21556.1 366
1731069521820 22326.5 367
1731069531935 22773.7 368
1731069542063 23214.3 369
1731069552174 23967.4 370
1731069562256 30339.5 371
1731069572357 20354.2 372
1731069582457 21160.4 373
1731069592563 23888.4 374
1731069602667 22650.1 375
1731069612762 23381.8 376
1731069622880 24231.8 377
1731069633003 24916.1 378
1731069643117 20646.6 379
1731069653256 21509.5 380
1731069663341 22365.5 381
1731069673464 23216.7 382
1731069683596 24115.8 383
1731069693686 25102.2 384
1731069703809 20487.1 385
1731069713923 21138.1 386
1731069724046 21394.1 387
1731069734166 22492.5 388
1731069744286 23296.5 389
1731069754403 24045.3 390
1731069764528 24550.2 391
1731069774611 25183.7 392
1731069784727 20931.1 393
1731069794855 21506.3 394
1731069804959 22243.6 395
1731069815070 23000.5 396
1731069825146 23880.4 397
1731069835323 24815.5 398
1731069845444 20404.9 399
1731069855562 21441.4 400
1731069865639 23535.7 401
1731069875758 22881.2 402
1731069885877 23729.5 403
1731069895984 24033.5 404
1731069906119 24437.0 405
1731069916239 25198.3 406
1731069926364 18747.9 407
1731069936479 21460.3 408
1731069946592 22184.5 409
1731069956688 22925.7 410
1731069966824 23791.3 411
1731069976946 24742.2 412
1731069987068 20247.5 413
1731069997197 19174.8 414
1731070007280 21669.9 415
1731070017376 22483.5 416
1731070027492 21102.2 417
1731070037619 23500.4 418
1731070047746 24380.4 419
1731070057877 24505.3 420
1731070068003 25940.9 421
1731070078118 20982.7 422
1731070088254 21820.3 423
1731070098377 22676.2 424
1731070108494 23531.8 425
1731070118621 24117.9 426
1731070128743 24883.1 427
1731070138868 30263.0 428
1731070149008 20827.5 429
1731070159131 21565.1 430
1731070169226 23599.1 431
1731070179340 22832.8 432
1731070189468 23844.3 433
1731070199594 23999.7 434
1731070209719 25119.9 435
1731070219840 20327.5 436
1731070229965 21199.2 437
1731070240095 22005.5 438
1731070250227 22827.7 439
1731070260345 23390.3 440
1731070270472 24198.9 441
1731070280592 25025.2 442
1731070290718 21112.9 443
1731070300848 20682.4 444
1731070310978 21759.4 445
1731070321126 22746.1 446
1731070331252 23727.4 447
1731070341374 24622.6 448
1731070351494 30755.8 449
1731070361618 20747.2 450
1731070371729 21614.6 451
1731070381822 22549.7 452
1731070391926 23357.8 453
1731070402070 23863.7 454
1731070412219 24702.9 455
1731070422290 25281.6 456
1731070432418 20662.5 457
1731070442535 21605.3 458
1731070452673 23829.9 459
1731070462801 22953.2 460
1731070472906 23809.3 461
1731070483035 24566.0 462
1731070493163 25663.5 463
1731070503274 21156.8 464
1731070513390 22005.8 465
1731070523517 22756.2 466
1731070533645 23466.1 467
1731070543794 23114.2 468
1731070553931 24861.2 469
1731070564062 25668.8 470
1731070574189 21136.0 471
1731070584279 22013.7 472
1731070594373 22628.2 473
1731070604472 23585.1 474
1731070614578 24418.7 475
1731070624939 25085.4 476
1731070635065 26077.7 477
1731070645210 21062.7 478
1731070655358 21795.8 479
1731070665510 22457.3 480
1731070675641 23131.3 481
1731070685773 24115.2 482
1731070695905 24953.8 483
1731070706032 30471.1 484
1731070716160 19547.2 485
1731070726312 20990.2 486
1731070736449 21646.6 487
1731070746589 22552.1 488
1731070756719 23294.1 489
1731070766854 24122.2 490
1731070776989 25016.1 491
1731070787121 25974.8 492
1731070797247 22891.9 493
1731070807332 21395.7 494
1731070817461 21880.9 495
1731070827589 22282.1 496
1731070837730 22743.3 497
1731070847847 23229.3 498
1731070857979 24156.4 499
1731070868111 25015.5 500
1731070878266 20744.8 501
1731070888352 21426.2 502
1731070898475 21854.5 503
1731070908589 22379.0 504
1731070918722 23319.2 505
1731070928824 24257.3 506
1731070938940 25061.2 507
