1733214022006 0.0007691085338592529 128
1733214027964 0.012267191894352436 192
1733214029982 0.009634628891944885 256
1733214033984 0.020303286612033844 320
1733214039858 0.0035027889534831047 384
1733214043842 0.00043568946421146393 448
1733214047722 0.002014349214732647 512
1733214049696 0.015747524797916412 576
1733214051619 0.010780624113976955 640
1733214053438 0.004997738637030125 704
1733214055264 0.012991543859243393 768
1733214057113 0.008452841080725193 832
1733214060905 0.0015623392537236214 896
1733214062799 0.009563825093209743 960
1733214066706 0.005679878406226635 1024
1733214068703 0.00011769775301218033 1088
1733214072529 0.007296198047697544 1152
1733214076529 0.000991949811577797 1216
1733214080387 0.00039117131382226944 1280
1733214084279 0.0027054734528064728 1344
1733214086248 0.0012899693101644516 1408
1733214090107 0.00011513102799654007 1472
1733214093942 0.005607938393950462 1536
1733214095957 0.005934425629675388 1600
1733214097924 0.006838222034275532 1664
1733214099797 0.0035684313625097275 1728
1733214101622 0.004491839557886124 1792
1733214103437 0.008463971316814423 1856
1733214107244 0.0007807798683643341 1920
1733214109190 0.00204390287399292 1984
1733214111113 0.007744463160634041 2048
1733214115017 0.0003466606140136719 2112
1733214116982 0.0015478190034627914 2176
1733214118891 0.0011401120573282242 2240
1733214122673 0.002110898494720459 2304
1733214126440 0.004946598783135414 2368
1733214130279 0.002754177898168564 2432
1733214132227 0.00015051383525133133 2496
1733214136171 0.002300536260008812 2560
1733214142032 0.001773959957063198 2624
1733214143995 0.0008951714262366295 2688
1733214147903 0.0017627552151679993 2752
1733214149866 0.00039892829954624176 2816
1733214153725 0.0010722381994128227 2880
1733214159569 0.0007686177268624306 2944
1733214163440 6.191805005073547e-05 3008
1733214165361 0.0003987792879343033 3072
1733214167200 0.0006183581426739693 3136
1733214169037 0.003157166764140129 3200
1733214172801 0.0018159179016947746 3264
1733214176632 0.0001365896314382553 3328
1733214180503 0.00014615897089242935 3392
1733214186378 0.0013258978724479675 3456
1733214188389 0.00022251717746257782 3520
1733214190302 0.00020963512361049652 3584
1733214194178 0.0003424808382987976 3648
1733214198057 0.004792582243680954 3712
1733214200064 0.00026763323694467545 3776
1733214201999 2.262275665998459e-05 3840
1733214203828 0.0007889550179243088 3904
1733214207672 0.0007425704970955849 3968
1733214209723 2.5025568902492523e-05 4032
1733214211753 9.805429726839066e-05 4096
1733214215535 0.004112878814339638 4160
1733214217423 0.0010545505210757256 4224
1733214221211 0.0008635902777314186 4288
1733214225072 0.00016373395919799805 4352
1733214228835 0.0003478704020380974 4416
1733214232648 5.837436765432358e-05 4480
1733214234567 0.0006184699013829231 4544
1733214238510 0.00014779716730117798 4608
1733214240566 0.0007687704637646675 4672
1733214242489 0.001818094402551651 4736
1733214246242 0.005307633429765701 4800
1733214248132 6.347149610519409e-05 4864
1733214252189 0.00762393232434988 4928
1733214254286 0.0007660007104277611 4992
1733214256230 0.002097759395837784 5056
1733214258153 0.0001313416287302971 5120
1733214262027 0.0017283353954553604 5184
1733214264074 0.0016361195594072342 5248
1733214268140 0.00021125935018062592 5312
1733214272031 0.0004217717796564102 5376
1733214275794 0.00012184586375951767 5440
1733214277762 0.0006030518561601639 5504
1733214281657 0.009707805700600147 5568
1733214283528 0.011277655139565468 5632
1733214285356 0.0011464441195130348 5696
1733214289241 0.00013528764247894287 5760
1733214295086 0.003591562621295452 5824
1733214297048 0.0038076136261224747 5888
1733214298905 0.011297755874693394 5952
1733214302757 0.005195691250264645 6016
1733214304694 0.0030383430421352386 6080
1733214308609 0.00813797116279602 6144
1733214310707 0.012676656246185303 6208
1733214314567 0.020977387204766273 6272
1733214318392 0.001527475193142891 6336
1733214324279 0.0068360744044184685 6400
1733214326229 0.014096635393798351 6464
1733214332112 0.010043878108263016 6528
1733214334251 0.012052272446453571 6592
1733214336359 0.0018791239708662033 6656
1733214338315 0.008845745585858822 6720
1733214342147 0.0073044681921601295 6784
1733214346025 0.0007189717143774033 6848
1733214351767 0.00799217727035284 6912
1733214353747 0.008301212452352047 6976
1733214355696 0.013005504384636879 7040
1733214357543 0.000933205708861351 7104
1733214361375 0.0027004387229681015 7168
1733214367377 0.013941416516900063 7232
1733214369345 0.00818357989192009 7296
1733214371277 0.0005855346098542213 7360
1733214373120 0.025046352297067642 7424
1733214377029 0.0038524186238646507 7488
1733214380951 0.005468596704304218 7552
1733214383018 0.006944861263036728 7616
1733214386902 0.0016293860971927643 7680
1733214388840 0.002805570140480995 7744
1733214390692 0.0015595890581607819 7808
1733214394713 0.005583213642239571 7872
1733214398643 0.0026360591873526573 7936
1733214400521 0.004258224740624428 8000
1733214402373 0.01233493909239769 8064
1733214406319 0.013822079636156559 8128
1733214408327 0.013419193215668201 8192
1733214410154 0.010175392031669617 8256
1733214414030 0.012223920784890652 8320
1733214417903 0.007750284858047962 8384
1733214419897 0.01054870244115591 8448
1733214423813 0.011087668128311634 8512
1733214427690 0.018611421808600426 8576
1733214429673 0.00018122605979442596 8640
1733214433567 0.003873583860695362 8704
1733214437561 0.012275285087525845 8768
1733214439732 0.00062529556453228 8832
1733214443791 4.390254616737366e-05 8896
1733214445783 5.83576038479805e-05 8960
1733214447726 1.0170973837375641e-05 9024
1733214451513 0.01340758427977562 9088
1733214453407 0.012474697083234787 9152
1733214457132 0.0031315358355641365 9216
1733214459129 0.012259568087756634 9280
1733214461085 0.005935111083090305 9344
1733214464889 0.01049751415848732 9408
1733214468791 8.316989988088608e-05 9472
1733214470919 0.015222659334540367 9536
1733214472981 0.0006888564676046371 9600
1733214474905 0.009008005261421204 9664
1733214478717 0.008009679615497589 9728
1733214482708 0.00015145353972911835 9792
1733214484927 0.009851526468992233 9856
1733214488740 0.005026411265134811 9920
1733214492486 0.0017937002703547478 9984
1733214494443 0.01607220247387886 10048
1733214496415 0.002320404164493084 10112
1733214498258 0.00893723126500845 10176
1733214500111 0.004801628179848194 10240
1733214501950 7.317773997783661e-05 10304
1733214503816 0.01097823865711689 10368
1733214505672 0.00033837277442216873 10432
1733214509489 0.015024899505078793 10496
1733214511544 5.340017378330231e-05 10560
1733214515451 0.017583336681127548 10624
1733214517432 0.006554747000336647 10688
1733214521395 0.00015022605657577515 10752
1733214523370 0.005546640604734421 10816
1733214527261 0.0001490376889705658 10880
1733214531175 0.012252996675670147 10944
1733214533105 0.002444426529109478 11008
1733214535031 0.023724615573883057 11072
1733214536862 0.010165653191506863 11136
1733214540766 0.003930939361453056 11200
1733214542781 7.925555109977722e-05 11264
1733214548626 0.0002795150503516197 11328
1733214552561 0.0015053516253829002 11392
1733214558416 0.0018312754109501839 11456
1733214560356 0.017675431445240974 11520
1733214562252 0.006004827097058296 11584
1733214566055 0.007192676886916161 11648
1733214568049 0.003935584798455238 11712
1733214569943 0.026508493348956108 11776
1733214573701 0.0003136610612273216 11840
1733214575688 0.005781484767794609 11904
1733214579606 0.0004002740606665611 11968
1733214581587 0.005195854231715202 12032
1733214583510 9.94652509689331e-05 12096
1733214587386 0.011652090586721897 12160
1733214591367 0.00444076769053936 12224
1733214593370 0.0025336258113384247 12288
1733214595297 0.008216909132897854 12352
1733214599063 0.0016819396987557411 12416
1733214600992 0.0005457503721117973 12480
1733214602929 0.0005820449441671371 12544
1733214604764 0.0015122918412089348 12608
1733214608505 0.004103697836399078 12672
1733214610442 0.00033350102603435516 12736
1733214614279 0.00031656958162784576 12800
1733214618123 0.006957840174436569 12864
1733214623954 0.01341471541672945 12928
1733214627813 0.015374410897493362 12992
1733214629797 0.01358069758862257 13056
1733214635624 0.0009048879146575928 13120
1733214637528 0.002148335799574852 13184
1733214641399 0.012920293025672436 13248
1733214645271 0.011739090085029602 13312
1733214647304 0.02212599478662014 13376
1733214651177 0.0007096976041793823 13440
1733214655016 0.0015291329473257065 13504
1733214656965 0.01402568630874157 13568
1733214658843 0.01240758877247572 13632
1733214662659 0.002560618333518505 13696
1733214664710 0.0022083530202507973 13760
1733214668516 0.0005548158660531044 13824
1733214670470 0.016181867569684982 13888
1733214672386 0.0002354457974433899 13952
1733214676293 0.003655470907688141 14016
1733214680240 0.0007782904431223869 14080
1733214682258 0.004602034576237202 14144
1733214686134 3.312993794679642e-05 14208
1733214688166 0.0034352634102106094 14272
1733214691958 0.006585199385881424 14336
1733214693904 0.0007466347888112068 14400
1733214697653 0.00016540288925170898 14464
1733214699571 0.000757305882871151 14528
1733214703389 0.0005998928099870682 14592
1733214707288 0.008250342682003975 14656
1733214711228 8.749309927225113e-05 14720
1733214715027 0.00014585256576538086 14784
1733214717032 0.0006134528666734695 14848
1733214718999 0.0013168342411518097 14912
1733214722909 0.0022815177217125893 14976
1733214724929 0.00022100191563367844 15040
1733214728793 9.249337017536163e-05 15104
1733214730797 0.011421549133956432 15168
1733214732731 5.2782706916332245e-05 15232
1733214734662 0.004594709724187851 15296
1733214736598 0.00013470370322465897 15360
1733214738502 0.000722857192158699 15424
1733214740438 0.0004426073282957077 15488
1733214742379 0.0014309464022517204 15552
1733214748335 0.0002469923347234726 15616
1733214752322 0.00039018597453832626 15680
1733214756188 0.0004167463630437851 15744
1733214758120 6.681028753519058e-05 15808
1733214762010 0.00022508762776851654 15872
1733214767795 2.2621825337409973e-05 15936
1733214769718 0.013567298650741577 16000
1733214773569 0.009625204838812351 16064
1733214775596 0.0010806340724229813 16128
1733214777543 0.004618523642420769 16192
1733214781349 0.0006792992353439331 16256
1733214783237 0.00022848602384328842 16320
1733214787044 0.0014957068488001823 16384
1733214788955 0.004594985395669937 16448
1733214792857 0.00011638831347227097 16512
1733214796692 3.011152148246765e-05 16576
1733214798765 0.0020247958600521088 16640
1733214800730 0.0004554111510515213 16704
1733214802560 0.0023809634149074554 16768
1733214808253 0.0009562131017446518 16832
1733214812043 0.0007752375677227974 16896
