1733214022008 0.2 128
1733214027967 0.2 192
1733214029985 0.2 256
1733214033987 0.2 320
1733214039860 0.2 384
1733214043845 0.2 448
1733214047725 0.2 512
1733214049699 0.2 576
1733214051621 0.2 640
1733214053441 0.2 704
1733214055266 0.2 768
1733214057116 0.2 832
1733214060907 0.2 896
1733214062801 0.2 960
1733214066709 0.2 1024
1733214068706 0.2 1088
1733214072532 0.2 1152
1733214076531 0.2 1216
1733214080390 0.2 1280
1733214084282 0.2 1344
1733214086250 0.2 1408
1733214090110 0.2 1472
1733214093947 0.2 1536
1733214095959 0.2 1600
1733214097926 0.2 1664
1733214099800 0.2 1728
1733214101625 0.2 1792
1733214103439 0.2 1856
1733214107250 0.2 1920
1733214109192 0.2 1984
1733214111116 0.2 2048
1733214115020 0.2 2112
1733214116985 0.2 2176
1733214118893 0.2 2240
1733214122675 0.2 2304
1733214126443 0.2 2368
1733214130281 0.2 2432
1733214132230 0.2 2496
1733214136174 0.2 2560
1733214142035 0.2 2624
1733214143997 0.2 2688
1733214147906 0.2 2752
1733214149868 0.2 2816
1733214153728 0.2 2880
1733214159572 0.2 2944
1733214163443 0.2 3008
1733214165364 0.2 3072
1733214167203 0.2 3136
1733214169039 0.2 3200
1733214172804 0.2 3264
1733214176635 0.2 3328
1733214180506 0.2 3392
1733214186381 0.2 3456
1733214188392 0.2 3520
1733214190304 0.2 3584
1733214194180 0.2 3648
1733214198060 0.2 3712
1733214200066 0.2 3776
1733214202002 0.2 3840
1733214203830 0.2 3904
1733214207675 0.2 3968
1733214209726 0.2 4032
1733214211756 0.2 4096
1733214215538 0.2 4160
1733214217425 0.2 4224
1733214221214 0.2 4288
1733214225075 0.2 4352
1733214228841 0.2 4416
1733214232650 0.2 4480
1733214234570 0.2 4544
1733214238513 0.2 4608
1733214240569 0.2 4672
1733214242491 0.2 4736
1733214246245 0.2 4800
1733214248135 0.2 4864
1733214252192 0.2 4928
1733214254288 0.2 4992
1733214256232 0.2 5056
1733214258156 0.2 5120
1733214262029 0.2 5184
1733214264076 0.2 5248
1733214268145 0.2 5312
1733214272034 0.2 5376
1733214275797 0.2 5440
1733214277764 0.2 5504
1733214281660 0.2 5568
1733214283531 0.2 5632
1733214285358 0.2 5696
1733214289243 0.2 5760
1733214295089 0.2 5824
1733214297051 0.2 5888
1733214298907 0.2 5952
1733214302759 0.2 6016
1733214304697 0.2 6080
1733214308612 0.2 6144
1733214310710 0.2 6208
1733214314569 0.2 6272
1733214318394 0.2 6336
1733214324281 0.2 6400
1733214326232 0.2 6464
1733214332115 0.2 6528
1733214334254 0.2 6592
1733214336362 0.2 6656
1733214338317 0.2 6720
1733214342150 0.2 6784
1733214346028 0.2 6848
1733214351770 0.2 6912
1733214353752 0.2 6976
1733214355699 0.2 7040
1733214357546 0.2 7104
1733214361378 0.2 7168
1733214367379 0.2 7232
1733214369348 0.2 7296
1733214371280 0.2 7360
1733214373122 0.2 7424
1733214377032 0.2 7488
1733214380954 0.2 7552
1733214383021 0.2 7616
1733214386905 0.2 7680
1733214388842 0.2 7744
1733214390695 0.2 7808
1733214394715 0.2 7872
1733214398645 0.2 7936
1733214400524 0.2 8000
1733214402375 0.2 8064
1733214406321 0.2 8128
1733214408329 0.2 8192
1733214410156 0.2 8256
1733214414033 0.2 8320
1733214417905 0.2 8384
1733214419900 0.2 8448
1733214423816 0.2 8512
1733214427692 0.2 8576
1733214429678 0.2 8640
1733214433570 0.2 8704
1733214437564 0.2 8768
1733214439735 0.2 8832
1733214443794 0.2 8896
1733214445786 0.2 8960
1733214447729 0.2 9024
1733214451516 0.2 9088
1733214453409 0.2 9152
1733214457135 0.2 9216
1733214459132 0.2 9280
1733214461087 0.2 9344
1733214464892 0.2 9408
1733214468794 0.2 9472
1733214470922 0.2 9536
1733214472983 0.2 9600
1733214474908 0.2 9664
1733214478720 0.2 9728
1733214482711 0.2 9792
1733214484929 0.2 9856
1733214488743 0.2 9920
1733214492489 0.2 9984
1733214494445 0.2 10048
1733214496418 0.2 10112
1733214498261 0.2 10176
1733214500114 0.2 10240
1733214501953 0.2 10304
1733214503819 0.2 10368
1733214505675 0.2 10432
1733214509492 0.2 10496
1733214511546 0.2 10560
1733214515453 0.2 10624
1733214517434 0.2 10688
1733214521398 0.2 10752
1733214523373 0.2 10816
1733214527264 0.2 10880
1733214531178 0.2 10944
1733214533108 0.2 11008
1733214535034 0.2 11072
1733214536864 0.2 11136
1733214540769 0.2 11200
1733214542783 0.2 11264
1733214548628 0.2 11328
1733214552563 0.2 11392
1733214558419 0.2 11456
1733214560362 0.2 11520
1733214562254 0.2 11584
1733214566058 0.2 11648
1733214568052 0.2 11712
1733214569946 0.2 11776
1733214573704 0.2 11840
1733214575691 0.2 11904
1733214579608 0.2 11968
1733214581590 0.2 12032
1733214583512 0.2 12096
1733214587388 0.2 12160
1733214591369 0.2 12224
1733214593373 0.2 12288
1733214595299 0.2 12352
1733214599066 0.2 12416
1733214600994 0.2 12480
1733214602931 0.2 12544
1733214604767 0.2 12608
1733214608508 0.2 12672
1733214610445 0.2 12736
1733214614281 0.2 12800
1733214618126 0.2 12864
1733214623957 0.2 12928
1733214627819 0.2 12992
1733214629800 0.2 13056
1733214635626 0.2 13120
1733214637530 0.2 13184
1733214641402 0.2 13248
1733214645274 0.2 13312
1733214647310 0.2 13376
1733214651180 0.2 13440
1733214655019 0.2 13504
1733214656968 0.2 13568
1733214658846 0.2 13632
1733214662662 0.2 13696
1733214664712 0.2 13760
1733214668519 0.2 13824
1733214670472 0.2 13888
1733214672389 0.2 13952
1733214676295 0.2 14016
1733214680243 0.2 14080
1733214682260 0.2 14144
1733214686137 0.2 14208
1733214688169 0.2 14272
1733214691960 0.2 14336
1733214693906 0.2 14400
1733214697656 0.2 14464
1733214699574 0.2 14528
1733214703392 0.2 14592
1733214707291 0.2 14656
1733214711230 0.2 14720
1733214715030 0.2 14784
1733214717034 0.2 14848
1733214719002 0.2 14912
1733214722914 0.2 14976
1733214724932 0.2 15040
1733214728795 0.2 15104
1733214730800 0.2 15168
1733214732734 0.2 15232
1733214734664 0.2 15296
1733214736601 0.2 15360
1733214738504 0.2 15424
1733214740441 0.2 15488
1733214742382 0.2 15552
1733214748337 0.2 15616
1733214752325 0.2 15680
1733214756191 0.2 15744
1733214758122 0.2 15808
1733214762013 0.2 15872
1733214767798 0.2 15936
1733214769720 0.2 16000
1733214773572 0.2 16064
1733214775599 0.2 16128
1733214777546 0.2 16192
1733214781352 0.2 16256
1733214783240 0.2 16320
1733214787046 0.2 16384
1733214788958 0.2 16448
1733214792860 0.2 16512
1733214796694 0.2 16576
1733214798767 0.2 16640
1733214800732 0.2 16704
1733214802563 0.2 16768
1733214808255 0.2 16832
1733214812046 0.2 16896
