1733214022008 0.19998732800000002 128
1733214027966 0.199974656 192
1733214029984 0.199961984 256
1733214033986 0.19994931200000002 320
1733214039859 0.19993664000000003 384
1733214043844 0.199923968 448
1733214047724 0.19991129600000002 512
1733214049698 0.19989862400000002 576
1733214051620 0.199885952 640
1733214053440 0.19987328000000001 704
1733214055265 0.199860608 768
1733214057115 0.199847936 832
1733214060906 0.199835264 896
1733214062801 0.19982259200000002 960
1733214066708 0.19980992000000003 1024
1733214068705 0.199797248 1088
1733214072531 0.19978457600000002 1152
1733214076531 0.199771904 1216
1733214080389 0.199759232 1280
1733214084281 0.19974656000000002 1344
1733214086249 0.199733888 1408
1733214090109 0.199721216 1472
1733214093944 0.19970854400000002 1536
1733214095958 0.19969587200000002 1600
1733214097925 0.1996832 1664
1733214099799 0.199670528 1728
1733214101624 0.19965785600000002 1792
1733214103438 0.199645184 1856
1733214107249 0.199632512 1920
1733214109191 0.19961984 1984
1733214111115 0.199607168 2048
1733214115019 0.199594496 2112
1733214116984 0.19958182400000002 2176
1733214118892 0.19956915200000003 2240
1733214122675 0.19955648 2304
1733214126442 0.19954380800000002 2368
1733214130281 0.199531136 2432
1733214132229 0.199518464 2496
1733214136173 0.199505792 2560
1733214142034 0.19949312 2624
1733214143996 0.19948044800000003 2688
1733214147905 0.199467776 2752
1733214149867 0.19945510400000002 2816
1733214153727 0.199442432 2880
1733214159571 0.19942976 2944
1733214163442 0.19941708800000002 3008
1733214165363 0.199404416 3072
1733214167202 0.199391744 3136
1733214169039 0.19937907200000002 3200
1733214172803 0.19936640000000003 3264
1733214176634 0.199353728 3328
1733214180505 0.19934105600000002 3392
1733214186380 0.19932838400000003 3456
1733214188391 0.199315712 3520
1733214190304 0.19930304000000001 3584
1733214194180 0.199290368 3648
1733214198059 0.199277696 3712
1733214200065 0.199265024 3776
1733214202001 0.19925235200000002 3840
1733214203829 0.19923968000000003 3904
1733214207674 0.199227008 3968
1733214209725 0.19921433600000002 4032
1733214211755 0.199201664 4096
1733214215537 0.199188992 4160
1733214217424 0.19917632 4224
1733214221213 0.199163648 4288
1733214225074 0.199150976 4352
1733214228840 0.19913830400000002 4416
1733214232650 0.19912563200000002 4480
1733214234569 0.19911296 4544
1733214238512 0.19910028800000001 4608
1733214240568 0.19908761600000002 4672
1733214242490 0.199074944 4736
1733214246244 0.199062272 4800
1733214248134 0.1990496 4864
1733214252191 0.199036928 4928
1733214254288 0.199024256 4992
1733214256231 0.19901158400000002 5056
1733214258155 0.19899891200000003 5120
1733214262028 0.19898624 5184
1733214264075 0.19897356800000002 5248
1733214268144 0.198960896 5312
1733214272033 0.198948224 5376
1733214275796 0.19893555200000002 5440
1733214277763 0.19892288000000002 5504
1733214281659 0.19891020800000003 5568
1733214283530 0.198897536 5632
1733214285357 0.19888486400000002 5696
1733214289242 0.198872192 5760
1733214295088 0.19885952 5824
1733214297050 0.198846848 5888
1733214298907 0.198834176 5952
1733214302758 0.198821504 6016
1733214304696 0.19880883200000002 6080
1733214308611 0.19879616000000003 6144
1733214310709 0.198783488 6208
1733214314568 0.19877081600000002 6272
1733214318393 0.198758144 6336
1733214324280 0.198745472 6400
1733214326231 0.19873280000000001 6464
1733214332114 0.198720128 6528
1733214334253 0.198707456 6592
1733214336361 0.198694784 6656
1733214338316 0.19868211200000002 6720
1733214342149 0.19866944000000003 6784
1733214346027 0.198656768 6848
1733214351769 0.19864409600000002 6912
1733214353751 0.198631424 6976
1733214355698 0.198618752 7040
1733214357545 0.19860608 7104
1733214361377 0.198593408 7168
1733214367378 0.198580736 7232
1733214369347 0.19856806400000002 7296
1733214371279 0.19855539200000002 7360
1733214373121 0.19854272 7424
1733214377031 0.19853004800000001 7488
1733214380953 0.198517376 7552
1733214383020 0.198504704 7616
1733214386904 0.198492032 7680
1733214388841 0.19847936 7744
1733214390694 0.19846668800000003 7808
1733214394714 0.198454016 7872
1733214398644 0.19844134400000002 7936
1733214400523 0.198428672 8000
1733214402375 0.198416 8064
1733214406321 0.19840332800000002 8128
1733214408328 0.198390656 8192
1733214410156 0.198377984 8256
1733214414032 0.19836531200000002 8320
1733214417904 0.19835264000000002 8384
1733214419899 0.19833996800000003 8448
1733214423815 0.19832729600000001 8512
1733214427691 0.19831462400000002 8576
1733214429677 0.198301952 8640
1733214433569 0.19828928 8704
1733214437563 0.198276608 8768
1733214439734 0.198263936 8832
1733214443793 0.198251264 8896
1733214445785 0.19823859200000002 8960
1733214447728 0.19822592000000003 9024
1733214451515 0.198213248 9088
1733214453409 0.19820057600000002 9152
1733214457134 0.198187904 9216
1733214459131 0.198175232 9280
1733214461086 0.19816256000000002 9344
1733214464891 0.198149888 9408
1733214468793 0.198137216 9472
1733214470921 0.198124544 9536
1733214472982 0.19811187200000002 9600
1733214474907 0.1980992 9664
1733214478719 0.198086528 9728
1733214482710 0.19807385600000002 9792
1733214484929 0.198061184 9856
1733214488742 0.198048512 9920
1733214492488 0.19803584 9984
1733214494444 0.198023168 10048
1733214496417 0.198010496 10112
1733214498260 0.19799782400000002 10176
1733214500113 0.19798515200000003 10240
1733214501952 0.19797248 10304
1733214503818 0.19795980800000001 10368
1733214505674 0.197947136 10432
1733214509491 0.197934464 10496
1733214511545 0.197921792 10560
1733214515452 0.19790912000000002 10624
1733214517433 0.19789644800000003 10688
1733214521397 0.197883776 10752
1733214523372 0.19787110400000002 10816
1733214527263 0.197858432 10880
1733214531177 0.19784576 10944
1733214533107 0.19783308800000002 11008
1733214535033 0.197820416 11072
1733214536863 0.197807744 11136
1733214540768 0.19779507200000002 11200
1733214542782 0.19778240000000002 11264
1733214548627 0.197769728 11328
1733214552562 0.19775705600000001 11392
1733214558418 0.19774438400000002 11456
1733214560358 0.197731712 11520
1733214562253 0.19771904 11584
1733214566057 0.197706368 11648
1733214568051 0.197693696 11712
1733214569945 0.197681024 11776
1733214573703 0.19766835200000002 11840
1733214575690 0.19765568000000003 11904
1733214579607 0.197643008 11968
1733214581589 0.19763033600000002 12032
1733214583512 0.197617664 12096
1733214587387 0.197604992 12160
1733214591368 0.19759232000000002 12224
1733214593372 0.197579648 12288
1733214595299 0.197566976 12352
1733214599065 0.19755430400000001 12416
1733214600993 0.19754163200000002 12480
1733214602930 0.19752896 12544
1733214604766 0.197516288 12608
1733214608507 0.19750361600000002 12672
1733214610444 0.197490944 12736
1733214614281 0.197478272 12800
1733214618125 0.1974656 12864
1733214623956 0.197452928 12928
1733214627818 0.197440256 12992
1733214629799 0.19742758400000002 13056
1733214635626 0.19741491200000003 13120
1733214637530 0.19740224 13184
1733214641401 0.19738956800000002 13248
1733214645273 0.197376896 13312
1733214647309 0.197364224 13376
1733214651179 0.197351552 13440
1733214655018 0.19733888000000002 13504
1733214656967 0.19732620800000003 13568
1733214658845 0.197313536 13632
1733214662661 0.19730086400000002 13696
1733214664711 0.197288192 13760
1733214668518 0.19727552 13824
1733214670471 0.19726284800000002 13888
1733214672388 0.197250176 13952
1733214676295 0.197237504 14016
1733214680242 0.19722483200000002 14080
1733214682259 0.19721216000000003 14144
1733214686136 0.197199488 14208
1733214688168 0.19718681600000001 14272
1733214691959 0.19717414400000002 14336
1733214693905 0.197161472 14400
1733214697655 0.1971488 14464
1733214699573 0.197136128 14528
1733214703391 0.197123456 14592
1733214707290 0.197110784 14656
1733214711229 0.19709811200000002 14720
1733214715029 0.19708544000000003 14784
1733214717034 0.197072768 14848
1733214719001 0.19706009600000002 14912
1733214722913 0.197047424 14976
1733214724931 0.197034752 15040
1733214728795 0.19702208 15104
1733214730799 0.197009408 15168
1733214732733 0.196996736 15232
1733214734664 0.19698406400000001 15296
1733214736600 0.19697139200000002 15360
1733214738503 0.19695872 15424
1733214740440 0.196946048 15488
1733214742381 0.19693337600000002 15552
1733214748336 0.196920704 15616
1733214752324 0.196908032 15680
1733214756190 0.19689536000000002 15744
1733214758122 0.19688268800000003 15808
1733214762012 0.196870016 15872
1733214767797 0.19685734400000002 15936
1733214769719 0.19684467200000003 16000
1733214773571 0.196832 16064
1733214775598 0.19681932800000002 16128
1733214777545 0.196806656 16192
1733214781351 0.196793984 16256
1733214783239 0.196781312 16320
1733214787046 0.19676864000000002 16384
1733214788957 0.19675596800000003 16448
1733214792859 0.196743296 16512
1733214796693 0.19673062400000002 16576
1733214798766 0.196717952 16640
1733214800731 0.19670528 16704
1733214802562 0.196692608 16768
1733214808254 0.196679936 16832
1733214812045 0.196667264 16896
