1733214022007 0.0 128
1733214027965 0.05625 192
1733214029983 0.1140625 256
1733214033985 0.15 320
1733214039858 0.009375 384
1733214043843 0.0 448
1733214047723 0.0015625 512
1733214049697 0.1359375 576
1733214051620 0.0625 640
1733214053439 0.028125 704
1733214055265 0.0515625 768
1733214057114 0.0328125 832
1733214060906 0.0 896
1733214062800 0.0421875 960
1733214066707 0.0171875 1024
1733214068704 0.0 1088
1733214072530 0.0203125 1152
1733214076530 0.0 1216
1733214080388 0.0 1280
1733214084280 0.0046875 1344
1733214086248 0.003125 1408
1733214090108 0.0 1472
1733214093943 0.00625 1536
1733214095957 0.0234375 1600
1733214097924 0.0140625 1664
1733214099798 0.0015625 1728
1733214101623 0.003125 1792
1733214103438 0.0171875 1856
1733214107248 0.0 1920
1733214109191 0.0 1984
1733214111114 0.015625 2048
1733214115018 0.0 2112
1733214116983 0.0 2176
1733214118891 0.0 2240
1733214122674 0.0 2304
1733214126441 0.00625 2368
1733214130280 0.0015625 2432
1733214132228 0.0 2496
1733214136172 0.0109375 2560
1733214142033 0.0 2624
1733214143995 0.0 2688
1733214147904 0.0 2752
1733214149867 0.0 2816
1733214153726 0.0 2880
1733214159570 0.0 2944
1733214163441 0.0 3008
1733214165362 0.0 3072
1733214167201 0.0 3136
1733214169038 0.003125 3200
1733214172802 0.0 3264
1733214176633 0.0 3328
1733214180504 0.0 3392
1733214186379 0.0 3456
1733214188390 0.0 3520
1733214190303 0.0 3584
1733214194179 0.0 3648
1733214198058 0.0046875 3712
1733214200065 0.0 3776
1733214202000 0.0 3840
1733214203828 0.0 3904
1733214207673 0.0 3968
1733214209724 0.0 4032
1733214211754 0.0 4096
1733214215536 0.0015625 4160
1733214217424 0.0 4224
1733214221212 0.0 4288
1733214225073 0.0 4352
1733214228836 0.0 4416
1733214232649 0.0 4480
1733214234568 0.0 4544
1733214238511 0.0 4608
1733214240567 0.0 4672
1733214242489 0.0 4736
1733214246243 0.009375 4800
1733214248133 0.0 4864
1733214252190 0.0125 4928
1733214254287 0.0 4992
1733214256230 0.0 5056
1733214258154 0.0 5120
1733214262027 0.0 5184
1733214264075 0.0 5248
1733214268141 0.0 5312
1733214272032 0.0 5376
1733214275795 0.0 5440
1733214277762 0.0 5504
1733214281658 0.0359375 5568
1733214283529 0.1015625 5632
1733214285357 0.0 5696
1733214289242 0.0 5760
1733214295087 0.0015625 5824
1733214297049 0.0015625 5888
1733214298906 0.0734375 5952
1733214302757 0.0796875 6016
1733214304695 0.0203125 6080
1733214308610 0.0234375 6144
1733214310708 0.046875 6208
1733214314567 0.1109375 6272
1733214318392 0.0 6336
1733214324280 0.0203125 6400
1733214326230 0.0765625 6464
1733214332113 0.0453125 6528
1733214334252 0.0828125 6592
1733214336360 0.0 6656
1733214338315 0.0296875 6720
1733214342148 0.0421875 6784
1733214346026 0.0 6848
1733214351768 0.034375 6912
1733214353750 0.096875 6976
1733214355697 0.0609375 7040
1733214357544 0.0 7104
1733214361376 0.0015625 7168
1733214367378 0.115625 7232
1733214369346 0.05625 7296
1733214371278 0.0 7360
1733214373121 0.28125 7424
1733214377030 0.0046875 7488
1733214380952 0.0046875 7552
1733214383019 0.0828125 7616
1733214386903 0.0 7680
1733214388841 0.0 7744
1733214390693 0.0 7808
1733214394713 0.0265625 7872
1733214398644 0.0 7936
1733214400522 0.021875 8000
1733214402374 0.053125 8064
1733214406320 0.13125 8128
1733214408327 0.103125 8192
1733214410155 0.05 8256
1733214414031 0.0765625 8320
1733214417903 0.0453125 8384
1733214419898 0.0484375 8448
1733214423814 0.0578125 8512
1733214427690 0.115625 8576
1733214429677 0.0 8640
1733214433568 0.0015625 8704
1733214437562 0.0609375 8768
1733214439733 0.0 8832
1733214443792 0.0 8896
1733214445784 0.0 8960
1733214447727 0.0 9024
1733214451514 0.1296875 9088
1733214453408 0.0609375 9152
1733214457133 0.0015625 9216
1733214459130 0.05625 9280
1733214461085 0.0125 9344
1733214464890 0.0609375 9408
1733214468792 0.0 9472
1733214470920 0.078125 9536
1733214472982 0.0 9600
1733214474906 0.0640625 9664
1733214478718 0.0359375 9728
1733214482709 0.0 9792
1733214484928 0.0328125 9856
1733214488741 0.009375 9920
1733214492487 0.0 9984
1733214494443 0.0765625 10048
1733214496416 0.0 10112
1733214498259 0.021875 10176
1733214500112 0.00625 10240
1733214501951 0.0 10304
1733214503817 0.0625 10368
1733214505673 0.0 10432
1733214509490 0.0703125 10496
1733214511544 0.0 10560
1733214515451 0.175 10624
1733214517432 0.01875 10688
1733214521396 0.0 10752
1733214523371 0.0125 10816
1733214527262 0.0 10880
1733214531176 0.04375 10944
1733214533106 0.0 11008
1733214535032 0.190625 11072
1733214536863 0.0734375 11136
1733214540767 0.0015625 11200
1733214542782 0.0 11264
1733214548627 0.0 11328
1733214552562 0.0 11392
1733214558417 0.0 11456
1733214560357 0.0921875 11520
1733214562252 0.0203125 11584
1733214566056 0.0265625 11648
1733214568050 0.0 11712
1733214569944 0.1515625 11776
1733214573702 0.0 11840
1733214575689 0.021875 11904
1733214579606 0.0 11968
1733214581588 0.009375 12032
1733214583511 0.0 12096
1733214587387 0.065625 12160
1733214591368 0.0125 12224
1733214593371 0.0 12288
1733214595298 0.025 12352
1733214599064 0.0 12416
1733214600993 0.0 12480
1733214602929 0.0 12544
1733214604765 0.0 12608
1733214608506 0.0 12672
1733214610443 0.0 12736
1733214614280 0.0 12800
1733214618124 0.0171875 12864
1733214623955 0.090625 12928
1733214627814 0.10625 12992
1733214629798 0.071875 13056
1733214635625 0.0 13120
1733214637529 0.0 13184
1733214641400 0.053125 13248
1733214645272 0.05625 13312
1733214647305 0.1265625 13376
1733214651178 0.0 13440
1733214655017 0.0 13504
1733214656966 0.0828125 13568
1733214658844 0.0578125 13632
1733214662660 0.0015625 13696
1733214664710 0.0 13760
1733214668517 0.0 13824
1733214670471 0.0859375 13888
1733214672387 0.0 13952
1733214676294 0.003125 14016
1733214680241 0.0 14080
1733214682259 0.0171875 14144
1733214686135 0.0 14208
1733214688167 0.0109375 14272
1733214691959 0.015625 14336
1733214693904 0.0 14400
1733214697654 0.0 14464
1733214699572 0.0 14528
1733214703390 0.0 14592
1733214707289 0.0328125 14656
1733214711228 0.0 14720
1733214715028 0.0 14784
1733214717033 0.0 14848
1733214719000 0.0 14912
1733214722910 0.0 14976
1733214724930 0.0 15040
1733214728794 0.0 15104
1733214730798 0.0609375 15168
1733214732732 0.0 15232
1733214734663 0.0125 15296
1733214736599 0.0 15360
1733214738503 0.0 15424
1733214740439 0.0 15488
1733214742380 0.0 15552
1733214748336 0.0 15616
1733214752323 0.0 15680
1733214756189 0.0 15744
1733214758121 0.0 15808
1733214762011 0.0 15872
1733214767796 0.0 15936
1733214769718 0.06875 16000
1733214773570 0.065625 16064
1733214775597 0.0 16128
1733214777544 0.00625 16192
1733214781350 0.0 16256
1733214783238 0.0 16320
1733214787045 0.0 16384
1733214788956 0.0125 16448
1733214792858 0.0 16512
1733214796693 0.0 16576
1733214798766 0.0 16640
1733214800731 0.0 16704
1733214802561 0.0 16768
1733214808254 0.0 16832
1733214812044 0.0 16896
