1733214022009 -9.656033277511597 128
1733214027967 -9.649351596832275 192
1733214029986 -9.635256433486939 256
1733214033987 -9.639009857177735 320
1733214039861 -9.63924582004547 384
1733214043846 -9.64664261341095 448
1733214047726 -9.665601134300232 512
1733214049700 -9.675840091705322 576
1733214051622 -9.665208125114441 640
1733214053442 -9.660305142402649 704
1733214055267 -9.66854293346405 768
1733214057117 -9.67160542011261 832
1733214060908 -9.66617841720581 896
1733214062802 -9.66982569694519 960
1733214066710 -9.675499057769775 1024
1733214068707 -9.675577020645141 1088
1733214072533 -9.675359654426575 1152
1733214076532 -9.676926851272583 1216
1733214080391 -9.67809841632843 1280
1733214084283 -9.68293399810791 1344
1733214086251 -9.685546731948852 1408
1733214090110 -9.692632031440734 1472
1733214093948 -9.698559617996215 1536
1733214095960 -9.694861817359925 1600
1733214097927 -9.695338010787964 1664
1733214099801 -9.68141748905182 1728
1733214101625 -9.675202369689941 1792
1733214103440 -9.681270122528076 1856
1733214107251 -9.681724166870117 1920
1733214109193 -9.677690553665162 1984
1733214111117 -9.67532799243927 2048
1733214115021 -9.671717715263366 2112
1733214116986 -9.660904359817504 2176
1733214118894 -9.661702036857605 2240
1733214122676 -9.660302019119262 2304
1733214126444 -9.649007415771484 2368
1733214130282 -9.645694494247437 2432
1733214132231 -9.6488787651062 2496
1733214136175 -9.647708582878114 2560
1733214142036 -9.65628182888031 2624
1733214143998 -9.656870985031128 2688
1733214147907 -9.66494607925415 2752
1733214149869 -9.670750594139099 2816
1733214153729 -9.671466851234436 2880
1733214159573 -9.666323709487916 2944
1733214163444 -9.663770031929015 3008
1733214165365 -9.665431189537049 3072
1733214167203 -9.666262316703797 3136
1733214169040 -9.655736184120178 3200
1733214172805 -9.644349217414856 3264
1733214176635 -9.63741159439087 3328
1733214180507 -9.647234439849854 3392
1733214186382 -9.65598397254944 3456
1733214188393 -9.660065245628356 3520
1733214190305 -9.65952558517456 3584
1733214194184 -9.657993507385253 3648
1733214198061 -9.663712406158448 3712
1733214200067 -9.666410660743713 3776
1733214202003 -9.672071266174317 3840
1733214203831 -9.67099392414093 3904
1733214207676 -9.681050443649292 3968
1733214209727 -9.687321949005128 4032
1733214211756 -9.694299721717835 4096
1733214215539 -9.701155138015746 4160
1733214217426 -9.696655988693237 4224
1733214221215 -9.686219716072083 4288
1733214225076 -9.677202153205872 4352
1733214228842 -9.684772896766663 4416
1733214232651 -9.696543288230895 4480
1733214234571 -9.691769099235534 4544
1733214238513 -9.685623288154602 4608
1733214240570 -9.69020574092865 4672
1733214242492 -9.687358498573303 4736
1733214246246 -9.681508255004882 4800
1733214248135 -9.674108171463013 4864
1733214252193 -9.670796823501586 4928
1733214254289 -9.670954704284668 4992
1733214256233 -9.671994948387146 5056
1733214258157 -9.666408038139343 5120
1733214262030 -9.65815896987915 5184
1733214264077 -9.66063597202301 5248
1733214268146 -9.660488414764405 5312
1733214272035 -9.66353611946106 5376
1733214275798 -9.664638423919678 5440
1733214277765 -9.670542144775391 5504
1733214281661 -9.675223088264465 5568
1733214283531 -9.673731708526612 5632
1733214285359 -9.677376961708068 5696
1733214289244 -9.676348519325256 5760
1733214295090 -9.664646792411805 5824
1733214297052 -9.665532994270325 5888
1733214298908 -9.665612316131591 5952
1733214302760 -9.657756471633911 6016
1733214304698 -9.656036639213562 6080
1733214308613 -9.662477564811706 6144
1733214310711 -9.662007212638855 6208
1733214314570 -9.663273119926453 6272
1733214318395 -9.66220257282257 6336
1733214324282 -9.659599113464356 6400
1733214326233 -9.661364412307739 6464
1733214332116 -9.666444039344787 6528
1733214334255 -9.670251297950745 6592
1733214336363 -9.674017405509948 6656
1733214338318 -9.675459909439088 6720
1733214342151 -9.678765988349914 6784
1733214346029 -9.675362253189087 6848
1733214351771 -9.666251230239869 6912
1733214353753 -9.673926067352294 6976
1733214355700 -9.666300749778747 7040
1733214357546 -9.658662557601929 7104
1733214361379 -9.654196977615356 7168
1733214367380 -9.65221893787384 7232
1733214369349 -9.652067804336548 7296
1733214371281 -9.653033566474914 7360
1733214373123 -9.654624605178833 7424
1733214377033 -9.652102947235107 7488
1733214380955 -9.648711705207825 7552
1733214383022 -9.642423272132874 7616
1733214386906 -9.639524984359742 7680
1733214388843 -9.64084346294403 7744
1733214390696 -9.639221048355102 7808
1733214394716 -9.636388373374938 7872
1733214398646 -9.62947461605072 7936
1733214400525 -9.623495697975159 8000
1733214402376 -9.628536033630372 8064
1733214406322 -9.622804951667785 8128
1733214408330 -9.61625349521637 8192
1733214410157 -9.61520025730133 8256
1733214414034 -9.620572185516357 8320
1733214417906 -9.626459527015687 8384
1733214419901 -9.62582471370697 8448
1733214423817 -9.61928105354309 8512
1733214427693 -9.619927644729614 8576
1733214429679 -9.622129130363465 8640
1733214433571 -9.624231910705566 8704
1733214437565 -9.63031027317047 8768
1733214439736 -9.638476634025574 8832
1733214443794 -9.641577959060669 8896
1733214445787 -9.640808057785033 8960
1733214447730 -9.64228539466858 9024
1733214451517 -9.644552278518677 9088
1733214453410 -9.643389678001403 9152
1733214457136 -9.642665529251099 9216
1733214459133 -9.642814755439758 9280
1733214461088 -9.640756607055664 9344
1733214464893 -9.641119599342346 9408
1733214468795 -9.641222977638245 9472
1733214470923 -9.64910614490509 9536
1733214472984 -9.64502568244934 9600
1733214474908 -9.639275741577148 9664
1733214478720 -9.643140244483948 9728
1733214482712 -9.645921301841735 9792
1733214484930 -9.652347016334534 9856
1733214488744 -9.653555035591125 9920
1733214492493 -9.66097936630249 9984
1733214494446 -9.67394049167633 10048
1733214496419 -9.673380661010743 10112
1733214498261 -9.662960577011109 10176
1733214500115 -9.65364396572113 10240
1733214501954 -9.652359294891358 10304
1733214503820 -9.645914101600647 10368
1733214505675 -9.637820982933045 10432
1733214509493 -9.637838912010192 10496
1733214511547 -9.638710045814515 10560
1733214515454 -9.637436556816102 10624
1733214517435 -9.633556866645813 10688
1733214521399 -9.631042003631592 10752
1733214523373 -9.628861045837402 10816
1733214527265 -9.634423327445983 10880
1733214531179 -9.636049389839172 10944
1733214533109 -9.63705575466156 11008
1733214535035 -9.635815215110778 11072
1733214536865 -9.632836818695068 11136
1733214540770 -9.627458763122558 11200
1733214542784 -9.631657838821411 11264
1733214548629 -9.638463163375855 11328
1733214552564 -9.630600118637085 11392
1733214558420 -9.632219934463501 11456
1733214560363 -9.641535425186158 11520
1733214562255 -9.648453283309937 11584
1733214566059 -9.650084590911865 11648
1733214568053 -9.649189782142638 11712
1733214569947 -9.641632628440856 11776
1733214573705 -9.642912459373473 11840
1733214575692 -9.642052245140075 11904
1733214579609 -9.642984127998352 11968
1733214581590 -9.639948081970214 12032
1733214583513 -9.637221431732177 12096
1733214587389 -9.642441177368164 12160
1733214591370 -9.638222193717956 12224
1733214593374 -9.633152747154236 12288
1733214595300 -9.630987739562988 12352
1733214599067 -9.627938270568848 12416
1733214600995 -9.626076245307923 12480
1733214602932 -9.630035018920898 12544
1733214604768 -9.631696963310242 12608
1733214608509 -9.634848499298096 12672
1733214610446 -9.635558485984802 12736
1733214614282 -9.632711839675903 12800
1733214618127 -9.627312660217285 12864
1733214623958 -9.624691152572632 12928
1733214627820 -9.623127889633178 12992
1733214629801 -9.62081162929535 13056
1733214635627 -9.615676760673523 13120
1733214637531 -9.618315434455871 13184
1733214641402 -9.623757648468018 13248
1733214645275 -9.630669975280762 13312
1733214647310 -9.63358952999115 13376
1733214651181 -9.636072063446045 13440
1733214655019 -9.63514142036438 13504
1733214656969 -9.628658080101014 13568
1733214658847 -9.629840517044068 13632
1733214662663 -9.632726383209228 13696
1733214664713 -9.642969799041747 13760
1733214668520 -9.653529477119445 13824
1733214670473 -9.660408210754394 13888
1733214672389 -9.6638507604599 13952
1733214676296 -9.676747155189513 14016
1733214680244 -9.689688134193421 14080
1733214682261 -9.702012133598327 14144
1733214686138 -9.712846040725708 14208
1733214688170 -9.714274740219116 14272
1733214691961 -9.712984085083008 14336
1733214693907 -9.714532232284546 14400
1733214697657 -9.713710165023803 14464
1733214699574 -9.717904949188233 14528
1733214703393 -9.720283007621765 14592
1733214707291 -9.70802092552185 14656
1733214711231 -9.706775259971618 14720
1733214715031 -9.707303452491761 14784
1733214717035 -9.700857710838317 14848
1733214719003 -9.691416025161743 14912
1733214722915 -9.692539167404174 14976
1733214724932 -9.688288044929504 15040
1733214728796 -9.684133577346802 15104
1733214730800 -9.682021856307983 15168
1733214732734 -9.680139088630677 15232
1733214734665 -9.681728482246399 15296
1733214736602 -9.692394709587097 15360
1733214738505 -9.69818935394287 15424
1733214740442 -9.699419522285462 15488
1733214742383 -9.699113798141479 15552
1733214748338 -9.706966018676757 15616
1733214752326 -9.710060405731202 15680
1733214756192 -9.70583426952362 15744
1733214758123 -9.699139213562011 15808
1733214762013 -9.694316363334655 15872
1733214767799 -9.68839590549469 15936
1733214769721 -9.694153904914856 16000
1733214773573 -9.697063493728638 16064
1733214775600 -9.700356769561768 16128
1733214777547 -9.705571866035461 16192
1733214781352 -9.707542610168456 16256
1733214783240 -9.70827898979187 16320
1733214787047 -9.709258556365967 16384
1733214788959 -9.724972534179688 16448
1733214792861 -9.735750150680541 16512
1733214796695 -9.738581037521362 16576
1733214798768 -9.736445236206055 16640
1733214800733 -9.730475401878357 16704
1733214802564 -9.722966194152832 16768
1733214808256 -9.72179856300354 16832
1733214812047 -9.718334412574768 16896
