1733214022010 -9.107159614562988 128
1733214027968 0.5913677513599396 192
1733214029987 0.4134179353713989 256
1733214033988 0.38870424032211304 320
1733214039862 0.24998009204864502 384
1733214043846 0.30551254749298096 448
1733214047727 0.39979588985443115 512
1733214049701 0.34292733669281006 576
1733214051623 -0.20485103130340576 640
1733214053442 -1.2230620384216309 704
1733214055268 -3.481576919555664 768
1733214057117 0.3839312791824341 832
1733214060909 -4.520650863647461 896
1733214062803 0.22193443775177002 960
1733214066710 0.3050953149795532 1024
1733214068707 0.26321524381637573 1088
1733214072534 -1.16145920753479 1152
1733214076533 0.24007117748260498 1216
1733214080392 0.25415897369384766 1280
1733214084284 0.06467115879058838 1344
1733214086252 0.2013176679611206 1408
1733214090111 0.5067322254180908 1472
1733214093949 0.3903191089630127 1536
1733214095961 0.3246800899505615 1600
1733214097928 0.6680801808834076 1664
1733214099802 -1.1457438468933105 1728
1733214101626 -5.90369987487793 1792
1733214103441 -3.808237075805664 1856
1733214107251 0.737756609916687 1920
1733214109194 0.23161613941192627 1984
1733214111117 0.4360314607620239 2048
1733214115022 0.26454782485961914 2112
1733214116986 0.20133143663406372 2176
1733214118895 -0.31348323822021484 2240
1733214122677 -2.9878127574920654 2304
1733214126445 0.1664872169494629 2368
1733214130283 0.11450088024139404 2432
1733214132231 0.2806689143180847 2496
1733214136175 0.6646918058395386 2560
1733214142037 0.14121359586715698 2624
1733214143999 0.2631852626800537 2688
1733214147908 -0.015567421913146973 2752
1733214149870 -0.03087329864501953 2816
1733214153730 0.9015688821673393 2880
1733214159574 0.08053302764892578 2944
1733214163445 0.27914994955062866 3008
1733214165366 0.3640339970588684 3072
1733214167204 -0.599899411201477 3136
1733214169041 -2.1393356323242188 3200
1733214172806 -0.39014923572540283 3264
1733214176636 0.09166860580444336 3328
1733214180508 0.27858251333236694 3392
1733214186383 0.19438570737838745 3456
1733214188394 0.19982123374938965 3520
1733214190306 0.8163039237260818 3584
1733214194185 0.6279335618019104 3648
1733214198062 0.3072601556777954 3712
1733214200068 0.19091415405273438 3776
1733214202004 0.3342474102973938 3840
1733214203832 -5.360867977142334 3904
1733214207676 0.17014789581298828 3968
1733214209728 0.35474491119384766 4032
1733214211757 -2.24751353263855 4096
1733214215539 0.22569793462753296 4160
1733214217427 0.29313164949417114 4224
1733214221216 -1.0167269706726074 4288
1733214225077 0.20201319456100464 4352
1733214228843 0.0007241964340209961 4416
1733214232652 0.2945913076400757 4480
1733214234572 0.3244650959968567 4544
1733214238514 -2.8894331455230713 4608
1733214240570 0.006487607955932617 4672
1733214242493 -0.09600615501403809 4736
1733214246247 -0.3447815179824829 4800
1733214248136 0.2310333251953125 4864
1733214252194 0.6887281835079193 4928
1733214254290 0.2938883900642395 4992
1733214256234 -0.8919439315795898 5056
1733214258158 -0.9899996519088745 5120
1733214262031 0.2530636787414551 5184
1733214264078 0.003682255744934082 5248
1733214268147 0.6462901830673218 5312
1733214272036 0.020407676696777344 5376
1733214275799 0.00525355339050293 5440
1733214277766 0.1445293426513672 5504
1733214281662 0.6072069704532623 5568
1733214283532 0.31118112802505493 5632
1733214285360 -7.733329772949219 5696
1733214289245 -6.791868209838867 5760
1733214295091 0.10543489456176758 5824
1733214297053 0.29292672872543335 5888
1733214298909 0.231317937374115 5952
1733214302761 0.14260953664779663 6016
1733214304699 0.4583110809326172 6080
1733214308614 -1.5994741916656494 6144
1733214310712 0.45708370208740234 6208
1733214314571 0.8679401725530624 6272
1733214318396 0.47697263956069946 6336
1733214324283 0.44816553592681885 6400
1733214326234 0.1670849323272705 6464
1733214332117 0.23020899295806885 6528
1733214334259 0.09530597925186157 6592
1733214336364 -1.6304123401641846 6656
1733214338319 0.8227237910032272 6720
1733214342152 -0.6840438842773438 6784
1733214346030 0.31206393241882324 6848
1733214351772 0.48100435733795166 6912
1733214353754 0.06908470392227173 6976
1733214355701 0.5295227766036987 7040
1733214357547 0.4962051510810852 7104
1733214361382 0.14802181720733643 7168
1733214367381 0.16003549098968506 7232
1733214369350 0.2785375118255615 7296
1733214371281 0.5553595721721649 7360
1733214373124 0.04333329200744629 7424
1733214377034 0.4797031879425049 7488
1733214380956 0.25211894512176514 7552
1733214383023 0.1359694004058838 7616
1733214386907 -10.181589126586914 7680
1733214388844 0.28029119968414307 7744
1733214390696 -5.019164085388184 7808
1733214394717 0.7767312228679657 7872
1733214398647 0.027432501316070557 7936
1733214400526 0.09124284982681274 8000
1733214402377 0.9238259717822075 8064
1733214406323 0.26657813787460327 8128
1733214408331 0.2639520764350891 8192
1733214410158 -0.553596019744873 8256
1733214414035 0.920269139111042 8320
1733214417907 0.2203548550605774 8384
1733214419902 0.2280229926109314 8448
1733214423818 0.03317481279373169 8512
1733214427694 0.3586803674697876 8576
1733214429680 0.20027601718902588 8640
1733214433571 0.3417242765426636 8704
1733214437566 0.16773086786270142 8768
1733214439737 0.0748375654220581 8832
1733214443795 -0.039543747901916504 8896
1733214445788 0.050761520862579346 8960
1733214447731 0.3113938570022583 9024
1733214451518 0.7540248334407806 9088
1733214453411 0.2911496162414551 9152
1733214457137 -0.39076435565948486 9216
1733214459134 0.3189387917518616 9280
1733214461089 -1.4621798992156982 9344
1733214464894 0.47809481620788574 9408
1733214468796 0.3136168122291565 9472
1733214470924 0.17522495985031128 9536
1733214472985 0.458244264125824 9600
1733214474909 0.935907356441021 9664
1733214478721 0.22269552946090698 9728
1733214482713 0.13319653272628784 9792
1733214484931 0.20825350284576416 9856
1733214488745 -0.559087872505188 9920
1733214492494 0.19101721048355103 9984
1733214494447 0.352395236492157 10048
1733214496419 0.45062845945358276 10112
1733214498262 -0.5683151483535767 10176
1733214500116 0.5181326866149902 10240
1733214501955 -0.655793309211731 10304
1733214503821 -0.9547778367996216 10368
1733214505676 0.763068750500679 10432
1733214509494 0.22062182426452637 10496
1733214511548 0.7784143686294556 10560
1733214515455 -0.31160783767700195 10624
1733214517436 0.08554685115814209 10688
1733214521400 -0.9414479732513428 10752
1733214523374 0.07197326421737671 10816
1733214527266 -0.6209956407546997 10880
1733214531180 0.12206250429153442 10944
1733214533110 0.13811367750167847 11008
1733214535036 -0.13853943347930908 11072
1733214536866 -1.4758715629577637 11136
1733214540771 0.8638516217470169 11200
1733214542785 0.09657931327819824 11264
1733214548630 0.20452666282653809 11328
1733214552565 0.1243695616722107 11392
1733214558421 0.12817543745040894 11456
1733214560364 0.19977635145187378 11520
1733214562256 0.03940027952194214 11584
1733214566060 0.9281664341688156 11648
1733214568053 0.25645923614501953 11712
1733214569948 -4.928051948547363 11776
1733214573705 0.03538930416107178 11840
1733214575693 0.0845566987991333 11904
1733214579610 0.8770262077450752 11968
1733214581591 0.04015827178955078 12032
1733214583514 0.7952235341072083 12096
1733214587390 -0.0359874963760376 12160
1733214591371 0.09844851493835449 12224
1733214593375 0.1120639443397522 12288
1733214595301 0.48087841272354126 12352
1733214599068 0.6000054180622101 12416
1733214600996 0.057983994483947754 12480
1733214602933 -3.0372281074523926 12544
1733214604769 -0.555587649345398 12608
1733214608510 0.6243162751197815 12672
1733214610446 0.040100157260894775 12736
1733214614283 0.756020188331604 12800
1733214618128 0.023015260696411133 12864
1733214623959 0.06158256530761719 12928
1733214627821 0.1283077597618103 12992
1733214629801 0.19371694326400757 13056
1733214635628 -4.404336929321289 13120
1733214637532 -0.06626331806182861 13184
1733214641403 0.18739759922027588 13248
1733214645276 0.17338860034942627 13312
1733214647311 -0.0490565299987793 13376
1733214651181 0.3502453565597534 13440
1733214655020 0.07103347778320312 13504
1733214656970 0.1292017102241516 13568
1733214658848 -0.24491095542907715 13632
1733214662664 0.5861670076847076 13696
1733214664714 0.15381354093551636 13760
1733214668521 0.8581806570291519 13824
1733214670474 0.16531842947006226 13888
1733214672390 0.05681866407394409 13952
1733214676297 -0.9811036586761475 14016
1733214680245 0.12104493379592896 14080
1733214682262 0.14225530624389648 14144
1733214686139 0.3306370973587036 14208
1733214688171 0.1370297074317932 14272
1733214691962 -0.4606095552444458 14336
1733214693908 0.047204554080963135 14400
1733214697658 0.11116820573806763 14464
1733214699575 0.19365739822387695 14528
1733214703393 0.9173829704523087 14592
1733214707292 0.15105408430099487 14656
1733214711232 0.05624270439147949 14720
1733214715032 0.07030010223388672 14784
1733214717036 0.18036997318267822 14848
1733214719003 -1.1257121562957764 14912
1733214722916 0.10259813070297241 14976
1733214724933 0.17307347059249878 15040
1733214728797 0.7185531854629517 15104
1733214730801 0.20841872692108154 15168
1733214732735 0.7524742484092712 15232
1733214734666 -0.21472859382629395 15296
1733214736602 -1.9813218116760254 15360
1733214738506 -0.03644406795501709 15424
1733214740443 -1.5182323455810547 15488
1733214742384 -1.2952117919921875 15552
1733214748339 0.6820606291294098 15616
1733214752327 0.04974180459976196 15680
1733214756192 0.08259648084640503 15744
1733214758124 0.2820640206336975 15808
1733214762014 -0.48650240898132324 15872
1733214767799 0.03224128484725952 15936
1733214769722 0.16509544849395752 16000
1733214773574 -5.927827835083008 16064
1733214775601 -0.01252126693725586 16128
1733214777547 -7.1360979080200195 16192
1733214781353 0.8975292146205902 16256
1733214783241 0.24714285135269165 16320
1733214787048 0.8882008269429207 16384
1733214788959 0.2586306929588318 16448
1733214792862 0.1975327730178833 16512
1733214796696 0.19309240579605103 16576
1733214798769 0.2663174867630005 16640
1733214800734 0.8298020511865616 16704
1733214802565 -0.8837933540344238 16768
1733214808257 -2.8416762351989746 16832
1733214812047 0.054459214210510254 16896
