1733214022011 0.000299980992 128
1733214027969 0.000299961984 192
1733214029988 0.000299942976 256
1733214033989 0.000299923968 320
1733214039863 0.00029990496 384
1733214043847 0.00029988595199999994 448
1733214047728 0.00029986694399999995 512
1733214049702 0.000299847936 576
1733214051624 0.00029982892799999995 640
1733214053443 0.00029980991999999996 704
1733214055269 0.00029979091199999996 768
1733214057118 0.00029977190399999997 832
1733214060910 0.00029975289599999997 896
1733214062804 0.000299733888 960
1733214066711 0.00029971488 1024
1733214068708 0.000299695872 1088
1733214072535 0.000299676864 1152
1733214076534 0.00029965785599999993 1216
1733214080392 0.000299638848 1280
1733214084285 0.00029961984 1344
1733214086253 0.00029960083199999995 1408
1733214090112 0.000299581824 1472
1733214093950 0.00029956281599999995 1536
1733214095962 0.00029954380799999996 1600
1733214097929 0.00029952479999999996 1664
1733214099803 0.00029950579199999997 1728
1733214101627 0.00029948678399999997 1792
1733214103442 0.000299467776 1856
1733214107252 0.000299448768 1920
1733214109195 0.00029942976 1984
1733214111118 0.000299410752 2048
1733214115023 0.00029939174399999993 2112
1733214116987 0.000299372736 2176
1733214118896 0.000299353728 2240
1733214122678 0.00029933471999999995 2304
1733214126446 0.000299315712 2368
1733214130284 0.00029929670399999995 2432
1733214132232 0.00029927769599999996 2496
1733214136176 0.00029925868799999996 2560
1733214142038 0.00029923967999999997 2624
1733214144000 0.00029922067199999997 2688
1733214147908 0.000299201664 2752
1733214149871 0.000299182656 2816
1733214153731 0.000299163648 2880
1733214159574 0.00029914464 2944
1733214163446 0.000299125632 3008
1733214165367 0.000299106624 3072
1733214167205 0.000299087616 3136
1733214169042 0.00029906860799999995 3200
1733214172807 0.0002990496 3264
1733214176637 0.00029903059199999995 3328
1733214180509 0.00029901158399999996 3392
1733214186384 0.000298992576 3456
1733214188394 0.00029897356799999997 3520
1733214190307 0.00029895455999999997 3584
1733214194186 0.00029893555199999997 3648
1733214198062 0.000298916544 3712
1733214200069 0.000298897536 3776
1733214202005 0.000298878528 3840
1733214203833 0.00029885952 3904
1733214207677 0.000298840512 3968
1733214209729 0.000298821504 4032
1733214211758 0.00029880249599999995 4096
1733214215540 0.000298783488 4160
1733214217428 0.00029876447999999995 4224
1733214221216 0.00029874547199999996 4288
1733214225078 0.00029872646399999996 4352
1733214228844 0.00029870745599999996 4416
1733214232653 0.00029868844799999997 4480
1733214234573 0.00029866943999999997 4544
1733214238515 0.000298650432 4608
1733214240571 0.000298631424 4672
1733214242494 0.000298612416 4736
1733214246247 0.000298593408 4800
1733214248137 0.0002985744 4864
1733214252194 0.000298555392 4928
1733214254291 0.00029853638399999995 4992
1733214256235 0.00029851737599999995 5056
1733214258158 0.000298498368 5120
1733214262032 0.00029847935999999996 5184
1733214264079 0.00029846035199999996 5248
1733214268148 0.00029844134399999996 5312
1733214272037 0.00029842233599999997 5376
1733214275800 0.00029840332799999997 5440
1733214277767 0.00029838432 5504
1733214281663 0.000298365312 5568
1733214283533 0.000298346304 5632
1733214285361 0.000298327296 5696
1733214289246 0.00029830828799999994 5760
1733214295092 0.00029828928 5824
1733214297054 0.00029827027199999995 5888
1733214298910 0.00029825126399999995 5952
1733214302762 0.000298232256 6016
1733214304699 0.00029821324799999996 6080
1733214308615 0.00029819423999999996 6144
1733214310712 0.00029817523199999996 6208
1733214314572 0.00029815622399999997 6272
1733214318397 0.00029813721599999997 6336
1733214324284 0.000298118208 6400
1733214326235 0.0002980992 6464
1733214332118 0.000298080192 6528
1733214334259 0.000298061184 6592
1733214336365 0.00029804217599999994 6656
1733214338320 0.000298023168 6720
1733214342152 0.00029800416 6784
1733214346031 0.00029798515199999995 6848
1733214351772 0.000297966144 6912
1733214353755 0.00029794713599999996 6976
1733214355702 0.00029792812799999996 7040
1733214357548 0.00029790911999999996 7104
1733214361383 0.00029789011199999997 7168
1733214367382 0.00029787110399999997 7232
1733214369351 0.000297852096 7296
1733214371282 0.000297833088 7360
1733214373125 0.00029781408 7424
1733214377035 0.000297795072 7488
1733214380957 0.00029777606399999994 7552
1733214383023 0.000297757056 7616
1733214386908 0.000297738048 7680
1733214388845 0.00029771903999999995 7744
1733214390697 0.000297700032 7808
1733214394718 0.00029768102399999996 7872
1733214398648 0.00029766201599999996 7936
1733214400527 0.00029764300799999996 8000
1733214402378 0.00029762399999999997 8064
1733214406324 0.00029760499199999997 8128
1733214408332 0.000297585984 8192
1733214410159 0.000297566976 8256
1733214414036 0.000297547968 8320
1733214417908 0.00029752896 8384
1733214419902 0.000297509952 8448
1733214423819 0.000297490944 8512
1733214427695 0.000297471936 8576
1733214429681 0.00029745292799999995 8640
1733214433572 0.00029743392 8704
1733214437567 0.00029741491199999996 8768
1733214439737 0.00029739590399999996 8832
1733214443796 0.00029737689599999996 8896
1733214445788 0.00029735788799999997 8960
1733214447732 0.00029733887999999997 9024
1733214451519 0.000297319872 9088
1733214453412 0.000297300864 9152
1733214457137 0.000297281856 9216
1733214459135 0.000297262848 9280
1733214461090 0.00029724384 9344
1733214464895 0.000297224832 9408
1733214468796 0.000297205824 9472
1733214470925 0.00029718681599999995 9536
1733214472986 0.00029716780799999995 9600
1733214474910 0.00029714879999999996 9664
1733214478722 0.00029712979199999996 9728
1733214482713 0.00029711078399999996 9792
1733214484932 0.00029709177599999997 9856
1733214488746 0.00029707276799999997 9920
1733214492495 0.00029705376 9984
1733214494448 0.000297034752 10048
1733214496420 0.000297015744 10112
1733214498263 0.000296996736 10176
1733214500117 0.000296977728 10240
1733214501955 0.00029695871999999994 10304
1733214503821 0.000296939712 10368
1733214505677 0.00029692070399999995 10432
1733214509495 0.00029690169599999995 10496
1733214511549 0.000296882688 10560
1733214515456 0.00029686367999999996 10624
1733214517437 0.00029684467199999996 10688
1733214521400 0.00029682566399999997 10752
1733214523375 0.00029680665599999997 10816
1733214527267 0.000296787648 10880
1733214531181 0.00029676864 10944
1733214533110 0.000296749632 11008
1733214535037 0.000296730624 11072
1733214536867 0.000296711616 11136
1733214540772 0.00029669260799999994 11200
1733214542786 0.0002966736 11264
1733214548631 0.00029665459199999995 11328
1733214552566 0.00029663558399999995 11392
1733214558421 0.000296616576 11456
1733214560365 0.00029659756799999996 11520
1733214562257 0.00029657855999999996 11584
1733214566060 0.00029655955199999997 11648
1733214568054 0.00029654054399999997 11712
1733214569949 0.000296521536 11776
1733214573706 0.000296502528 11840
1733214575694 0.00029648352 11904
1733214579611 0.000296464512 11968
1733214581592 0.000296445504 12032
1733214583515 0.00029642649599999994 12096
1733214587391 0.000296407488 12160
1733214591372 0.00029638848 12224
1733214593376 0.00029636947199999995 12288
1733214595302 0.000296350464 12352
1733214599069 0.00029633145599999996 12416
1733214601000 0.00029631244799999996 12480
1733214602934 0.00029629343999999997 12544
1733214604770 0.00029627443199999997 12608
1733214608510 0.000296255424 12672
1733214610447 0.000296236416 12736
1733214614284 0.000296217408 12800
1733214618129 0.0002961984 12864
1733214623959 0.000296179392 12928
1733214627821 0.00029616038399999994 12992
1733214629802 0.000296141376 13056
1733214635629 0.000296122368 13120
1733214637533 0.00029610335999999995 13184
1733214641404 0.00029608435199999996 13248
1733214645277 0.00029606534399999996 13312
1733214647312 0.00029604633599999996 13376
1733214651182 0.00029602732799999997 13440
1733214655021 0.00029600831999999997 13504
1733214656971 0.000295989312 13568
1733214658849 0.000295970304 13632
1733214662665 0.000295951296 13696
1733214664715 0.000295932288 13760
1733214668522 0.00029591328 13824
1733214670475 0.000295894272 13888
1733214672391 0.000295875264 13952
1733214676298 0.000295856256 14016
1733214680246 0.00029583724799999995 14080
1733214682263 0.00029581823999999995 14144
1733214686140 0.00029579923199999996 14208
1733214688171 0.00029578022399999996 14272
1733214691966 0.00029576121599999997 14336
1733214693909 0.00029574220799999997 14400
1733214697659 0.0002957232 14464
1733214699576 0.000295704192 14528
1733214703394 0.000295685184 14592
1733214707293 0.000295666176 14656
1733214711233 0.000295647168 14720
1733214715033 0.00029562816 14784
1733214717037 0.00029560915199999994 14848
1733214719004 0.000295590144 14912
1733214722917 0.00029557113599999995 14976
1733214724934 0.00029555212799999995 15040
1733214728798 0.00029553311999999996 15104
1733214730802 0.00029551411199999996 15168
1733214732736 0.00029549510399999997 15232
1733214734667 0.00029547609599999997 15296
1733214736603 0.000295457088 15360
1733214738507 0.00029543808 15424
1733214740447 0.000295419072 15488
1733214742385 0.000295400064 15552
1733214748340 0.000295381056 15616
1733214752328 0.000295362048 15680
1733214756193 0.00029534303999999994 15744
1733214758125 0.000295324032 15808
1733214762015 0.00029530502399999995 15872
1733214767800 0.00029528601599999995 15936
1733214769723 0.000295267008 16000
1733214773575 0.00029524799999999996 16064
1733214775602 0.00029522899199999997 16128
1733214777548 0.00029520998399999997 16192
1733214781354 0.000295190976 16256
1733214783242 0.000295171968 16320
1733214787049 0.00029515296 16384
1733214788960 0.000295133952 16448
1733214792862 0.000295114944 16512
1733214796697 0.000295095936 16576
1733214798770 0.00029507692799999994 16640
1733214800735 0.00029505792 16704
1733214802566 0.00029503891199999995 16768
1733214808258 0.00029501990399999995 16832
1733214812048 0.000295000896 16896
