1733214022012 1.1983221769332886 128
1733214027970 0.6385048627853394 192
1733214029988 52.561119079589844 256
1733214033990 0.2529495358467102 320
1733214039864 37.506080627441406 384
1733214043848 76.69955444335938 448
1733214047729 35.404327392578125 512
1733214049703 18.15523338317871 576
1733214051625 7.109338283538818 640
1733214053444 3.7435500621795654 704
1733214055270 4.706419944763184 768
1733214057119 1.1645939350128174 832
1733214060911 2.5084121227264404 896
1733214062805 60.64675521850586 960
1733214066712 1.2037237882614136 1024
1733214068709 21.85539436340332 1088
1733214072536 0.5133365392684937 1152
1733214076535 69.70912170410156 1216
1733214080393 20.2277889251709 1280
1733214084286 51.664371490478516 1344
1733214086254 60.201255798339844 1408
1733214090113 0.9492483139038086 1472
1733214093951 27.924951553344727 1536
1733214095963 19.48716926574707 1600
1733214097930 2.3970508575439453 1664
1733214099804 3.470954179763794 1728
1733214101628 2.7601335048675537 1792
1733214103443 1.4951825141906738 1856
1733214107253 0.130705326795578 1920
1733214109196 36.51836395263672 1984
1733214111119 0.1490018665790558 2048
1733214115024 0.1360912024974823 2112
1733214116988 64.51427459716797 2176
1733214118900 0.2873668670654297 2240
1733214122679 0.5053410530090332 2304
1733214126446 43.94618225097656 2368
1733214130285 45.196537017822266 2432
1733214132233 38.88217544555664 2496
1733214136177 0.8237020969390869 2560
1733214142039 46.48970031738281 2624
1733214144001 81.81023406982422 2688
1733214147909 0.41256183385849 2752
1733214149872 73.71858215332031 2816
1733214153732 0.1972109079360962 2880
1733214159575 35.84308624267578 2944
1733214163446 56.19013595581055 3008
1733214165367 27.570838928222656 3072
1733214167206 2.7849717140197754 3136
1733214169043 2.212833881378174 3200
1733214172808 0.21750372648239136 3264
1733214176638 67.33698272705078 3328
1733214180509 23.56436538696289 3392
1733214186385 60.58158493041992 3456
1733214188395 37.61545944213867 3520
1733214190308 3.629016876220703 3584
1733214194187 2.6724677085876465 3648
1733214198063 12.233198165893555 3712
1733214200070 19.45445442199707 3776
1733214202005 2.8917016983032227 3840
1733214203834 1.2589068412780762 3904
1733214207678 1.288663625717163 3968
1733214209730 26.341943740844727 4032
1733214211759 2.0700061321258545 4096
1733214215541 0.7896779775619507 4160
1733214217429 67.55449676513672 4224
1733214221217 2.999264717102051 4288
1733214225078 29.83876609802246 4352
1733214228844 26.651107788085938 4416
1733214232657 22.673137664794922 4480
1733214234573 3.8462255001068115 4544
1733214238516 7.448197364807129 4608
1733214240572 13.632547378540039 4672
1733214242495 2.429753303527832 4736
1733214246248 2.6309425830841064 4800
1733214248138 30.843469619750977 4864
1733214252195 0.665184736251831 4928
1733214254292 0.6357136964797974 4992
1733214256236 0.19959452748298645 5056
1733214258159 0.4706258177757263 5120
1733214262033 0.1030062586069107 5184
1733214264080 75.17232513427734 5248
1733214268149 -0.05512861907482147 5312
1733214272038 124.1820068359375 5376
1733214275801 68.34149932861328 5440
1733214277768 56.58864212036133 5504
1733214281663 0.2497565895318985 5568
1733214283534 22.12955665588379 5632
1733214285362 3.6395111083984375 5696
1733214289247 0.5185185670852661 5760
1733214295092 39.63773727416992 5824
1733214297055 88.16012573242188 5888
1733214298911 2.4892094135284424 5952
1733214302763 1.3891942501068115 6016
1733214304700 48.32766342163086 6080
1733214308615 2.753929376602173 6144
1733214310713 44.37590026855469 6208
1733214314573 0.25008097290992737 6272
1733214318398 32.53077697753906 6336
1733214324285 50.02911376953125 6400
1733214326235 46.58535385131836 6464
1733214332119 3.002471685409546 6528
1733214334260 38.998573303222656 6592
1733214336366 4.648763656616211 6656
1733214338321 1.7782769203186035 6720
1733214342153 2.302769184112549 6784
1733214346031 12.327659606933594 6848
1733214351773 23.73722267150879 6912
1733214353756 22.958166122436523 6976
1733214355703 3.406189203262329 7040
1733214357549 1.7304606437683105 7104
1733214361384 0.2933080494403839 7168
1733214367383 0.7113383412361145 7232
1733214369352 85.66310119628906 7296
1733214371283 1.6293891668319702 7360
1733214373126 2.024738311767578 7424
1733214377036 0.151114821434021 7488
1733214380958 0.3844184875488281 7552
1733214383024 87.1357421875 7616
1733214386909 0.9442266225814819 7680
1733214388846 58.363346099853516 7744
1733214390698 0.6608757376670837 7808
1733214394719 0.022611699998378754 7872
1733214398649 0.773980975151062 7936
1733214400528 116.90618133544922 8000
1733214402379 -0.08143030107021332 8064
1733214406325 0.7516920566558838 8128
1733214408333 1.8582433462142944 8192
1733214410160 1.2389976978302002 8256
1733214414037 -0.04777354747056961 8320
1733214417909 18.450258255004883 8384
1733214419903 28.127206802368164 8448
1733214423819 2.0977251529693604 8512
1733214427696 14.974370956420898 8576
1733214429682 18.408979415893555 8640
1733214433573 2.9866790771484375 8704
1733214437568 14.232046127319336 8768
1733214439738 11.526511192321777 8832
1733214443797 3.2057738304138184 8896
1733214445789 20.419740676879883 8960
1733214447732 3.175095796585083 9024
1733214451520 1.4634720087051392 9088
1733214453413 2.4786508083343506 9152
1733214457138 0.9429315328598022 9216
1733214459136 63.51651382446289 9280
1733214461091 0.8660508990287781 9344
1733214464896 0.5441659092903137 9408
1733214468797 66.6890640258789 9472
1733214470925 35.2126350402832 9536
1733214472987 0.23557274043560028 9600
1733214474911 -0.003616444766521454 9664
1733214478723 -0.05136462673544884 9728
1733214482714 24.88814353942871 9792
1733214484933 55.164093017578125 9856
1733214488746 0.9340752363204956 9920
1733214492495 52.790061950683594 9984
1733214494449 37.17677688598633 10048
1733214496421 1.3901562690734863 10112
1733214498264 0.2958548367023468 10176
1733214500117 0.5521037578582764 10240
1733214501956 1.5037533044815063 10304
1733214503822 0.46941807866096497 10368
1733214505678 -0.03539241850376129 10432
1733214509495 0.026161551475524902 10496
1733214511550 -0.06151006370782852 10560
1733214515457 -0.05149869620800018 10624
1733214517438 71.70476531982422 10688
1733214521401 0.8372093439102173 10752
1733214523376 22.942827224731445 10816
1733214527267 0.40919381380081177 10880
1733214531181 48.8930778503418 10944
1733214533111 58.347347259521484 11008
1733214535038 0.2787882387638092 11072
1733214536868 0.08368263393640518 11136
1733214540773 -0.09617677330970764 11200
1733214542787 66.99678039550781 11264
1733214548632 0.9937704801559448 11328
1733214552567 143.66680908203125 11392
1733214558422 71.46360778808594 11456
1733214560365 100.33952331542969 11520
1733214562258 1.4702342748641968 11584
1733214566061 0.056930191814899445 11648
1733214568055 43.21063232421875 11712
1733214569950 0.9965367913246155 11776
1733214573707 0.19198913872241974 11840
1733214575695 49.93904113769531 11904
1733214579612 -0.05956784263253212 11968
1733214581593 59.361297607421875 12032
1733214583516 0.05788443237543106 12096
1733214587392 0.0006302893161773682 12160
1733214591373 42.5385856628418 12224
1733214593377 99.71007537841797 12288
1733214595303 0.37185773253440857 12352
1733214599070 -0.015487730503082275 12416
1733214601001 51.46904754638672 12480
1733214602935 0.2897096872329712 12544
1733214604771 0.49129942059516907 12608
1733214608511 -0.10682494938373566 12672
1733214610448 120.69629669189453 12736
1733214614285 -0.06067083030939102 12800
1733214618130 98.86639404296875 12864
1733214623960 61.78683090209961 12928
1733214627822 97.25739288330078 12992
1733214629803 64.0379867553711 13056
1733214635630 4.059357166290283 13120
1733214637534 71.835205078125 13184
1733214641405 2.095536947250366 13248
1733214645278 2.1323585510253906 13312
1733214647313 35.33822250366211 13376
1733214651183 1.311728835105896 13440
1733214655022 41.22724151611328 13504
1733214656971 37.92130661010742 13568
1733214658849 2.6867597103118896 13632
1733214662666 0.5656343698501587 13696
1733214664716 52.40740966796875 13760
1733214668523 0.3518655300140381 13824
1733214670476 43.913639068603516 13888
1733214672392 1.3033480644226074 13952
1733214676299 1.0372315645217896 14016
1733214680247 111.69893646240234 14080
1733214682264 78.40611267089844 14144
1733214686141 0.5093265771865845 14208
1733214688172 43.947181701660156 14272
1733214691967 1.2995648384094238 14336
1733214693910 48.02325439453125 14400
1733214697660 1.2039744853973389 14464
1733214699577 55.5546760559082 14528
1733214703395 -0.026265494525432587 14592
1733214707294 36.92805099487305 14656
1733214711234 30.450298309326172 14720
1733214715033 45.94647979736328 14784
1733214717038 44.60801315307617 14848
1733214719005 3.590730905532837 14912
1733214722918 3.127636432647705 14976
1733214724935 48.28407287597656 15040
1733214728799 0.6089348196983337 15104
1733214730803 28.636674880981445 15168
1733214732737 0.7659000754356384 15232
1733214734671 3.1702070236206055 15296
1733214736604 1.8140099048614502 15360
1733214738508 0.38192012906074524 15424
1733214740447 0.06890653818845749 15488
1733214742386 1.4202600717544556 15552
1733214748341 -0.04190193861722946 15616
1733214752328 75.64225006103516 15680
1733214756194 106.03176879882812 15744
1733214758126 53.25495147705078 15808
1733214762016 0.6058950424194336 15872
1733214767801 33.75136947631836 15936
1733214769724 140.3708953857422 16000
1733214773575 2.3459632396698 16064
1733214775602 90.3105239868164 16128
1733214777549 1.7025882005691528 16192
1733214781355 0.06033070385456085 16256
1733214783243 56.256141662597656 16320
1733214787050 0.06815091520547867 16384
1733214788961 47.158058166503906 16448
1733214792863 0.3350434899330139 16512
1733214796698 55.285011291503906 16576
1733214798771 46.74812698364258 16640
1733214800736 0.010624982416629791 16704
1733214802567 0.791521430015564 16768
1733214808259 -0.07533858716487885 16832
1733214812049 161.14549255371094 16896
