1733214022013 468760.0 128
1733214027971 468770.0 192
1733214029989 468780.0 256
1733214033991 468790.0 320
1733214039864 468800.0 384
1733214043849 468810.0 448
1733214047729 468820.0 512
1733214049703 468830.0 576
1733214051626 468840.0 640
1733214053445 468850.0 704
1733214055271 468860.0 768
1733214057120 468870.0 832
1733214060912 468880.0 896
1733214062806 468890.0 960
1733214066713 468900.0 1024
1733214068710 468910.0 1088
1733214072536 468920.0 1152
1733214076536 468930.0 1216
1733214080394 468940.0 1280
1733214084286 468950.0 1344
1733214086255 468960.0 1408
1733214090114 468970.0 1472
1733214093952 468980.0 1536
1733214095964 468990.0 1600
1733214097931 469000.0 1664
1733214099804 469010.0 1728
1733214101629 469020.0 1792
1733214103444 469030.0 1856
1733214107254 469040.0 1920
1733214109197 469050.0 1984
1733214111120 469060.0 2048
1733214115024 469070.0 2112
1733214116989 469080.0 2176
1733214118900 469090.0 2240
1733214122680 469100.0 2304
1733214126447 469110.0 2368
1733214130286 469120.0 2432
1733214132234 469130.0 2496
1733214136178 469140.0 2560
1733214142039 469150.0 2624
1733214144002 469160.0 2688
1733214147910 469170.0 2752
1733214149873 469180.0 2816
1733214153732 469190.0 2880
1733214159576 469200.0 2944
1733214163447 469210.0 3008
1733214165368 469220.0 3072
1733214167207 469230.0 3136
1733214169044 469240.0 3200
1733214172809 469250.0 3264
1733214176639 469260.0 3328
1733214180510 469270.0 3392
1733214186386 469280.0 3456
1733214188396 469290.0 3520
1733214190309 469300.0 3584
1733214194188 469310.0 3648
1733214198064 469320.0 3712
1733214200071 469330.0 3776
1733214202006 469340.0 3840
1733214203835 469350.0 3904
1733214207679 469360.0 3968
1733214209730 469370.0 4032
1733214211760 469380.0 4096
1733214215542 469390.0 4160
1733214217430 469400.0 4224
1733214221218 469410.0 4288
1733214225079 469420.0 4352
1733214228845 469430.0 4416
1733214232658 469440.0 4480
1733214234574 469450.0 4544
1733214238517 469460.0 4608
1733214240573 469470.0 4672
1733214242496 469480.0 4736
1733214246249 469490.0 4800
1733214248139 469500.0 4864
1733214252196 469510.0 4928
1733214254293 469520.0 4992
1733214256237 469530.0 5056
1733214258160 469540.0 5120
1733214262034 469550.0 5184
1733214264081 469560.0 5248
1733214268150 469570.0 5312
1733214272039 469580.0 5376
1733214275801 469590.0 5440
1733214277769 469600.0 5504
1733214281664 469610.0 5568
1733214283535 469620.0 5632
1733214285363 469630.0 5696
1733214289248 469640.0 5760
1733214295093 469650.0 5824
1733214297055 469660.0 5888
1733214298912 469670.0 5952
1733214302764 469680.0 6016
1733214304701 469690.0 6080
1733214308616 469700.0 6144
1733214310714 469710.0 6208
1733214314574 469720.0 6272
1733214318399 469730.0 6336
1733214324286 469740.0 6400
1733214326236 469750.0 6464
1733214332120 469760.0 6528
1733214334261 469770.0 6592
1733214336366 469780.0 6656
1733214338322 469790.0 6720
1733214342154 469800.0 6784
1733214346032 469810.0 6848
1733214351774 469820.0 6912
1733214353756 469830.0 6976
1733214355704 469840.0 7040
1733214357550 469850.0 7104
1733214361385 469860.0 7168
1733214367384 469870.0 7232
1733214369352 469880.0 7296
1733214371284 469890.0 7360
1733214373127 469900.0 7424
1733214377037 469910.0 7488
1733214380958 469920.0 7552
1733214383025 469930.0 7616
1733214386909 469940.0 7680
1733214388847 469950.0 7744
1733214390699 469960.0 7808
1733214394720 469970.0 7872
1733214398650 469980.0 7936
1733214400529 469990.0 8000
1733214402380 470000.0 8064
1733214406326 470010.0 8128
1733214408334 470020.0 8192
1733214410161 470030.0 8256
1733214414037 470040.0 8320
1733214417910 470050.0 8384
1733214419904 470060.0 8448
1733214423820 470070.0 8512
1733214427697 470080.0 8576
1733214429683 470090.0 8640
1733214433574 470100.0 8704
1733214437568 470110.0 8768
1733214439739 470120.0 8832
1733214443798 470130.0 8896
1733214445790 470140.0 8960
1733214447733 470150.0 9024
1733214451521 470160.0 9088
1733214453414 470170.0 9152
1733214457139 470180.0 9216
1733214459137 470190.0 9280
1733214461092 470200.0 9344
1733214464896 470210.0 9408
1733214468798 470220.0 9472
1733214470926 470230.0 9536
1733214472988 470240.0 9600
1733214474912 470250.0 9664
1733214478724 470260.0 9728
1733214482715 470270.0 9792
1733214484934 470280.0 9856
1733214488747 470290.0 9920
1733214492496 470300.0 9984
1733214494450 470310.0 10048
1733214496422 470320.0 10112
1733214498265 470330.0 10176
1733214500118 470340.0 10240
1733214501957 470350.0 10304
1733214503823 470360.0 10368
1733214505679 470370.0 10432
1733214509496 470380.0 10496
1733214511551 470390.0 10560
1733214515458 470400.0 10624
1733214517439 470410.0 10688
1733214521402 470420.0 10752
1733214523377 470430.0 10816
1733214527268 470440.0 10880
1733214531182 470450.0 10944
1733214533112 470460.0 11008
1733214535039 470470.0 11072
1733214536869 470480.0 11136
1733214540773 470490.0 11200
1733214542788 470500.0 11264
1733214548633 470510.0 11328
1733214552568 470520.0 11392
1733214558423 470530.0 11456
1733214560366 470540.0 11520
1733214562259 470550.0 11584
1733214566062 470560.0 11648
1733214568056 470570.0 11712
1733214569953 470580.0 11776
1733214573708 470590.0 11840
1733214575695 470600.0 11904
1733214579613 470610.0 11968
1733214581594 470620.0 12032
1733214583517 470630.0 12096
1733214587393 470640.0 12160
1733214591374 470650.0 12224
1733214593377 470660.0 12288
1733214595304 470670.0 12352
1733214599071 470680.0 12416
1733214601002 470690.0 12480
1733214602936 470700.0 12544
1733214604772 470710.0 12608
1733214608512 470720.0 12672
1733214610449 470730.0 12736
1733214614286 470740.0 12800
1733214618130 470750.0 12864
1733214623961 470760.0 12928
1733214627823 470770.0 12992
1733214629804 470780.0 13056
1733214635631 470790.0 13120
1733214637535 470800.0 13184
1733214641406 470810.0 13248
1733214645278 470820.0 13312
1733214647314 470830.0 13376
1733214651184 470840.0 13440
1733214655023 470850.0 13504
1733214656972 470860.0 13568
1733214658850 470870.0 13632
1733214662666 470880.0 13696
1733214664717 470890.0 13760
1733214668523 470900.0 13824
1733214670477 470910.0 13888
1733214672393 470920.0 13952
1733214676300 470930.0 14016
1733214680247 470940.0 14080
1733214682265 470950.0 14144
1733214686142 470960.0 14208
1733214688173 470970.0 14272
1733214691968 470980.0 14336
1733214693911 470990.0 14400
1733214697661 471000.0 14464
1733214699578 471010.0 14528
1733214703396 471020.0 14592
1733214707295 471030.0 14656
1733214711235 471040.0 14720
1733214715035 471050.0 14784
1733214717039 471060.0 14848
1733214719006 471070.0 14912
1733214722919 471080.0 14976
1733214724936 471090.0 15040
1733214728800 471100.0 15104
1733214730804 471110.0 15168
1733214732738 471120.0 15232
1733214734672 471130.0 15296
1733214736605 471140.0 15360
1733214738509 471150.0 15424
1733214740448 471160.0 15488
1733214742387 471170.0 15552
1733214748342 471180.0 15616
1733214752329 471190.0 15680
1733214756195 471200.0 15744
1733214758127 471210.0 15808
1733214762017 471220.0 15872
1733214767802 471230.0 15936
1733214769725 471240.0 16000
1733214773576 471250.0 16064
1733214775603 471260.0 16128
1733214777550 471270.0 16192
1733214781356 471280.0 16256
1733214783244 471290.0 16320
1733214787051 471300.0 16384
1733214788962 471310.0 16448
1733214792864 471320.0 16512
1733214796699 471330.0 16576
1733214798772 471340.0 16640
1733214800737 471350.0 16704
1733214802567 471360.0 16768
1733214808260 471370.0 16832
1733214812050 471380.0 16896
