1733214022014 -0.0008360371924936771 128
1733214027972 -0.009998117992654442 192
1733214029990 -0.012477629538625478 256
1733214033992 -0.018627407588064672 320
1733214039865 -0.0020915218628942966 384
1733214043850 -0.0019861426670104267 448
1733214047730 -0.002253610035404563 512
1733214049704 -0.014912460278719664 576
1733214051627 -0.009125191904604434 640
1733214053446 -0.00571678439155221 704
1733214055272 -0.010139959678053857 768
1733214057121 -0.009340821439400316 832
1733214060913 -0.002537438040599227 896
1733214062807 -0.0118579703848809 960
1733214066714 -0.006698070513084531 1024
1733214068711 -0.000516867870464921 1088
1733214072537 -0.00961789209395647 1152
1733214076537 -0.001354076899588108 1216
1733214080395 -0.0004269984550774097 1280
1733214084287 -0.0036796637810766696 1344
1733214086255 -0.0040462112054228784 1408
1733214090115 -0.0007565078325569629 1472
1733214093953 -0.008474134840071201 1536
1733214095964 -0.007584833446890116 1600
1733214097931 -0.012655135616660118 1664
1733214099805 -0.0052614230662584305 1728
1733214101630 -0.006177846947684884 1792
1733214103445 -0.010279749147593975 1856
1733214107255 -0.0008819925598800183 1920
1733214109198 -0.0020743591245263814 1984
1733214111121 -0.009296904504299163 2048
1733214115025 -0.0004423005972057581 2112
1733214116990 -0.002779367659240961 2176
1733214118901 -0.0012842575553804636 2240
1733214122681 -0.002971811592578888 2304
1733214126448 -0.0075428889133036135 2368
1733214130287 -0.002579896664246917 2432
1733214132235 -9.017246775329113e-05 2496
1733214136179 -0.004022926604375243 2560
1733214142040 -0.004800589755177498 2624
1733214144003 -0.0015508962795138359 2688
1733214147911 -0.0047489207820035515 2752
1733214149874 6.014751270413399e-05 2816
1733214153733 -0.0020490882452577353 2880
1733214159577 -0.003380642365664244 2944
1733214163448 0.0004153258167207241 3008
1733214165369 -0.001081365253776312 3072
1733214167208 -0.0014483893755823374 3136
1733214169045 -0.005844446504488588 3200
1733214172809 -0.004015071457251907 3264
1733214176640 -0.0006298009771853686 3328
1733214180511 -0.0006411499343812466 3392
1733214186386 -0.0020455044694244863 3456
1733214188397 0.00017127948813140393 3520
1733214190310 -0.0019571684300899506 3584
1733214194189 -0.0012255934998393059 3648
1733214198065 -0.007434968929737806 3712
1733214200072 -0.0005898368079215288 3776
1733214202007 -0.00032294983975589275 3840
1733214203836 -0.0035891943145543335 3904
1733214207680 -0.002116230223327875 3968
1733214209731 0.0007864978164434433 4032
1733214211761 -0.0012404200620949267 4096
1733214215543 -0.00788147416897118 4160
1733214217431 -0.0015312539879232645 4224
1733214221219 -0.0030494953971356153 4288
1733214225080 -0.0010749071836471558 4352
1733214228846 -0.0020668129436671734 4416
1733214232659 6.429804489016533e-06 4480
1733214234575 -0.002703003538772464 4544
1733214238518 -6.17452897131443e-05 4608
1733214240574 -0.001711184810847044 4672
1733214242497 -0.006616892386227846 4736
1733214246250 -0.009907894581556321 4800
1733214248140 -0.00022373832762241365 4864
1733214252197 -0.016574878245592117 4928
1733214254294 -0.001556619070470333 4992
1733214256237 -0.0034924007952213286 5056
1733214258161 -0.0010184443788602948 5120
1733214262034 -0.0038862996734678745 5184
1733214264082 -0.004616453358903527 5248
1733214268150 -0.00020848726853728294 5312
1733214272039 -0.0004773260094225407 5376
1733214275802 -0.0012708586174994708 5440
1733214277770 -0.0009473906829953194 5504
1733214281665 -0.006303928792476654 5568
1733214283536 -0.00930538959801197 5632
1733214285364 6.150463595986367e-05 5696
1733214289249 -0.001688717631623149 5760
1733214295094 -0.0031949705444276333 5824
1733214297056 -0.0029069143813103436 5888
1733214298913 -0.009085687668994069 5952
1733214302765 -0.0073055091314017774 6016
1733214304702 -0.0017004693858325482 6080
1733214308617 -0.002676963759586215 6144
1733214310715 -0.005223456909880042 6208
1733214314575 -0.01766127282753587 6272
1733214318400 0.00020055719651281833 6336
1733214324287 -0.004450201382860541 6400
1733214326237 -0.008355018123984337 6464
1733214332120 -0.00958379781804979 6528
1733214334262 -0.01048067482188344 6592
1733214336367 -0.001168620539829135 6656
1733214338323 -0.0063691424205899235 6720
1733214342155 -0.003469357267022133 6784
1733214346033 -0.002720671333372593 6848
1733214351775 -0.004356079176068306 6912
1733214353757 -0.01126394742168486 6976
1733214355705 -0.011372704012319445 7040
1733214357551 -0.0002712324261665344 7104
1733214361386 -0.001059111626818776 7168
1733214367385 -0.007298032008111477 7232
1733214369353 -0.0076430146116763355 7296
1733214371285 -0.0011159655638039111 7360
1733214373128 -0.024206173606216908 7424
1733214377037 -0.002336236648261547 7488
1733214380959 -0.0019019018393009901 7552
1733214383026 -0.00780695416033268 7616
1733214386910 0.00029829787090420725 7680
1733214388848 -0.0022914045490324496 7744
1733214390700 -0.004416281380690635 7808
1733214394720 -0.00428804443217814 7872
1733214398651 -0.002504814136773348 7936
1733214400529 -0.002187979593873024 8000
1733214402381 -0.007091078674420714 8064
1733214406327 -0.01768785985186696 8128
1733214408335 -0.009722428116947412 8192
1733214410162 -0.006833589263260364 8256
1733214414038 -0.005334629584103823 8320
1733214417910 -0.005983455758541823 8384
1733214419905 -0.010315982345491647 8448
1733214423821 -0.007813263032585383 8512
1733214427697 -0.017114096926525234 8576
1733214429684 0.00011861231178045273 8640
1733214433575 -0.002175427321344614 8704
1733214437569 -0.008068828843533993 8768
1733214439740 -0.00032324502244591714 8832
1733214443799 -0.0006075516808778048 8896
1733214445791 -0.0004917251877486706 8960
1733214447734 0.0002381488913670182 9024
1733214451521 -0.021350371837615966 9088
1733214453415 -0.004629170335829258 9152
1733214457140 -0.0012674685567617416 9216
1733214459137 -0.008372938586398959 9280
1733214461092 -0.006486902758479118 9344
1733214464897 -0.005771657079458236 9408
1733214468799 -0.0008653394877910614 9472
1733214470927 -0.011654942762106657 9536
1733214472989 -0.0026142840273678304 9600
1733214474913 -0.01068333713337779 9664
1733214478725 -0.006067076604813338 9728
1733214482716 -4.822323098778725e-05 9792
1733214484935 -0.006398552656173706 9856
1733214488748 -0.0025769366882741453 9920
1733214492497 -0.0032616245094686746 9984
1733214494453 -0.011939222598448396 10048
1733214496423 -0.0014975962694734335 10112
1733214498269 -0.0065120718441903595 10176
1733214500119 -0.004384242743253708 10240
1733214501958 0.00012655765749514103 10304
1733214503824 -0.008575747767463327 10368
1733214505680 -0.0005902384174987674 10432
1733214509497 -0.008481807773932815 10496
1733214511551 -7.723532617092133e-05 10560
1733214515459 -0.026650361157953738 10624
1733214517440 -0.0018298599403351544 10688
1733214521403 -0.0005541239865124225 10752
1733214523378 -0.0015477857552468777 10816
1733214527269 -9.137049783021211e-05 10880
1733214531183 -0.007453910680487752 10944
1733214533113 -0.0013094417750835418 11008
1733214535039 -0.01948927538469434 11072
1733214536870 -0.013686250057071447 11136
1733214540774 -0.005887383595108986 11200
1733214542789 -0.0005115875974297523 11264
1733214548634 -0.00044504227116703987 11328
1733214552569 -0.0004046613350510597 11392
1733214558424 -0.0007292454596608877 11456
1733214560367 -0.015171779552474618 11520
1733214562260 -0.005869670398533344 11584
1733214566063 -0.004179710429161787 11648
1733214568057 -0.004965342301875353 11712
1733214569954 -0.020317988749593497 11776
1733214573709 -0.00024036103859543801 11840
1733214575696 -0.005008607590571046 11904
1733214579613 0.0007616423070430755 11968
1733214581595 -0.004101554490625858 12032
1733214583518 0.000711721321567893 12096
1733214587394 -0.014849856682121753 12160
1733214591375 -0.0025742677971720695 12224
1733214593378 -0.0014282986521720886 12288
1733214595305 -0.006168108968995512 12352
1733214599071 -0.0012839369475841523 12416
1733214601003 -0.0006052358075976372 12480
1733214602937 2.9963254928588867e-05 12544
1733214604772 -0.0032290863338857887 12608
1733214608513 -0.008452697563916445 12672
1733214610450 -0.0007254975847899914 12736
1733214614287 -0.0011085558217018843 12800
1733214618131 -0.011831636913120747 12864
1733214623962 -0.012933082226663829 12928
1733214627824 -0.013696352718397975 12992
1733214629805 -0.013846646109595896 13056
1733214635632 -0.00029835361056029797 13120
1733214637536 -0.001374876732006669 13184
1733214641407 -0.008406575629487633 13248
1733214645279 -0.008504475839436055 13312
1733214647315 -0.024855519412085414 13376
1733214651185 -0.0004134775139391422 13440
1733214655024 -0.0035817038267850878 13504
1733214656973 -0.01454807547852397 13568
1733214658851 -0.014854666264727711 13632
1733214662667 -0.003973056748509407 13696
1733214664718 -0.0018560956697911025 13760
1733214668524 -0.001292403880506754 13824
1733214670478 -0.02173448195680976 13888
1733214672394 -0.00042077098041772845 13952
1733214676301 -0.00588769200257957 14016
1733214680248 -0.0004894540179520845 14080
1733214682266 -0.005707708420231938 14144
1733214686142 -0.0003897997550666332 14208
1733214688174 -0.005910321511328221 14272
1733214691969 -0.005467658210545778 14336
1733214693912 -0.00041738231666386125 14400
1733214697661 -0.0007544875144958497 14464
1733214699579 -0.0021549854427576065 14528
1733214703397 -0.001616386789828539 14592
1733214707296 -0.012212699837982654 14656
1733214711236 -0.0003139215521514416 14720
1733214715035 -0.00039743888191878796 14784
1733214717040 -0.002501363446936011 14848
1733214719007 -0.00252536591142416 14912
1733214722919 -0.004474081285297871 14976
1733214724937 0.0001237032003700733 15040
1733214728801 -0.0011003287974745036 15104
1733214730805 -0.014207835868000984 15168
1733214732739 -0.00047436808235943315 15232
1733214734673 -0.006665091961622238 15296
1733214736606 -0.0020651192869991066 15360
1733214738510 -0.0012030011974275112 15424
1733214740449 -0.000518291350454092 15488
1733214742387 -0.0020807246211916207 15552
1733214748343 -0.0006126685068011284 15616
1733214752330 -0.00032179155386984347 15680
1733214756196 -0.0009834429249167443 15744
1733214758128 -0.0005804184824228287 15808
1733214762018 -0.0010843812953680754 15872
1733214767803 0.00024604201316833494 15936
1733214769726 -0.01206819168291986 16000
1733214773577 -0.011813297122716903 16064
1733214775604 -0.0019335228018462658 16128
1733214777551 -0.007929960126057267 16192
1733214781357 -0.0006908371113240718 16256
1733214783245 0.00017935717478394507 16320
1733214787052 -0.002009523846209049 16384
1733214788963 -0.0062661048956215385 16448
1733214792865 -0.00102059505879879 16512
1733214796700 -0.00017702472396194935 16576
1733214798773 -0.0026859719306230544 16640
1733214800738 -0.0009685882600024342 16704
1733214802568 -0.00380696440115571 16768
1733214808261 -0.0009829775895923375 16832
1733214812051 -0.0023543038405478 16896
