1733214022016 3.4252672672271727 128
1733214027974 2.439204752445221 192
1733214029992 131.89141960144042 256
1733214033994 0.8131461560726165 320
1733214039867 80.15888810157776 384
1733214043852 134.2587070465088 448
1733214047732 57.114624214172366 512
1733214049706 35.654609656333925 576
1733214051628 12.373699498176574 640
1733214053448 8.414021861553191 704
1733214055273 9.856998801231384 768
1733214057123 2.1694575905799867 832
1733214060914 6.021076166629792 896
1733214062811 106.57085037231445 960
1733214066716 2.2179321974515913 1024
1733214068713 40.94477514624596 1088
1733214072539 1.6162085711956025 1152
1733214076538 126.81791267395019 1216
1733214080397 102.36938810348511 1280
1733214084289 57.9333982989192 1344
1733214086257 62.60009660720825 1408
1733214090117 3.342643615603447 1472
1733214093955 63.13270015716553 1536
1733214095966 41.70253465175629 1600
1733214097933 3.595531564950943 1664
1733214099807 6.342643165588379 1728
1733214101632 6.901699215173721 1792
1733214103446 3.305154636502266 1856
1733214107257 0.48243410252034663 1920
1733214109199 103.36354579925538 1984
1733214111123 0.4975348971784115 2048
1733214115027 0.38338635936379434 2112
1733214116992 117.69857473373413 2176
1733214118903 1.234899067878723 2240
1733214122682 0.9109527856111527 2304
1733214126450 142.43365936279298 2368
1733214130288 128.47979545593262 2432
1733214132237 93.12225742340088 2496
1733214136181 1.3846766218543052 2560
1733214142042 47.82914589643478 2624
1733214144004 156.60478601455688 2688
1733214147913 1.3288286447525024 2752
1733214149875 102.91484928131104 2816
1733214153735 0.3957901790738106 2880
1733214159579 93.7611255645752 2944
1733214163450 134.0562108039856 3008
1733214165371 57.974896335601805 3072
1733214167210 5.713293266296387 3136
1733214169047 3.6857054442167283 3200
1733214172811 0.7172389939427376 3264
1733214176642 115.3528826713562 3328
1733214180513 68.93562889099121 3392
1733214186388 62.52730767726898 3456
1733214188399 70.7500244140625 3520
1733214190311 7.728690767288208 3584
1733214194190 4.925957363843918 3648
1733214198067 31.504069054126738 3712
1733214200073 45.474116468429564 3776
1733214202009 7.120317041873932 3840
1733214203837 2.1780524134635924 3904
1733214207682 3.2260153979063033 3968
1733214209733 68.20397543907166 4032
1733214211763 4.303600794076919 4096
1733214215545 2.6254434078931808 4160
1733214217432 112.14989147186279 4224
1733214221221 5.135305160284043 4288
1733214225082 98.81216068267823 4352
1733214228848 67.75953001976013 4416
1733214232660 45.9826774597168 4480
1733214234577 39.570938396453855 4544
1733214238520 14.951146364212036 4608
1733214240576 29.979577028751372 4672
1733214242498 4.234711438417435 4736
1733214246252 4.236421859264373 4800
1733214248142 81.64537501335144 4864
1733214252199 1.0502324290573597 4928
1733214254295 30.6238043397665 4992
1733214256239 0.47892620638012884 5056
1733214258163 0.8946269437670707 5120
1733214262036 0.4006829995661974 5184
1733214264083 200.01927242279052 5248
1733214268152 0.12914662323892118 5312
1733214272041 137.76311227371917 5376
1733214275804 187.85294876098632 5440
1733214277771 157.848166847229 5504
1733214281667 0.9627580359578133 5568
1733214283538 50.29540430307388 5632
1733214285365 5.3308399558067325 5696
1733214289251 2.4190938115119933 5760
1733214295096 103.86903366744518 5824
1733214297058 168.52523918151854 5888
1733214298915 3.962722897529602 5952
1733214302766 2.4351621478796006 6016
1733214304704 64.73813382089138 6080
1733214308619 3.9038956850767135 6144
1733214310717 75.11298370361328 6208
1733214314576 0.7058104693889617 6272
1733214318401 76.9229305267334 6336
1733214324288 59.26446940898895 6400
1733214326239 100.1055079460144 6464
1733214332122 5.368270218372345 6528
1733214334264 74.98952322006225 6592
1733214336369 8.822129094600678 6656
1733214338324 3.308337014913559 6720
1733214342157 5.158829760551453 6784
1733214346035 74.40965886116028 6848
1733214351777 50.908367824554446 6912
1733214353759 74.74114379882812 6976
1733214355706 6.9636545300483705 7040
1733214357553 3.917391335964203 7104
1733214361388 0.8809887021780014 7168
1733214367386 43.49923447072506 7232
1733214369355 106.25560560226441 7296
1733214371287 3.8611656069755553 7360
1733214373129 3.6975686252117157 7424
1733214377039 0.464083705842495 7488
1733214380961 25.23225654512644 7552
1733214383028 157.15124235153198 7616
1733214386912 1.9131075620651246 7680
1733214388849 119.74489803314209 7744
1733214390702 1.3442119494080544 7808
1733214394722 0.21946635358035566 7872
1733214398652 20.193938624858855 7936
1733214400531 179.69650201797486 8000
1733214402383 0.09629107369109988 8064
1733214406329 1.2105559065937996 8128
1733214408336 53.85278768539429 8192
1733214410164 2.555224674940109 8256
1733214414040 0.25748435985296964 8320
1733214417912 30.678152853250502 8384
1733214419907 57.82537784576416 8448
1733214423823 3.655442291498184 8512
1733214427699 67.69574398994446 8576
1733214429685 39.34511398077011 8640
1733214433577 5.006400293111801 8704
1733214437571 41.70490307807923 8768
1733214439742 29.678965628147125 8832
1733214443801 7.211407423019409 8896
1733214445793 25.13590348958969 8960
1733214447736 6.803439843654632 9024
1733214451523 2.8070188164711 9088
1733214453417 43.78689997792244 9152
1733214457142 3.5488011062145235 9216
1733214459139 80.70257711410522 9280
1733214461094 2.1445921301841735 9344
1733214464899 0.952366153895855 9408
1733214468801 103.51908988952637 9472
1733214470929 90.21425905227662 9536
1733214472990 0.7056547373533248 9600
1733214474915 0.2912476178258657 9664
1733214478727 0.1360312539152801 9728
1733214482718 90.1009865000844 9792
1733214484936 78.01463327407836 9856
1733214488750 3.744833600521088 9920
1733214492499 114.46451435089111 9984
1733214494455 68.06169402599335 10048
1733214496425 2.4210276931524275 10112
1733214498270 1.6364688664674758 10176
1733214500121 1.2098481446504592 10240
1733214501960 4.555377674102783 10304
1733214503826 1.3448329165577888 10368
1733214505682 0.09015950178727508 10432
1733214509499 0.2655032377690077 10496
1733214511553 0.073880582023412 10560
1733214515460 0.044387646857649087 10624
1733214517441 172.12075843811036 10688
1733214521405 1.9480013400316238 10752
1733214523380 154.4008723258972 10816
1733214527271 1.1265484347939492 10880
1733214531185 145.0793300628662 10944
1733214533115 97.34853792190552 11008
1733214535041 0.6478661902248859 11072
1733214536871 0.354025474563241 11136
1733214540776 0.047275254782289264 11200
1733214542790 149.11515436172485 11264
1733214548635 1.7188904374837874 11328
1733214552570 274.74648094177246 11392
1733214558426 123.3738627910614 11456
1733214560369 176.34623928070067 11520
1733214562261 3.0058447062969207 11584
1733214566065 0.23113033249974252 11648
1733214568059 105.04519195556641 11712
1733214569956 3.0270109683275224 11776
1733214573711 0.6428007632493973 11840
1733214575698 169.02685432434083 11904
1733214579615 0.10425963522866369 11968
1733214581597 164.2653564929962 12032
1733214583519 0.3352139536291361 12096
1733214587395 0.25487893596291544 12160
1733214591376 139.75606913566588 12224
1733214593380 137.13567485809327 12288
1733214595306 1.2284521222114564 12352
1733214599073 0.13839136101305485 12416
1733214601004 169.96991786956787 12480
1733214602938 1.1969072565436363 12544
1733214604774 1.4840258732438087 12608
1733214608515 0.02948555969633162 12672
1733214610452 194.1128427505493 12736
1733214614288 0.08562738141044975 12800
1733214618133 185.28592882156372 12864
1733214623964 143.88597412109374 12928
1733214627826 142.46028261184694 12992
1733214629807 76.91473476886749 13056
1733214635634 7.342113566398621 13120
1733214637537 114.10147371292115 13184
1733214641409 4.91547566652298 13248
1733214645281 17.876477152109146 13312
1733214647317 97.03308973312377 13376
1733214651187 2.0479784965515138 13440
1733214655026 113.33158349990845 13504
1733214656975 85.36048636436462 13568
1733214658853 5.3026151895523075 13632
1733214662669 1.198321557044983 13696
1733214664719 92.22961778640747 13760
1733214668526 0.7637772195041179 13824
1733214670479 109.91788539886474 13888
1733214672396 2.503111723065376 13952
1733214676303 2.7881521195173264 14016
1733214680250 142.66265335083008 14080
1733214682270 111.80396680831909 14144
1733214686144 1.2257849544286727 14208
1733214688176 100.98093938827515 14272
1733214691970 2.6016677260398864 14336
1733214693913 110.2963303565979 14400
1733214697663 2.247316429018974 14464
1733214699581 100.75411865711212 14528
1733214703399 0.33863963223993776 14592
1733214707298 90.45620015859603 14656
1733214711237 41.48189818263054 14720
1733214715037 96.3721284866333 14784
1733214717041 69.58446683883668 14848
1733214719009 7.424557995796204 14912
1733214722921 7.573703479766846 14976
1733214724939 72.07640385627747 15040
1733214728803 1.615295435488224 15104
1733214730807 77.84449205398559 15168
1733214732741 2.4601006507873535 15232
1733214734675 6.055218577384949 15296
1733214736608 4.784675073623657 15360
1733214738511 0.7692525327205658 15424
1733214740451 0.25695639122277497 15488
1733214742389 3.2135775983333588 15552
1733214748344 0.10234168767929078 15616
1733214752332 200.70283546447754 15680
1733214756198 117.58485538065433 15744
1733214758130 94.12677853107452 15808
1733214762020 1.2220591947436332 15872
1733214767805 33.1027656942606 15936
1733214769727 211.06161785125732 16000
1733214773579 4.2577853262424465 16064
1733214775606 103.04476771354675 16128
1733214777553 4.439579445123672 16192
1733214781359 0.5056688521057368 16256
1733214783247 101.23351182937623 16320
1733214787054 0.6130054488778114 16384
1733214788965 91.57244558334351 16448
1733214792867 0.9525291576981545 16512
1733214796701 65.20141769647599 16576
1733214798774 125.83899393081666 16640
1733214800739 0.3028689779341221 16704
1733214802570 2.8430175602436067 16768
1733214808262 0.04471241133287549 16832
1733214812053 399.355016708374 16896
