1731095030106 0.0 0
1731095040169 14.6 1
1731095050239 11.6 2
1731095060300 12.5 3
1731095070355 12.5 4
1731095080420 12.6 5
1731095090478 12.5 6
1731095100542 8.9 7
1731095110608 12.7 8
1731095120665 12.8 9
1731095130711 12.8 10
1731095140785 12.6 11
1731095150850 9.8 12
1731095160911 11.3 13
1731095170972 11.4 14
1731095181038 10.2 15
1731095191120 10.4 16
1731095201201 9.3 17
1731095211280 11.9 18
1731095221349 8.7 19
1731095231405 9.5 20
1731095241487 12.0 21
1731095251559 11.9 22
1731095261628 8.9 23
1731095271704 11.8 24
1731095281776 12.5 25
1731095291830 8.3 26
1731095301892 9.5 27
1731095311966 9.2 28
1731095322045 11.4 29
1731095332100 11.1 30
1731095342163 11.3 31
1731095352258 8.6 32
1731095362333 8.2 33
1731095372412 9.5 34
1731095382480 10.8 35
1731095392547 10.2 36
1731095402605 12.3 37
1731095412676 12.3 38
1731095422736 9.6 39
1731095432810 9.6 40
1731095442887 9.5 41
1731095452976 11.6 42
1731095463059 10.7 43
1731095473140 10.3 44
1731095483211 11.2 45
1731095493289 10.4 46
1731095503370 12.6 47
1731095513442 9.7 48
1731095523498 10.9 49
1731095533551 10.2 50
1731095543623 8.5 51
1731095553703 11.5 52
1731095563788 8.7 53
1731095573857 11.4 54
1731095583927 10.6 55
1731095594009 7.9 56
1731095604062 9.0 57
1731095614130 11.5 58
1731095624190 9.8 59
1731095634263 11.3 60
1731095644358 9.3 61
1731095654426 9.4 62
1731095664505 9.2 63
1731095674585 8.8 64
1731095684659 11.0 65
1731095694706 8.9 66
1731095704778 8.8 67
1731095714852 8.6 68
1731095724923 10.7 69
1731095735011 7.9 70
1731095745067 8.0 71
1731095755140 11.7 72
1731095765200 9.1 73
1731095775294 8.7 74
1731095785369 11.3 75
1731095795456 9.4 76
1731095805536 9.9 77
1731095815612 8.8 78
1731095825683 9.0 79
1731095835747 7.5 80
1731095845821 8.8 81
1731095855901 11.5 82
1731095865974 8.5 83
1731095876048 9.2 84
1731095886144 8.2 85
1731095896220 7.8 86
1731095906304 9.9 87
1731095916384 7.6 88
1731095926472 8.0 89
1731095936551 8.1 90
1731095946614 8.4 91
1731095956676 10.6 92
1731095966753 9.0 93
1731095976841 8.2 94
1731095986928 11.0 95
1731095997003 11.0 96
1731096007072 8.3 97
1731096017158 8.2 98
1731096027231 8.3 99
1731096037310 7.3 100
1731096047398 10.4 101
1731096057470 9.5 102
1731096067547 10.9 103
1731096077634 8.7 104
1731096087713 7.3 105
1731096097785 10.1 106
1731096107880 11.0 107
1731096117965 8.7 108
1731096128052 8.7 109
1731096138136 9.1 110
1731096148216 6.8 111
1731096158308 11.0 112
1731096168382 8.4 113
1731096178472 8.9 114
1731096188558 8.3 115
1731096198642 10.1 116
1731096208732 6.7 117
1731096218809 9.7 118
1731096228891 6.8 119
1731096238975 10.9 120
1731096249060 11.6 121
1731096259137 8.6 122
1731096269213 8.6 123
1731096279306 11.4 124
1731096289408 8.7 125
1731096299466 11.4 126
1731096309530 8.7 127
1731096319598 8.5 128
1731096329677 8.6 129
1731096339754 11.6 130
1731096349833 10.1 131
1731096359924 6.9 132
1731096370005 7.5 133
1731096380086 8.7 134
1731096390196 10.5 135
1731096400278 10.9 136
1731096410360 7.7 137
1731096420447 9.5 138
1731096430539 8.7 139
1731096440612 9.3 140
1731096450705 10.9 141
1731096460767 9.1 142
1731096470841 10.8 143
1731096480934 11.5 144
1731096491023 8.3 145
1731096501117 6.8 146
1731096511201 10.7 147
1731096521282 11.6 148
1731096531358 8.7 149
1731096541456 11.0 150
1731096551535 11.0 151
1731096561620 10.3 152
1731096571696 9.2 153
1731096581786 6.9 154
1731096591877 7.8 155
1731096601956 10.3 156
1731096612052 11.0 157
1731096622143 10.5 158
1731096632221 11.1 159
1731096642329 11.8 160
1731096652409 9.4 161
1731096662501 8.7 162
1731096672588 8.5 163
1731096682696 9.0 164
1731096692756 8.3 165
1731096702838 10.7 166
1731096712924 8.3 167
1731096723006 11.7 168
1731096733086 12.2 169
1731096743168 10.5 170
1731096753261 7.8 171
1731096763342 8.0 172
1731096773454 11.3 173
1731096783537 11.7 174
1731096793626 8.8 175
1731096803727 7.1 176
1731096813814 10.4 177
1731096823907 11.4 178
1731096834002 9.7 179
1731096844096 7.0 180
1731096854189 8.4 181
1731096864285 10.8 182
1731096874366 10.9 183
1731096884475 8.5 184
1731096894536 7.5 185
1731096904617 9.7 186
1731096914688 11.3 187
1731096924759 8.0 188
1731096934838 9.0 189
1731096944951 7.7 190
1731096955049 10.0 191
1731096965144 9.7 192
1731096975237 11.4 193
1731096985319 11.0 194
1731096995431 6.9 195
1731097005526 11.1 196
1731097015625 10.9 197
1731097025708 8.0 198
1731097035792 11.1 199
1731097045883 11.2 200
1731097055969 8.5 201
1731097066080 9.9 202
1731097076159 9.9 203
1731097086265 11.5 204
1731097096368 10.9 205
1731097106450 7.1 206
1731097116541 9.5 207
1731097126622 11.2 208
1731097136723 9.5 209
1731097146808 11.7 210
1731097156904 8.8 211
1731097166995 12.1 212
1731097177089 12.0 213
1731097187196 8.2 214
1731097197299 9.2 215
1731097207394 12.6 216
1731097217490 8.7 217
1731097227575 11.8 218
1731097237675 11.5 219
1731097247754 8.0 220
1731097257826 11.1 221
1731097267888 11.2 222
1731097277983 7.9 223
1731097288063 8.1 224
1731097298147 10.8 225
1731097308236 7.4 226
1731097318345 11.1 227
1731097328439 11.0 228
1731097338543 11.5 229
1731097348631 11.1 230
1731097358715 8.8 231
1731097368817 9.3 232
1731097378908 8.7 233
1731097388992 11.8 234
1731097399080 11.9 235
1731097409182 8.8 236
1731097419272 11.0 237
1731097429364 8.8 238
1731097439460 11.7 239
1731097449564 8.2 240
1731097459662 10.0 241
1731097469764 8.5 242
1731097479856 9.2 243
1731097489958 8.9 244
1731097500058 9.0 245
1731097510144 11.2 246
1731097520246 8.7 247
1731097530339 11.5 248
1731097540437 8.3 249
1731097550546 11.5 250
1731097560648 12.0 251
1731097570747 11.3 252
1731097580808 9.4 253
1731097590903 8.0 254
1731097601014 9.6 255
1731097611121 9.2 256
1731097621225 9.7 257
1731097631320 9.6 258
1731097641423 8.7 259
1731097651531 10.0 260
1731097661609 8.9 261
1731097671710 10.5 262
1731097681805 10.9 263
1731097691912 8.7 264
1731097702016 8.9 265
1731097712104 11.2 266
1731097722217 11.8 267
1731097732322 8.5 268
1731097742430 12.2 269
1731097752523 11.9 270
1731097762630 11.5 271
1731097772736 8.8 272
1731097782840 8.0 273
1731097792915 11.4 274
1731097803027 12.2 275
1731097813099 11.9 276
1731097823192 12.1 277
1731097833290 12.1 278
1731097843406 11.2 279
1731097853510 9.0 280
1731097863601 12.4 281
1731097873700 11.6 282
1731097883797 11.5 283
1731097893905 11.2 284
1731097903999 11.4 285
1731097914107 11.2 286
1731097924182 10.4 287
1731097934262 8.4 288
1731097944350 10.4 289
1731097954428 9.9 290
1731097964522 9.2 291
1731097974644 10.8 292
1731097984731 11.1 293
1731097994794 10.9 294
1731098004898 11.0 295
1731098014985 10.9 296
1731098025093 7.8 297
1731098035202 11.6 298
1731098045296 8.3 299
1731098055396 9.8 300
1731098065499 11.8 301
1731098075596 11.5 302
1731098085693 11.4 303
1731098095781 11.0 304
1731098105887 10.7 305
1731098115999 8.1 306
1731098126107 10.2 307
1731098136214 10.7 308
1731098146321 11.1 309
1731098156424 8.2 310
1731098166516 11.0 311
1731098176618 12.1 312
1731098186707 8.9 313
1731098196810 11.8 314
1731098206917 8.7 315
1731098217042 7.7 316
1731098227153 12.0 317
1731098237260 11.6 318
1731098247370 11.5 319
1731098257470 11.6 320
1731098267729 11.8 321
1731098277827 10.7 322
1731098287922 9.9 323
1731098298028 11.7 324
1731098308135 7.7 325
1731098318251 11.0 326
1731098328357 11.4 327
1731098338438 11.5 328
1731098348547 11.1 329
1731098358648 9.7 330
1731098368760 7.5 331
1731098378872 8.8 332
1731098388962 7.7 333
1731098399082 8.5 334
1731098409196 12.0 335
1731098419311 11.5 336
1731098429414 11.5 337
1731098439541 11.5 338
1731098449652 7.7 339
1731098459754 9.3 340
1731098469866 12.1 341
1731098479962 11.7 342
1731098490054 11.5 343
1731098500158 8.1 344
1731098510269 11.9 345
1731098520373 10.5 346
1731098530477 9.7 347
1731098540587 11.7 348
1731098550680 11.5 349
1731098560774 9.6 350
1731098570838 11.6 351
1731098580927 11.9 352
1731098591020 11.8 353
1731098601128 12.1 354
1731098611249 9.5 355
1731098621374 9.4 356
1731098631487 9.6 357
1731098641590 9.4 358
1731098651718 10.4 359
1731098661836 10.3 360
1731098671942 10.4 361
1731098682058 11.1 362
1731098692200 12.8 363
1731098702330 12.1 364
1731098712436 7.4 365
1731098722563 7.1 366
1731098732677 8.6 367
1731098742803 7.6 368
1731098752919 7.2 369
1731098763007 7.0 370
1731098773106 9.2 371
1731098783232 9.4 372
1731098793346 8.2 373
1731098803460 10.0 374
1731098813573 8.4 375
1731098823684 9.9 376
1731098833798 6.3 377
1731098843919 9.9 378
1731098854032 8.1 379
1731098864122 10.3 380
1731098874232 12.0 381
1731098884346 8.9 382
1731098894454 11.4 383
1731098904542 8.6 384
1731098914666 9.3 385
1731098924768 8.6 386
1731098934874 8.7 387
1731098944964 8.4 388
1731098955076 7.8 389
1731098965195 10.1 390
1731098975311 7.0 391
1731098985425 8.7 392
1731098995504 8.9 393
1731099005614 9.4 394
1731099015738 11.5 395
1731099025819 8.3 396
1731099035920 11.2 397
1731099046037 11.4 398
1731099056160 8.2 399
1731099066270 9.2 400
1731099076383 11.9 401
1731099086502 12.1 402
1731099096602 9.9 403
1731099106740 8.9 404
1731099116851 9.3 405
1731099126942 9.1 406
1731099137049 11.6 407
1731099147169 11.5 408
1731099157287 8.3 409
1731099167403 8.0 410
1731099177521 10.8 411
1731099187651 9.9 412
1731099197786 8.8 413
1731099207901 11.8 414
1731099218031 8.3 415
1731099228163 8.7 416
1731099238293 7.9 417
1731099248401 9.4 418
1731099258531 8.5 419
1731099268652 8.0 420
1731099278772 8.5 421
1731099288884 9.6 422
1731099299018 9.3 423
1731099309146 9.5 424
1731099319264 11.5 425
1731099329383 9.7 426
1731099339512 10.4 427
1731099349645 9.3 428
1731099359765 8.0 429
1731099369865 6.9 430
1731099379989 9.0 431
1731099390069 8.6 432
1731099400193 8.5 433
1731099410312 11.6 434
1731099420436 8.1 435
1731099430549 7.9 436
1731099440668 11.8 437
1731099450803 9.9 438
1731099460939 9.2 439
1731099471046 7.3 440
1731099481169 8.1 441
1731099491295 10.3 442
1731099501432 11.3 443
1731099511559 8.4 444
1731099521701 11.6 445
1731099531824 9.7 446
1731099541942 11.6 447
1731099552083 8.1 448
1731099562206 10.2 449
1731099572340 8.1 450
1731099582474 8.9 451
1731099592569 8.5 452
1731099602683 8.4 453
1731099612812 9.2 454
1731099622941 8.3 455
1731099633064 7.0 456
1731099643189 10.1 457
1731099653308 6.5 458
1731099663446 8.5 459
1731099673575 6.5 460
1731099683704 11.0 461
1731099693832 8.0 462
1731099703941 11.9 463
1731099714074 12.1 464
1731099724206 9.0 465
1731099734327 8.7 466
1731099744461 11.9 467
1731099754593 11.4 468
1731099764737 9.4 469
1731099774828 8.8 470
1731099784955 9.4 471
1731099795076 11.6 472
1731099805199 8.6 473
1731099815338 9.5 474
1731099825483 9.2 475
1731099835607 9.8 476
1731099845737 8.4 477
1731099855837 9.2 478
1731099865984 9.9 479
1731099876094 10.4 480
1731099886226 9.6 481
1731099896362 9.2 482
1731099906489 11.6 483
1731099916614 11.3 484
1731099926723 11.4 485
1731099936844 10.2 486
1731099946955 9.4 487
1731099957075 8.9 488
1731099967210 10.1 489
1731099977338 8.8 490
1731099987469 11.3 491
1731099997610 11.8 492
1731100007730 11.6 493
1731100017860 9.7 494
1731100027957 9.8 495
1731100038084 11.4 496
1731100048221 7.5 497
1731100058351 8.7 498
1731100068483 7.8 499
1731100078613 9.0 500
1731100088747 8.4 501
1731100098874 10.1 502
1731100109002 8.4 503
1731100119144 10.6 504
1731100129281 8.5 505
1731100139405 11.8 506
1731100149544 9.6 507
1731100159671 10.8 508
1731100169813 9.6 509
1731100179901 9.9 510
1731100190011 10.8 511
1731100200121 11.1 512
1731100210217 11.3 513
1731100220359 11.2 514
1731100230492 10.9 515
1731100240618 9.7 516
1731100250755 8.0 517
1731100260843 11.9 518
1731100270945 11.5 519
1731100281072 11.7 520
1731100291202 12.1 521
1731100301328 12.3 522
1731100311467 12.0 523
1731100321601 9.9 524
1731100331743 10.5 525
1731100341883 8.8 526
1731100352017 10.7 527
1731100362147 11.2 528
1731100372277 8.9 529
1731100382415 11.0 530
1731100392544 9.0 531
1731100402682 9.4 532
1731100412822 11.0 533
1731100422947 8.2 534
1731100433101 10.7 535
1731100443240 8.4 536
1731100453340 11.0 537
1731100463462 11.0 538
1731100473573 11.5 539
1731100483664 11.8 540
1731100493795 9.2 541
1731100503932 9.7 542
1731100514066 11.3 543
1731100524207 11.4 544
1731100534334 7.6 545
1731100544443 9.3 546
1731100554584 10.7 547
1731100564720 7.9 548
1731100574853 8.9 549
1731100584957 9.3 550
1731100595081 11.6 551
1731100605253 11.6 552
1731100615388 10.2 553
1731100625473 9.9 554
1731100635617 9.5 555
1731100645750 9.8 556
1731100655885 9.1 557
1731100666023 11.4 558
1731100676171 9.7 559
1731100686298 6.1 560
1731100696449 11.0 561
1731100706597 9.7 562
1731100716738 9.6 563
1731100726881 9.5 564
1731100737017 11.5 565
1731100747153 11.3 566
1731100757293 7.6 567
1731100767456 10.0 568
1731100777597 10.2 569
1731100787736 10.6 570
1731100797872 9.6 571
1731100807979 10.0 572
1731100818104 9.4 573
1731100828239 11.0 574
1731100838356 11.1 575
1731100848471 10.9 576
1731100858601 11.1 577
1731100868738 11.1 578
1731100878871 11.3 579
1731100888978 8.9 580
1731100899107 8.3 581
1731100909257 10.8 582
1731100919400 10.0 583
1731100929538 9.8 584
1731100939672 9.8 585
1731100949804 10.1 586
1731100959921 10.2 587
1731100970033 11.0 588
1731100980172 8.6 589
