1731095030106 46.3 0
1731095040169 46.3 1
1731095050239 46.3 2
1731095060300 46.3 3
1731095070355 46.3 4
1731095080420 46.3 5
1731095090478 46.3 6
1731095100542 46.3 7
1731095110608 46.3 8
1731095120665 46.3 9
1731095130711 46.3 10
1731095140785 46.3 11
1731095150850 46.3 12
1731095160911 46.3 13
1731095170972 46.3 14
1731095181038 46.3 15
1731095191120 46.3 16
1731095201201 46.3 17
1731095211280 46.3 18
1731095221349 46.3 19
1731095231405 46.3 20
1731095241487 46.3 21
1731095251559 46.3 22
1731095261628 46.3 23
1731095271704 46.3 24
1731095281776 46.3 25
1731095291830 46.3 26
1731095301892 46.3 27
1731095311966 46.3 28
1731095322045 46.3 29
1731095332100 46.3 30
1731095342163 46.3 31
1731095352258 46.3 32
1731095362333 46.3 33
1731095372412 46.3 34
1731095382480 46.3 35
1731095392547 46.3 36
1731095402605 46.3 37
1731095412676 46.3 38
1731095422736 46.3 39
1731095432810 46.3 40
1731095442887 46.3 41
1731095452976 46.3 42
1731095463059 46.3 43
1731095473140 46.3 44
1731095483211 46.3 45
1731095493289 46.3 46
1731095503370 46.3 47
1731095513442 46.3 48
1731095523498 46.3 49
1731095533551 46.3 50
1731095543623 46.3 51
1731095553703 46.3 52
1731095563788 46.3 53
1731095573857 46.3 54
1731095583927 46.3 55
1731095594009 46.3 56
1731095604062 46.3 57
1731095614130 46.3 58
1731095624190 46.3 59
1731095634263 46.3 60
1731095644358 46.3 61
1731095654426 46.3 62
1731095664505 46.3 63
1731095674585 46.3 64
1731095684659 46.3 65
1731095694706 46.3 66
1731095704778 46.3 67
1731095714852 46.3 68
1731095724923 46.3 69
1731095735011 46.3 70
1731095745067 46.3 71
1731095755140 46.3 72
1731095765200 46.3 73
1731095775294 46.3 74
1731095785369 46.3 75
1731095795456 46.3 76
1731095805536 46.3 77
1731095815612 46.3 78
1731095825683 46.3 79
1731095835747 46.3 80
1731095845821 46.3 81
1731095855901 46.3 82
1731095865974 46.3 83
1731095876048 46.3 84
1731095886144 46.3 85
1731095896220 46.3 86
1731095906304 46.3 87
1731095916384 46.3 88
1731095926472 46.3 89
1731095936551 46.3 90
1731095946614 46.3 91
1731095956676 46.3 92
1731095966753 46.3 93
1731095976841 46.3 94
1731095986928 46.3 95
1731095997003 46.3 96
1731096007072 46.3 97
1731096017158 46.3 98
1731096027231 46.3 99
1731096037310 46.3 100
1731096047398 46.3 101
1731096057470 46.3 102
1731096067547 46.3 103
1731096077634 46.3 104
1731096087713 46.3 105
1731096097785 46.3 106
1731096107880 46.3 107
1731096117965 46.3 108
1731096128052 46.3 109
1731096138136 46.3 110
1731096148216 46.3 111
1731096158308 46.3 112
1731096168382 46.3 113
1731096178472 46.3 114
1731096188558 46.3 115
1731096198642 46.3 116
1731096208732 46.3 117
1731096218809 46.3 118
1731096228891 46.3 119
1731096238975 46.3 120
1731096249060 46.3 121
1731096259137 46.3 122
1731096269213 46.3 123
1731096279306 46.3 124
1731096289408 46.3 125
1731096299466 46.3 126
1731096309530 46.3 127
1731096319598 46.3 128
1731096329677 46.3 129
1731096339754 46.3 130
1731096349833 46.3 131
1731096359924 46.3 132
1731096370005 46.3 133
1731096380086 46.3 134
1731096390196 46.3 135
1731096400278 46.3 136
1731096410360 46.3 137
1731096420447 46.3 138
1731096430539 46.3 139
1731096440612 46.3 140
1731096450705 46.3 141
1731096460767 46.3 142
1731096470841 46.3 143
1731096480934 46.3 144
1731096491023 46.3 145
1731096501117 46.3 146
1731096511201 46.3 147
1731096521282 46.3 148
1731096531358 46.3 149
1731096541456 46.3 150
1731096551535 46.3 151
1731096561620 46.3 152
1731096571696 46.3 153
1731096581786 46.3 154
1731096591877 46.3 155
1731096601956 46.3 156
1731096612052 46.3 157
1731096622143 46.3 158
1731096632221 46.3 159
1731096642329 46.3 160
1731096652409 46.3 161
1731096662501 46.3 162
1731096672588 46.3 163
1731096682696 46.3 164
1731096692756 46.3 165
1731096702838 46.3 166
1731096712924 46.3 167
1731096723006 46.3 168
1731096733086 46.3 169
1731096743168 46.3 170
1731096753261 46.3 171
1731096763342 46.3 172
1731096773454 46.3 173
1731096783537 46.3 174
1731096793626 46.3 175
1731096803727 46.3 176
1731096813814 46.3 177
1731096823907 46.3 178
1731096834002 46.3 179
1731096844096 46.3 180
1731096854189 46.3 181
1731096864285 46.3 182
1731096874366 46.3 183
1731096884475 46.3 184
1731096894536 46.3 185
1731096904617 46.3 186
1731096914688 46.3 187
1731096924759 46.3 188
1731096934838 46.3 189
1731096944951 46.3 190
1731096955049 46.3 191
1731096965144 46.3 192
1731096975237 46.3 193
1731096985319 46.3 194
1731096995431 46.3 195
1731097005526 46.3 196
1731097015625 46.3 197
1731097025708 46.3 198
1731097035792 46.3 199
1731097045883 46.3 200
1731097055969 46.3 201
1731097066080 46.3 202
1731097076159 46.3 203
1731097086265 46.3 204
1731097096368 46.3 205
1731097106450 46.3 206
1731097116541 46.3 207
1731097126622 46.3 208
1731097136723 46.3 209
1731097146808 46.3 210
1731097156904 46.3 211
1731097166995 46.3 212
1731097177089 46.3 213
1731097187196 46.3 214
1731097197299 46.3 215
1731097207394 46.3 216
1731097217490 46.3 217
1731097227575 46.3 218
1731097237675 46.3 219
1731097247754 46.3 220
1731097257826 46.3 221
1731097267888 46.3 222
1731097277983 46.3 223
1731097288063 46.3 224
1731097298147 46.3 225
1731097308236 46.3 226
1731097318345 46.3 227
1731097328439 46.3 228
1731097338543 46.3 229
1731097348631 46.3 230
1731097358715 46.3 231
1731097368817 46.3 232
1731097378908 46.3 233
1731097388992 46.3 234
1731097399080 46.3 235
1731097409182 46.3 236
1731097419272 46.3 237
1731097429364 46.3 238
1731097439460 46.3 239
1731097449564 46.3 240
1731097459662 46.3 241
1731097469764 46.3 242
1731097479856 46.3 243
1731097489958 46.3 244
1731097500058 46.3 245
1731097510144 46.3 246
1731097520246 46.3 247
1731097530339 46.3 248
1731097540437 46.3 249
1731097550546 46.3 250
1731097560648 46.3 251
1731097570747 46.3 252
1731097580808 46.3 253
1731097590903 46.3 254
1731097601014 46.3 255
1731097611121 46.3 256
1731097621225 46.3 257
1731097631320 46.3 258
1731097641423 46.3 259
1731097651531 46.3 260
1731097661609 46.3 261
1731097671710 46.3 262
1731097681805 46.3 263
1731097691912 46.3 264
1731097702016 46.3 265
1731097712104 46.3 266
1731097722217 46.3 267
1731097732322 46.3 268
1731097742430 46.3 269
1731097752523 46.3 270
1731097762630 46.3 271
1731097772736 46.3 272
1731097782840 46.3 273
1731097792915 46.3 274
1731097803027 46.3 275
1731097813099 46.3 276
1731097823192 46.3 277
1731097833290 46.3 278
1731097843406 46.3 279
1731097853510 46.3 280
1731097863601 46.3 281
1731097873700 46.3 282
1731097883797 46.3 283
1731097893905 46.3 284
1731097903999 46.3 285
1731097914107 46.3 286
1731097924182 46.3 287
1731097934262 46.3 288
1731097944350 46.3 289
1731097954428 46.3 290
1731097964522 46.3 291
1731097974644 46.3 292
1731097984731 46.3 293
1731097994794 46.3 294
1731098004898 46.3 295
1731098014985 46.3 296
1731098025093 46.3 297
1731098035202 46.3 298
1731098045296 46.3 299
1731098055396 46.3 300
1731098065499 46.3 301
1731098075596 46.3 302
1731098085693 46.3 303
1731098095781 46.3 304
1731098105887 46.3 305
1731098115999 46.3 306
1731098126107 46.3 307
1731098136214 46.3 308
1731098146321 46.3 309
1731098156424 46.3 310
1731098166516 46.3 311
1731098176618 46.3 312
1731098186707 46.3 313
1731098196810 46.3 314
1731098206917 46.3 315
1731098217042 46.3 316
1731098227153 46.3 317
1731098237260 46.3 318
1731098247370 46.3 319
1731098257470 46.3 320
1731098267729 46.3 321
1731098277827 46.3 322
1731098287922 46.3 323
1731098298028 46.3 324
1731098308135 46.3 325
1731098318251 46.3 326
1731098328357 46.3 327
1731098338438 46.3 328
1731098348547 46.3 329
1731098358648 46.3 330
1731098368760 46.3 331
1731098378872 46.3 332
1731098388962 46.3 333
1731098399082 46.3 334
1731098409196 46.3 335
1731098419311 46.3 336
1731098429414 46.3 337
1731098439541 46.3 338
1731098449652 46.3 339
1731098459754 46.3 340
1731098469866 46.3 341
1731098479962 46.3 342
1731098490054 46.3 343
1731098500158 46.3 344
1731098510269 46.3 345
1731098520373 46.3 346
1731098530477 46.3 347
1731098540587 46.3 348
1731098550680 46.3 349
1731098560774 46.3 350
1731098570838 46.3 351
1731098580927 46.3 352
1731098591020 46.3 353
1731098601128 46.3 354
1731098611249 46.3 355
1731098621374 46.3 356
1731098631487 46.3 357
1731098641590 46.3 358
1731098651718 46.3 359
1731098661836 46.3 360
1731098671942 46.3 361
1731098682058 46.3 362
1731098692200 46.3 363
1731098702330 46.3 364
1731098712436 46.3 365
1731098722563 46.3 366
1731098732677 46.3 367
1731098742803 46.3 368
1731098752919 46.3 369
1731098763007 46.3 370
1731098773106 46.3 371
1731098783232 46.3 372
1731098793346 46.3 373
1731098803460 46.3 374
1731098813573 46.3 375
1731098823684 46.3 376
1731098833798 46.3 377
1731098843919 46.3 378
1731098854032 46.3 379
1731098864122 46.3 380
1731098874232 46.3 381
1731098884346 46.3 382
1731098894454 46.3 383
1731098904542 46.3 384
1731098914666 46.3 385
1731098924768 46.3 386
1731098934874 46.3 387
1731098944964 46.3 388
1731098955076 46.3 389
1731098965195 46.3 390
1731098975311 46.3 391
1731098985425 46.3 392
1731098995504 46.3 393
1731099005614 46.3 394
1731099015738 46.3 395
1731099025819 46.3 396
1731099035920 46.3 397
1731099046037 46.3 398
1731099056160 46.3 399
1731099066270 46.3 400
1731099076383 46.3 401
1731099086502 46.3 402
1731099096602 46.3 403
1731099106740 46.3 404
1731099116851 46.3 405
1731099126942 46.3 406
1731099137049 46.3 407
1731099147169 46.3 408
1731099157287 46.3 409
1731099167403 46.3 410
1731099177521 46.3 411
1731099187651 46.3 412
1731099197786 46.3 413
1731099207901 46.3 414
1731099218031 46.3 415
1731099228163 46.3 416
1731099238293 46.3 417
1731099248401 46.3 418
1731099258531 46.3 419
1731099268652 46.3 420
1731099278772 46.3 421
1731099288884 46.3 422
1731099299018 46.3 423
1731099309146 46.3 424
1731099319264 46.3 425
1731099329383 46.3 426
1731099339512 46.3 427
1731099349645 46.3 428
1731099359765 46.3 429
1731099369865 46.3 430
1731099379989 46.3 431
1731099390069 46.3 432
1731099400193 46.3 433
1731099410312 46.3 434
1731099420436 46.3 435
1731099430549 46.3 436
1731099440668 46.3 437
1731099450803 46.3 438
1731099460939 46.3 439
1731099471046 46.3 440
1731099481169 46.3 441
1731099491295 46.3 442
1731099501432 46.3 443
1731099511559 46.3 444
1731099521701 46.3 445
1731099531824 46.3 446
1731099541942 46.3 447
1731099552083 46.3 448
1731099562206 46.3 449
1731099572340 46.3 450
1731099582474 46.3 451
1731099592569 46.3 452
1731099602683 46.3 453
1731099612812 46.3 454
1731099622941 46.3 455
1731099633064 46.3 456
1731099643189 46.3 457
1731099653308 46.3 458
1731099663446 46.3 459
1731099673575 46.3 460
1731099683704 46.3 461
1731099693832 46.3 462
1731099703941 46.3 463
1731099714074 46.3 464
1731099724206 46.3 465
1731099734327 46.3 466
1731099744461 46.3 467
1731099754593 46.3 468
1731099764737 46.3 469
1731099774828 46.3 470
1731099784955 46.3 471
1731099795076 46.3 472
1731099805199 46.3 473
1731099815338 46.3 474
1731099825483 46.3 475
1731099835607 46.3 476
1731099845737 46.3 477
1731099855837 46.3 478
1731099865984 46.3 479
1731099876094 46.3 480
1731099886226 46.3 481
1731099896362 46.3 482
1731099906489 46.3 483
1731099916614 46.3 484
1731099926723 46.3 485
1731099936844 46.3 486
1731099946955 46.3 487
1731099957075 46.3 488
1731099967210 46.3 489
1731099977338 46.3 490
1731099987469 46.3 491
1731099997610 46.3 492
1731100007730 46.3 493
1731100017860 46.3 494
1731100027957 46.3 495
1731100038084 46.3 496
1731100048221 46.3 497
1731100058351 46.3 498
1731100068483 46.3 499
1731100078613 46.3 500
1731100088747 46.3 501
1731100098874 46.3 502
1731100109002 46.3 503
1731100119144 46.3 504
1731100129281 46.3 505
1731100139405 46.3 506
1731100149544 46.3 507
1731100159671 46.3 508
1731100169813 46.3 509
1731100179901 46.3 510
1731100190011 46.3 511
1731100200121 46.3 512
1731100210217 46.3 513
1731100220359 46.3 514
1731100230492 46.3 515
1731100240618 46.3 516
1731100250755 46.3 517
1731100260843 46.3 518
1731100270945 46.3 519
1731100281072 46.3 520
1731100291202 46.3 521
1731100301328 46.3 522
1731100311467 46.3 523
1731100321601 46.3 524
1731100331743 46.3 525
1731100341883 46.3 526
1731100352017 46.3 527
1731100362147 46.3 528
1731100372277 46.3 529
1731100382415 46.3 530
1731100392544 46.3 531
1731100402682 46.3 532
1731100412822 46.3 533
1731100422947 46.3 534
1731100433101 46.3 535
1731100443240 46.3 536
1731100453340 46.3 537
1731100463462 46.3 538
1731100473573 46.3 539
1731100483664 46.3 540
1731100493795 46.3 541
1731100503932 46.3 542
1731100514066 46.3 543
1731100524207 46.3 544
1731100534334 46.3 545
1731100544443 46.3 546
1731100554584 46.3 547
1731100564720 46.3 548
1731100574853 46.3 549
1731100584957 46.3 550
1731100595081 46.3 551
1731100605253 46.3 552
1731100615388 46.3 553
1731100625473 46.3 554
1731100635617 46.3 555
1731100645750 46.3 556
1731100655885 46.3 557
1731100666023 46.3 558
1731100676171 46.3 559
1731100686298 46.3 560
1731100696449 46.3 561
1731100706597 46.3 562
1731100716738 46.3 563
1731100726881 46.3 564
1731100737017 46.3 565
1731100747153 46.3 566
1731100757293 46.3 567
1731100767456 46.3 568
1731100777597 46.3 569
1731100787736 46.3 570
1731100797872 46.3 571
1731100807979 46.3 572
1731100818104 46.3 573
1731100828239 46.3 574
1731100838356 46.3 575
1731100848471 46.3 576
1731100858601 46.3 577
1731100868738 46.3 578
1731100878871 46.3 579
1731100888978 46.3 580
1731100899107 46.3 581
1731100909257 46.3 582
1731100919400 46.3 583
1731100929538 46.3 584
1731100939672 46.3 585
1731100949804 46.3 586
1731100959921 46.3 587
1731100970033 46.3 588
1731100980172 46.3 589
