1731095030106 121405.5 0
1731095040169 121405.5 1
1731095050239 121405.5 2
1731095060300 121405.5 3
1731095070355 121405.5 4
1731095080420 121405.5 5
1731095090478 121405.5 6
1731095100542 121405.6 7
1731095110608 121405.6 8
1731095120665 121405.6 9
1731095130711 121405.6 10
1731095140785 121405.6 11
1731095150850 121405.6 12
1731095160911 121405.6 13
1731095170972 121405.6 14
1731095181038 121405.6 15
1731095191120 121405.6 16
1731095201201 121405.7 17
1731095211280 121405.7 18
1731095221349 121405.7 19
1731095231405 121405.7 20
1731095241487 121405.7 21
1731095251559 121405.7 22
1731095261628 121405.7 23
1731095271704 121405.7 24
1731095281776 121405.7 25
1731095291830 121405.8 26
1731095301892 121405.8 27
1731095311966 121405.8 28
1731095322045 121405.8 29
1731095332100 121405.8 30
1731095342163 121405.8 31
1731095352258 121405.8 32
1731095362333 121405.9 33
1731095372412 121405.9 34
1731095382480 121405.9 35
1731095392547 121405.9 36
1731095402605 121405.9 37
1731095412676 121405.9 38
1731095422736 121406.0 39
1731095432810 121406.0 40
1731095442887 121406.0 41
1731095452976 121406.0 42
1731095463059 121406.0 43
1731095473140 121406.0 44
1731095483211 121406.0 45
1731095493289 121406.0 46
1731095503370 121406.1 47
1731095513442 121406.1 48
1731095523498 121406.1 49
1731095533551 121406.1 50
1731095543623 121406.1 51
1731095553703 121406.1 52
1731095563788 121406.1 53
1731095573857 121406.1 54
1731095583927 121406.1 55
1731095594009 121406.1 56
1731095604062 121406.2 57
1731095614130 121406.2 58
1731095624190 121406.2 59
1731095634263 121406.2 60
1731095644358 121406.2 61
1731095654426 121406.2 62
1731095664505 121406.2 63
1731095674585 121406.2 64
1731095684659 121406.3 65
1731095694706 121406.3 66
1731095704778 121406.3 67
1731095714852 121406.3 68
1731095724923 121406.3 69
1731095735011 121406.3 70
1731095745067 121406.3 71
1731095755140 121406.4 72
1731095765200 121406.4 73
1731095775294 121406.4 74
1731095785369 121406.4 75
1731095795456 121406.4 76
1731095805536 121406.4 77
1731095815612 121406.4 78
1731095825683 121406.4 79
1731095835747 121406.4 80
1731095845821 121406.5 81
1731095855901 121406.5 82
1731095865974 121406.5 83
1731095876048 121406.5 84
1731095886144 121406.5 85
1731095896220 121406.5 86
1731095906304 121406.5 87
1731095916384 121406.5 88
1731095926472 121406.6 89
1731095936551 121406.6 90
1731095946614 121406.6 91
1731095956676 121406.6 92
1731095966753 121406.6 93
1731095976841 121406.6 94
1731095986928 121406.6 95
1731095997003 121406.6 96
1731096007072 121406.6 97
1731096017158 121406.7 98
1731096027231 121406.7 99
1731096037310 121406.7 100
1731096047398 121406.7 101
1731096057470 121406.7 102
1731096067547 121406.7 103
1731096077634 121406.7 104
1731096087713 121406.7 105
1731096097785 121406.7 106
1731096107880 121406.8 107
1731096117965 121406.8 108
1731096128052 121406.8 109
1731096138136 121406.8 110
1731096148216 121406.8 111
1731096158308 121406.8 112
1731096168382 121406.8 113
1731096178472 121406.8 114
1731096188558 121406.8 115
1731096198642 121406.9 116
1731096208732 121406.9 117
1731096218809 121406.9 118
1731096228891 121406.9 119
1731096238975 121406.9 120
1731096249060 121406.9 121
1731096259137 121406.9 122
1731096269213 121406.9 123
1731096279306 121407.0 124
1731096289408 121407.0 125
1731096299466 121407.0 126
1731096309530 121407.0 127
1731096319598 121407.0 128
1731096329677 121407.0 129
1731096339754 121407.0 130
1731096349833 121407.0 131
1731096359924 121407.1 132
1731096370005 121407.1 133
1731096380086 121407.1 134
1731096390196 121407.1 135
1731096400278 121407.1 136
1731096410360 121407.1 137
1731096420447 121380.8 138
1731096430539 121380.8 139
1731096440612 121380.8 140
1731096450705 121380.9 141
1731096460767 121380.9 142
1731096470841 121380.9 143
1731096480934 121380.9 144
1731096491023 121380.9 145
1731096501117 121380.9 146
1731096511201 121380.9 147
1731096521282 121380.9 148
1731096531358 121380.9 149
1731096541456 121381.0 150
1731096551535 121381.0 151
1731096561620 121381.0 152
1731096571696 121381.0 153
1731096581786 121381.0 154
1731096591877 121381.0 155
1731096601956 121381.0 156
1731096612052 121381.0 157
1731096622143 121381.0 158
1731096632221 121381.1 159
1731096642329 121381.1 160
1731096652409 121381.1 161
1731096662501 121381.1 162
1731096672588 121381.1 163
1731096682696 121381.1 164
1731096692756 121381.1 165
1731096702838 121381.2 166
1731096712924 121381.2 167
1731096723006 121381.2 168
1731096733086 121381.2 169
1731096743168 121381.2 170
1731096753261 121381.2 171
1731096763342 121381.2 172
1731096773454 121381.2 173
1731096783537 121381.2 174
1731096793626 121381.2 175
1731096803727 121381.3 176
1731096813814 121381.3 177
1731096823907 121381.3 178
1731096834002 121381.3 179
1731096844096 121381.3 180
1731096854189 121381.3 181
1731096864285 121381.3 182
1731096874366 121381.3 183
1731096884475 121381.4 184
1731096894536 121381.4 185
1731096904617 121381.4 186
1731096914688 121381.4 187
1731096924759 121381.4 188
1731096934838 121381.4 189
1731096944951 121381.4 190
1731096955049 121381.4 191
1731096965144 121381.4 192
1731096975237 121381.5 193
1731096985319 121381.5 194
1731096995431 121381.5 195
1731097005526 121381.5 196
1731097015625 121381.5 197
1731097025708 121381.5 198
1731097035792 121381.5 199
1731097045883 121381.5 200
1731097055969 121381.6 201
1731097066080 121381.6 202
1731097076159 121381.6 203
1731097086265 121381.6 204
1731097096368 121381.6 205
1731097106450 121381.6 206
1731097116541 121381.6 207
1731097126622 121381.6 208
1731097136723 121381.6 209
1731097146808 121381.7 210
1731097156904 121381.7 211
1731097166995 121381.7 212
1731097177089 121381.7 213
1731097187196 121381.7 214
1731097197299 121381.7 215
1731097207394 121381.7 216
1731097217490 121381.7 217
1731097227575 121381.7 218
1731097237675 121381.8 219
1731097247754 121381.8 220
1731097257826 121381.8 221
1731097267888 121381.8 222
1731097277983 121381.8 223
1731097288063 121381.8 224
1731097298147 121381.8 225
1731097308236 121381.8 226
1731097318345 121381.9 227
1731097328439 121381.9 228
1731097338543 121381.9 229
1731097348631 121381.9 230
1731097358715 121381.9 231
1731097368817 121381.9 232
1731097378908 121381.9 233
1731097388992 121381.9 234
1731097399080 121381.9 235
1731097409182 121382.0 236
1731097419272 121382.0 237
1731097429364 121382.0 238
1731097439460 121382.0 239
1731097449564 121382.0 240
1731097459662 121382.0 241
1731097469764 121382.0 242
1731097479856 121382.0 243
1731097489958 121382.1 244
1731097500058 121382.1 245
1731097510144 121382.1 246
1731097520246 121382.1 247
1731097530339 121382.1 248
1731097540437 121382.1 249
1731097550546 121382.1 250
1731097560648 121382.1 251
1731097570747 121382.1 252
1731097580808 121382.2 253
1731097590903 121382.2 254
1731097601014 121382.2 255
1731097611121 121382.2 256
1731097621225 121382.2 257
1731097631320 121382.2 258
1731097641423 121382.2 259
1731097651531 121382.2 260
1731097661609 121382.2 261
1731097671710 121382.3 262
1731097681805 121382.3 263
1731097691912 121382.3 264
1731097702016 121382.3 265
1731097712104 121382.3 266
1731097722217 121382.3 267
1731097732322 121382.3 268
1731097742430 121382.3 269
1731097752523 121382.3 270
1731097762630 121382.4 271
1731097772736 121382.4 272
1731097782840 121382.4 273
1731097792915 121382.4 274
1731097803027 121382.4 275
1731097813099 121382.4 276
1731097823192 121382.4 277
1731097833290 121382.4 278
1731097843406 121382.5 279
1731097853510 121382.5 280
1731097863601 121382.5 281
1731097873700 121382.5 282
1731097883797 121382.5 283
1731097893905 121382.5 284
1731097903999 121382.5 285
1731097914107 121382.5 286
1731097924182 121382.5 287
1731097934262 121382.6 288
1731097944350 121382.6 289
1731097954428 121382.6 290
1731097964522 121382.6 291
1731097974644 121382.6 292
1731097984731 121382.6 293
1731097994794 121382.6 294
1731098004898 121382.7 295
1731098014985 121382.7 296
1731098025093 121382.7 297
1731098035202 121382.7 298
1731098045296 121382.7 299
1731098055396 121382.7 300
1731098065499 121382.7 301
1731098075596 121382.7 302
1731098085693 121382.7 303
1731098095781 121382.7 304
1731098105887 121382.8 305
1731098115999 121382.8 306
1731098126107 121382.8 307
1731098136214 121382.8 308
1731098146321 121382.8 309
1731098156424 121382.8 310
1731098166516 121382.8 311
1731098176618 121382.8 312
1731098186707 121382.9 313
1731098196810 121382.9 314
1731098206917 121382.9 315
1731098217042 121382.9 316
1731098227153 121382.9 317
1731098237260 121382.9 318
1731098247370 121382.9 319
1731098257470 121382.9 320
1731098267729 121382.9 321
1731098277827 121383.0 322
1731098287922 121383.0 323
1731098298028 121383.0 324
1731098308135 121383.0 325
1731098318251 121383.0 326
1731098328357 121383.0 327
1731098338438 121383.0 328
1731098348547 121383.1 329
1731098358648 121383.0 330
1731098368760 121383.1 331
1731098378872 121383.1 332
1731098388962 121383.1 333
1731098399082 121383.1 334
1731098409196 121383.1 335
1731098419311 121383.1 336
1731098429414 121383.1 337
1731098439541 121383.1 338
1731098449652 121383.2 339
1731098459754 121383.2 340
1731098469866 121383.2 341
1731098479962 121383.2 342
1731098490054 121383.2 343
1731098500158 121383.2 344
1731098510269 121383.2 345
1731098520373 121383.2 346
1731098530477 121383.2 347
1731098540587 121383.3 348
1731098550680 121383.3 349
1731098560774 121383.3 350
1731098570838 121383.3 351
1731098580927 121383.3 352
1731098591020 121383.3 353
1731098601128 121383.3 354
1731098611249 121383.3 355
1731098621374 121383.4 356
1731098631487 121383.4 357
1731098641590 121383.4 358
1731098651718 121383.4 359
1731098661836 121383.4 360
1731098671942 121383.4 361
1731098682058 121393.0 362
1731098692200 121453.0 363
1731098702330 121458.3 364
1731098712436 121458.3 365
1731098722563 121458.4 366
1731098732677 121458.4 367
1731098742803 121458.4 368
1731098752919 121462.5 369
1731098763007 121443.1 370
1731098773106 121443.1 371
1731098783232 121443.1 372
1731098793346 121443.1 373
1731098803460 121443.1 374
1731098813573 121443.1 375
1731098823684 121443.1 376
1731098833798 121443.1 377
1731098843919 121443.1 378
1731098854032 121443.2 379
1731098864122 121443.2 380
1731098874232 121443.2 381
1731098884346 121443.2 382
1731098894454 121443.2 383
1731098904542 121443.2 384
1731098914666 121443.2 385
1731098924768 121443.2 386
1731098934874 121443.3 387
1731098944964 121443.3 388
1731098955076 121443.3 389
1731098965195 121443.3 390
1731098975311 121443.3 391
1731098985425 121443.3 392
1731098995504 121443.3 393
1731099005614 121443.3 394
1731099015738 121443.3 395
1731099025819 121443.4 396
1731099035920 121443.4 397
1731099046037 121443.4 398
1731099056160 121443.4 399
1731099066270 121443.4 400
1731099076383 121443.4 401
1731099086502 121443.4 402
1731099096602 121443.4 403
1731099106740 121443.4 404
1731099116851 121443.5 405
1731099126942 121443.5 406
1731099137049 121443.5 407
1731099147169 121443.5 408
1731099157287 121443.5 409
1731099167403 121443.5 410
1731099177521 121443.5 411
1731099187651 121443.5 412
1731099197786 121443.5 413
1731099207901 121443.6 414
1731099218031 121443.6 415
1731099228163 121443.6 416
1731099238293 121443.6 417
1731099248401 121443.6 418
1731099258531 121443.6 419
1731099268652 121443.6 420
1731099278772 121443.6 421
1731099288884 121443.7 422
1731099299018 121443.7 423
1731099309146 121443.7 424
1731099319264 121443.7 425
1731099329383 121443.7 426
1731099339512 121443.7 427
1731099349645 121443.7 428
1731099359765 121443.8 429
1731099369865 121443.8 430
1731099379989 121443.8 431
1731099390069 121443.8 432
1731099400193 121443.8 433
1731099410312 121443.8 434
1731099420436 121443.8 435
1731099430549 121443.8 436
1731099440668 121443.9 437
1731099450803 121443.9 438
1731099460939 121443.9 439
1731099471046 121443.9 440
1731099481169 121443.9 441
1731099491295 121443.9 442
1731099501432 121443.9 443
1731099511559 121443.9 444
1731099521701 121443.9 445
1731099531824 121444.0 446
1731099541942 121444.0 447
1731099552083 121444.0 448
1731099562206 121444.0 449
1731099572340 121444.0 450
1731099582474 121444.0 451
1731099592569 121444.0 452
1731099602683 121444.0 453
1731099612812 121444.0 454
1731099622941 121444.1 455
1731099633064 121444.1 456
1731099643189 121444.1 457
1731099653308 121444.1 458
1731099663446 121444.2 459
1731099673575 121444.2 460
1731099683704 121444.2 461
1731099693832 121444.2 462
1731099703941 121444.2 463
1731099714074 121444.2 464
1731099724206 121444.2 465
1731099734327 121444.2 466
1731099744461 121444.3 467
1731099754593 121444.3 468
1731099764737 121444.3 469
1731099774828 121444.3 470
1731099784955 121444.3 471
1731099795076 121444.3 472
1731099805199 121444.3 473
1731099815338 121444.3 474
1731099825483 121444.3 475
1731099835607 121444.4 476
1731099845737 121444.4 477
1731099855837 121444.4 478
1731099865984 121444.4 479
1731099876094 121444.4 480
1731099886226 121444.4 481
1731099896362 121444.4 482
1731099906489 121444.4 483
1731099916614 121444.5 484
1731099926723 121444.5 485
1731099936844 121444.5 486
1731099946955 121444.5 487
1731099957075 121444.5 488
1731099967210 121444.5 489
1731099977338 121444.5 490
1731099987469 121444.6 491
1731099997610 121444.6 492
1731100007730 121444.6 493
1731100017860 121444.6 494
1731100027957 121444.6 495
1731100038084 121444.6 496
1731100048221 121444.6 497
1731100058351 121444.6 498
1731100068483 121444.6 499
1731100078613 121444.6 500
1731100088747 121444.7 501
1731100098874 121444.7 502
1731100109002 121444.7 503
1731100119144 121444.7 504
1731100129281 121444.7 505
1731100139405 121444.7 506
1731100149544 121444.7 507
1731100159671 121444.7 508
1731100169813 121444.7 509
1731100179901 121444.8 510
1731100190011 121444.8 511
1731100200121 121444.8 512
1731100210217 121444.8 513
1731100220359 121444.8 514
1731100230492 121444.8 515
1731100240618 121444.8 516
1731100250755 121444.8 517
1731100260843 121444.9 518
1731100270945 121444.9 519
1731100281072 121444.9 520
1731100291202 121444.9 521
1731100301328 121444.9 522
1731100311467 121444.9 523
1731100321601 121445.0 524
1731100331743 121445.0 525
1731100341883 121445.0 526
1731100352017 121445.0 527
1731100362147 121445.0 528
1731100372277 121445.0 529
1731100382415 121445.0 530
1731100392544 121445.0 531
1731100402682 121453.4 532
1731100412822 121453.4 533
1731100422947 121453.4 534
1731100433101 121453.5 535
1731100443240 121453.5 536
1731100453340 121453.5 537
1731100463462 121453.5 538
1731100473573 121453.5 539
1731100483664 121453.5 540
1731100493795 121453.5 541
1731100503932 121453.5 542
1731100514066 121453.5 543
1731100524207 121453.6 544
1731100534334 121453.6 545
1731100544443 121453.6 546
1731100554584 121453.6 547
1731100564720 121453.6 548
1731100574853 121453.6 549
1731100584957 121453.6 550
1731100595081 121453.6 551
1731100605253 121453.7 552
1731100615388 121453.7 553
1731100625473 121453.7 554
1731100635617 121453.7 555
1731100645750 121453.7 556
1731100655885 121453.7 557
1731100666023 121453.7 558
1731100676171 121453.7 559
1731100686298 121453.7 560
1731100696449 121453.8 561
1731100706597 121453.8 562
1731100716738 121453.8 563
1731100726881 121453.8 564
1731100737017 121453.8 565
1731100747153 121453.8 566
1731100757293 121453.8 567
1731100767456 121453.8 568
1731100777597 121453.9 569
1731100787736 121453.9 570
1731100797872 121453.9 571
1731100807979 121453.9 572
1731100818104 121453.9 573
1731100828239 121453.9 574
1731100838356 121453.9 575
1731100848471 121453.9 576
1731100858601 121453.9 577
1731100868738 121454.0 578
1731100878871 121454.0 579
1731100888978 121454.0 580
1731100899107 121454.0 581
1731100909257 121454.0 582
1731100919400 121454.0 583
1731100929538 121454.0 584
1731100939672 121454.0 585
1731100949804 121454.0 586
1731100959921 121454.1 587
1731100970033 121454.1 588
1731100980172 121454.1 589
