1731095030106 140972.2 0
1731095040169 140972.2 1
1731095050239 140972.2 2
1731095060300 140972.2 3
1731095070355 140972.1 4
1731095080420 140972.1 5
1731095090478 140972.1 6
1731095100542 140972.1 7
1731095110608 140972.1 8
1731095120665 140972.1 9
1731095130711 140972.1 10
1731095140785 140972.1 11
1731095150850 140972.1 12
1731095160911 140972.1 13
1731095170972 140972.0 14
1731095181038 140972.0 15
1731095191120 140972.0 16
1731095201201 140972.0 17
1731095211280 140972.0 18
1731095221349 140972.0 19
1731095231405 140972.0 20
1731095241487 140972.0 21
1731095251559 140971.9 22
1731095261628 140971.9 23
1731095271704 140971.9 24
1731095281776 140971.9 25
1731095291830 140971.9 26
1731095301892 140971.9 27
1731095311966 140971.9 28
1731095322045 140971.9 29
1731095332100 140971.9 30
1731095342163 140971.8 31
1731095352258 140971.8 32
1731095362333 140971.8 33
1731095372412 140971.7 34
1731095382480 140971.7 35
1731095392547 140971.7 36
1731095402605 140971.7 37
1731095412676 140971.7 38
1731095422736 140971.7 39
1731095432810 140971.7 40
1731095442887 140971.7 41
1731095452976 140971.7 42
1731095463059 140971.7 43
1731095473140 140971.6 44
1731095483211 140971.6 45
1731095493289 140971.6 46
1731095503370 140971.6 47
1731095513442 140971.6 48
1731095523498 140971.6 49
1731095533551 140971.6 50
1731095543623 140971.6 51
1731095553703 140971.6 52
1731095563788 140971.5 53
1731095573857 140971.5 54
1731095583927 140971.5 55
1731095594009 140971.5 56
1731095604062 140971.5 57
1731095614130 140971.5 58
1731095624190 140971.5 59
1731095634263 140971.5 60
1731095644358 140971.5 61
1731095654426 140971.4 62
1731095664505 140971.4 63
1731095674585 140971.4 64
1731095684659 140971.4 65
1731095694706 140971.4 66
1731095704778 140971.4 67
1731095714852 140971.4 68
1731095724923 140971.3 69
1731095735011 140971.3 70
1731095745067 140971.3 71
1731095755140 140971.3 72
1731095765200 140971.3 73
1731095775294 140971.3 74
1731095785369 140971.3 75
1731095795456 140971.3 76
1731095805536 140971.2 77
1731095815612 140971.2 78
1731095825683 140971.2 79
1731095835747 140971.2 80
1731095845821 140971.2 81
1731095855901 140971.2 82
1731095865974 140971.2 83
1731095876048 140971.2 84
1731095886144 140971.2 85
1731095896220 140971.2 86
1731095906304 140971.1 87
1731095916384 140971.1 88
1731095926472 140971.1 89
1731095936551 140971.1 90
1731095946614 140971.1 91
1731095956676 140971.1 92
1731095966753 140971.1 93
1731095976841 140971.1 94
1731095986928 140971.0 95
1731095997003 140971.0 96
1731096007072 140971.0 97
1731096017158 140971.0 98
1731096027231 140971.0 99
1731096037310 140971.0 100
1731096047398 140971.0 101
1731096057470 140971.0 102
1731096067547 140970.9 103
1731096077634 140970.9 104
1731096087713 140970.9 105
1731096097785 140970.9 106
1731096107880 140970.9 107
1731096117965 140970.9 108
1731096128052 140970.9 109
1731096138136 140970.9 110
1731096148216 140970.9 111
1731096158308 140970.8 112
1731096168382 140970.8 113
1731096178472 140970.8 114
1731096188558 140970.8 115
1731096198642 140970.8 116
1731096208732 140970.8 117
1731096218809 140970.8 118
1731096228891 140970.8 119
1731096238975 140970.8 120
1731096249060 140970.7 121
1731096259137 140970.7 122
1731096269213 140970.7 123
1731096279306 140970.7 124
1731096289408 140970.7 125
1731096299466 140970.7 126
1731096309530 140970.7 127
1731096319598 140970.7 128
1731096329677 140970.7 129
1731096339754 140970.6 130
1731096349833 140970.6 131
1731096359924 140970.6 132
1731096370005 140970.6 133
1731096380086 140970.6 134
1731096390196 140970.6 135
1731096400278 140970.6 136
1731096410360 140970.6 137
1731096420447 140996.9 138
1731096430539 140996.8 139
1731096440612 140996.8 140
1731096450705 140996.8 141
1731096460767 140996.8 142
1731096470841 140996.8 143
1731096480934 140996.8 144
1731096491023 140996.8 145
1731096501117 140996.8 146
1731096511201 140996.7 147
1731096521282 140996.7 148
1731096531358 140996.7 149
1731096541456 140996.7 150
1731096551535 140996.7 151
1731096561620 140996.7 152
1731096571696 140996.7 153
1731096581786 140996.7 154
1731096591877 140996.7 155
1731096601956 140996.6 156
1731096612052 140996.6 157
1731096622143 140996.6 158
1731096632221 140996.6 159
1731096642329 140996.6 160
1731096652409 140996.6 161
1731096662501 140996.6 162
1731096672588 140996.6 163
1731096682696 140996.5 164
1731096692756 140996.5 165
1731096702838 140996.5 166
1731096712924 140996.5 167
1731096723006 140996.5 168
1731096733086 140996.5 169
1731096743168 140996.5 170
1731096753261 140996.5 171
1731096763342 140996.4 172
1731096773454 140996.4 173
1731096783537 140996.4 174
1731096793626 140996.4 175
1731096803727 140996.4 176
1731096813814 140996.4 177
1731096823907 140996.4 178
1731096834002 140996.4 179
1731096844096 140996.4 180
1731096854189 140996.3 181
1731096864285 140996.3 182
1731096874366 140996.3 183
1731096884475 140996.3 184
1731096894536 140996.3 185
1731096904617 140996.3 186
1731096914688 140996.3 187
1731096924759 140996.3 188
1731096934838 140996.2 189
1731096944951 140996.2 190
1731096955049 140996.2 191
1731096965144 140996.2 192
1731096975237 140996.2 193
1731096985319 140996.2 194
1731096995431 140996.2 195
1731097005526 140996.2 196
1731097015625 140996.1 197
1731097025708 140996.1 198
1731097035792 140996.1 199
1731097045883 140996.1 200
1731097055969 140996.1 201
1731097066080 140996.1 202
1731097076159 140996.1 203
1731097086265 140996.1 204
1731097096368 140996.1 205
1731097106450 140996.0 206
1731097116541 140996.0 207
1731097126622 140996.0 208
1731097136723 140996.0 209
1731097146808 140996.0 210
1731097156904 140996.0 211
1731097166995 140996.0 212
1731097177089 140996.0 213
1731097187196 140996.0 214
1731097197299 140995.9 215
1731097207394 140995.9 216
1731097217490 140995.9 217
1731097227575 140995.9 218
1731097237675 140995.9 219
1731097247754 140995.9 220
1731097257826 140995.9 221
1731097267888 140995.9 222
1731097277983 140995.9 223
1731097288063 140995.8 224
1731097298147 140995.8 225
1731097308236 140995.8 226
1731097318345 140995.8 227
1731097328439 140995.8 228
1731097338543 140995.8 229
1731097348631 140995.8 230
1731097358715 140995.7 231
1731097368817 140995.7 232
1731097378908 140995.7 233
1731097388992 140995.7 234
1731097399080 140995.7 235
1731097409182 140995.7 236
1731097419272 140995.7 237
1731097429364 140995.7 238
1731097439460 140995.7 239
1731097449564 140995.7 240
1731097459662 140995.6 241
1731097469764 140995.6 242
1731097479856 140995.6 243
1731097489958 140995.6 244
1731097500058 140995.6 245
1731097510144 140995.6 246
1731097520246 140995.6 247
1731097530339 140995.6 248
1731097540437 140995.6 249
1731097550546 140995.5 250
1731097560648 140995.5 251
1731097570747 140995.5 252
1731097580808 140995.5 253
1731097590903 140995.5 254
1731097601014 140995.5 255
1731097611121 140995.5 256
1731097621225 140995.5 257
1731097631320 140995.4 258
1731097641423 140995.4 259
1731097651531 140995.4 260
1731097661609 140995.4 261
1731097671710 140995.4 262
1731097681805 140995.4 263
1731097691912 140995.4 264
1731097702016 140995.4 265
1731097712104 140995.4 266
1731097722217 140995.3 267
1731097732322 140995.3 268
1731097742430 140995.3 269
1731097752523 140995.3 270
1731097762630 140995.3 271
1731097772736 140995.3 272
1731097782840 140995.3 273
1731097792915 140995.3 274
1731097803027 140995.3 275
1731097813099 140995.2 276
1731097823192 140995.2 277
1731097833290 140995.2 278
1731097843406 140995.2 279
1731097853510 140995.2 280
1731097863601 140995.2 281
1731097873700 140995.2 282
1731097883797 140995.2 283
1731097893905 140995.1 284
1731097903999 140995.1 285
1731097914107 140995.1 286
1731097924182 140995.1 287
1731097934262 140995.1 288
1731097944350 140995.1 289
1731097954428 140995.1 290
1731097964522 140995.1 291
1731097974644 140995.1 292
1731097984731 140995.0 293
1731097994794 140995.0 294
1731098004898 140995.0 295
1731098014985 140995.0 296
1731098025093 140995.0 297
1731098035202 140995.0 298
1731098045296 140995.0 299
1731098055396 140995.0 300
1731098065499 140994.9 301
1731098075596 140994.9 302
1731098085693 140994.9 303
1731098095781 140994.9 304
1731098105887 140994.9 305
1731098115999 140994.9 306
1731098126107 140994.9 307
1731098136214 140994.9 308
1731098146321 140994.9 309
1731098156424 140994.8 310
1731098166516 140994.8 311
1731098176618 140994.8 312
1731098186707 140994.8 313
1731098196810 140994.8 314
1731098206917 140994.8 315
1731098217042 140994.8 316
1731098227153 140994.8 317
1731098237260 140994.8 318
1731098247370 140994.7 319
1731098257470 140994.7 320
1731098267729 140994.7 321
1731098277827 140994.7 322
1731098287922 140994.7 323
1731098298028 140994.7 324
1731098308135 140994.7 325
1731098318251 140994.7 326
1731098328357 140994.6 327
1731098338438 140994.6 328
1731098348547 140994.6 329
1731098358648 140994.6 330
1731098368760 140994.6 331
1731098378872 140994.6 332
1731098388962 140994.6 333
1731098399082 140994.6 334
1731098409196 140994.6 335
1731098419311 140994.5 336
1731098429414 140994.5 337
1731098439541 140994.5 338
1731098449652 140994.5 339
1731098459754 140994.5 340
1731098469866 140994.5 341
1731098479962 140994.5 342
1731098490054 140994.5 343
1731098500158 140994.4 344
1731098510269 140994.4 345
1731098520373 140994.4 346
1731098530477 140994.4 347
1731098540587 140994.4 348
1731098550680 140994.4 349
1731098560774 140994.4 350
1731098570838 140994.4 351
1731098580927 140994.4 352
1731098591020 140994.3 353
1731098601128 140994.3 354
1731098611249 140994.3 355
1731098621374 140994.3 356
1731098631487 140994.3 357
1731098641590 140994.3 358
1731098651718 140994.3 359
1731098661836 140994.2 360
1731098671942 140994.2 361
1731098682058 140984.7 362
1731098692200 140924.6 363
1731098702330 140919.3 364
1731098712436 140919.3 365
1731098722563 140919.3 366
1731098732677 140919.3 367
1731098742803 140919.3 368
1731098752919 140915.2 369
1731098763007 140934.6 370
1731098773106 140934.6 371
1731098783232 140934.6 372
1731098793346 140934.6 373
1731098803460 140934.6 374
1731098813573 140934.5 375
1731098823684 140934.5 376
1731098833798 140934.5 377
1731098843919 140934.5 378
1731098854032 140934.5 379
1731098864122 140934.5 380
1731098874232 140934.5 381
1731098884346 140934.5 382
1731098894454 140934.5 383
1731098904542 140934.4 384
1731098914666 140934.4 385
1731098924768 140934.4 386
1731098934874 140934.4 387
1731098944964 140934.4 388
1731098955076 140934.4 389
1731098965195 140934.4 390
1731098975311 140934.4 391
1731098985425 140934.3 392
1731098995504 140934.3 393
1731099005614 140934.3 394
1731099015738 140934.3 395
1731099025819 140934.3 396
1731099035920 140934.3 397
1731099046037 140934.3 398
1731099056160 140934.3 399
1731099066270 140934.3 400
1731099076383 140934.3 401
1731099086502 140934.2 402
1731099096602 140934.2 403
1731099106740 140934.2 404
1731099116851 140934.2 405
1731099126942 140934.2 406
1731099137049 140934.2 407
1731099147169 140934.2 408
1731099157287 140934.2 409
1731099167403 140934.1 410
1731099177521 140934.1 411
1731099187651 140934.1 412
1731099197786 140934.1 413
1731099207901 140934.1 414
1731099218031 140934.1 415
1731099228163 140934.1 416
1731099238293 140934.1 417
1731099248401 140934.0 418
1731099258531 140934.0 419
1731099268652 140934.0 420
1731099278772 140934.0 421
1731099288884 140934.0 422
1731099299018 140934.0 423
1731099309146 140934.0 424
1731099319264 140933.9 425
1731099329383 140933.9 426
1731099339512 140933.9 427
1731099349645 140933.9 428
1731099359765 140933.9 429
1731099369865 140933.9 430
1731099379989 140933.9 431
1731099390069 140933.9 432
1731099400193 140933.8 433
1731099410312 140933.8 434
1731099420436 140933.8 435
1731099430549 140933.8 436
1731099440668 140933.8 437
1731099450803 140933.8 438
1731099460939 140933.8 439
1731099471046 140933.8 440
1731099481169 140933.8 441
1731099491295 140933.7 442
1731099501432 140933.7 443
1731099511559 140933.7 444
1731099521701 140933.7 445
1731099531824 140933.7 446
1731099541942 140933.7 447
1731099552083 140933.7 448
1731099562206 140933.7 449
1731099572340 140933.7 450
1731099582474 140933.6 451
1731099592569 140933.6 452
1731099602683 140933.6 453
1731099612812 140933.6 454
1731099622941 140933.6 455
1731099633064 140933.6 456
1731099643189 140933.6 457
1731099653308 140933.5 458
1731099663446 140933.5 459
1731099673575 140933.5 460
1731099683704 140933.5 461
1731099693832 140933.5 462
1731099703941 140933.5 463
1731099714074 140933.4 464
1731099724206 140933.4 465
1731099734327 140933.4 466
1731099744461 140933.4 467
1731099754593 140933.4 468
1731099764737 140933.4 469
1731099774828 140933.4 470
1731099784955 140933.4 471
1731099795076 140933.3 472
1731099805199 140933.3 473
1731099815338 140933.3 474
1731099825483 140933.3 475
1731099835607 140933.3 476
1731099845737 140933.3 477
1731099855837 140933.3 478
1731099865984 140933.3 479
1731099876094 140933.3 480
1731099886226 140933.2 481
1731099896362 140933.2 482
1731099906489 140933.2 483
1731099916614 140933.2 484
1731099926723 140933.2 485
1731099936844 140933.2 486
1731099946955 140933.2 487
1731099957075 140933.2 488
1731099967210 140933.1 489
1731099977338 140933.1 490
1731099987469 140933.1 491
1731099997610 140933.1 492
1731100007730 140933.1 493
1731100017860 140933.1 494
1731100027957 140933.1 495
1731100038084 140933.1 496
1731100048221 140933.1 497
1731100058351 140933.0 498
1731100068483 140933.0 499
1731100078613 140933.0 500
1731100088747 140933.0 501
1731100098874 140933.0 502
1731100109002 140933.0 503
1731100119144 140933.0 504
1731100129281 140933.0 505
1731100139405 140932.9 506
1731100149544 140932.9 507
1731100159671 140932.9 508
1731100169813 140932.9 509
1731100179901 140932.9 510
1731100190011 140932.9 511
1731100200121 140932.9 512
1731100210217 140932.9 513
1731100220359 140932.9 514
1731100230492 140932.8 515
1731100240618 140932.8 516
1731100250755 140932.8 517
1731100260843 140932.8 518
1731100270945 140932.8 519
1731100281072 140932.8 520
1731100291202 140932.8 521
1731100301328 140932.7 522
1731100311467 140932.7 523
1731100321601 140932.7 524
1731100331743 140932.7 525
1731100341883 140932.7 526
1731100352017 140932.7 527
1731100362147 140932.7 528
1731100372277 140932.7 529
1731100382415 140932.6 530
1731100392544 140932.6 531
1731100402682 140924.2 532
1731100412822 140924.2 533
1731100422947 140924.2 534
1731100433101 140924.2 535
1731100443240 140924.2 536
1731100453340 140924.2 537
1731100463462 140924.2 538
1731100473573 140924.2 539
1731100483664 140924.1 540
1731100493795 140924.1 541
1731100503932 140924.1 542
1731100514066 140924.1 543
1731100524207 140924.1 544
1731100534334 140924.1 545
1731100544443 140924.1 546
1731100554584 140924.1 547
1731100564720 140924.1 548
1731100574853 140924.0 549
1731100584957 140924.0 550
1731100595081 140924.0 551
1731100605253 140924.0 552
1731100615388 140924.0 553
1731100625473 140924.0 554
1731100635617 140924.0 555
1731100645750 140923.9 556
1731100655885 140923.9 557
1731100666023 140923.9 558
1731100676171 140923.9 559
1731100686298 140923.9 560
1731100696449 140923.9 561
1731100706597 140923.9 562
1731100716738 140923.9 563
1731100726881 140923.9 564
1731100737017 140923.9 565
1731100747153 140923.8 566
1731100757293 140923.8 567
1731100767456 140923.8 568
1731100777597 140923.8 569
1731100787736 140923.8 570
1731100797872 140923.8 571
1731100807979 140923.8 572
1731100818104 140923.8 573
1731100828239 140923.8 574
1731100838356 140923.7 575
1731100848471 140923.7 576
1731100858601 140923.7 577
1731100868738 140923.7 578
1731100878871 140923.7 579
1731100888978 140923.7 580
1731100899107 140923.7 581
1731100909257 140923.7 582
1731100919400 140923.7 583
1731100929538 140923.6 584
1731100939672 140923.6 585
1731100949804 140923.6 586
1731100959921 140923.6 587
1731100970033 140923.6 588
1731100980172 140923.6 589
