1731095030106 14.0 0
1731095040169 6.0 1
1731095050239 45.0 2
1731095060300 51.0 3
1731095070355 47.0 4
1731095080420 47.0 5
1731095090478 46.0 6
1731095100542 56.0 7
1731095110608 50.0 8
1731095120665 52.0 9
1731095130711 49.0 10
1731095140785 47.0 11
1731095150850 24.0 12
1731095160911 45.0 13
1731095170972 43.0 14
1731095181038 2.0 15
1731095191120 41.0 16
1731095201201 43.0 17
1731095211280 44.0 18
1731095221349 48.0 19
1731095231405 48.0 20
1731095241487 36.0 21
1731095251559 42.0 22
1731095261628 45.0 23
1731095271704 45.0 24
1731095281776 46.0 25
1731095291830 1.0 26
1731095301892 2.0 27
1731095311966 44.0 28
1731095322045 43.0 29
1731095332100 43.0 30
1731095342163 33.0 31
1731095352258 39.0 32
1731095362333 10.0 33
1731095372412 54.0 34
1731095382480 28.0 35
1731095392547 50.0 36
1731095402605 42.0 37
1731095412676 47.0 38
1731095422736 49.0 39
1731095432810 38.0 40
1731095442887 1.0 41
1731095452976 48.0 42
1731095463059 32.0 43
1731095473140 38.0 44
1731095483211 1.0 45
1731095493289 50.0 46
1731095503370 46.0 47
1731095513442 1.0 48
1731095523498 50.0 49
1731095533551 1.0 50
1731095543623 48.0 51
1731095553703 51.0 52
1731095563788 41.0 53
1731095573857 45.0 54
1731095583927 1.0 55
1731095594009 1.0 56
1731095604062 1.0 57
1731095614130 45.0 58
1731095624190 46.0 59
1731095634263 41.0 60
1731095644358 24.0 61
1731095654426 45.0 62
1731095664505 48.0 63
1731095674585 47.0 64
1731095684659 0.0 65
1731095694706 41.0 66
1731095704778 43.0 67
1731095714852 42.0 68
1731095724923 44.0 69
1731095735011 23.0 70
1731095745067 43.0 71
1731095755140 40.0 72
1731095765200 52.0 73
1731095775294 49.0 74
1731095785369 45.0 75
1731095795456 0.0 76
1731095805536 48.0 77
1731095815612 0.0 78
1731095825683 23.0 79
1731095835747 22.0 80
1731095845821 44.0 81
1731095855901 50.0 82
1731095865974 40.0 83
1731095876048 1.0 84
1731095886144 0.0 85
1731095896220 43.0 86
1731095906304 37.0 87
1731095916384 0.0 88
1731095926472 29.0 89
1731095936551 0.0 90
1731095946614 0.0 91
1731095956676 43.0 92
1731095966753 47.0 93
1731095976841 52.0 94
1731095986928 46.0 95
1731095997003 40.0 96
1731096007072 39.0 97
1731096017158 49.0 98
1731096027231 25.0 99
1731096037310 49.0 100
1731096047398 0.0 101
1731096057470 44.0 102
1731096067547 43.0 103
1731096077634 36.0 104
1731096087713 0.0 105
1731096097785 51.0 106
1731096107880 1.0 107
1731096117965 43.0 108
1731096128052 52.0 109
1731096138136 42.0 110
1731096148216 41.0 111
1731096158308 39.0 112
1731096168382 29.0 113
1731096178472 44.0 114
1731096188558 39.0 115
1731096198642 0.0 116
1731096208732 0.0 117
1731096218809 1.0 118
1731096228891 1.0 119
1731096238975 47.0 120
1731096249060 40.0 121
1731096259137 45.0 122
1731096269213 52.0 123
1731096279306 46.0 124
1731096289408 47.0 125
1731096299466 48.0 126
1731096309530 15.0 127
1731096319598 43.0 128
1731096329677 41.0 129
1731096339754 42.0 130
1731096349833 0.0 131
1731096359924 0.0 132
1731096370005 41.0 133
1731096380086 1.0 134
1731096390196 50.0 135
1731096400278 40.0 136
1731096410360 23.0 137
1731096420447 0.0 138
1731096430539 0.0 139
1731096440612 43.0 140
1731096450705 49.0 141
1731096460767 44.0 142
1731096470841 44.0 143
1731096480934 39.0 144
1731096491023 1.0 145
1731096501117 24.0 146
1731096511201 45.0 147
1731096521282 42.0 148
1731096531358 41.0 149
1731096541456 40.0 150
1731096551535 47.0 151
1731096561620 0.0 152
1731096571696 44.0 153
1731096581786 0.0 154
1731096591877 46.0 155
1731096601956 1.0 156
1731096612052 47.0 157
1731096622143 0.0 158
1731096632221 47.0 159
1731096642329 44.0 160
1731096652409 0.0 161
1731096662501 0.0 162
1731096672588 43.0 163
1731096682696 47.0 164
1731096692756 44.0 165
1731096702838 1.0 166
1731096712924 38.0 167
1731096723006 41.0 168
1731096733086 41.0 169
1731096743168 0.0 170
1731096753261 0.0 171
1731096763342 41.0 172
1731096773454 43.0 173
1731096783537 37.0 174
1731096793626 0.0 175
1731096803727 0.0 176
1731096813814 40.0 177
1731096823907 42.0 178
1731096834002 22.0 179
1731096844096 39.0 180
1731096854189 0.0 181
1731096864285 39.0 182
1731096874366 40.0 183
1731096884475 0.0 184
1731096894536 0.0 185
1731096904617 47.0 186
1731096914688 38.0 187
1731096924759 46.0 188
1731096934838 40.0 189
1731096944951 0.0 190
1731096955049 38.0 191
1731096965144 1.0 192
1731096975237 40.0 193
1731096985319 0.0 194
1731096995431 37.0 195
1731097005526 40.0 196
1731097015625 41.0 197
1731097025708 45.0 198
1731097035792 34.0 199
1731097045883 39.0 200
1731097055969 1.0 201
1731097066080 1.0 202
1731097076159 40.0 203
1731097086265 40.0 204
1731097096368 0.0 205
1731097106450 0.0 206
1731097116541 41.0 207
1731097126622 36.0 208
1731097136723 42.0 209
1731097146808 39.0 210
1731097156904 44.0 211
1731097166995 47.0 212
1731097177089 44.0 213
1731097187196 44.0 214
1731097197299 37.0 215
1731097207394 43.0 216
1731097217490 44.0 217
1731097227575 47.0 218
1731097237675 42.0 219
1731097247754 41.0 220
1731097257826 37.0 221
1731097267888 43.0 222
1731097277983 23.0 223
1731097288063 0.0 224
1731097298147 38.0 225
1731097308236 1.0 226
1731097318345 42.0 227
1731097328439 44.0 228
1731097338543 49.0 229
1731097348631 42.0 230
1731097358715 0.0 231
1731097368817 0.0 232
1731097378908 44.0 233
1731097388992 37.0 234
1731097399080 33.0 235
1731097409182 0.0 236
1731097419272 34.0 237
1731097429364 46.0 238
1731097439460 44.0 239
1731097449564 39.0 240
1731097459662 0.0 241
1731097469764 42.0 242
1731097479856 40.0 243
1731097489958 47.0 244
1731097500058 38.0 245
1731097510144 35.0 246
1731097520246 45.0 247
1731097530339 0.0 248
1731097540437 43.0 249
1731097550546 48.0 250
1731097560648 36.0 251
1731097570747 0.0 252
1731097580808 46.0 253
1731097590903 51.0 254
1731097601014 1.0 255
1731097611121 18.0 256
1731097621225 36.0 257
1731097631320 0.0 258
1731097641423 43.0 259
1731097651531 0.0 260
1731097661609 41.0 261
1731097671710 36.0 262
1731097681805 36.0 263
1731097691912 40.0 264
1731097702016 29.0 265
1731097712104 35.0 266
1731097722217 33.0 267
1731097732322 37.0 268
1731097742430 36.0 269
1731097752523 30.0 270
1731097762630 0.0 271
1731097772736 34.0 272
1731097782840 34.0 273
1731097792915 35.0 274
1731097803027 33.0 275
1731097813099 34.0 276
1731097823192 36.0 277
1731097833290 41.0 278
1731097843406 26.0 279
1731097853510 35.0 280
1731097863601 37.0 281
1731097873700 40.0 282
1731097883797 30.0 283
1731097893905 33.0 284
1731097903999 36.0 285
1731097914107 26.0 286
1731097924182 33.0 287
1731097934262 35.0 288
1731097944350 34.0 289
1731097954428 0.0 290
1731097964522 36.0 291
1731097974644 39.0 292
1731097984731 39.0 293
1731097994794 36.0 294
1731098004898 29.0 295
1731098014985 41.0 296
1731098025093 30.0 297
1731098035202 37.0 298
1731098045296 0.0 299
1731098055396 42.0 300
1731098065499 39.0 301
1731098075596 33.0 302
1731098085693 44.0 303
1731098095781 44.0 304
1731098105887 31.0 305
1731098115999 31.0 306
1731098126107 37.0 307
1731098136214 39.0 308
1731098146321 37.0 309
1731098156424 0.0 310
1731098166516 39.0 311
1731098176618 37.0 312
1731098186707 44.0 313
1731098196810 44.0 314
1731098206917 41.0 315
1731098217042 40.0 316
1731098227153 33.0 317
1731098237260 36.0 318
1731098247370 37.0 319
1731098257470 33.0 320
1731098267729 38.0 321
1731098277827 0.0 322
1731098287922 35.0 323
1731098298028 1.0 324
1731098308135 1.0 325
1731098318251 43.0 326
1731098328357 36.0 327
1731098338438 38.0 328
1731098348547 39.0 329
1731098358648 34.0 330
1731098368760 41.0 331
1731098378872 0.0 332
1731098388962 40.0 333
1731098399082 40.0 334
1731098409196 38.0 335
1731098419311 33.0 336
1731098429414 33.0 337
1731098439541 42.0 338
1731098449652 0.0 339
1731098459754 34.0 340
1731098469866 41.0 341
1731098479962 26.0 342
1731098490054 35.0 343
1731098500158 36.0 344
1731098510269 33.0 345
1731098520373 33.0 346
1731098530477 36.0 347
1731098540587 37.0 348
1731098550680 33.0 349
1731098560774 35.0 350
1731098570838 35.0 351
1731098580927 46.0 352
1731098591020 45.0 353
1731098601128 39.0 354
1731098611249 30.0 355
1731098621374 33.0 356
1731098631487 0.0 357
1731098641590 34.0 358
1731098651718 24.0 359
1731098661836 0.0 360
1731098671942 34.0 361
1731098682058 33.0 362
1731098692200 46.0 363
1731098702330 0.0 364
1731098712436 31.0 365
1731098722563 0.0 366
1731098732677 28.0 367
1731098742803 0.0 368
1731098752919 1.0 369
1731098763007 31.0 370
1731098773106 0.0 371
1731098783232 0.0 372
1731098793346 0.0 373
1731098803460 34.0 374
1731098813573 47.0 375
1731098823684 0.0 376
1731098833798 37.0 377
1731098843919 23.0 378
1731098854032 0.0 379
1731098864122 33.0 380
1731098874232 31.0 381
1731098884346 43.0 382
1731098894454 0.0 383
1731098904542 43.0 384
1731098914666 31.0 385
1731098924768 36.0 386
1731098934874 46.0 387
1731098944964 36.0 388
1731098955076 43.0 389
1731098965195 0.0 390
1731098975311 0.0 391
1731098985425 45.0 392
1731098995504 45.0 393
1731099005614 40.0 394
1731099015738 41.0 395
1731099025819 31.0 396
1731099035920 39.0 397
1731099046037 29.0 398
1731099056160 41.0 399
1731099066270 51.0 400
1731099076383 52.0 401
1731099086502 45.0 402
1731099096602 52.0 403
1731099106740 35.0 404
1731099116851 45.0 405
1731099126942 47.0 406
1731099137049 50.0 407
1731099147169 35.0 408
1731099157287 41.0 409
1731099167403 0.0 410
1731099177521 0.0 411
1731099187651 42.0 412
1731099197786 11.0 413
1731099207901 35.0 414
1731099218031 1.0 415
1731099228163 32.0 416
1731099238293 0.0 417
1731099248401 41.0 418
1731099258531 38.0 419
1731099268652 41.0 420
1731099278772 44.0 421
1731099288884 41.0 422
1731099299018 42.0 423
1731099309146 40.0 424
1731099319264 31.0 425
1731099329383 1.0 426
1731099339512 0.0 427
1731099349645 44.0 428
1731099359765 0.0 429
1731099369865 39.0 430
1731099379989 1.0 431
1731099390069 38.0 432
1731099400193 44.0 433
1731099410312 40.0 434
1731099420436 0.0 435
1731099430549 35.0 436
1731099440668 29.0 437
1731099450803 0.0 438
1731099460939 31.0 439
1731099471046 33.0 440
1731099481169 35.0 441
1731099491295 36.0 442
1731099501432 31.0 443
1731099511559 40.0 444
1731099521701 35.0 445
1731099531824 2.0 446
1731099541942 45.0 447
1731099552083 37.0 448
1731099562206 31.0 449
1731099572340 0.0 450
1731099582474 0.0 451
1731099592569 36.0 452
1731099602683 38.0 453
1731099612812 0.0 454
1731099622941 29.0 455
1731099633064 45.0 456
1731099643189 0.0 457
1731099653308 0.0 458
1731099663446 0.0 459
1731099673575 0.0 460
1731099683704 44.0 461
1731099693832 37.0 462
1731099703941 37.0 463
1731099714074 44.0 464
1731099724206 29.0 465
1731099734327 43.0 466
1731099744461 39.0 467
1731099754593 40.0 468
1731099764737 0.0 469
1731099774828 23.0 470
1731099784955 36.0 471
1731099795076 36.0 472
1731099805199 33.0 473
1731099815338 37.0 474
1731099825483 40.0 475
1731099835607 0.0 476
1731099845737 0.0 477
1731099855837 45.0 478
1731099865984 45.0 479
1731099876094 22.0 480
1731099886226 53.0 481
1731099896362 37.0 482
1731099906489 41.0 483
1731099916614 40.0 484
1731099926723 30.0 485
1731099936844 0.0 486
1731099946955 41.0 487
1731099957075 34.0 488
1731099967210 32.0 489
1731099977338 33.0 490
1731099987469 39.0 491
1731099997610 41.0 492
1731100007730 37.0 493
1731100017860 0.0 494
1731100027957 40.0 495
1731100038084 40.0 496
1731100048221 0.0 497
1731100058351 0.0 498
1731100068483 24.0 499
1731100078613 39.0 500
1731100088747 34.0 501
1731100098874 36.0 502
1731100109002 40.0 503
1731100119144 0.0 504
1731100129281 30.0 505
1731100139405 45.0 506
1731100149544 42.0 507
1731100159671 29.0 508
1731100169813 39.0 509
1731100179901 1.0 510
1731100190011 29.0 511
1731100200121 35.0 512
1731100210217 35.0 513
1731100220359 36.0 514
1731100230492 0.0 515
1731100240618 33.0 516
1731100250755 43.0 517
1731100260843 46.0 518
1731100270945 41.0 519
1731100281072 42.0 520
1731100291202 21.0 521
1731100301328 40.0 522
1731100311467 48.0 523
1731100321601 33.0 524
1731100331743 28.0 525
1731100341883 36.0 526
1731100352017 22.0 527
1731100362147 36.0 528
1731100372277 34.0 529
1731100382415 29.0 530
1731100392544 0.0 531
1731100402682 29.0 532
1731100412822 34.0 533
1731100422947 36.0 534
1731100433101 1.0 535
1731100443240 30.0 536
1731100453340 22.0 537
1731100463462 31.0 538
1731100473573 39.0 539
1731100483664 35.0 540
1731100493795 34.0 541
1731100503932 39.0 542
1731100514066 43.0 543
1731100524207 49.0 544
1731100534334 27.0 545
1731100544443 37.0 546
1731100554584 40.0 547
1731100564720 31.0 548
1731100574853 0.0 549
1731100584957 36.0 550
1731100595081 42.0 551
1731100605253 49.0 552
1731100615388 0.0 553
1731100625473 43.0 554
1731100635617 41.0 555
1731100645750 33.0 556
1731100655885 31.0 557
1731100666023 38.0 558
1731100676171 0.0 559
1731100686298 0.0 560
1731100696449 32.0 561
1731100706597 36.0 562
1731100716738 32.0 563
1731100726881 29.0 564
1731100737017 35.0 565
1731100747153 36.0 566
1731100757293 0.0 567
1731100767456 37.0 568
1731100777597 34.0 569
1731100787736 26.0 570
1731100797872 34.0 571
1731100807979 35.0 572
1731100818104 38.0 573
1731100828239 35.0 574
1731100838356 41.0 575
1731100848471 38.0 576
1731100858601 31.0 577
1731100868738 32.0 578
1731100878871 0.0 579
1731100888978 1.0 580
1731100899107 36.0 581
1731100909257 30.0 582
1731100919400 34.0 583
1731100929538 28.0 584
1731100939672 30.0 585
1731100949804 23.0 586
1731100959921 40.0 587
1731100970033 40.0 588
1731100980172 43.0 589
