1731095030106 11.1 0
1731095040169 19.1 1
1731095050239 28.1 2
1731095060300 28.1 3
1731095070355 28.1 4
1731095080420 28.1 5
1731095090478 28.1 6
1731095100542 39.8 7
1731095110608 39.8 8
1731095120665 39.8 9
1731095130711 39.8 10
1731095140785 39.8 11
1731095150850 39.8 12
1731095160911 39.8 13
1731095170972 39.8 14
1731095181038 39.9 15
1731095191120 39.9 16
1731095201201 39.9 17
1731095211280 39.9 18
1731095221349 39.9 19
1731095231405 39.9 20
1731095241487 39.9 21
1731095251559 39.9 22
1731095261628 39.9 23
1731095271704 39.9 24
1731095281776 39.9 25
1731095291830 39.9 26
1731095301892 39.9 27
1731095311966 39.7 28
1731095322045 39.7 29
1731095332100 39.7 30
1731095342163 39.7 31
1731095352258 39.5 32
1731095362333 39.5 33
1731095372412 39.5 34
1731095382480 39.5 35
1731095392547 39.5 36
1731095402605 39.5 37
1731095412676 39.5 38
1731095422736 39.5 39
1731095432810 39.4 40
1731095442887 39.4 41
1731095452976 39.4 42
1731095463059 39.4 43
1731095473140 39.4 44
1731095483211 39.5 45
1731095493289 39.4 46
1731095503370 39.4 47
1731095513442 39.5 48
1731095523498 39.4 49
1731095533551 39.5 50
1731095543623 39.5 51
1731095553703 39.4 52
1731095563788 39.4 53
1731095573857 39.4 54
1731095583927 39.5 55
1731095594009 39.5 56
1731095604062 39.5 57
1731095614130 39.4 58
1731095624190 39.5 59
1731095634263 39.8 60
1731095644358 39.8 61
1731095654426 39.8 62
1731095664505 39.8 63
1731095674585 39.8 64
1731095684659 39.8 65
1731095694706 39.8 66
1731095704778 39.8 67
1731095714852 39.9 68
1731095724923 39.9 69
1731095735011 39.8 70
1731095745067 39.8 71
1731095755140 39.8 72
1731095765200 39.8 73
1731095775294 39.8 74
1731095785369 39.8 75
1731095795456 39.8 76
1731095805536 39.8 77
1731095815612 39.8 78
1731095825683 39.8 79
1731095835747 39.8 80
1731095845821 39.8 81
1731095855901 39.8 82
1731095865974 39.8 83
1731095876048 39.8 84
1731095886144 39.8 85
1731095896220 39.8 86
1731095906304 39.8 87
1731095916384 39.8 88
1731095926472 39.8 89
1731095936551 39.8 90
1731095946614 39.8 91
1731095956676 39.8 92
1731095966753 39.8 93
1731095976841 39.8 94
1731095986928 39.8 95
1731095997003 39.8 96
1731096007072 39.3 97
1731096017158 39.3 98
1731096027231 39.3 99
1731096037310 39.3 100
1731096047398 39.3 101
1731096057470 39.3 102
1731096067547 39.3 103
1731096077634 39.3 104
1731096087713 39.3 105
1731096097785 39.3 106
1731096107880 39.3 107
1731096117965 39.3 108
1731096128052 39.3 109
1731096138136 39.3 110
1731096148216 39.3 111
1731096158308 39.3 112
1731096168382 39.3 113
1731096178472 39.3 114
1731096188558 39.3 115
1731096198642 39.3 116
1731096208732 39.3 117
1731096218809 39.3 118
1731096228891 39.3 119
1731096238975 39.3 120
1731096249060 39.3 121
1731096259137 39.3 122
1731096269213 39.3 123
1731096279306 39.3 124
1731096289408 39.3 125
1731096299466 39.3 126
1731096309530 39.3 127
1731096319598 39.3 128
1731096329677 39.3 129
1731096339754 39.3 130
1731096349833 39.3 131
1731096359924 39.3 132
1731096370005 39.3 133
1731096380086 39.3 134
1731096390196 39.3 135
1731096400278 39.3 136
1731096410360 39.3 137
1731096420447 39.3 138
1731096430539 39.3 139
1731096440612 39.3 140
1731096450705 39.3 141
1731096460767 39.3 142
1731096470841 39.3 143
1731096480934 39.3 144
1731096491023 39.3 145
1731096501117 39.3 146
1731096511201 39.3 147
1731096521282 39.3 148
1731096531358 39.3 149
1731096541456 39.3 150
1731096551535 39.3 151
1731096561620 39.3 152
1731096571696 39.3 153
1731096581786 39.3 154
1731096591877 39.3 155
1731096601956 39.3 156
1731096612052 39.3 157
1731096622143 39.3 158
1731096632221 39.3 159
1731096642329 39.3 160
1731096652409 39.3 161
1731096662501 39.3 162
1731096672588 39.3 163
1731096682696 39.3 164
1731096692756 39.3 165
1731096702838 39.3 166
1731096712924 39.3 167
1731096723006 39.3 168
1731096733086 39.3 169
1731096743168 39.3 170
1731096753261 39.3 171
1731096763342 39.3 172
1731096773454 39.3 173
1731096783537 39.3 174
1731096793626 39.3 175
1731096803727 39.3 176
1731096813814 39.3 177
1731096823907 39.3 178
1731096834002 39.3 179
1731096844096 39.3 180
1731096854189 39.3 181
1731096864285 39.3 182
1731096874366 39.3 183
1731096884475 39.3 184
1731096894536 39.3 185
1731096904617 39.3 186
1731096914688 39.3 187
1731096924759 39.3 188
1731096934838 39.3 189
1731096944951 39.3 190
1731096955049 39.3 191
1731096965144 39.3 192
1731096975237 39.3 193
1731096985319 39.3 194
1731096995431 39.3 195
1731097005526 39.3 196
1731097015625 39.3 197
1731097025708 39.3 198
1731097035792 39.3 199
1731097045883 39.3 200
1731097055969 39.3 201
1731097066080 39.3 202
1731097076159 39.3 203
1731097086265 39.3 204
1731097096368 39.3 205
1731097106450 39.3 206
1731097116541 39.3 207
1731097126622 39.3 208
1731097136723 39.3 209
1731097146808 39.3 210
1731097156904 39.3 211
1731097166995 39.3 212
1731097177089 39.3 213
1731097187196 39.3 214
1731097197299 39.3 215
1731097207394 39.3 216
1731097217490 39.3 217
1731097227575 39.3 218
1731097237675 39.3 219
1731097247754 39.3 220
1731097257826 39.3 221
1731097267888 39.3 222
1731097277983 39.3 223
1731097288063 39.3 224
1731097298147 39.3 225
1731097308236 39.3 226
1731097318345 39.3 227
1731097328439 39.3 228
1731097338543 39.3 229
1731097348631 39.3 230
1731097358715 39.3 231
1731097368817 39.3 232
1731097378908 39.3 233
1731097388992 39.3 234
1731097399080 39.3 235
1731097409182 39.3 236
1731097419272 39.3 237
1731097429364 39.3 238
1731097439460 39.3 239
1731097449564 39.3 240
1731097459662 39.3 241
1731097469764 39.3 242
1731097479856 39.3 243
1731097489958 39.3 244
1731097500058 39.3 245
1731097510144 39.3 246
1731097520246 39.3 247
1731097530339 39.3 248
1731097540437 39.3 249
1731097550546 39.3 250
1731097560648 39.3 251
1731097570747 39.3 252
1731097580808 39.3 253
1731097590903 39.3 254
1731097601014 39.3 255
1731097611121 39.3 256
1731097621225 39.3 257
1731097631320 39.3 258
1731097641423 39.3 259
1731097651531 39.3 260
1731097661609 39.3 261
1731097671710 39.3 262
1731097681805 39.3 263
1731097691912 39.3 264
1731097702016 39.3 265
1731097712104 39.3 266
1731097722217 39.3 267
1731097732322 39.3 268
1731097742430 39.3 269
1731097752523 39.3 270
1731097762630 39.3 271
1731097772736 39.3 272
1731097782840 39.3 273
1731097792915 39.3 274
1731097803027 39.3 275
1731097813099 39.3 276
1731097823192 39.3 277
1731097833290 39.3 278
1731097843406 39.3 279
1731097853510 39.3 280
1731097863601 39.3 281
1731097873700 39.3 282
1731097883797 39.3 283
1731097893905 39.3 284
1731097903999 39.3 285
1731097914107 39.3 286
1731097924182 39.3 287
1731097934262 39.3 288
1731097944350 39.3 289
1731097954428 39.3 290
1731097964522 39.3 291
1731097974644 39.3 292
1731097984731 39.3 293
1731097994794 39.3 294
1731098004898 39.3 295
1731098014985 39.3 296
1731098025093 39.3 297
1731098035202 39.3 298
1731098045296 39.3 299
1731098055396 39.3 300
1731098065499 39.3 301
1731098075596 39.3 302
1731098085693 39.3 303
1731098095781 39.3 304
1731098105887 39.3 305
1731098115999 39.3 306
1731098126107 39.3 307
1731098136214 39.3 308
1731098146321 39.3 309
1731098156424 39.3 310
1731098166516 39.3 311
1731098176618 39.3 312
1731098186707 39.3 313
1731098196810 39.3 314
1731098206917 39.3 315
1731098217042 39.3 316
1731098227153 39.3 317
1731098237260 39.3 318
1731098247370 39.3 319
1731098257470 39.3 320
1731098267729 39.3 321
1731098277827 39.3 322
1731098287922 39.3 323
1731098298028 39.3 324
1731098308135 39.3 325
1731098318251 39.3 326
1731098328357 39.3 327
1731098338438 39.3 328
1731098348547 39.3 329
1731098358648 39.3 330
1731098368760 39.3 331
1731098378872 39.3 332
1731098388962 39.3 333
1731098399082 39.3 334
1731098409196 39.3 335
1731098419311 39.3 336
1731098429414 39.3 337
1731098439541 39.3 338
1731098449652 39.3 339
1731098459754 39.3 340
1731098469866 39.3 341
1731098479962 39.3 342
1731098490054 39.3 343
1731098500158 39.3 344
1731098510269 39.3 345
1731098520373 39.3 346
1731098530477 39.3 347
1731098540587 39.3 348
1731098550680 39.3 349
1731098560774 39.3 350
1731098570838 39.3 351
1731098580927 39.3 352
1731098591020 39.3 353
1731098601128 39.3 354
1731098611249 39.3 355
1731098621374 39.3 356
1731098631487 39.3 357
1731098641590 39.3 358
1731098651718 39.3 359
1731098661836 39.3 360
1731098671942 39.3 361
1731098682058 39.3 362
1731098692200 39.3 363
1731098702330 39.3 364
1731098712436 39.3 365
1731098722563 39.3 366
1731098732677 39.3 367
1731098742803 39.3 368
1731098752919 39.3 369
1731098763007 39.3 370
1731098773106 39.3 371
1731098783232 39.3 372
1731098793346 39.3 373
1731098803460 39.3 374
1731098813573 39.3 375
1731098823684 39.3 376
1731098833798 39.3 377
1731098843919 39.3 378
1731098854032 39.3 379
1731098864122 39.3 380
1731098874232 39.3 381
1731098884346 39.3 382
1731098894454 39.3 383
1731098904542 39.3 384
1731098914666 39.3 385
1731098924768 39.3 386
1731098934874 39.3 387
1731098944964 39.3 388
1731098955076 39.3 389
1731098965195 39.3 390
1731098975311 39.3 391
1731098985425 39.3 392
1731098995504 39.3 393
1731099005614 39.3 394
1731099015738 39.3 395
1731099025819 39.3 396
1731099035920 39.3 397
1731099046037 39.3 398
1731099056160 39.3 399
1731099066270 39.3 400
1731099076383 39.3 401
1731099086502 39.3 402
1731099096602 39.3 403
1731099106740 39.3 404
1731099116851 39.3 405
1731099126942 39.3 406
1731099137049 39.3 407
1731099147169 39.3 408
1731099157287 39.3 409
1731099167403 39.3 410
1731099177521 39.3 411
1731099187651 39.3 412
1731099197786 39.3 413
1731099207901 39.3 414
1731099218031 39.3 415
1731099228163 39.3 416
1731099238293 39.3 417
1731099248401 39.3 418
1731099258531 39.3 419
1731099268652 39.3 420
1731099278772 39.3 421
1731099288884 39.3 422
1731099299018 39.3 423
1731099309146 39.3 424
1731099319264 39.3 425
1731099329383 39.3 426
1731099339512 39.3 427
1731099349645 39.3 428
1731099359765 39.3 429
1731099369865 39.3 430
1731099379989 39.3 431
1731099390069 39.3 432
1731099400193 39.3 433
1731099410312 39.3 434
1731099420436 39.3 435
1731099430549 39.3 436
1731099440668 39.3 437
1731099450803 39.3 438
1731099460939 39.3 439
1731099471046 39.3 440
1731099481169 39.3 441
1731099491295 39.3 442
1731099501432 39.3 443
1731099511559 39.3 444
1731099521701 39.3 445
1731099531824 39.3 446
1731099541942 39.3 447
1731099552083 39.3 448
1731099562206 39.3 449
1731099572340 39.3 450
1731099582474 39.3 451
1731099592569 39.3 452
1731099602683 39.3 453
1731099612812 39.3 454
1731099622941 39.3 455
1731099633064 39.3 456
1731099643189 39.3 457
1731099653308 39.3 458
1731099663446 39.3 459
1731099673575 39.3 460
1731099683704 39.3 461
1731099693832 39.3 462
1731099703941 39.3 463
1731099714074 39.3 464
1731099724206 39.3 465
1731099734327 39.3 466
1731099744461 39.3 467
1731099754593 39.3 468
1731099764737 39.3 469
1731099774828 39.3 470
1731099784955 39.3 471
1731099795076 39.3 472
1731099805199 39.3 473
1731099815338 39.3 474
1731099825483 39.3 475
1731099835607 39.3 476
1731099845737 39.3 477
1731099855837 39.3 478
1731099865984 39.3 479
1731099876094 39.3 480
1731099886226 39.3 481
1731099896362 39.3 482
1731099906489 39.3 483
1731099916614 39.3 484
1731099926723 39.3 485
1731099936844 39.3 486
1731099946955 39.3 487
1731099957075 39.3 488
1731099967210 39.3 489
1731099977338 39.3 490
1731099987469 39.3 491
1731099997610 39.3 492
1731100007730 39.3 493
1731100017860 39.3 494
1731100027957 39.3 495
1731100038084 39.3 496
1731100048221 39.3 497
1731100058351 39.3 498
1731100068483 39.3 499
1731100078613 39.3 500
1731100088747 39.3 501
1731100098874 39.3 502
1731100109002 39.3 503
1731100119144 39.3 504
1731100129281 39.3 505
1731100139405 39.3 506
1731100149544 39.3 507
1731100159671 39.3 508
1731100169813 39.3 509
1731100179901 39.3 510
1731100190011 39.3 511
1731100200121 39.3 512
1731100210217 39.3 513
1731100220359 39.3 514
1731100230492 39.3 515
1731100240618 39.3 516
1731100250755 39.3 517
1731100260843 39.3 518
1731100270945 39.3 519
1731100281072 39.3 520
1731100291202 39.3 521
1731100301328 39.3 522
1731100311467 39.3 523
1731100321601 39.3 524
1731100331743 39.3 525
1731100341883 39.3 526
1731100352017 39.3 527
1731100362147 39.3 528
1731100372277 39.3 529
1731100382415 39.3 530
1731100392544 39.3 531
1731100402682 39.3 532
1731100412822 39.3 533
1731100422947 39.3 534
1731100433101 39.3 535
1731100443240 39.3 536
1731100453340 39.3 537
1731100463462 39.3 538
1731100473573 39.3 539
1731100483664 39.3 540
1731100493795 39.3 541
1731100503932 39.3 542
1731100514066 39.3 543
1731100524207 39.3 544
1731100534334 39.3 545
1731100544443 39.3 546
1731100554584 39.3 547
1731100564720 39.3 548
1731100574853 39.3 549
1731100584957 39.3 550
1731100595081 39.3 551
1731100605253 39.3 552
1731100615388 39.3 553
1731100625473 39.3 554
1731100635617 39.3 555
1731100645750 39.3 556
1731100655885 39.3 557
1731100666023 39.3 558
1731100676171 39.3 559
1731100686298 39.3 560
1731100696449 39.3 561
1731100706597 39.3 562
1731100716738 39.3 563
1731100726881 39.3 564
1731100737017 39.3 565
1731100747153 39.3 566
1731100757293 39.3 567
1731100767456 39.3 568
1731100777597 39.3 569
1731100787736 39.3 570
1731100797872 39.3 571
1731100807979 39.3 572
1731100818104 39.3 573
1731100828239 39.3 574
1731100838356 39.3 575
1731100848471 39.3 576
1731100858601 39.3 577
1731100868738 39.3 578
1731100878871 39.3 579
1731100888978 39.3 580
1731100899107 39.3 581
1731100909257 39.3 582
1731100919400 39.3 583
1731100929538 39.3 584
1731100939672 39.3 585
1731100949804 39.3 586
1731100959921 39.3 587
1731100970033 39.3 588
1731100980172 39.3 589
