1731095030106 17.7 0
1731095040169 30.5 1
1731095050239 70.5 2
1731095060300 71.2 3
1731095070355 69.6 4
1731095080420 72.1 5
1731095090478 70.7 6
1731095100542 73.1 7
1731095110608 72.4 8
1731095120665 72.1 9
1731095130711 72.5 10
1731095140785 69.4 11
1731095150850 37.7 12
1731095160911 70.4 13
1731095170972 69.2 14
1731095181038 32.6 15
1731095191120 71.5 16
1731095201201 71.7 17
1731095211280 73.4 18
1731095221349 71.4 19
1731095231405 71.1 20
1731095241487 68.5 21
1731095251559 66.2 22
1731095261628 44.7 23
1731095271704 68.2 24
1731095281776 69.9 25
1731095291830 39.3 26
1731095301892 39.2 27
1731095311966 66.3 28
1731095322045 64.2 29
1731095332100 63.7 30
1731095342163 61.5 31
1731095352258 62.1 32
1731095362333 49.0 33
1731095372412 67.4 34
1731095382480 35.7 35
1731095392547 68.3 36
1731095402605 67.0 37
1731095412676 66.5 38
1731095422736 65.5 39
1731095432810 65.0 40
1731095442887 32.0 41
1731095452976 66.9 42
1731095463059 36.7 43
1731095473140 62.9 44
1731095483211 46.3 45
1731095493289 62.3 46
1731095503370 62.0 47
1731095513442 45.2 48
1731095523498 63.1 49
1731095533551 32.0 50
1731095543623 65.0 51
1731095553703 67.1 52
1731095563788 67.2 53
1731095573857 66.9 54
1731095583927 39.2 55
1731095594009 32.8 56
1731095604062 31.9 57
1731095614130 68.9 58
1731095624190 61.7 59
1731095634263 59.9 60
1731095644358 36.9 61
1731095654426 65.8 62
1731095664505 63.3 63
1731095674585 33.0 64
1731095684659 52.6 65
1731095694706 66.0 66
1731095704778 64.9 67
1731095714852 71.9 68
1731095724923 71.4 69
1731095735011 36.1 70
1731095745067 62.6 71
1731095755140 62.7 72
1731095765200 60.9 73
1731095775294 63.8 74
1731095785369 68.2 75
1731095795456 31.7 76
1731095805536 65.5 77
1731095815612 31.5 78
1731095825683 40.1 79
1731095835747 34.3 80
1731095845821 70.9 81
1731095855901 72.2 82
1731095865974 64.5 83
1731095876048 31.7 84
1731095886144 31.4 85
1731095896220 39.0 86
1731095906304 64.2 87
1731095916384 31.3 88
1731095926472 36.5 89
1731095936551 31.4 90
1731095946614 31.3 91
1731095956676 66.3 92
1731095966753 50.9 93
1731095976841 64.5 94
1731095986928 61.5 95
1731095997003 60.6 96
1731096007072 61.0 97
1731096017158 61.0 98
1731096027231 31.9 99
1731096037310 62.0 100
1731096047398 38.3 101
1731096057470 67.6 102
1731096067547 65.8 103
1731096077634 55.7 104
1731096087713 33.9 105
1731096097785 66.1 106
1731096107880 55.1 107
1731096117965 68.2 108
1731096128052 68.2 109
1731096138136 57.7 110
1731096148216 66.0 111
1731096158308 66.0 112
1731096168382 31.9 113
1731096178472 71.7 114
1731096188558 69.7 115
1731096198642 36.0 116
1731096208732 31.2 117
1731096218809 39.8 118
1731096228891 31.1 119
1731096238975 67.3 120
1731096249060 66.3 121
1731096259137 62.7 122
1731096269213 35.1 123
1731096279306 65.4 124
1731096289408 56.1 125
1731096299466 64.0 126
1731096309530 37.3 127
1731096319598 67.5 128
1731096329677 64.2 129
1731096339754 63.9 130
1731096349833 33.0 131
1731096359924 31.4 132
1731096370005 46.8 133
1731096380086 31.2 134
1731096390196 66.1 135
1731096400278 67.9 136
1731096410360 34.7 137
1731096420447 37.9 138
1731096430539 37.2 139
1731096440612 67.3 140
1731096450705 66.7 141
1731096460767 63.3 142
1731096470841 66.2 143
1731096480934 67.9 144
1731096491023 38.9 145
1731096501117 36.0 146
1731096511201 62.7 147
1731096521282 62.9 148
1731096531358 65.7 149
1731096541456 65.6 150
1731096551535 66.5 151
1731096561620 38.6 152
1731096571696 71.3 153
1731096581786 31.7 154
1731096591877 68.3 155
1731096601956 33.1 156
1731096612052 66.9 157
1731096622143 36.2 158
1731096632221 66.3 159
1731096642329 66.8 160
1731096652409 32.0 161
1731096662501 50.3 162
1731096672588 62.9 163
1731096682696 63.5 164
1731096692756 63.1 165
1731096702838 56.6 166
1731096712924 66.2 167
1731096723006 64.5 168
1731096733086 64.4 169
1731096743168 31.7 170
1731096753261 31.3 171
1731096763342 65.3 172
1731096773454 65.8 173
1731096783537 67.4 174
1731096793626 56.8 175
1731096803727 31.7 176
1731096813814 68.9 177
1731096823907 66.6 178
1731096834002 37.1 179
1731096844096 53.8 180
1731096854189 31.4 181
1731096864285 66.7 182
1731096874366 68.2 183
1731096884475 31.9 184
1731096894536 40.4 185
1731096904617 68.2 186
1731096914688 66.9 187
1731096924759 37.8 188
1731096934838 68.8 189
1731096944951 38.4 190
1731096955049 65.5 191
1731096965144 31.4 192
1731096975237 65.3 193
1731096985319 38.5 194
1731096995431 61.6 195
1731097005526 60.6 196
1731097015625 60.2 197
1731097025708 59.8 198
1731097035792 58.4 199
1731097045883 60.5 200
1731097055969 31.6 201
1731097066080 34.1 202
1731097076159 67.7 203
1731097086265 67.2 204
1731097096368 60.1 205
1731097106450 34.8 206
1731097116541 67.6 207
1731097126622 69.0 208
1731097136723 66.1 209
1731097146808 65.4 210
1731097156904 65.2 211
1731097166995 64.1 212
1731097177089 63.9 213
1731097187196 63.8 214
1731097197299 32.4 215
1731097207394 63.7 216
1731097217490 60.7 217
1731097227575 61.1 218
1731097237675 60.1 219
1731097247754 60.4 220
1731097257826 60.6 221
1731097267888 62.4 222
1731097277983 36.2 223
1731097288063 31.4 224
1731097298147 61.2 225
1731097308236 31.3 226
1731097318345 60.7 227
1731097328439 60.8 228
1731097338543 63.2 229
1731097348631 62.0 230
1731097358715 31.7 231
1731097368817 45.7 232
1731097378908 66.8 233
1731097388992 65.4 234
1731097399080 64.6 235
1731097409182 31.7 236
1731097419272 65.9 237
1731097429364 61.8 238
1731097439460 66.5 239
1731097449564 62.3 240
1731097459662 32.6 241
1731097469764 68.8 242
1731097479856 66.5 243
1731097489958 62.4 244
1731097500058 66.3 245
1731097510144 66.0 246
1731097520246 67.1 247
1731097530339 57.5 248
1731097540437 65.7 249
1731097550546 67.4 250
1731097560648 66.2 251
1731097570747 50.1 252
1731097580808 68.2 253
1731097590903 67.6 254
1731097601014 31.8 255
1731097611121 36.4 256
1731097621225 67.5 257
1731097631320 34.4 258
1731097641423 60.6 259
1731097651531 38.5 260
1731097661609 62.0 261
1731097671710 60.8 262
1731097681805 64.4 263
1731097691912 66.0 264
1731097702016 36.8 265
1731097712104 65.6 266
1731097722217 59.3 267
1731097732322 56.5 268
1731097742430 51.8 269
1731097752523 50.5 270
1731097762630 40.8 271
1731097772736 56.8 272
1731097782840 51.7 273
1731097792915 51.9 274
1731097803027 63.7 275
1731097813099 61.7 276
1731097823192 61.7 277
1731097833290 62.8 278
1731097843406 36.1 279
1731097853510 59.7 280
1731097863601 51.4 281
1731097873700 47.9 282
1731097883797 52.0 283
1731097893905 50.4 284
1731097903999 46.5 285
1731097914107 49.1 286
1731097924182 33.9 287
1731097934262 44.8 288
1731097944350 46.4 289
1731097954428 31.1 290
1731097964522 47.9 291
1731097974644 45.4 292
1731097984731 46.7 293
1731097994794 45.5 294
1731098004898 44.6 295
1731098014985 45.5 296
1731098025093 42.6 297
1731098035202 53.8 298
1731098045296 30.9 299
1731098055396 59.6 300
1731098065499 59.8 301
1731098075596 58.2 302
1731098085693 61.5 303
1731098095781 59.2 304
1731098105887 57.4 305
1731098115999 35.9 306
1731098126107 48.8 307
1731098136214 52.4 308
1731098146321 57.0 309
1731098156424 44.2 310
1731098166516 60.7 311
1731098176618 60.9 312
1731098186707 61.5 313
1731098196810 61.7 314
1731098206917 64.2 315
1731098217042 48.3 316
1731098227153 62.1 317
1731098237260 64.8 318
1731098247370 66.0 319
1731098257470 65.5 320
1731098267729 66.3 321
1731098277827 35.1 322
1731098287922 55.3 323
1731098298028 51.6 324
1731098308135 31.7 325
1731098318251 65.2 326
1731098328357 61.0 327
1731098338438 56.6 328
1731098348547 51.5 329
1731098358648 35.7 330
1731098368760 60.1 331
1731098378872 31.5 332
1731098388962 64.2 333
1731098399082 65.0 334
1731098409196 65.8 335
1731098419311 66.3 336
1731098429414 64.2 337
1731098439541 67.2 338
1731098449652 44.9 339
1731098459754 65.9 340
1731098469866 66.0 341
1731098479962 64.8 342
1731098490054 59.6 343
1731098500158 53.5 344
1731098510269 50.9 345
1731098520373 34.7 346
1731098530477 50.2 347
1731098540587 48.5 348
1731098550680 55.9 349
1731098560774 59.1 350
1731098570838 58.0 351
1731098580927 57.8 352
1731098591020 57.0 353
1731098601128 58.3 354
1731098611249 35.4 355
1731098621374 54.4 356
1731098631487 32.0 357
1731098641590 46.7 358
1731098651718 48.6 359
1731098661836 33.8 360
1731098671942 59.6 361
1731098682058 57.5 362
1731098692200 58.3 363
1731098702330 36.7 364
1731098712436 57.2 365
1731098722563 35.1 366
1731098732677 60.9 367
1731098742803 47.4 368
1731098752919 30.8 369
1731098763007 56.6 370
1731098773106 30.8 371
1731098783232 31.0 372
1731098793346 30.8 373
1731098803460 62.5 374
1731098813573 62.1 375
1731098823684 33.0 376
1731098833798 35.3 377
1731098843919 36.7 378
1731098854032 31.4 379
1731098864122 65.5 380
1731098874232 61.8 381
1731098884346 63.7 382
1731098894454 50.1 383
1731098904542 60.4 384
1731098914666 53.2 385
1731098924768 58.1 386
1731098934874 58.8 387
1731098944964 58.1 388
1731098955076 41.1 389
1731098965195 31.2 390
1731098975311 31.1 391
1731098985425 65.1 392
1731098995504 65.4 393
1731099005614 65.1 394
1731099015738 66.4 395
1731099025819 61.9 396
1731099035920 53.0 397
1731099046037 52.0 398
1731099056160 61.6 399
1731099066270 59.2 400
1731099076383 61.4 401
1731099086502 59.6 402
1731099096602 60.7 403
1731099106740 60.2 404
1731099116851 61.5 405
1731099126942 63.8 406
1731099137049 63.6 407
1731099147169 63.0 408
1731099157287 62.8 409
1731099167403 31.4 410
1731099177521 56.0 411
1731099187651 62.5 412
1731099197786 31.5 413
1731099207901 62.7 414
1731099218031 38.5 415
1731099228163 64.7 416
1731099238293 31.3 417
1731099248401 61.4 418
1731099258531 33.9 419
1731099268652 59.4 420
1731099278772 59.3 421
1731099288884 65.4 422
1731099299018 64.6 423
1731099309146 40.4 424
1731099319264 64.2 425
1731099329383 31.6 426
1731099339512 41.3 427
1731099349645 65.1 428
1731099359765 34.7 429
1731099369865 34.7 430
1731099379989 51.2 431
1731099390069 60.1 432
1731099400193 57.1 433
1731099410312 63.2 434
1731099420436 31.5 435
1731099430549 65.2 436
1731099440668 56.5 437
1731099450803 31.4 438
1731099460939 51.1 439
1731099471046 47.3 440
1731099481169 57.6 441
1731099491295 62.4 442
1731099501432 64.5 443
1731099511559 39.4 444
1731099521701 62.7 445
1731099531824 31.6 446
1731099541942 63.3 447
1731099552083 38.1 448
1731099562206 59.3 449
1731099572340 31.4 450
1731099582474 34.0 451
1731099592569 50.0 452
1731099602683 36.4 453
1731099612812 31.4 454
1731099622941 43.0 455
1731099633064 57.5 456
1731099643189 38.1 457
1731099653308 30.8 458
1731099663446 37.9 459
1731099673575 30.7 460
1731099683704 61.6 461
1731099693832 61.6 462
1731099703941 61.5 463
1731099714074 62.8 464
1731099724206 61.4 465
1731099734327 61.8 466
1731099744461 62.8 467
1731099754593 58.7 468
1731099764737 31.7 469
1731099774828 41.0 470
1731099784955 65.4 471
1731099795076 64.1 472
1731099805199 60.4 473
1731099815338 39.3 474
1731099825483 50.8 475
1731099835607 31.5 476
1731099845737 57.1 477
1731099855837 64.6 478
1731099865984 64.7 479
1731099876094 34.6 480
1731099886226 63.6 481
1731099896362 61.8 482
1731099906489 60.7 483
1731099916614 61.2 484
1731099926723 58.9 485
1731099936844 37.5 486
1731099946955 60.2 487
1731099957075 51.5 488
1731099967210 41.5 489
1731099977338 62.4 490
1731099987469 65.6 491
1731099997610 61.0 492
1731100007730 59.5 493
1731100017860 31.7 494
1731100027957 54.0 495
1731100038084 60.5 496
1731100048221 31.4 497
1731100058351 54.4 498
1731100068483 43.3 499
1731100078613 53.5 500
1731100088747 60.1 501
1731100098874 63.4 502
1731100109002 60.9 503
1731100119144 35.0 504
1731100129281 59.6 505
1731100139405 63.4 506
1731100149544 60.1 507
1731100159671 43.5 508
1731100169813 61.2 509
1731100179901 31.5 510
1731100190011 59.0 511
1731100200121 61.3 512
1731100210217 49.6 513
1731100220359 60.5 514
1731100230492 36.3 515
1731100240618 59.0 516
1731100250755 50.4 517
1731100260843 59.9 518
1731100270945 62.3 519
1731100281072 62.4 520
1731100291202 57.6 521
1731100301328 60.0 522
1731100311467 59.1 523
1731100321601 60.4 524
1731100331743 35.0 525
1731100341883 49.2 526
1731100352017 55.0 527
1731100362147 48.1 528
1731100372277 40.7 529
1731100382415 57.8 530
1731100392544 31.3 531
1731100402682 53.4 532
1731100412822 45.7 533
1731100422947 44.6 534
1731100433101 35.7 535
1731100443240 47.0 536
1731100453340 43.4 537
1731100463462 43.7 538
1731100473573 54.4 539
1731100483664 57.3 540
1731100493795 56.8 541
1731100503932 60.4 542
1731100514066 62.2 543
1731100524207 62.8 544
1731100534334 34.3 545
1731100544443 66.1 546
1731100554584 63.3 547
1731100564720 65.5 548
1731100574853 31.5 549
1731100584957 68.5 550
1731100595081 64.3 551
1731100605253 60.2 552
1731100615388 38.3 553
1731100625473 60.6 554
1731100635617 61.4 555
1731100645750 58.4 556
1731100655885 62.6 557
1731100666023 54.1 558
1731100676171 31.5 559
1731100686298 31.2 560
1731100696449 56.9 561
1731100706597 62.1 562
1731100716738 35.0 563
1731100726881 49.2 564
1731100737017 54.6 565
1731100747153 58.6 566
1731100757293 35.8 567
1731100767456 61.8 568
1731100777597 52.7 569
1731100787736 59.5 570
1731100797872 35.8 571
1731100807979 60.9 572
1731100818104 48.0 573
1731100828239 56.9 574
1731100838356 57.2 575
1731100848471 59.5 576
1731100858601 45.6 577
1731100868738 45.8 578
1731100878871 46.3 579
1731100888978 36.2 580
1731100899107 52.7 581
1731100909257 44.1 582
1731100919400 44.8 583
1731100929538 42.9 584
1731100939672 43.9 585
1731100949804 43.3 586
1731100959921 44.1 587
1731100970033 59.3 588
1731100980172 48.9 589
