1731095030106 2847.9 0
1731095040169 4919.4 1
1731095050239 7238.1 2
1731095060300 7238.1 3
1731095070355 7238.1 4
1731095080420 7238.1 5
1731095090478 7238.1 6
1731095100542 10247.5 7
1731095110608 10247.5 8
1731095120665 10253.8 9
1731095130711 10253.8 10
1731095140785 10245.4 11
1731095150850 10245.4 12
1731095160911 10266.9 13
1731095170972 10269.0 14
1731095181038 10275.2 15
1731095191120 10273.2 16
1731095201201 10275.2 17
1731095211280 10273.2 18
1731095221349 10273.2 19
1731095231405 10275.2 20
1731095241487 10273.2 21
1731095251559 10273.2 22
1731095261628 10285.7 23
1731095271704 10283.7 24
1731095281776 10283.7 25
1731095291830 10285.7 26
1731095301892 10278.6 27
1731095311966 10230.4 28
1731095322045 10230.4 29
1731095332100 10230.4 30
1731095342163 10226.2 31
1731095352258 10175.6 32
1731095362333 10175.6 33
1731095372412 10175.7 34
1731095382480 10175.7 35
1731095392547 10175.7 36
1731095402605 10175.7 37
1731095412676 10175.7 38
1731095422736 10177.7 39
1731095432810 10163.3 40
1731095442887 10165.4 41
1731095452976 10161.3 42
1731095463059 10161.3 43
1731095473140 10161.3 44
1731095483211 10169.5 45
1731095493289 10165.5 46
1731095503370 10165.5 47
1731095513442 10167.5 48
1731095523498 10165.4 49
1731095533551 10167.5 50
1731095543623 10167.5 51
1731095553703 10165.4 52
1731095563788 10165.4 53
1731095573857 10165.4 54
1731095583927 10167.5 55
1731095594009 10167.5 56
1731095604062 10167.5 57
1731095614130 10165.4 58
1731095624190 10169.5 59
1731095634263 10248.4 60
1731095644358 10261.0 61
1731095654426 10261.0 62
1731095664505 10263.1 63
1731095674585 10263.1 64
1731095684659 10263.1 65
1731095694706 10263.1 66
1731095704778 10265.2 67
1731095714852 10269.3 68
1731095724923 10269.3 69
1731095735011 10260.9 70
1731095745067 10260.9 71
1731095755140 10260.9 72
1731095765200 10260.9 73
1731095775294 10260.9 74
1731095785369 10256.8 75
1731095795456 10256.8 76
1731095805536 10256.8 77
1731095815612 10256.8 78
1731095825683 10261.0 79
1731095835747 10261.0 80
1731095845821 10261.0 81
1731095855901 10261.0 82
1731095865974 10261.0 83
1731095876048 10261.0 84
1731095886144 10261.0 85
1731095896220 10256.9 86
1731095906304 10256.9 87
1731095916384 10256.9 88
1731095926472 10256.9 89
1731095936551 10256.9 90
1731095946614 10256.9 91
1731095956676 10261.0 92
1731095966753 10261.0 93
1731095976841 10261.0 94
1731095986928 10261.0 95
1731095997003 10261.0 96
1731096007072 10118.2 97
1731096017158 10122.2 98
1731096027231 10120.2 99
1731096037310 10120.2 100
1731096047398 10120.2 101
1731096057470 10122.2 102
1731096067547 10122.2 103
1731096077634 10122.2 104
1731096087713 10122.2 105
1731096097785 10122.2 106
1731096107880 10118.2 107
1731096117965 10122.2 108
1731096128052 10122.2 109
1731096138136 10118.2 110
1731096148216 10118.2 111
1731096158308 10118.2 112
1731096168382 10118.2 113
1731096178472 10118.2 114
1731096188558 10122.2 115
1731096198642 10122.2 116
1731096208732 10122.2 117
1731096218809 10118.2 118
1731096228891 10122.2 119
1731096238975 10118.2 120
1731096249060 10118.2 121
1731096259137 10118.2 122
1731096269213 10118.2 123
1731096279306 10118.2 124
1731096289408 10122.2 125
1731096299466 10122.2 126
1731096309530 10124.4 127
1731096319598 10120.3 128
1731096329677 10120.3 129
1731096339754 10120.3 130
1731096349833 10120.3 131
1731096359924 10120.3 132
1731096370005 10120.3 133
1731096380086 10120.3 134
1731096390196 10122.4 135
1731096400278 10122.4 136
1731096410360 10122.4 137
1731096420447 10122.4 138
1731096430539 10122.4 139
1731096440612 10126.5 140
1731096450705 10122.4 141
1731096460767 10122.4 142
1731096470841 10126.5 143
1731096480934 10126.5 144
1731096491023 10126.5 145
1731096501117 10126.5 146
1731096511201 10126.5 147
1731096521282 10126.5 148
1731096531358 10126.5 149
1731096541456 10122.4 150
1731096551535 10122.4 151
1731096561620 10122.4 152
1731096571696 10122.4 153
1731096581786 10122.4 154
1731096591877 10122.4 155
1731096601956 10122.4 156
1731096612052 10122.4 157
1731096622143 10122.4 158
1731096632221 10126.5 159
1731096642329 10126.5 160
1731096652409 10126.5 161
1731096662501 10122.4 162
1731096672588 10122.4 163
1731096682696 10122.4 164
1731096692756 10122.4 165
1731096702838 10122.4 166
1731096712924 10122.4 167
1731096723006 10122.4 168
1731096733086 10122.4 169
1731096743168 10122.4 170
1731096753261 10122.4 171
1731096763342 10122.4 172
1731096773454 10122.4 173
1731096783537 10122.4 174
1731096793626 10122.4 175
1731096803727 10126.6 176
1731096813814 10128.6 177
1731096823907 10128.6 178
1731096834002 10128.6 179
1731096844096 10128.6 180
1731096854189 10128.6 181
1731096864285 10124.5 182
1731096874366 10124.5 183
1731096884475 10124.5 184
1731096894536 10124.5 185
1731096904617 10124.5 186
1731096914688 10124.5 187
1731096924759 10124.5 188
1731096934838 10128.6 189
1731096944951 10128.6 190
1731096955049 10128.6 191
1731096965144 10128.6 192
1731096975237 10124.5 193
1731096985319 10124.5 194
1731096995431 10128.6 195
1731097005526 10128.6 196
1731097015625 10128.6 197
1731097025708 10128.6 198
1731097035792 10128.6 199
1731097045883 10128.6 200
1731097055969 10128.6 201
1731097066080 10128.6 202
1731097076159 10128.6 203
1731097086265 10124.5 204
1731097096368 10124.5 205
1731097106450 10124.5 206
1731097116541 10124.5 207
1731097126622 10124.5 208
1731097136723 10124.5 209
1731097146808 10124.5 210
1731097156904 10124.5 211
1731097166995 10124.5 212
1731097177089 10124.5 213
1731097187196 10124.5 214
1731097197299 10124.5 215
1731097207394 10124.5 216
1731097217490 10124.5 217
1731097227575 10124.5 218
1731097237675 10116.1 219
1731097247754 10116.1 220
1731097257826 10116.1 221
1731097267888 10116.1 222
1731097277983 10116.1 223
1731097288063 10116.1 224
1731097298147 10116.2 225
1731097308236 10116.2 226
1731097318345 10116.2 227
1731097328439 10116.2 228
1731097338543 10116.2 229
1731097348631 10116.2 230
1731097358715 10116.2 231
1731097368817 10116.2 232
1731097378908 10116.2 233
1731097388992 10116.2 234
1731097399080 10116.2 235
1731097409182 10116.2 236
1731097419272 10116.2 237
1731097429364 10116.2 238
1731097439460 10116.2 239
1731097449564 10116.2 240
1731097459662 10116.2 241
1731097469764 10116.2 242
1731097479856 10116.2 243
1731097489958 10116.2 244
1731097500058 10116.2 245
1731097510144 10116.2 246
1731097520246 10116.2 247
1731097530339 10116.2 248
1731097540437 10116.2 249
1731097550546 10116.2 250
1731097560648 10116.2 251
1731097570747 10116.2 252
1731097580808 10124.5 253
1731097590903 10122.4 254
1731097601014 10124.5 255
1731097611121 10124.5 256
1731097621225 10124.5 257
1731097631320 10120.4 258
1731097641423 10120.4 259
1731097651531 10120.4 260
1731097661609 10120.4 261
1731097671710 10120.4 262
1731097681805 10120.4 263
1731097691912 10120.4 264
1731097702016 10120.4 265
1731097712104 10120.4 266
1731097722217 10120.4 267
1731097732322 10120.3 268
1731097742430 10120.4 269
1731097752523 10120.4 270
1731097762630 10120.4 271
1731097772736 10120.4 272
1731097782840 10120.4 273
1731097792915 10120.4 274
1731097803027 10120.4 275
1731097813099 10120.4 276
1731097823192 10120.4 277
1731097833290 10120.4 278
1731097843406 10116.2 279
1731097853510 10116.2 280
1731097863601 10116.2 281
1731097873700 10116.2 282
1731097883797 10116.2 283
1731097893905 10116.2 284
1731097903999 10116.2 285
1731097914107 10116.2 286
1731097924182 10116.2 287
1731097934262 10116.2 288
1731097944350 10116.2 289
1731097954428 10116.2 290
1731097964522 10116.2 291
1731097974644 10116.2 292
1731097984731 10116.2 293
1731097994794 10116.2 294
1731098004898 10116.2 295
1731098014985 10116.2 296
1731098025093 10116.2 297
1731098035202 10116.2 298
1731098045296 10118.3 299
1731098055396 10118.3 300
1731098065499 10118.3 301
1731098075596 10118.3 302
1731098085693 10118.3 303
1731098095781 10118.3 304
1731098105887 10118.3 305
1731098115999 10118.3 306
1731098126107 10118.3 307
1731098136214 10118.3 308
1731098146321 10118.3 309
1731098156424 10118.3 310
1731098166516 10118.3 311
1731098176618 10118.3 312
1731098186707 10118.3 313
1731098196810 10118.3 314
1731098206917 10118.3 315
1731098217042 10118.3 316
1731098227153 10118.3 317
1731098237260 10118.3 318
1731098247370 10118.3 319
1731098257470 10118.3 320
1731098267729 10118.3 321
1731098277827 10118.3 322
1731098287922 10118.3 323
1731098298028 10118.3 324
1731098308135 10118.3 325
1731098318251 10118.3 326
1731098328357 10118.3 327
1731098338438 10118.3 328
1731098348547 10118.3 329
1731098358648 10118.3 330
1731098368760 10118.3 331
1731098378872 10118.3 332
1731098388962 10120.4 333
1731098399082 10120.4 334
1731098409196 10120.4 335
1731098419311 10120.4 336
1731098429414 10120.4 337
1731098439541 10120.4 338
1731098449652 10120.4 339
1731098459754 10120.4 340
1731098469866 10120.4 341
1731098479962 10120.4 342
1731098490054 10120.4 343
1731098500158 10120.4 344
1731098510269 10120.4 345
1731098520373 10120.4 346
1731098530477 10122.5 347
1731098540587 10122.5 348
1731098550680 10122.5 349
1731098560774 10130.8 350
1731098570838 10130.8 351
1731098580927 10130.8 352
1731098591020 10130.8 353
1731098601128 10130.8 354
1731098611249 10126.7 355
1731098621374 10126.7 356
1731098631487 10126.7 357
1731098641590 10126.7 358
1731098651718 10126.7 359
1731098661836 10126.7 360
1731098671942 10126.7 361
1731098682058 10134.3 362
1731098692200 10127.0 363
1731098702330 10126.7 364
1731098712436 10126.7 365
1731098722563 10130.8 366
1731098732677 10126.7 367
1731098742803 10126.7 368
1731098752919 10130.8 369
1731098763007 10130.8 370
1731098773106 10130.8 371
1731098783232 10132.8 372
1731098793346 10132.8 373
1731098803460 10132.8 374
1731098813573 10132.8 375
1731098823684 10132.8 376
1731098833798 10132.8 377
1731098843919 10132.8 378
1731098854032 10132.8 379
1731098864122 10132.8 380
1731098874232 10132.8 381
1731098884346 10132.8 382
1731098894454 10132.8 383
1731098904542 10132.8 384
1731098914666 10132.8 385
1731098924768 10132.8 386
1731098934874 10128.8 387
1731098944964 10128.8 388
1731098955076 10128.8 389
1731098965195 10128.8 390
1731098975311 10128.8 391
1731098985425 10128.8 392
1731098995504 10128.8 393
1731099005614 10128.8 394
1731099015738 10128.8 395
1731099025819 10128.8 396
1731099035920 10128.8 397
1731099046037 10124.6 398
1731099056160 10124.6 399
1731099066270 10124.6 400
1731099076383 10124.6 401
1731099086502 10124.6 402
1731099096602 10124.6 403
1731099106740 10132.8 404
1731099116851 10132.8 405
1731099126942 10132.8 406
1731099137049 10132.8 407
1731099147169 10128.8 408
1731099157287 10128.8 409
1731099167403 10128.8 410
1731099177521 10128.8 411
1731099187651 10128.8 412
1731099197786 10128.8 413
1731099207901 10128.8 414
1731099218031 10128.8 415
1731099228163 10128.8 416
1731099238293 10128.8 417
1731099248401 10128.8 418
1731099258531 10128.8 419
1731099268652 10128.8 420
1731099278772 10130.8 421
1731099288884 10132.8 422
1731099299018 10132.8 423
1731099309146 10132.8 424
1731099319264 10132.8 425
1731099329383 10132.8 426
1731099339512 10132.8 427
1731099349645 10132.8 428
1731099359765 10132.8 429
1731099369865 10132.8 430
1731099379989 10128.8 431
1731099390069 10128.8 432
1731099400193 10128.8 433
1731099410312 10128.8 434
1731099420436 10128.8 435
1731099430549 10132.8 436
1731099440668 10132.8 437
1731099450803 10132.8 438
1731099460939 10132.8 439
1731099471046 10128.8 440
1731099481169 10132.8 441
1731099491295 10132.8 442
1731099501432 10132.8 443
1731099511559 10132.8 444
1731099521701 10132.8 445
1731099531824 10132.8 446
1731099541942 10132.8 447
1731099552083 10132.8 448
1731099562206 10134.9 449
1731099572340 10134.9 450
1731099582474 10130.9 451
1731099592569 10134.9 452
1731099602683 10133.0 453
1731099612812 10133.0 454
1731099622941 10133.0 455
1731099633064 10133.0 456
1731099643189 10133.0 457
1731099653308 10133.0 458
1731099663446 10133.0 459
1731099673575 10133.0 460
1731099683704 10133.0 461
1731099693832 10133.0 462
1731099703941 10133.0 463
1731099714074 10133.0 464
1731099724206 10137.0 465
1731099734327 10137.0 466
1731099744461 10137.0 467
1731099754593 10137.0 468
1731099764737 10137.0 469
1731099774828 10137.0 470
1731099784955 10137.0 471
1731099795076 10137.0 472
1731099805199 10137.0 473
1731099815338 10133.0 474
1731099825483 10133.0 475
1731099835607 10133.0 476
1731099845737 10135.1 477
1731099855837 10135.1 478
1731099865984 10135.1 479
1731099876094 10135.1 480
1731099886226 10135.1 481
1731099896362 10135.1 482
1731099906489 10135.1 483
1731099916614 10135.1 484
1731099926723 10135.1 485
1731099936844 10135.1 486
1731099946955 10130.9 487
1731099957075 10130.9 488
1731099967210 10130.9 489
1731099977338 10130.9 490
1731099987469 10130.9 491
1731099997610 10130.9 492
1731100007730 10130.9 493
1731100017860 10130.9 494
1731100027957 10130.9 495
1731100038084 10130.9 496
1731100048221 10130.9 497
1731100058351 10130.9 498
1731100068483 10130.9 499
1731100078613 10130.9 500
1731100088747 10130.9 501
1731100098874 10130.9 502
1731100109002 10130.9 503
1731100119144 10130.9 504
1731100129281 10130.9 505
1731100139405 10130.9 506
1731100149544 10130.9 507
1731100159671 10130.9 508
1731100169813 10130.9 509
1731100179901 10130.9 510
1731100190011 10130.9 511
1731100200121 10130.9 512
1731100210217 10130.9 513
1731100220359 10130.9 514
1731100230492 10130.9 515
1731100240618 10139.1 516
1731100250755 10135.1 517
1731100260843 10135.1 518
1731100270945 10135.1 519
1731100281072 10135.1 520
1731100291202 10135.1 521
1731100301328 10135.1 522
1731100311467 10135.1 523
1731100321601 10135.1 524
1731100331743 10135.1 525
1731100341883 10135.1 526
1731100352017 10135.1 527
1731100362147 10135.1 528
1731100372277 10135.1 529
1731100382415 10135.1 530
1731100392544 10135.1 531
1731100402682 10135.1 532
1731100412822 10135.1 533
1731100422947 10135.1 534
1731100433101 10135.1 535
1731100443240 10135.1 536
1731100453340 10135.1 537
1731100463462 10135.1 538
1731100473573 10135.1 539
1731100483664 10135.1 540
1731100493795 10135.1 541
1731100503932 10135.1 542
1731100514066 10135.1 543
1731100524207 10135.1 544
1731100534334 10135.1 545
1731100544443 10130.9 546
1731100554584 10130.9 547
1731100564720 10139.1 548
1731100574853 10135.1 549
1731100584957 10139.1 550
1731100595081 10139.1 551
1731100605253 10139.1 552
1731100615388 10139.1 553
1731100625473 10139.1 554
1731100635617 10139.1 555
1731100645750 10139.1 556
1731100655885 10139.1 557
1731100666023 10135.1 558
1731100676171 10135.1 559
1731100686298 10135.1 560
1731100696449 10135.1 561
1731100706597 10135.1 562
1731100716738 10135.1 563
1731100726881 10135.1 564
1731100737017 10135.1 565
1731100747153 10135.1 566
1731100757293 10135.1 567
1731100767456 10135.1 568
1731100777597 10135.1 569
1731100787736 10135.1 570
1731100797872 10135.1 571
1731100807979 10135.1 572
1731100818104 10135.1 573
1731100828239 10135.1 574
1731100838356 10135.1 575
1731100848471 10130.9 576
1731100858601 10130.9 577
1731100868738 10130.9 578
1731100878871 10130.9 579
1731100888978 10130.9 580
1731100899107 10130.9 581
1731100909257 10130.9 582
1731100919400 10130.9 583
1731100929538 10130.9 584
1731100939672 10130.9 585
1731100949804 10130.9 586
1731100959921 10130.9 587
1731100970033 10130.9 588
1731100980172 10130.9 589
