1731095030106 65.4 0
1731095040169 112.8 1
1731095050239 260.7 2
1731095060300 263.3 3
1731095070355 257.6 4
1731095080420 266.7 5
1731095090478 261.4 6
1731095100542 270.4 7
1731095110608 267.9 8
1731095120665 266.7 9
1731095130711 268.1 10
1731095140785 256.7 11
1731095150850 139.6 12
1731095160911 260.6 13
1731095170972 255.9 14
1731095181038 120.6 15
1731095191120 264.5 16
1731095201201 265.1 17
1731095211280 271.4 18
1731095221349 264.1 19
1731095231405 262.9 20
1731095241487 253.3 21
1731095251559 245.0 22
1731095261628 165.5 23
1731095271704 252.2 24
1731095281776 258.6 25
1731095291830 145.3 26
1731095301892 144.9 27
1731095311966 245.2 28
1731095322045 237.5 29
1731095332100 235.7 30
1731095342163 227.7 31
1731095352258 229.7 32
1731095362333 181.5 33
1731095372412 249.3 34
1731095382480 132.1 35
1731095392547 252.8 36
1731095402605 247.8 37
1731095412676 246.1 38
1731095422736 242.4 39
1731095432810 240.4 40
1731095442887 118.4 41
1731095452976 247.5 42
1731095463059 135.6 43
1731095473140 232.8 44
1731095483211 171.4 45
1731095493289 230.4 46
1731095503370 229.4 47
1731095513442 167.1 48
1731095523498 233.4 49
1731095533551 118.4 50
1731095543623 240.6 51
1731095553703 248.3 52
1731095563788 248.7 53
1731095573857 247.5 54
1731095583927 145.0 55
1731095594009 121.5 56
1731095604062 118.2 57
1731095614130 254.9 58
1731095624190 228.2 59
1731095634263 221.5 60
1731095644358 136.5 61
1731095654426 243.3 62
1731095664505 234.4 63
1731095674585 122.1 64
1731095684659 194.5 65
1731095694706 244.4 66
1731095704778 240.0 67
1731095714852 266.1 68
1731095724923 264.1 69
1731095735011 133.7 70
1731095745067 231.8 71
1731095755140 231.9 72
1731095765200 225.5 73
1731095775294 236.0 74
1731095785369 252.2 75
1731095795456 117.4 76
1731095805536 242.4 77
1731095815612 116.4 78
1731095825683 148.2 79
1731095835747 127.0 80
1731095845821 262.4 81
1731095855901 267.2 82
1731095865974 238.8 83
1731095876048 117.2 84
1731095886144 116.0 85
1731095896220 144.4 86
1731095906304 237.5 87
1731095916384 115.9 88
1731095926472 135.0 89
1731095936551 116.0 90
1731095946614 115.7 91
1731095956676 245.3 92
1731095966753 188.3 93
1731095976841 238.7 94
1731095986928 227.6 95
1731095997003 224.1 96
1731096007072 225.8 97
1731096017158 225.9 98
1731096027231 117.9 99
1731096037310 229.3 100
1731096047398 141.7 101
1731096057470 250.1 102
1731096067547 243.5 103
1731096077634 206.0 104
1731096087713 125.5 105
1731096097785 244.4 106
1731096107880 203.9 107
1731096117965 252.3 108
1731096128052 252.5 109
1731096138136 213.5 110
1731096148216 244.3 111
1731096158308 244.4 112
1731096168382 118.1 113
1731096178472 265.2 114
1731096188558 258.0 115
1731096198642 133.4 116
1731096208732 115.4 117
1731096218809 147.2 118
1731096228891 115.2 119
1731096238975 248.8 120
1731096249060 245.5 121
1731096259137 232.0 122
1731096269213 129.9 123
1731096279306 242.1 124
1731096289408 207.5 125
1731096299466 236.7 126
1731096309530 138.2 127
1731096319598 249.7 128
1731096329677 237.7 129
1731096339754 236.3 130
1731096349833 122.2 131
1731096359924 116.0 132
1731096370005 173.2 133
1731096380086 115.3 134
1731096390196 244.7 135
1731096400278 251.3 136
1731096410360 128.2 137
1731096420447 140.1 138
1731096430539 137.8 139
1731096440612 249.1 140
1731096450705 246.7 141
1731096460767 234.1 142
1731096470841 245.1 143
1731096480934 251.1 144
1731096491023 144.0 145
1731096501117 133.0 146
1731096511201 232.1 147
1731096521282 232.6 148
1731096531358 243.2 149
1731096541456 242.6 150
1731096551535 245.9 151
1731096561620 142.9 152
1731096571696 263.9 153
1731096581786 117.2 154
1731096591877 252.7 155
1731096601956 122.4 156
1731096612052 247.4 157
1731096622143 134.0 158
1731096632221 245.4 159
1731096642329 247.2 160
1731096652409 118.2 161
1731096662501 186.1 162
1731096672588 232.7 163
1731096682696 234.8 164
1731096692756 233.5 165
1731096702838 209.4 166
1731096712924 244.9 167
1731096723006 238.8 168
1731096733086 238.1 169
1731096743168 117.2 170
1731096753261 115.7 171
1731096763342 241.6 172
1731096773454 243.4 173
1731096783537 249.5 174
1731096793626 210.3 175
1731096803727 117.2 176
1731096813814 254.9 177
1731096823907 246.4 178
1731096834002 137.3 179
1731096844096 199.2 180
1731096854189 116.3 181
1731096864285 246.8 182
1731096874366 252.5 183
1731096884475 118.0 184
1731096894536 149.6 185
1731096904617 252.3 186
1731096914688 247.7 187
1731096924759 140.0 188
1731096934838 254.6 189
1731096944951 142.0 190
1731096955049 242.5 191
1731096965144 116.2 192
1731096975237 241.7 193
1731096985319 142.6 194
1731096995431 227.9 195
1731097005526 224.4 196
1731097015625 222.7 197
1731097025708 221.2 198
1731097035792 216.2 199
1731097045883 223.7 200
1731097055969 116.8 201
1731097066080 126.2 202
1731097076159 250.6 203
1731097086265 248.6 204
1731097096368 222.4 205
1731097106450 128.6 206
1731097116541 250.3 207
1731097126622 255.3 208
1731097136723 244.5 209
1731097146808 241.8 210
1731097156904 241.1 211
1731097166995 237.2 212
1731097177089 236.5 213
1731097187196 236.0 214
1731097197299 120.0 215
1731097207394 235.8 216
1731097217490 224.8 217
1731097227575 226.1 218
1731097237675 222.5 219
1731097247754 223.6 220
1731097257826 224.3 221
1731097267888 230.7 222
1731097277983 133.8 223
1731097288063 116.4 224
1731097298147 226.4 225
1731097308236 115.8 226
1731097318345 224.5 227
1731097328439 224.9 228
1731097338543 233.9 229
1731097348631 229.3 230
1731097358715 117.3 231
1731097368817 169.0 232
1731097378908 247.0 233
1731097388992 242.1 234
1731097399080 239.2 235
1731097409182 117.4 236
1731097419272 243.8 237
1731097429364 228.8 238
1731097439460 246.1 239
1731097449564 230.5 240
1731097459662 120.5 241
1731097469764 254.6 242
1731097479856 246.0 243
1731097489958 230.9 244
1731097500058 245.4 245
1731097510144 244.1 246
1731097520246 248.3 247
1731097530339 212.6 248
1731097540437 243.2 249
1731097550546 249.3 250
1731097560648 245.1 251
1731097570747 185.5 252
1731097580808 252.4 253
1731097590903 250.1 254
1731097601014 117.6 255
1731097611121 134.7 256
1731097621225 249.7 257
1731097631320 127.4 258
1731097641423 224.3 259
1731097651531 142.6 260
1731097661609 229.3 261
1731097671710 225.1 262
1731097681805 238.4 263
1731097691912 244.1 264
1731097702016 136.0 265
1731097712104 242.7 266
1731097722217 219.4 267
1731097732322 208.9 268
1731097742430 191.5 269
1731097752523 187.0 270
1731097762630 150.9 271
1731097772736 210.0 272
1731097782840 191.3 273
1731097792915 192.1 274
1731097803027 235.7 275
1731097813099 228.3 276
1731097823192 228.1 277
1731097833290 232.4 278
1731097843406 133.4 279
1731097853510 221.0 280
1731097863601 190.2 281
1731097873700 177.3 282
1731097883797 192.3 283
1731097893905 186.7 284
1731097903999 172.2 285
1731097914107 181.8 286
1731097924182 125.4 287
1731097934262 165.6 288
1731097944350 171.7 289
1731097954428 115.1 290
1731097964522 177.1 291
1731097974644 168.2 292
1731097984731 173.0 293
1731097994794 168.3 294
1731098004898 164.9 295
1731098014985 168.5 296
1731098025093 157.7 297
1731098035202 199.1 298
1731098045296 114.3 299
1731098055396 220.4 300
1731098065499 221.3 301
1731098075596 215.5 302
1731098085693 227.4 303
1731098095781 219.0 304
1731098105887 212.4 305
1731098115999 132.8 306
1731098126107 180.5 307
1731098136214 194.0 308
1731098146321 210.8 309
1731098156424 163.7 310
1731098166516 224.5 311
1731098176618 225.3 312
1731098186707 227.6 313
1731098196810 228.3 314
1731098206917 237.5 315
1731098217042 178.8 316
1731098227153 229.9 317
1731098237260 239.8 318
1731098247370 244.3 319
1731098257470 242.5 320
1731098267729 245.1 321
1731098277827 129.9 322
1731098287922 204.4 323
1731098298028 191.0 324
1731098308135 117.3 325
1731098318251 241.2 326
1731098328357 225.8 327
1731098338438 209.5 328
1731098348547 190.6 329
1731098358648 132.0 330
1731098368760 222.3 331
1731098378872 116.7 332
1731098388962 237.5 333
1731098399082 240.5 334
1731098409196 243.5 335
1731098419311 245.1 336
1731098429414 237.4 337
1731098439541 248.8 338
1731098449652 166.1 339
1731098459754 243.9 340
1731098469866 244.4 341
1731098479962 239.6 342
1731098490054 220.4 343
1731098500158 198.1 344
1731098510269 188.5 345
1731098520373 128.5 346
1731098530477 185.9 347
1731098540587 179.5 348
1731098550680 207.0 349
1731098560774 218.7 350
1731098570838 214.6 351
1731098580927 213.9 352
1731098591020 210.8 353
1731098601128 215.6 354
1731098611249 131.1 355
1731098621374 201.4 356
1731098631487 118.2 357
1731098641590 172.8 358
1731098651718 179.7 359
1731098661836 125.1 360
1731098671942 220.3 361
1731098682058 212.6 362
1731098692200 215.6 363
1731098702330 135.8 364
1731098712436 211.6 365
1731098722563 129.8 366
1731098732677 225.3 367
1731098742803 175.5 368
1731098752919 114.1 369
1731098763007 209.4 370
1731098773106 114.1 371
1731098783232 114.7 372
1731098793346 114.1 373
1731098803460 231.3 374
1731098813573 229.7 375
1731098823684 122.2 376
1731098833798 130.5 377
1731098843919 135.9 378
1731098854032 116.2 379
1731098864122 242.3 380
1731098874232 228.8 381
1731098884346 235.8 382
1731098894454 185.4 383
1731098904542 223.6 384
1731098914666 196.9 385
1731098924768 214.9 386
1731098934874 217.6 387
1731098944964 214.9 388
1731098955076 152.1 389
1731098965195 115.5 390
1731098975311 115.0 391
1731098985425 240.9 392
1731098995504 242.1 393
1731099005614 240.7 394
1731099015738 245.5 395
1731099025819 229.1 396
1731099035920 195.9 397
1731099046037 192.4 398
1731099056160 227.9 399
1731099066270 219.1 400
1731099076383 227.1 401
1731099086502 220.4 402
1731099096602 224.5 403
1731099106740 222.6 404
1731099116851 227.4 405
1731099126942 236.0 406
1731099137049 235.3 407
1731099147169 233.1 408
1731099157287 232.4 409
1731099167403 116.3 410
1731099177521 207.1 411
1731099187651 231.1 412
1731099197786 116.5 413
1731099207901 231.8 414
1731099218031 142.4 415
1731099228163 239.3 416
1731099238293 115.7 417
1731099248401 227.2 418
1731099258531 125.3 419
1731099268652 219.9 420
1731099278772 219.4 421
1731099288884 241.8 422
1731099299018 239.2 423
1731099309146 149.5 424
1731099319264 237.6 425
1731099329383 116.8 426
1731099339512 152.7 427
1731099349645 241.0 428
1731099359765 128.3 429
1731099369865 128.4 430
1731099379989 189.5 431
1731099390069 222.4 432
1731099400193 211.1 433
1731099410312 233.8 434
1731099420436 116.4 435
1731099430549 241.1 436
1731099440668 209.0 437
1731099450803 116.2 438
1731099460939 189.2 439
1731099471046 174.9 440
1731099481169 213.2 441
1731099491295 230.9 442
1731099501432 238.5 443
1731099511559 145.7 444
1731099521701 231.9 445
1731099531824 116.8 446
1731099541942 234.2 447
1731099552083 140.9 448
1731099562206 219.4 449
1731099572340 116.1 450
1731099582474 125.9 451
1731099592569 184.9 452
1731099602683 134.7 453
1731099612812 116.1 454
1731099622941 159.1 455
1731099633064 212.9 456
1731099643189 141.0 457
1731099653308 113.9 458
1731099663446 140.3 459
1731099673575 113.7 460
1731099683704 227.9 461
1731099693832 227.9 462
1731099703941 227.7 463
1731099714074 232.4 464
1731099724206 227.3 465
1731099734327 228.7 466
1731099744461 232.4 467
1731099754593 217.0 468
1731099764737 117.1 469
1731099774828 151.7 470
1731099784955 241.9 471
1731099795076 237.2 472
1731099805199 223.6 473
1731099815338 145.5 474
1731099825483 188.1 475
1731099835607 116.6 476
1731099845737 211.4 477
1731099855837 238.9 478
1731099865984 239.4 479
1731099876094 128.1 480
1731099886226 235.2 481
1731099896362 228.8 482
1731099906489 224.5 483
1731099916614 226.6 484
1731099926723 217.8 485
1731099936844 138.7 486
1731099946955 222.7 487
1731099957075 190.4 488
1731099967210 153.4 489
1731099977338 230.9 490
1731099987469 242.9 491
1731099997610 225.8 492
1731100007730 220.3 493
1731100017860 117.4 494
1731100027957 199.8 495
1731100038084 224.0 496
1731100048221 116.2 497
1731100058351 201.5 498
1731100068483 160.1 499
1731100078613 197.8 500
1731100088747 222.4 501
1731100098874 234.6 502
1731100109002 225.4 503
1731100119144 129.7 504
1731100129281 220.6 505
1731100139405 234.6 506
1731100149544 222.3 507
1731100159671 160.9 508
1731100169813 226.5 509
1731100179901 116.4 510
1731100190011 218.5 511
1731100200121 226.9 512
1731100210217 183.7 513
1731100220359 223.9 514
1731100230492 134.2 515
1731100240618 218.5 516
1731100250755 186.4 517
1731100260843 221.5 518
1731100270945 230.4 519
1731100281072 231.0 520
1731100291202 213.2 521
1731100301328 221.9 522
1731100311467 218.8 523
1731100321601 223.4 524
1731100331743 129.4 525
1731100341883 181.9 526
1731100352017 203.5 527
1731100362147 178.1 528
1731100372277 150.7 529
1731100382415 213.8 530
1731100392544 115.8 531
1731100402682 197.6 532
1731100412822 169.0 533
1731100422947 165.1 534
1731100433101 132.0 535
1731100443240 173.8 536
1731100453340 160.7 537
1731100463462 161.8 538
1731100473573 201.2 539
1731100483664 212.0 540
1731100493795 210.3 541
1731100503932 223.4 542
1731100514066 230.3 543
1731100524207 232.3 544
1731100534334 127.1 545
1731100544443 244.6 546
1731100554584 234.3 547
1731100564720 242.4 548
1731100574853 116.5 549
1731100584957 253.3 550
1731100595081 237.7 551
1731100605253 222.7 552
1731100615388 141.8 553
1731100625473 224.1 554
1731100635617 227.3 555
1731100645750 216.1 556
1731100655885 231.7 557
1731100666023 200.3 558
1731100676171 116.4 559
1731100686298 115.4 560
1731100696449 210.6 561
1731100706597 229.7 562
1731100716738 129.6 563
1731100726881 182.1 564
1731100737017 202.0 565
1731100747153 216.9 566
1731100757293 132.5 567
1731100767456 228.8 568
1731100777597 194.9 569
1731100787736 220.2 570
1731100797872 132.6 571
1731100807979 225.5 572
1731100818104 177.7 573
1731100828239 210.4 574
1731100838356 211.7 575
1731100848471 220.2 576
1731100858601 168.6 577
1731100868738 169.5 578
1731100878871 171.5 579
1731100888978 133.8 580
1731100899107 195.1 581
1731100909257 163.2 582
1731100919400 165.7 583
1731100929538 158.6 584
1731100939672 162.4 585
1731100949804 160.2 586
1731100959921 163.2 587
1731100970033 219.4 588
1731100980172 180.8 589
