1731095030106 0.000345999999808555 0
1731095040169 0.02920799999992596 1
1731095050239 0.048412999999982276 2
1731095060300 0.11346800000001167 3
1731095070355 0.14519799999970928 4
1731095080420 0.15267499999981737 5
1731095090478 0.16133200000012948 6
1731095100542 0.16929399999980888 7
1731095110608 0.23242900000013833 8
1731095120665 0.24888000000009924 9
1731095130711 0.25648199999977805 10
1731095140785 0.26332300000012765 11
1731095150850 0.2840470000001005 12
1731095160911 0.2915589999997792 13
1731095170972 0.29859799999985626 14
1731095181038 0.30909399999973175 15
1731095191120 0.3322339999999713 16
1731095201201 0.3514340000001539 17
1731095211280 0.3587320000001455 18
1731095221349 0.3661320000001069 19
1731095231405 0.3964059999998426 20
1731095241487 0.4038669999999911 21
1731095251559 0.41150599999991755 22
1731095261628 0.42237199999999575 23
1731095271704 0.43786999999974796 24
1731095281776 0.44548200000008364 25
1731095291830 0.4541749999998501 26
1731095301892 0.4664589999997588 27
1731095311966 0.4769139999998515 28
1731095322045 0.4851880000001074 29
1731095332100 0.492717999999968 30
1731095342163 0.49995399999988877 31
1731095352258 0.5199279999997088 32
1731095362333 0.5308329999998023 33
1731095372412 0.5413829999997688 34
1731095382480 0.5488299999997253 35
1731095392547 0.5566829999997935 36
1731095402605 0.5644939999997405 37
1731095412676 0.6263589999998658 38
1731095422736 0.638159000000087 39
1731095432810 0.6581860000001143 40
1731095442887 0.6675369999998111 41
1731095452976 0.6761619999997492 42
1731095463059 0.6843699999999444 43
1731095473140 0.691131999999925 44
1731095483211 0.6994220000001405 45
1731095493289 0.7100580000001173 46
1731095503370 0.7254319999997279 47
1731095513442 0.7370040000000699 48
1731095523498 0.7466759999997521 49
1731095533551 0.7746440000000803 50
1731095543623 0.7888619999998809 51
1731095553703 0.7969669999997677 52
1731095563788 0.8043189999998503 53
1731095573857 0.8110999999998967 54
1731095583927 0.827958999999737 55
1731095594009 0.8395529999997962 56
1731095604062 0.8620359999999891 57
1731095614130 0.8720020000000659 58
1731095624190 0.8832659999998214 59
1731095634263 0.8910009999999602 60
1731095644358 0.8987409999999727 61
1731095654426 0.9078300000001036 62
1731095664505 0.9282079999998132 63
1731095674585 0.9388089999997646 64
1731095684659 0.947910999999749 65
1731095694706 0.9575540000000728 66
1731095704778 1.0231269999999313 67
1731095714852 1.0343159999997624 68
1731095724923 1.0424459999999272 69
1731095735011 1.056739000000107 70
1731095745067 1.0688199999999597 71
1731095755140 1.0767539999997098 72
1731095765200 1.0865340000000288 73
1731095775294 1.1067549999997937 74
1731095785369 1.117432000000008 75
1731095795456 1.1258069999998952 76
1731095805536 1.1360669999999118 77
1731095815612 1.1625589999998738 78
1731095825683 1.1761599999999817 79
1731095835747 1.2064179999997577 80
1731095845821 1.214226999999937 81
1731095855901 1.2218159999997624 82
1731095865974 1.2328280000001541 83
1731095876048 1.2407690000000002 84
1731095886144 1.251538999999866 85
1731095896220 1.2750169999999343 86
1731095906304 1.2828249999997752 87
1731095916384 1.2909159999999247 88
1731095926472 1.30093799999986 89
1731095936551 1.308936999999787 90
1731095946614 1.3201699999999619 91
1731095956676 1.3297489999999925 92
1731095966753 1.3406279999999242 93
1731095976841 1.3610129999997298 94
1731095986928 1.3681189999997514 95
1731095997003 1.3766000000000531 96
1731096007072 1.4407959999998639 97
1731096017158 1.4530439999998634 98
1731096027231 1.4644459999999526 99
1731096037310 1.4721959999997125 100
1731096047398 1.4890230000000884 101
1731096057470 1.4990669999997408 102
1731096067547 1.5062589999997726 103
1731096077634 1.5165259999998852 104
1731096087713 1.5281660000000556 105
1731096097785 1.538539000000128 106
1731096107880 1.5467180000000553 107
1731096117965 1.5565379999998186 108
1731096128052 1.5718409999999494 109
1731096138136 1.6037470000001122 110
1731096148216 1.6149780000000646 111
1731096158308 1.622233000000051 112
1731096168382 1.6332179999999425 113
1731096178472 1.6442649999999048 114
1731096188558 1.6547459999997045 115
1731096198642 1.662761000000046 116
1731096208732 1.6823349999999664 117
1731096218809 1.691773000000012 118
1731096228891 1.6999259999997776 119
1731096238975 1.7100550000000112 120
1731096249060 1.7172449999998207 121
1731096259137 1.729649999999765 122
1731096269213 1.7558669999998529 123
1731096279306 1.772143000000142 124
1731096289408 1.782901000000038 125
1731096299466 1.7908619999998336 126
1731096309530 1.857126999999764 127
1731096319598 1.8655549999998584 128
1731096329677 1.9027169999999387 129
1731096339754 1.9096309999999903 130
1731096349833 1.9243200000000797 131
1731096359924 1.959657999999763 132
1731096370005 1.9727760000000671 133
1731096380086 1.984139000000141 134
1731096390196 1.9928399999998874 135
1731096400278 1.9998649999997724 136
1731096410360 2.011160999999902 137
1731096420447 2.0190520000001015 138
1731096430539 2.040241000000151 139
1731096440612 2.06851400000005 140
1731096450705 2.075507000000016 141
1731096460767 2.0867159999997966 142
1731096470841 2.098504999999932 143
1731096480934 2.105544000000009 144
1731096491023 2.1175720000001093 145
1731096501117 2.1297129999998106 146
1731096511201 2.145118999999795 147
1731096521282 2.1534679999999753 148
1731096531358 2.163365999999769 149
1731096541456 2.170943999999963 150
1731096551535 2.1784090000001015 151
1731096561620 2.1865520000001197 152
1731096571696 2.2061359999997876 153
1731096581786 2.2153229999998985 154
1731096591877 2.2330489999999372 155
1731096601956 2.241396999999779 156
1731096612052 2.30571000000009 157
1731096622143 2.3158370000001014 158
1731096632221 2.3262899999999718 159
1731096642329 2.333741999999802 160
1731096652409 2.3455559999997604 161
1731096662501 2.3612709999997605 162
1731096672588 2.377360999999837 163
1731096682696 2.38761199999999 164
1731096692756 2.398341999999957 165
1731096702838 2.4064939999998387 166
1731096712924 2.4170389999999315 167
1731096723006 2.424077000000125 168
1731096733086 2.4517510000000584 169
1731096743168 2.4702280000001338 170
1731096753261 2.4823999999998705 171
1731096763342 2.490984000000026 172
1731096773454 2.499025999999958 173
1731096783537 2.506362000000081 174
1731096793626 2.517902999999933 175
1731096803727 2.529236999999739 176
1731096813814 2.5388440000001538 177
1731096823907 2.554283999999825 178
1731096834002 2.6356419999997343 179
1731096844096 2.6465290000001005 180
1731096854189 2.6564840000000913 181
1731096864285 2.6889799999999013 182
1731096874366 2.698127000000113 183
1731096884475 2.7075270000000273 184
1731096894536 2.719658999999865 185
1731096904617 2.7397909999999683 186
1731096914688 2.8020430000001397 187
1731096924759 2.809190999999828 188
1731096934838 2.820042999999714 189
1731096944951 2.8338850000000093 190
1731096955049 2.844141000000036 191
1731096965144 2.853341999999884 192
1731096975237 2.87228099999993 193
1731096985319 2.881444999999985 194
1731096995431 2.893764999999803 195
1731097005526 2.901966999999786 196
1731097015625 2.9090329999999085 197
1731097025708 2.9165149999998903 198
1731097035792 2.944116000000122 199
1731097045883 2.9515000000001237 200
1731097055969 2.9693349999997736 201
1731097066080 2.9788109999999506 202
1731097076159 2.988382999999885 203
1731097086265 2.9963889999999083 204
1731097096368 3.0064769999999044 205
1731097106450 3.0164310000000114 206
1731097116541 3.0235509999997703 207
1731097126622 3.031673999999839 208
1731097136723 3.0505990000001475 209
1731097146808 3.0577009999997244 210
1731097156904 3.068213999999898 211
1731097166995 3.0764420000000428 212
1731097177089 3.083447999999862 213
1731097187196 3.0907130000000507 214
1731097197299 3.1014930000001186 215
1731097207394 3.1740740000000187 216
1731097217490 3.186443000000054 217
1731097227575 3.1943499999997584 218
1731097237675 3.201904999999897 219
1731097247754 3.2117299999999886 220
1731097257826 3.2195259999998598 221
1731097267888 3.2276779999997416 222
1731097277983 3.2345070000001215 223
1731097288063 3.252582000000075 224
1731097298147 3.2672950000001038 225
1731097308236 3.2762760000000526 226
1731097318345 3.2845899999997528 227
1731097328439 3.292595999999776 228
1731097338543 3.3290469999997185 229
1731097348631 3.336417999999867 230
1731097358715 3.344647999999779 231
1731097368817 3.362689000000046 232
1731097378908 3.3716009999998278 233
1731097388992 3.379927999999836 234
1731097399080 3.3875990000001366 235
1731097409182 3.396020000000135 236
1731097419272 3.4076639999998406 237
1731097429364 3.418678 238
1731097439460 3.4350620000000163 239
1731097449564 3.442109000000073 240
1731097459662 3.452545999999984 241
1731097469764 3.4628749999997126 242
1731097479856 3.473367000000053 243
1731097489958 3.4844269999998687 244
1731097500058 3.495806999999786 245
1731097510144 3.559393 246
1731097520246 3.578541999999743 247
1731097530339 3.5859949999999117 248
1731097540437 3.594514999999774 249
1731097550546 3.6030550000000403 250
1731097560648 3.610652999999729 251
1731097570747 3.6186579999998685 252
1731097580808 3.6399489999998877 253
1731097590903 3.650556999999935 254
1731097601014 3.6669449999999415 255
1731097611121 3.676691000000119 256
1731097621225 3.6840549999997165 257
1731097631320 3.7024240000000646 258
1731097641423 3.7224670000000515 259
1731097651531 3.730670999999802 260
1731097661609 3.74445999999989 261
1731097671710 3.759563999999955 262
1731097681805 3.7679479999997056 263
1731097691912 3.7788919999998143 264
1731097702016 3.7890419999998812 265
1731097712104 3.813752999999906 266
1731097722217 3.821842999999717 267
1731097732322 3.8319830000000366 268
1731097742430 3.839382999999998 269
1731097752523 3.8582510000001093 270
1731097762630 3.866942999999992 271
1731097772736 3.8770019999997203 272
1731097782840 3.884153999999853 273
1731097792915 3.8923369999997703 274
1731097803027 3.8997490000001562 275
1731097813099 3.9610999999999876 276
1731097823192 3.9708660000001146 277
1731097833290 3.987115999999787 278
1731097843406 3.9943920000000617 279
1731097853510 4.002465999999913 280
1731097863601 4.009553999999753 281
1731097873700 4.016447999999855 282
1731097883797 4.024360999999772 283
1731097893905 4.0323309999998855 284
1731097903999 4.047426999999971 285
1731097914107 4.055922999999893 286
1731097924182 4.062843000000157 287
1731097934262 4.083032000000003 288
1731097944350 4.099236000000019 289
1731097954428 4.111327999999958 290
1731097964522 4.122397999999976 291
1731097974644 4.129237999999987 292
1731097984731 4.145445000000109 293
1731097994794 4.153594999999768 294
1731098004898 4.160722999999962 295
1731098014985 4.167782999999872 296
1731098025093 4.176226999999926 297
1731098035202 4.183269000000109 298
1731098045296 4.194316000000072 299
1731098055396 4.2059690000000955 300
1731098065499 4.234947999999804 301
1731098075596 4.242725999999948 302
1731098085693 4.250518999999713 303
1731098095781 4.257420999999795 304
1731098105887 4.274910000000091 305
1731098115999 4.329834000000119 306
1731098126107 4.337398000000121 307
1731098136214 4.352350000000115 308
1731098146321 4.370774999999867 309
1731098156424 4.38265599999977 310
1731098166516 4.393033999999716 311
1731098176618 4.401727999999821 312
1731098186707 4.41237000000001 313
1731098196810 4.420669999999973 314
1731098206917 4.430976999999984 315
1731098217042 4.448957000000064 316
1731098227153 4.456581999999798 317
1731098237260 4.483155999999781 318
1731098247370 4.4909819999998035 319
1731098257470 4.498591000000033 320
1731098267729 4.505905999999868 321
1731098277827 4.51337999999987 322
1731098287922 4.521291000000019 323
1731098298028 4.539397000000008 324
1731098308135 4.5502080000001115 325
1731098318251 4.5603189999997085 326
1731098328357 4.567915999999968 327
1731098338438 4.57532399999991 328
1731098348547 4.582684999999856 329
1731098358648 4.590154999999868 330
1731098368760 4.601075000000037 331
1731098378872 4.617944999999963 332
1731098388962 4.631421000000046 333
1731098399082 4.641814000000068 334
1731098409196 4.703297999999904 335
1731098419311 4.712908999999854 336
1731098429414 4.7207439999997405 337
1731098439541 4.727919999999813 338
1731098449652 4.744916000000103 339
1731098459754 4.756050999999843 340
1731098469866 4.762952999999925 341
1731098479962 4.770657999999912 342
1731098490054 4.778164999999717 343
1731098500158 4.789233999999851 344
1731098510269 4.796734000000015 345
1731098520373 4.804117000000133 346
1731098530477 4.819552999999814 347
1731098540587 4.849416000000019 348
1731098550680 4.856971000000158 349
1731098560774 4.867065999999795 350
1731098570838 4.8746219999998175 351
1731098580927 4.882200999999895 352
1731098591020 4.890205000000151 353
1731098601128 4.897633000000042 354
1731098611249 4.9131939999997485 355
1731098621374 4.920348999999987 356
1731098631487 4.929485000000113 357
1731098641590 4.939397999999983 358
1731098651718 4.956939000000148 359
1731098661836 5.023666000000048 360
1731098671942 6.4994440000000395 361
1731098682058 16.717525000000023 362
1731098692200 20.081960999999865 363
1731098702330 20.10145999999986 364
1731098712436 20.167773000000125 365
1731098722563 20.179395000000113 366
1731098732677 20.1891270000001 367
1731098742803 20.200730999999905 368
1731098752919 20.212852999999996 369
1731098763007 20.234842999999728 370
1731098773106 20.242791000000125 371
1731098783232 20.267909000000145 372
1731098793346 20.27986699999974 373
1731098803460 20.288563000000067 374
1731098813573 20.299735000000055 375
1731098823684 20.307855000000018 376
1731098833798 20.331486999999925 377
1731098843919 20.357106999999814 378
1731098854032 20.36493500000006 379
1731098864122 20.374598999999762 380
1731098874232 20.383432000000084 381
1731098884346 20.394150999999965 382
1731098894454 20.40368099999978 383
1731098904542 20.414928000000145 384
1731098914666 20.470260999999937 385
1731098924768 20.481268999999884 386
1731098934874 20.49228499999981 387
1731098944964 20.502748999999767 388
1731098955076 20.51078099999995 389
1731098965195 20.520312999999987 390
1731098975311 20.53451300000006 391
1731098985425 20.546472999999878 392
1731098995504 20.5666769999998 393
1731099005614 20.577017999999953 394
1731099015738 20.642215999999735 395
1731099025819 20.653025999999954 396
1731099035920 20.660571999999775 397
1731099046037 20.668377999999848 398
1731099056160 20.67535399999997 399
1731099066270 20.698425999999927 400
1731099076383 20.714789999999994 401
1731099086502 20.722056000000066 402
1731099096602 20.73282999999992 403
1731099106740 20.743889999999737 404
1731099116851 20.75526899999977 405
1731099126942 20.765968000000157 406
1731099137049 20.793317000000116 407
1731099147169 20.810849999999846 408
1731099157287 20.818287000000055 409
1731099167403 20.825984000000062 410
1731099177521 20.83659200000011 411
1731099187651 20.846862999999757 412
1731099197786 20.871396000000004 413
1731099207901 20.878462000000127 414
1731099218031 20.890077999999903 415
1731099228163 20.908736999999746 416
1731099238293 20.920126999999866 417
1731099248401 20.92996499999981 418
1731099258531 20.94286000000011 419
1731099268652 20.950763999999708 420
1731099278772 20.96188099999972 421
1731099288884 20.972529000000122 422
1731099299018 20.9828779999998 423
1731099309146 21.058716999999888 424
1731099319264 21.066494000000148 425
1731099329383 21.07573999999977 426
1731099339512 21.08496699999978 427
1731099349645 21.094986999999946 428
1731099359765 21.11232999999993 429
1731099369865 21.12317099999973 430
1731099379989 21.157448999999815 431
1731099390069 21.16702099999975 432
1731099400193 21.17895899999985 433
1731099410312 21.18654800000013 434
1731099420436 21.19572900000003 435
1731099430549 21.207448999999997 436
1731099440668 21.236484999999902 437
1731099450803 21.24479799999972 438
1731099460939 21.263472000000093 439
1731099471046 21.270352000000003 440
1731099481169 21.28101199999992 441
1731099491295 21.28865799999994 442
1731099501432 21.298909000000094 443
1731099511559 21.30977699999994 444
1731099521701 21.318053999999847 445
1731099531824 21.328035999999884 446
1731099541942 21.344524000000092 447
1731099552083 21.35188500000004 448
1731099562206 21.398196999999982 449
1731099572340 21.408034999999927 450
1731099582474 21.420890999999756 451
1731099592569 21.431036999999833 452
1731099602683 21.442023000000063 453
1731099612812 21.515286999999716 454
1731099622941 21.52830899999981 455
1731099633064 21.538171000000148 456
1731099643189 21.54668700000002 457
1731099653308 21.557268000000022 458
1731099663446 21.592928999999913 459
1731099673575 21.60412899999983 460
1731099683704 21.61393999999973 461
1731099693832 21.630232999999862 462
1731099703941 21.637615000000096 463
1731099714074 21.6452690000001 464
1731099724206 21.656168999999863 465
1731099734327 21.667637999999897 466
1731099744461 21.69585999999981 467
1731099754593 21.70372899999984 468
1731099764737 21.712246999999934 469
1731099774828 21.730411999999887 470
1731099784955 21.738254999999754 471
1731099795076 21.746345999999903 472
1731099805199 21.75617800000009 473
1731099815338 21.767793999999867 474
1731099825483 21.778029999999944 475
1731099835607 21.78767199999993 476
1731099845737 21.812933000000157 477
1731099855837 21.827968000000055 478
1731099865984 21.847021999999924 479
1731099876094 21.862423000000035 480
1731099886226 21.869240999999874 481
1731099896362 21.880933999999797 482
1731099906489 21.88868300000013 483
1731099916614 21.95259299999998 484
1731099926723 21.969102999999905 485
1731099936844 21.977089999999862 486
1731099946955 21.988882999999987 487
1731099957075 22.002121999999872 488
1731099967210 22.009000000000015 489
1731099977338 22.019627000000128 490
1731099987469 22.02705500000002 491
1731099997610 22.034634000000096 492
1731100007730 22.050940000000082 493
1731100017860 22.058786000000055 494
1731100027957 22.07094599999982 495
1731100038084 22.089482999999746 496
1731100048221 22.110654000000068 497
1731100058351 22.120468000000074 498
1731100068483 22.12852299999986 499
1731100078613 22.148861000000124 500
1731100088747 22.16818699999976 501
1731100098874 22.17754500000001 502
1731100109002 22.18776200000002 503
1731100119144 22.196433999999954 504
1731100129281 22.206217999999808 505
1731100139405 22.21385199999986 506
1731100149544 22.22470999999996 507
1731100159671 22.240760000000137 508
1731100169813 22.25772700000016 509
1731100179901 22.267648999999892 510
1731100190011 22.27640399999973 511
1731100200121 22.28388300000006 512
1731100210217 22.34573300000011 513
1731100220359 22.354871000000003 514
1731100230492 22.372445999999854 515
1731100240618 22.390668000000005 516
1731100250755 22.398135999999795 517
1731100260843 22.415914000000157 518
1731100270945 22.42305699999997 519
1731100281072 22.45323899999994 520
1731100291202 22.46927000000005 521
1731100301328 22.486285999999836 522
1731100311467 22.50286700000015 523
1731100321601 22.51458199999979 524
1731100331743 22.521656999999777 525
1731100341883 22.566475999999966 526
1731100352017 22.57505600000013 527
1731100362147 22.582226999999875 528
1731100372277 22.59287499999982 529
1731100382415 22.60056399999985 530
1731100392544 22.61828400000013 531
1731100402682 22.629939999999806 532
1731100412822 22.637279000000035 533
1731100422947 22.64774899999975 534
1731100433101 22.65677599999981 535
1731100443240 22.66419599999972 536
1731100453340 22.672881999999845 537
1731100463462 22.70512400000007 538
1731100473573 22.752802999999858 539
1731100483664 22.76015099999995 540
1731100493795 22.770312000000104 541
1731100503932 22.78179 542
1731100514066 22.84528300000011 543
1731100524207 22.853512000000137 544
1731100534334 22.865475999999944 545
1731100544443 22.88204999999971 546
1731100554584 22.89074699999992 547
1731100564720 22.901718999999957 548
1731100574853 22.911471999999776 549
1731100584957 22.924231999999847 550
1731100595081 22.932409000000007 551
1731100605253 22.940596999999798 552
1731100615388 22.947745999999825 553
1731100625473 22.963991999999962 554
1731100635617 22.97494800000004 555
1731100645750 23.006370999999945 556
1731100655885 23.01646299999993 557
1731100666023 23.023905000000013 558
1731100676171 23.032776999999896 559
1731100686298 23.040004999999837 560
1731100696449 23.059858000000077 561
1731100706597 23.071512999999868 562
1731100716738 23.07877099999996 563
1731100726881 23.086848999999802 564
1731100737017 23.094268999999713 565
1731100747153 23.10186500000009 566
1731100757293 23.113522000000103 567
1731100767456 23.123227999999926 568
1731100777597 23.13993900000014 569
1731100787736 23.14808200000016 570
1731100797872 23.15550099999973 571
1731100807979 23.163686999999754 572
1731100818104 23.231950999999754 573
1731100828239 23.239959 574
1731100838356 23.24828699999989 575
1731100848471 23.255937999999787 576
1731100858601 23.272645999999895 577
1731100868738 23.281224999999722 578
1731100878871 23.289420000000064 579
1731100888978 23.300091000000066 580
1731100899107 23.314660000000003 581
1731100909257 23.322695999999723 582
1731100919400 23.330626999999822 583
1731100929538 23.34686499999998 584
1731100939672 23.367057999999815 585
1731100949804 23.384771999999884 586
1731100959921 23.3925049999998 587
1731100970033 23.399812999999995 588
1731100980172 23.410346000000118 589
