1731095030106 0.00034600000000750697 0
1731095040169 0.024947999999994863 1
1731095050239 0.04502500000000964 2
1731095060300 0.1322590000000048 3
1731095070355 0.14838199999999802 4
1731095080420 0.15516999999999825 5
1731095090478 0.16192799999998897 6
1731095100542 0.1692899999999895 7
1731095110608 0.18238399999998478 8
1731095120665 0.1941500000000076 9
1731095130711 0.20117500000000632 10
1731095140785 0.20751899999999068 11
1731095150850 0.2210759999999823 12
1731095160911 0.22802599999999984 13
1731095170972 0.23468800000000556 14
1731095181038 0.24568800000000124 15
1731095191120 0.26042300000000296 16
1731095201201 0.2747499999999832 17
1731095211280 0.28159399999998413 18
1731095221349 0.2884200000000021 19
1731095231405 0.3126709999999946 20
1731095241487 0.31937099999998964 21
1731095251559 0.3264199999999846 22
1731095261628 0.3365519999999833 23
1731095271704 0.34781699999999205 24
1731095281776 0.3548289999999952 25
1731095291830 0.3627569999999878 26
1731095301892 0.3760059999999896 27
1731095311966 0.38584299999999416 28
1731095322045 0.3936569999999904 29
1731095332100 0.4005469999999889 30
1731095342163 0.4072689999999852 31
1731095352258 0.4224879999999871 32
1731095362333 0.4329479999999819 33
1731095372412 0.4424709999999834 34
1731095382480 0.4492209999999943 35
1731095392547 0.45648699999998144 36
1731095402605 0.4636169999999993 37
1731095412676 0.47555399999998826 38
1731095422736 0.4890350000000012 39
1731095432810 0.5041860000000042 40
1731095442887 0.5129790000000014 41
1731095452976 0.5210469999999816 42
1731095463059 0.5285629999999912 43
1731095473140 0.534672999999998 44
1731095483211 0.5425380000000075 45
1731095493289 0.5522420000000068 46
1731095503370 0.563289999999995 47
1731095513442 0.574027000000001 48
1731095523498 0.5832049999999924 49
1731095533551 0.6065930000000037 50
1731095543623 0.6220239999999819 51
1731095553703 0.6293220000000019 52
1731095563788 0.6361479999999915 53
1731095573857 0.6424920000000043 54
1731095583927 0.6546979999999962 55
1731095594009 0.6650970000000029 56
1731095604062 0.6798579999999959 57
1731095614130 0.6893239999999992 58
1731095624190 0.6999209999999891 59
1731095634263 0.7063670000000002 60
1731095644358 0.7138259999999832 61
1731095654426 0.7229480000000024 62
1731095664505 0.7394979999999975 63
1731095674585 0.7494849999999929 64
1731095684659 0.757803999999993 65
1731095694706 0.7669060000000059 66
1731095704778 0.7825070000000096 67
1731095714852 0.7930079999999862 68
1731095724923 0.8005560000000003 69
1731095735011 0.810307999999992 70
1731095745067 0.8217369999999846 71
1731095755140 0.8290769999999839 72
1731095765200 0.838499999999982 73
1731095775294 0.8544259999999895 74
1731095785369 0.8629579999999919 75
1731095795456 0.8708949999999902 76
1731095805536 0.8804010000000062 77
1731095815612 0.8994009999999832 78
1731095825683 0.9117300000000057 79
1731095835747 0.9359570000000019 80
1731095845821 0.9430889999999863 81
1731095855901 0.9501569999999901 82
1731095865974 0.9603439999999921 83
1731095876048 0.9676910000000021 84
1731095886144 0.9777760000000058 85
1731095896220 0.998345999999998 86
1731095906304 1.0055659999999875 87
1731095916384 1.013040999999987 88
1731095926472 1.0223519999999837 89
1731095936551 1.0299029999999902 90
1731095946614 1.0403859999999838 91
1731095956676 1.0495200000000011 92
1731095966753 1.0596859999999992 93
1731095976841 1.0751769999999965 94
1731095986928 1.0817109999999843 95
1731095997003 1.0893399999999929 96
1731096007072 1.1038759999999854 97
1731096017158 1.1173239999999964 98
1731096027231 1.1279260000000022 99
1731096037310 1.1348920000000078 100
1731096047398 1.1471139999999878 101
1731096057470 1.1566219999999987 102
1731096067547 1.1632400000000018 103
1731096077634 1.1730699999999956 104
1731096087713 1.1841159999999888 105
1731096097785 1.1937859999999887 106
1731096107880 1.201436000000001 107
1731096117965 1.210741999999982 108
1731096128052 1.2216129999999907 109
1731096138136 1.2491569999999967 110
1731096148216 1.2598130000000083 111
1731096158308 1.2665649999999857 112
1731096168382 1.276961 113
1731096178472 1.287522999999993 114
1731096188558 1.2972990000000095 115
1731096198642 1.3046850000000063 116
1731096208732 1.3198469999999816 117
1731096218809 1.3287909999999954 118
1731096228891 1.3363129999999899 119
1731096238975 1.345922999999999 120
1731096249060 1.3525109999999927 121
1731096259137 1.3663650000000018 122
1731096269213 1.376687000000004 123
1731096279306 1.3886760000000038 124
1731096289408 1.3984020000000044 125
1731096299466 1.4059660000000065 126
1731096309530 1.422161999999986 127
1731096319598 1.4291859999999872 128
1731096329677 1.4541639999999916 129
1731096339754 1.4605559999999969 130
1731096349833 1.4730509999999981 131
1731096359924 1.4944549999999879 132
1731096370005 1.5070149999999956 133
1731096380086 1.5194029999999827 134
1731096390196 1.5276739999999904 135
1731096400278 1.534261999999984 136
1731096410360 1.5449319999999886 137
1731096420447 1.552174000000008 138
1731096430539 1.5702229999999986 139
1731096440612 1.5907430000000033 140
1731096450705 1.5971059999999966 141
1731096460767 1.6076679999999897 142
1731096470841 1.619605000000007 143
1731096480934 1.6259249999999952 144
1731096491023 1.6373089999999877 145
1731096501117 1.6501590000000022 146
1731096511201 1.6610569999999996 147
1731096521282 1.6693129999999883 148
1731096531358 1.6786969999999997 149
1731096541456 1.6857469999999921 150
1731096551535 1.6927090000000078 151
1731096561620 1.7000769999999932 152
1731096571696 1.7151509999999917 153
1731096581786 1.7239610000000027 154
1731096591877 1.736612000000008 155
1731096601956 1.7446779999999933 156
1731096612052 1.7594650000000058 157
1731096622143 1.7705589999999916 158
1731096632221 1.7802920000000029 159
1731096642329 1.7872899999999845 160
1731096652409 1.8016739999999913 161
1731096662501 1.8166730000000086 162
1731096672588 1.8281419999999855 163
1731096682696 1.837838000000005 164
1731096692756 1.848025000000007 165
1731096702838 1.8557229999999834 166
1731096712924 1.8658220000000085 167
1731096723006 1.8722319999999968 168
1731096733086 1.8930640000000096 169
1731096743168 1.9087749999999915 170
1731096753261 1.9203959999999825 171
1731096763342 1.9282819999999958 172
1731096773454 1.9359210000000076 173
1731096783537 1.9425889999999981 174
1731096793626 1.9533969999999954 175
1731096803727 1.9641550000000052 176
1731096813814 1.9732919999999865 177
1731096823907 1.9842390000000023 178
1731096834002 2.0090529999999944 179
1731096844096 2.019424999999984 180
1731096854189 2.029904999999985 181
1731096864285 2.0466629999999952 182
1731096874366 2.054326000000003 183
1731096884475 2.0631539999999973 184
1731096894536 2.074712000000005 185
1731096904617 2.092119999999994 186
1731096914688 2.1024380000000065 187
1731096924759 2.1090079999999887 188
1731096934838 2.119051999999982 189
1731096944951 2.130191999999994 190
1731096955049 2.140123999999986 191
1731096965144 2.1488319999999987 192
1731096975237 2.1639649999999904 193
1731096985319 2.172809000000001 194
1731096995431 2.1845889999999883 195
1731097005526 2.1922289999999975 196
1731097015625 2.1987809999999968 197
1731097025708 2.2057330000000093 198
1731097035792 2.2267630000000054 199
1731097045883 2.233653000000004 200
1731097055969 2.2470050000000015 201
1731097066080 2.2558589999999867 202
1731097076159 2.2648989999999856 203
1731097086265 2.272338999999988 204
1731097096368 2.2831709999999816 205
1731097106450 2.29263499999999 206
1731097116541 2.2991790000000094 207
1731097126622 2.306545 208
1731097136723 2.320945999999992 209
1731097146808 2.327533999999986 210
1731097156904 2.337670000000003 211
1731097166995 2.3451220000000035 212
1731097177089 2.351606000000004 213
1731097187196 2.3583360000000084 214
1731097197299 2.3682039999999915 215
1731097207394 2.3867410000000007 216
1731097217490 2.400079000000005 217
1731097227575 2.4072830000000067 218
1731097237675 2.4142129999999895 219
1731097247754 2.4236609999999814 220
1731097257826 2.4308829999999944 221
1731097267888 2.4383909999999958 222
1731097277983 2.444774999999993 223
1731097288063 2.458073999999982 224
1731097298147 2.4718990000000076 225
1731097308236 2.480368999999996 226
1731097318345 2.488146999999998 227
1731097328439 2.4955209999999965 228
1731097338543 2.5304439999999886 229
1731097348631 2.537316000000004 230
1731097358715 2.545031999999992 231
1731097368817 2.558573999999993 232
1731097378908 2.566474999999997 233
1731097388992 2.5734510000000057 234
1731097399080 2.580643000000009 235
1731097409182 2.5884910000000048 236
1731097419272 2.5972469999999817 237
1731097429364 2.607748999999984 238
1731097439460 2.6197870000000023 239
1731097449564 2.626086999999984 240
1731097459662 2.637410999999986 241
1731097469764 2.6472289999999816 242
1731097479856 2.6572669999999903 243
1731097489958 2.667541 244
1731097500058 2.678038999999984 245
1731097510144 2.691644999999994 246
1731097520246 2.706075999999996 247
1731097530339 2.713015999999982 248
1731097540437 2.719529999999992 249
1731097550546 2.7267280000000085 250
1731097560648 2.733625999999987 251
1731097570747 2.741191999999984 252
1731097580808 2.7580969999999922 253
1731097590903 2.768454999999989 254
1731097601014 2.7804299999999955 255
1731097611121 2.7896379999999965 256
1731097621225 2.7964279999999917 257
1731097631320 2.8119389999999953 258
1731097641423 2.8282429999999863 259
1731097651531 2.835852999999986 260
1731097661609 2.8455669999999884 261
1731097671710 2.856101999999993 262
1731097681805 2.8637200000000007 263
1731097691912 2.8740200000000016 264
1731097702016 2.8846560000000068 265
1731097712104 2.9043769999999824 266
1731097722217 2.911396999999994 267
1731097732322 2.9210829999999817 268
1731097742430 2.9279089999999997 269
1731097752523 2.9402749999999855 270
1731097762630 2.948162999999994 271
1731097772736 2.9576339999999846 272
1731097782840 2.9639939999999854 273
1731097792915 2.97142199999999 274
1731097803027 2.978260000000006 275
1731097813099 2.990156999999982 276
1731097823192 3.001294999999999 277
1731097833290 3.0131219999999814 278
1731097843406 3.0197320000000047 279
1731097853510 3.027271999999982 280
1731097863601 3.033785999999992 281
1731097873700 3.0401659999999993 282
1731097883797 3.0477039999999818 283
1731097893905 3.0544649999999933 284
1731097903999 3.064994999999982 285
1731097914107 3.0729399999999885 286
1731097924182 3.079365999999993 287
1731097934262 3.0993699999999933 288
1731097944350 3.1113789999999995 289
1731097954428 3.1234409999999855 290
1731097964522 3.1338110000000086 291
1731097974644 3.1401290000000017 292
1731097984731 3.151350000000008 293
1731097994794 3.158841999999993 294
1731098004898 3.165475999999984 295
1731098014985 3.1720709999999883 296
1731098025093 3.1795270000000073 297
1731098035202 3.186115000000001 298
1731098045296 3.1967089999999985 299
1731098055396 3.2090010000000007 300
1731098065499 3.226118999999983 301
1731098075596 3.2333679999999845 302
1731098085693 3.240805999999992 303
1731098095781 3.247253999999998 304
1731098105887 3.2595790000000022 305
1731098115999 3.2679849999999817 306
1731098126107 3.274996999999985 307
1731098136214 3.2853100000000097 308
1731098146321 3.299860999999993 309
1731098156424 3.310974999999985 310
1731098166516 3.32064299999999 311
1731098176618 3.330794999999995 312
1731098186707 3.340890999999999 313
1731098196810 3.3486560000000054 314
1731098206917 3.35854599999999 315
1731098217042 3.3722019999999873 316
1731098227153 3.3792219999999986 317
1731098237260 3.399744999999996 318
1731098247370 3.4074329999999975 319
1731098257470 3.4145079999999837 320
1731098267729 3.4213259999999934 321
1731098277827 3.4282719999999927 322
1731098287922 3.435457999999983 323
1731098298028 3.4508019999999817 324
1731098308135 3.460778000000005 325
1731098318251 3.470331999999985 326
1731098328357 3.477485999999999 327
1731098338438 3.4843659999999943 328
1731098348547 3.491019999999992 329
1731098358648 3.4979119999999853 330
1731098368760 3.508121999999986 331
1731098378872 3.52044699999999 332
1731098388962 3.5331309999999974 333
1731098399082 3.543013000000002 334
1731098409196 3.555027999999993 335
1731098419311 3.565665999999993 336
1731098429414 3.5729340000000036 337
1731098439541 3.579642000000007 338
1731098449652 3.591924000000006 339
1731098459754 3.602513999999985 340
1731098469866 3.608961999999991 341
1731098479962 3.615645999999998 342
1731098490054 3.622622000000007 343
1731098500158 3.632949999999994 344
1731098510269 3.6399279999999976 345
1731098520373 3.646751999999992 346
1731098530477 3.6576189999999826 347
1731098540587 3.6836160000000007 348
1731098550680 3.6904619999999966 349
1731098560774 3.700165999999996 350
1731098570838 3.707267999999999 351
1731098580927 3.7141519999999844 352
1731098591020 3.721428000000003 353
1731098601128 3.7283280000000047 354
1731098611249 3.739167000000009 355
1731098621374 3.7459049999999934 356
1731098631487 3.754304999999988 357
1731098641590 3.7639350000000036 358
1731098651718 3.7809489999999926 359
1731098661836 3.8381339999999966 360
1731098671942 3.920607999999987 361
1731098682058 4.229988999999989 362
1731098692200 4.339100000000002 363
1731098702330 4.351739000000009 364
1731098712436 4.367798999999991 365
1731098722563 4.3789429999999925 366
1731098732677 4.3881509999999935 367
1731098742803 4.39942099999999 368
1731098752919 4.410590999999982 369
1731098763007 4.427988999999997 370
1731098773106 4.435376999999988 371
1731098783232 4.457031999999998 372
1731098793346 4.468413999999996 373
1731098803460 4.476361999999995 374
1731098813573 4.486984000000007 375
1731098823684 4.494531999999992 376
1731098833798 4.514777000000009 377
1731098843919 4.532925000000006 378
1731098854032 4.5402369999999905 379
1731098864122 4.549386999999996 380
1731098874232 4.557638999999995 381
1731098884346 4.567774999999983 382
1731098894454 4.5773670000000095 383
1731098904542 4.588832999999994 384
1731098914666 4.6252059999999915 385
1731098924768 4.635683999999998 386
1731098934874 4.64609999999999 387
1731098944964 4.6559819999999945 388
1731098955076 4.663445999999993 389
1731098965195 4.672281999999996 390
1731098975311 4.686023000000006 391
1731098985425 4.697468999999984 392
1731098995504 4.712479999999999 393
1731099005614 4.722384000000005 394
1731099015738 4.737947999999989 395
1731099025819 4.7486120000000085 396
1731099035920 4.755730999999997 397
1731099046037 4.762962999999985 398
1731099056160 4.769408999999996 399
1731099066270 4.784710999999987 400
1731099076383 4.7964979999999855 401
1731099086502 4.803117999999984 402
1731099096602 4.813392999999991 403
1731099106740 4.823509000000001 404
1731099116851 4.834597000000002 405
1731099126942 4.844574999999992 406
1731099137049 4.869400999999982 407
1731099147169 4.882373000000001 408
1731099157287 4.889253999999994 409
1731099167403 4.896573999999987 410
1731099177521 4.906610000000001 411
1731099187651 4.916254000000009 412
1731099197786 4.9321569999999895 413
1731099207901 4.938708999999989 414
1731099218031 4.949549999999988 415
1731099228163 4.963684999999998 416
1731099238293 4.974660999999998 417
1731099248401 4.98398499999999 418
1731099258531 4.997883000000002 419
1731099268652 5.0048889999999915 420
1731099278772 5.015501999999998 421
1731099288884 5.025515999999982 422
1731099299018 5.035353999999984 423
1731099309146 5.056873999999993 424
1731099319264 5.064098000000001 425
1731099329383 5.0728890000000035 426
1731099339512 5.081434999999999 427
1731099349645 5.090880999999996 428
1731099359765 5.103709000000009 429
1731099369865 5.113906999999983 430
1731099379989 5.137777 431
1731099390069 5.1467759999999885 432
1731099400193 5.156914 433
1731099410312 5.163967999999983 434
1731099420436 5.17271199999999 435
1731099430549 5.183823999999987 436
1731099440668 5.207610999999986 437
1731099450803 5.215336000000008 438
1731099460939 5.229332999999997 439
1731099471046 5.235638999999992 440
1731099481169 5.245833000000005 441
1731099491295 5.253071000000006 442
1731099501432 5.264339000000007 443
1731099511559 5.274574999999999 444
1731099521701 5.281520999999998 445
1731099531824 5.291066000000001 446
1731099541942 5.30331799999999 447
1731099552083 5.310297999999989 448
1731099562206 5.336107999999996 449
1731099572340 5.345203999999995 450
1731099582474 5.357557999999983 451
1731099592569 5.366904000000005 452
1731099602683 5.3775699999999915 453
1731099612812 5.396224999999987 454
1731099622941 5.4101149999999905 455
1731099633064 5.4194009999999935 456
1731099643189 5.427156999999994 457
1731099653308 5.437320999999997 458
1731099663446 5.457571999999999 459
1731099673575 5.468069999999983 460
1731099683704 5.477204 461
1731099693832 5.4888210000000015 462
1731099703941 5.4956630000000075 463
1731099714074 5.502687000000009 464
1731099724206 5.5130729999999915 465
1731099734327 5.524972999999989 466
1731099744461 5.547589999999985 467
1731099754593 5.554823999999996 468
1731099764737 5.562671999999992 469
1731099774828 5.576662999999996 470
1731099784955 5.584050999999988 471
1731099795076 5.591475000000003 472
1731099805199 5.600724999999983 473
1731099815338 5.611620999999985 474
1731099825483 5.621261000000004 475
1731099835607 5.6301269999999874 476
1731099845737 5.6478799999999865 477
1731099855837 5.666008000000005 478
1731099865984 5.677415999999994 479
1731099876094 5.684337999999997 480
1731099886226 5.690451999999993 481
1731099896362 5.701459999999997 482
1731099906489 5.708003999999988 483
1731099916614 5.721187999999984 484
1731099926723 5.733195999999992 485
1731099936844 5.740992000000006 486
1731099946955 5.75148999999999 487
1731099957075 5.761854 488
1731099967210 5.76782399999999 489
1731099977338 5.779191999999995 490
1731099987469 5.785978 491
1731099997610 5.792487999999992 492
1731100007730 5.804224000000005 493
1731100017860 5.81123199999999 494
1731100027957 5.821169999999995 495
1731100038084 5.8354269999999815 496
1731100048221 5.852663000000007 497
1731100058351 5.86183299999999 498
1731100068483 5.86940899999999 499
1731100078613 5.887302000000005 500
1731100088747 5.90100799999999 501
1731100098874 5.911309999999986 502
1731100109002 5.921050000000008 503
1731100119144 5.929137999999995 504
1731100129281 5.938459999999992 505
1731100139405 5.945502000000005 506
1731100149544 5.955865999999986 507
1731100159671 5.967151999999999 508
1731100169813 5.979512999999997 509
1731100179901 5.9888990000000035 510
1731100190011 5.996568999999994 511
1731100200121 6.0036110000000065 512
1731100210217 6.015809999999988 513
1731100220359 6.025903999999997 514
1731100230492 6.048061999999987 515
1731100240618 6.059654999999992 516
1731100250755 6.066534999999988 517
1731100260843 6.083275999999984 518
1731100270945 6.089767999999992 519
1731100281072 6.106186000000008 520
1731100291202 6.119236000000001 521
1731100301328 6.132259000000005 522
1731100311467 6.143786000000006 523
1731100321601 6.154314999999997 524
1731100331743 6.160866999999996 525
1731100341883 6.192913000000004 526
1731100352017 6.200698999999986 527
1731100362147 6.207360999999992 528
1731100372277 6.217434999999995 529
1731100382415 6.224649999999997 530
1731100392544 6.237019000000004 531
1731100402682 6.247971000000007 532
1731100412822 6.2546839999999975 533
1731100422947 6.264561999999984 534
1731100433101 6.2730960000000096 535
1731100443240 6.279663999999997 536
1731100453340 6.288069000000007 537
1731100463462 6.327920000000006 538
1731100473573 6.347372000000007 539
1731100483664 6.354206000000005 540
1731100493795 6.3638699999999915 541
1731100503932 6.374424000000005 542
1731100514066 6.387650000000008 543
1731100524207 6.395094 544
1731100534334 6.405396999999994 545
1731100544443 6.417070999999993 546
1731100554584 6.424814999999995 547
1731100564720 6.434909000000005 548
1731100574853 6.4450530000000015 549
1731100584957 6.457909000000001 550
1731100595081 6.4653439999999875 551
1731100605253 6.47251 552
1731100615388 6.47899799999999 553
1731100625473 6.4904929999999865 554
1731100635617 6.500634999999988 555
1731100645750 6.525121999999982 556
1731100655885 6.534421000000009 557
1731100666023 6.5411689999999965 558
1731100676171 6.549441000000002 559
1731100686298 6.5558949999999925 560
1731100696449 6.573384000000004 561
1731100706597 6.584044000000006 562
1731100716738 6.590486999999996 563
1731100726881 6.597884999999991 564
1731100737017 6.604543000000007 565
1731100747153 6.611250999999982 566
1731100757293 6.62247099999999 567
1731100767456 6.631484999999998 568
1731100777597 6.643439000000001 569
1731100787736 6.651028999999994 570
1731100797872 6.657334999999989 571
1731100807979 6.6648429999999905 572
1731100818104 6.684179 573
1731100828239 6.691055000000006 574
1731100838356 6.698146000000008 575
1731100848471 6.7047799999999995 576
1731100858601 6.716239999999999 577
1731100868738 6.723563999999982 578
1731100878871 6.730714000000006 579
1731100888978 6.740216000000004 580
1731100899107 6.752925000000005 581
1731100909257 6.759847000000008 582
1731100919400 6.766722999999985 583
1731100929538 6.777789999999982 584
1731100939672 6.795884999999998 585
1731100949804 6.809730999999999 586
1731100959921 6.816530999999998 587
1731100970033 6.823164999999989 588
1731100980172 6.8331409999999835 589
