1731095030106 7168.7 0
1731095040169 16150.9 1
1731095050239 18758.9 2
1731095060300 19718.1 3
1731095070355 20728.4 4
1731095080420 21763.8 5
1731095090478 22713.4 6
1731095100542 18611.3 7
1731095110608 19605.1 8
1731095120665 20664.4 9
1731095130711 21677.9 10
1731095140785 22727.8 11
1731095150850 24083.7 12
1731095160911 19276.7 13
1731095170972 20196.2 14
1731095181038 20842.2 15
1731095191120 21735.5 16
1731095201201 22422.4 17
1731095211280 23295.8 18
1731095221349 18836.4 19
1731095231405 19405.6 20
1731095241487 20363.7 21
1731095251559 21276.1 22
1731095261628 21904.9 23
1731095271704 22591.3 24
1731095281776 23470.3 25
1731095291830 18342.2 26
1731095301892 19237.3 27
1731095311966 19852.5 28
1731095322045 20469.7 29
1731095332100 21212.1 30
1731095342163 21898.9 31
1731095352258 22437.1 32
1731095362333 22840.6 33
1731095372412 23299.0 34
1731095382480 24137.6 35
1731095392547 19397.5 36
1731095402605 20297.1 37
1731095412676 21103.4 38
1731095422736 21665.0 39
1731095432810 22143.2 40
1731095442887 22678.4 41
1731095452976 23371.2 42
1731095463059 24225.0 43
1731095473140 19583.7 44
1731095483211 20274.9 45
1731095493289 20697.2 46
1731095503370 21367.4 47
1731095513442 21711.8 48
1731095523498 22243.0 49
1731095533551 24140.7 50
1731095543623 23093.5 51
1731095553703 23796.8 52
1731095563788 19328.4 53
1731095573857 20093.5 54
1731095583927 20893.9 55
1731095594009 20865.2 56
1731095604062 23664.0 57
1731095614130 22420.3 58
1731095624190 23107.4 59
1731095634263 23744.1 60
1731095644358 24325.5 61
1731095654426 19918.0 62
1731095664505 20450.4 63
1731095674585 20774.1 64
1731095684659 21500.6 65
1731095694706 22004.1 66
1731095704778 22521.3 67
1731095714852 23093.7 68
1731095724923 24009.2 69
1731095735011 24372.5 70
1731095745067 19863.8 71
1731095755140 20566.2 72
1731095765200 21029.5 73
1731095775294 21426.9 74
1731095785369 22088.9 75
1731095795456 20744.1 76
1731095805536 23316.0 77
1731095815612 23950.3 78
1731095825683 24370.2 79
1731095835747 29865.2 80
1731095845821 20123.2 81
1731095855901 21211.0 82
1731095865974 21718.0 83
1731095876048 23028.7 84
1731095886144 24749.7 85
1731095896220 23206.8 86
1731095906304 23838.2 87
1731095916384 26075.5 88
1731095926472 24666.2 89
1731095936551 21354.8 90
1731095946614 21361.2 91
1731095956676 21442.5 92
1731095966753 22054.9 93
1731095976841 22494.5 94
1731095986928 23017.5 95
1731095997003 23588.7 96
1731096007072 24155.7 97
1731096017158 24607.9 98
1731096027231 25005.5 99
1731096037310 20091.2 100
1731096047398 20738.9 101
1731096057470 21247.8 102
1731096067547 22124.1 103
1731096077634 22757.8 104
1731096087713 20932.3 105
1731096097785 23675.6 106
1731096107880 24485.8 107
1731096117965 24872.1 108
1731096128052 20358.1 109
1731096138136 21052.7 110
1731096148216 21155.7 111
1731096158308 22024.1 112
1731096168382 22655.8 113
1731096178472 23074.8 114
1731096188558 23549.1 115
1731096198642 24368.8 116
1731096208732 23573.2 117
1731096218809 30421.1 118
1731096228891 20588.9 119
1731096238975 21269.5 120
1731096249060 22118.6 121
1731096259137 22589.6 122
1731096269213 23033.1 123
1731096279306 23719.2 124
1731096289408 24294.5 125
1731096299466 24916.8 126
1731096309530 29557.0 127
1731096319598 20321.2 128
1731096329677 20768.9 129
1731096339754 21545.2 130
1731096349833 22088.9 131
1731096359924 23633.7 132
1731096370005 22636.6 133
1731096380086 23176.0 134
1731096390196 23875.7 135
1731096400278 24718.5 136
1731096410360 25928.8 137
1731096420447 20564.2 138
1731096430539 20952.1 139
1731096440612 21595.2 140
1731096450705 22396.9 141
1731096460767 23071.8 142
1731096470841 23858.9 143
1731096480934 24697.7 144
1731096491023 25221.5 145
1731096501117 25362.9 146
1731096511201 20398.4 147
1731096521282 20995.9 148
1731096531358 21466.8 149
1731096541456 22227.3 150
1731096551535 22964.4 151
1731096561620 23688.5 152
1731096571696 24321.8 153
1731096581786 24731.3 154
1731096591877 20022.7 155
1731096601956 21757.3 156
1731096612052 21467.8 157
1731096622143 23677.7 158
1731096632221 22893.1 159
1731096642329 23751.0 160
1731096652409 26389.4 161
1731096662501 29226.6 162
1731096672588 20165.0 163
1731096682696 20530.8 164
1731096692756 20875.1 165
1731096702838 21593.1 166
1731096712924 22060.4 167
1731096723006 22900.6 168
1731096733086 23732.6 169
1731096743168 24240.7 170
1731096753261 24750.0 171
1731096763342 19981.6 172
1731096773454 20912.3 173
1731096783537 21845.3 174
1731096793626 22425.3 175
1731096803727 22774.0 176
1731096813814 23420.1 177
1731096823907 24267.2 178
1731096834002 25609.7 179
1731096844096 20309.7 180
1731096854189 20719.3 181
1731096864285 21457.3 182
1731096874366 22353.1 183
1731096884475 22985.4 184
1731096894536 23306.2 185
1731096904617 23971.4 186
1731096914688 24695.7 187
1731096924759 20185.1 188
1731096934838 20716.0 189
1731096944951 21151.4 190
1731096955049 21593.1 191
1731096965144 22259.0 192
1731096975237 22920.9 193
1731096985319 23653.3 194
1731096995431 23888.5 195
1731097005526 24447.4 196
1731097015625 25050.7 197
1731097025708 20552.9 198
1731097035792 21042.0 199
1731097045883 21810.9 200
1731097055969 22318.4 201
1731097066080 21044.5 202
1731097076159 23412.0 203
1731097086265 24241.7 204
1731097096368 25071.4 205
1731097106450 25124.1 206
1731097116541 20783.0 207
1731097126622 21679.6 208
1731097136723 22111.4 209
1731097146808 22955.4 210
1731097156904 23406.6 211
1731097166995 24145.1 212
1731097177089 24792.8 213
1731097187196 20293.5 214
1731097197299 20860.1 215
1731097207394 21421.9 216
1731097217490 21930.2 217
1731097227575 22598.6 218
1731097237675 23158.5 219
1731097247754 23448.5 220
1731097257826 24133.5 221
1731097267888 24781.9 222
1731097277983 25100.2 223
1731097288063 20650.4 224
1731097298147 21215.7 225
1731097308236 21583.2 226
1731097318345 22187.3 227
1731097328439 22828.5 228
1731097338543 23539.8 229
1731097348631 24182.3 230
1731097358715 23700.3 231
1731097368817 30809.6 232
1731097378908 20763.1 233
1731097388992 21575.5 234
1731097399080 22378.0 235
1731097409182 24883.4 236
1731097419272 23632.5 237
1731097429364 24074.0 238
1731097439460 24968.0 239
1731097449564 20526.7 240
1731097459662 21110.3 241
1731097469764 21603.7 242
1731097479856 22223.1 243
1731097489958 22796.7 244
1731097500058 23281.4 245
1731097510144 24076.9 246
1731097520246 24508.4 247
1731097530339 27778.6 248
1731097540437 20624.9 249
1731097550546 21445.6 250
1731097560648 22288.9 251
1731097570747 23110.7 252
1731097580808 23766.8 253
1731097590903 24114.4 254
1731097601014 26004.7 255
1731097611121 25913.0 256
1731097621225 20868.7 257
1731097631320 21544.0 258
1731097641423 22113.5 259
1731097651531 21774.0 260
1731097661609 23182.3 261
1731097671710 23805.1 262
1731097681805 24525.4 263
1731097691912 24947.8 264
1731097702016 25672.3 265
1731097712104 20909.7 266
1731097722217 21761.2 267
1731097732322 22271.2 268
1731097742430 22993.6 269
1731097752523 23781.7 270
1731097762630 24592.4 271
1731097772736 25171.2 272
1731097782840 20404.7 273
1731097792915 21196.0 274
1731097803027 22019.4 275
1731097813099 22804.4 276
1731097823192 23573.5 277
1731097833290 24350.5 278
1731097843406 30248.1 279
1731097853510 20547.0 280
1731097863601 21294.3 281
1731097873700 21948.4 282
1731097883797 22583.8 283
1731097893905 23235.1 284
1731097903999 23830.4 285
1731097914107 24459.4 286
1731097924182 30644.3 287
1731097934262 20477.3 288
1731097944350 21006.0 289
1731097954428 19767.8 290
1731097964522 21897.3 291
1731097974644 22497.1 292
1731097984731 23110.0 293
1731097994794 23722.2 294
1731098004898 24280.4 295
1731098014985 24866.7 296
1731098025093 20401.8 297
1731098035202 20878.4 298
1731098045296 21173.8 299
1731098055396 21658.3 300
1731098065499 22254.5 301
1731098075596 22848.0 302
1731098085693 23553.3 303
1731098095781 24177.8 304
1731098105887 24761.7 305
1731098115999 25103.6 306
1731098126107 20806.3 307
1731098136214 21393.1 308
1731098146321 22051.6 309
1731098156424 20635.5 310
1731098166516 22892.1 311
1731098176618 23537.6 312
1731098186707 24046.3 313
1731098196810 24623.5 314
1731098206917 25151.8 315
1731098217042 19744.5 316
1731098227153 20515.7 317
1731098237260 21381.4 318
1731098247370 22149.7 319
1731098257470 23008.6 320
1731098267729 23847.5 321
1731098277827 25306.8 322
1731098287922 20219.3 323
1731098298028 21008.2 324
1731098308135 22162.2 325
1731098318251 22046.1 326
1731098328357 22736.4 327
1731098338438 23425.3 328
1731098348547 24076.8 329
1731098358648 25024.1 330
1731098368760 20175.2 331
1731098378872 22223.8 332
1731098388962 20746.3 333
1731098399082 21069.9 334
1731098409196 21930.3 335
1731098419311 22773.4 336
1731098429414 23584.2 337
1731098439541 24449.3 338
1731098449652 20019.2 339
1731098459754 20349.5 340
1731098469866 21242.5 341
1731098479962 22079.4 342
1731098490054 22955.2 343
1731098500158 23362.1 344
1731098510269 24154.9 345
1731098520373 25152.9 346
1731098530477 20480.5 347
1731098540587 21183.9 348
1731098550680 21818.0 349
1731098560774 22222.0 350
1731098570838 22800.3 351
1731098580927 23324.2 352
1731098591020 23794.7 353
1731098601128 24335.1 354
1731098611249 24795.3 355
1731098621374 20310.7 356
1731098631487 20344.8 357
1731098641590 21264.2 358
1731098651718 22000.3 359
1731098661836 21026.5 360
1731098671942 23272.8 361
1731098682058 23727.2 362
1731098692200 24358.4 363
1731098702330 25703.2 364
1731098712436 20094.5 365
1731098722563 20334.1 366
1731098732677 20833.8 367
1731098742803 20985.9 368
1731098752919 21304.9 369
1731098763007 21438.6 370
1731098773106 23115.5 371
1731098783232 22316.7 372
1731098793346 22868.1 373
1731098803460 23370.9 374
1731098813573 23842.2 375
1731098823684 24475.2 376
1731098833798 24731.3 377
1731098843919 29843.4 378
1731098854032 19228.7 379
1731098864122 20930.7 380
1731098874232 21788.8 381
1731098884346 22322.1 382
1731098894454 22943.3 383
1731098904542 23317.4 384
1731098914666 23926.5 385
1731098924768 24327.2 386
1731098934874 24741.4 387
1731098944964 24807.7 388
1731098955076 19974.2 389
1731098965195 20588.9 390
1731098975311 20829.0 391
1731098985425 21024.7 392
1731098995504 21422.6 393
1731099005614 22031.0 394
1731099015738 22767.1 395
1731099025819 23164.3 396
1731099035920 24032.8 397
1731099046037 24803.9 398
1731099056160 20262.5 399
1731099066270 20627.7 400
1731099076383 21278.7 401
1731099086502 21846.9 402
1731099096602 22386.5 403
1731099106740 22858.3 404
1731099116851 23101.7 405
1731099126942 23452.5 406
1731099137049 24128.0 407
1731099147169 24862.7 408
1731099157287 20346.4 409
1731099167403 22274.7 410
1731099177521 21428.4 411
1731099187651 21952.5 412
1731099197786 22425.8 413
1731099207901 23043.2 414
1731099218031 23452.8 415
1731099228163 23844.9 416
1731099238293 24293.0 417
1731099248401 24788.3 418
1731099258531 25220.2 419
1731099268652 20091.8 420
1731099278772 20571.8 421
1731099288884 21183.3 422
1731099299018 21577.4 423
1731099309146 22246.8 424
1731099319264 22922.5 425
1731099329383 23660.8 426
1731099339512 24297.2 427
1731099349645 24804.7 428
1731099359765 24843.0 429
1731099369865 20175.6 430
1731099379989 20672.7 431
1731099390069 20921.0 432
1731099400193 21509.3 433
1731099410312 22276.4 434
1731099420436 22670.7 435
1731099430549 22888.3 436
1731099440668 23786.9 437
1731099450803 23666.0 438
1731099460939 24900.3 439
1731099471046 20233.4 440
1731099481169 20568.6 441
1731099491295 21224.1 442
1731099501432 22079.1 443
1731099511559 22627.1 444
1731099521701 23354.7 445
1731099531824 24080.2 446
1731099541942 24720.8 447
1731099552083 20106.2 448
1731099562206 20805.1 449
1731099572340 21310.0 450
1731099582474 21641.9 451
1731099592569 22064.8 452
1731099602683 22424.6 453
1731099612812 22967.5 454
1731099622941 23355.6 455
1731099633064 23463.7 456
1731099643189 23977.3 457
1731099653308 25421.3 458
1731099663446 24595.6 459
1731099673575 26581.0 460
1731099683704 25329.7 461
1731099693832 20328.2 462
1731099703941 21122.7 463
1731099714074 22001.1 464
1731099724206 22405.5 465
1731099734327 22761.1 466
1731099744461 23445.1 467
1731099754593 24130.3 468
1731099764737 24656.1 469
1731099774828 29802.3 470
1731099784955 20599.6 471
1731099795076 21400.2 472
1731099805199 21754.5 473
1731099815338 22381.3 474
1731099825483 22799.6 475
1731099835607 23577.8 476
1731099845737 23545.1 477
1731099855837 24024.9 478
1731099865984 24540.6 479
1731099876094 25322.0 480
1731099886226 20586.2 481
1731099896362 21029.0 482
1731099906489 21716.9 483
1731099916614 22435.4 484
1731099926723 23103.2 485
1731099936844 22656.8 486
1731099946955 24182.0 487
1731099957075 24629.9 488
1731099967210 30728.5 489
1731099977338 20658.5 490
1731099987469 21426.6 491
1731099997610 22186.9 492
1731100007730 22841.2 493
1731100017860 22405.2 494
1731100027957 23763.0 495
1731100038084 24478.7 496
1731100048221 24689.1 497
1731100058351 27626.6 498
1731100068483 20242.2 499
1731100078613 20711.7 500
1731100088747 21054.6 501
1731100098874 21600.8 502
1731100109002 22058.6 503
1731100119144 22689.7 504
1731100129281 23122.1 505
1731100139405 23881.4 506
1731100149544 24506.1 507
1731100159671 30088.9 508
1731100169813 20484.6 509
1731100179901 21112.8 510
1731100190011 21724.9 511
1731100200121 22383.5 512
1731100210217 23103.8 513
1731100220359 23776.2 514
1731100230492 24219.7 515
1731100240618 24806.1 516
1731100250755 20109.9 517
1731100260843 20806.3 518
1731100270945 21477.0 519
1731100281072 22170.8 520
1731100291202 22891.8 521
1731100301328 23500.1 522
1731100311467 24047.5 523
1731100321601 24417.7 524
1731100331743 29787.5 525
1731100341883 20449.0 526
1731100352017 21073.7 527
1731100362147 21784.6 528
1731100372277 22291.4 529
1731100382415 22854.9 530
1731100392544 23248.4 531
1731100402682 23634.2 532
1731100412822 24200.9 533
1731100422947 24490.9 534
1731100433101 30028.1 535
1731100443240 20468.3 536
1731100453340 20983.6 537
1731100463462 21524.3 538
1731100473573 22100.2 539
1731100483664 22667.0 540
1731100493795 23025.5 541
1731100503932 23426.5 542
1731100514066 24159.4 543
1731100524207 24873.3 544
1731100534334 25828.9 545
1731100544443 20726.6 546
1731100554584 21489.1 547
1731100564720 22003.2 548
1731100574853 22605.7 549
1731100584957 23036.2 550
1731100595081 23875.4 551
1731100605253 24652.7 552
1731100615388 25944.8 553
1731100625473 20696.3 554
1731100635617 21161.4 555
1731100645750 21666.9 556
1731100655885 22164.4 557
1731100666023 22840.6 558
1731100676171 23415.5 559
1731100686298 24405.2 560
1731100696449 24273.2 561
1731100706597 24769.3 562
1731100716738 25464.5 563
1731100726881 20887.2 564
1731100737017 21721.8 565
1731100747153 22455.6 566
1731100757293 23994.9 567
1731100767456 23299.4 568
1731100777597 24044.6 569
1731100787736 24764.0 570
1731100797872 25349.9 571
1731100807979 20811.3 572
1731100818104 21376.5 573
1731100828239 21928.0 574
1731100838356 22469.3 575
1731100848471 23068.0 576
1731100858601 23633.4 577
1731100868738 24216.2 578
1731100878871 24874.4 579
1731100888978 30476.7 580
1731100899107 20744.7 581
1731100909257 21333.4 582
1731100919400 21898.0 583
1731100929538 22408.0 584
1731100939672 22945.6 585
1731100949804 23446.7 586
1731100959921 24003.9 587
1731100970033 24563.5 588
1731100980172 25034.8 589
