1732526525542 60.0 3072
1732526599418 49.0 6144
1732526663193 48.0 9216
1732526737127 46.0 12288
1732526807427 46.0 15360
1732526881901 45.0 18432
1732526967123 43.0 21504
1732527030004 44.0 24576
1732527098964 44.0 27648
1732527160086 44.0 30720
1732527232996 44.0 33792
1732527293715 45.0 36864
1732527365732 44.0 39936
1732527433697 44.0 43008
1732527500828 44.0 46080
1732527560924 45.0 49152
1732527627614 45.0 52224
1732527697581 45.0 55296
1732527772659 44.0 58368
1732527838554 45.0 61440
1732527925005 44.0 64512
1732528006118 44.0 67584
1732528076754 44.0 70656
1732528144506 44.0 73728
1732528214133 44.0 76800
1732528283194 44.0 79872
1732528362009 43.0 82944
1732528427914 44.0 86016
1732528496872 44.0 89088
1732528570231 43.0 92160
1732528644682 43.0 95232
1732528712127 43.0 98304
1732528786353 43.0 101376
1732528857989 43.0 104448
1732528935452 43.0 107520
1732529002134 43.0 110592
1732529069339 43.0 113664
1732529139026 43.0 116736
1732529210577 43.0 119808
1732529271612 43.0 122880
1732529341166 43.0 125952
1732529412120 43.0 129024
1732529474521 44.0 132096
1732529555748 43.0 135168
1732529618453 43.0 138240
1732529680342 44.0 141312
1732529749412 44.0 144384
1732529814672 44.0 147456
1732529881706 44.0 150528
1732529946451 44.0 153600
1732530009784 44.0 156672
1732530076422 44.0 159744
1732530141837 44.0 162816
1732530207718 44.0 165888
1732530270217 44.0 168960
1732530340309 44.0 172032
1732530405721 44.0 175104
1732530470233 44.0 178176
1732530528987 44.0 181248
1732530602445 44.0 184320
1732530672290 44.0 187392
1732530733792 44.0 190464
1732530795702 44.0 193536
1732530861838 44.0 196608
1732530925172 44.0 199680
1732530992781 44.0 202752
