1732526525549 1.0 3072
1732526599422 2.0 6144
1732526663196 3.0 9216
1732526737130 4.0 12288
1732526807431 5.0 15360
1732526881905 6.0 18432
1732526967129 7.0 21504
1732527030009 8.0 24576
1732527098973 9.0 27648
1732527160090 10.0 30720
1732527233001 11.0 33792
1732527293722 12.0 36864
1732527365737 13.0 39936
1732527433703 14.0 43008
1732527500833 15.0 46080
1732527560930 16.0 49152
1732527627619 17.0 52224
1732527697597 18.0 55296
1732527772664 19.0 58368
1732527838561 20.0 61440
1732527925010 21.0 64512
1732528006124 22.0 67584
1732528076759 23.0 70656
1732528144511 24.0 73728
1732528214139 25.0 76800
1732528283199 26.0 79872
1732528362014 27.0 82944
1732528427931 28.0 86016
1732528496877 29.0 89088
1732528570237 30.0 92160
1732528644687 31.0 95232
1732528712132 32.0 98304
1732528786356 33.0 101376
1732528857995 34.0 104448
1732528935456 35.0 107520
1732529002140 36.0 110592
1732529069343 37.0 113664
1732529139031 38.0 116736
1732529210582 39.0 119808
1732529271616 40.0 122880
1732529341171 41.0 125952
1732529412125 42.0 129024
1732529474526 43.0 132096
1732529555753 44.0 135168
1732529618458 45.0 138240
1732529680348 46.0 141312
1732529749418 47.0 144384
1732529814677 48.0 147456
1732529881711 49.0 150528
1732529946455 50.0 153600
1732530009789 51.0 156672
1732530076427 52.0 159744
1732530141842 53.0 162816
1732530207724 54.0 165888
1732530270223 55.0 168960
1732530340313 56.0 172032
1732530405738 57.0 175104
1732530470237 58.0 178176
1732530528992 59.0 181248
1732530602451 60.0 184320
1732530672296 61.0 187392
1732530733797 62.0 190464
1732530795706 63.0 193536
1732530861843 64.0 196608
1732530925190 65.0 199680
1732530992785 66.0 202752
