1732526525554 50.0 3072
1732526599426 124.0 6144
1732526663200 188.0 9216
1732526737134 262.0 12288
1732526807435 332.0 15360
1732526881909 406.0 18432
1732526967134 492.0 21504
1732527030014 554.0 24576
1732527098977 623.0 27648
1732527160094 685.0 30720
1732527233005 757.0 33792
1732527293726 818.0 36864
1732527365742 890.0 39936
1732527433709 958.0 43008
1732527500838 1025.0 46080
1732527560936 1085.0 49152
1732527627624 1152.0 52224
1732527697601 1222.0 55296
1732527772670 1297.0 58368
1732527838566 1363.0 61440
1732527925015 1449.0 64512
1732528006129 1531.0 67584
1732528076765 1601.0 70656
1732528144515 1669.0 73728
1732528214145 1739.0 76800
1732528283204 1808.0 79872
1732528362020 1886.0 82944
1732528427936 1952.0 86016
1732528496894 2021.0 89088
1732528570242 2095.0 92160
1732528644691 2169.0 95232
1732528712137 2237.0 98304
1732528786360 2311.0 101376
1732528858000 2382.0 104448
1732528935461 2460.0 107520
1732529002146 2527.0 110592
1732529069348 2594.0 113664
1732529139037 2663.0 116736
1732529210588 2735.0 119808
1732529271621 2796.0 122880
1732529341175 2866.0 125952
1732529412130 2937.0 129024
1732529474531 2999.0 132096
1732529555757 3080.0 135168
1732529618463 3143.0 138240
1732529680353 3205.0 141312
1732529749423 3274.0 144384
1732529814681 3339.0 147456
1732529881717 3406.0 150528
1732529946460 3471.0 153600
1732530009793 3534.0 156672
1732530076433 3601.0 159744
1732530141848 3666.0 162816
1732530207730 3732.0 165888
1732530270228 3795.0 168960
1732530340318 3865.0 172032
1732530405744 3930.0 175104
1732530470242 3995.0 178176
1732530528998 4053.0 181248
1732530602456 4127.0 184320
1732530672301 4197.0 187392
1732530733801 4258.0 190464
1732530795711 4320.0 193536
1732530861849 4386.0 196608
1732530925195 4450.0 199680
1732530992788 4517.0 202752
