1732526525572 3072.0 3072
1732526599443 6144.0 6144
1732526663203 9216.0 9216
1732526737138 12288.0 12288
1732526807439 15360.0 15360
1732526881913 18432.0 18432
1732526967140 21504.0 21504
1732527030020 24576.0 24576
1732527098981 27648.0 27648
1732527160098 30720.0 30720
1732527233010 33792.0 33792
1732527293732 36864.0 36864
1732527365747 39936.0 39936
1732527433715 43008.0 43008
1732527500843 46080.0 46080
1732527560941 49152.0 49152
1732527627629 52224.0 52224
1732527697604 55296.0 55296
1732527772676 58368.0 58368
1732527838570 61440.0 61440
1732527925020 64512.0 64512
1732528006134 67584.0 67584
1732528076770 70656.0 70656
1732528144519 73728.0 73728
1732528214151 76800.0 76800
1732528283209 79872.0 79872
1732528362025 82944.0 82944
1732528427941 86016.0 86016
1732528496900 89088.0 89088
1732528570247 92160.0 92160
1732528644696 95232.0 95232
1732528712142 98304.0 98304
1732528786363 101376.0 101376
1732528858005 104448.0 104448
1732528935465 107520.0 107520
1732529002152 110592.0 110592
1732529069352 113664.0 113664
1732529139042 116736.0 116736
1732529210593 119808.0 119808
1732529271626 122880.0 122880
1732529341179 125952.0 125952
1732529412135 129024.0 129024
1732529474536 132096.0 132096
1732529555774 135168.0 135168
1732529618469 138240.0 138240
1732529680358 141312.0 141312
1732529749429 144384.0 144384
1732529814686 147456.0 147456
1732529881722 150528.0 150528
1732529946464 153600.0 153600
1732530009798 156672.0 156672
1732530076438 159744.0 159744
1732530141854 162816.0 162816
1732530207735 165888.0 165888
1732530270233 168960.0 168960
1732530340322 172032.0 172032
1732530405749 175104.0 175104
1732530470246 178176.0 178176
1732530529003 181248.0 181248
1732530602462 184320.0 184320
1732530672305 187392.0 187392
1732530733806 190464.0 190464
1732530795715 193536.0 193536
1732530861854 196608.0 196608
1732530925200 199680.0 199680
1732530992791 202752.0 202752
