1732617292967 51.0 3072
1732617381160 41.0 6144
1732617461390 40.0 9216
1732617538456 40.0 12288
1732617632027 38.0 15360
1732617715945 38.0 18432
1732617793543 38.0 21504
1732617864737 38.0 24576
1732617943769 38.0 27648
1732618023053 38.0 30720
1732618109497 38.0 33792
1732618184959 38.0 36864
1732618267102 38.0 39936
1732618352569 38.0 43008
1732618434271 38.0 46080
1732618515956 38.0 49152
1732618586180 38.0 52224
1732618664570 38.0 55296
1732618736638 38.0 58368
1732618819613 38.0 61440
1732618905710 38.0 64512
1732618976055 38.0 67584
1732619060845 38.0 70656
1732619147970 38.0 73728
1732619237057 38.0 76800
1732619315242 38.0 79872
1732619391733 38.0 82944
1732619467305 38.0 86016
1732619562353 38.0 89088
1732619644310 38.0 92160
1732619720577 38.0 95232
1732619804192 38.0 98304
1732619883809 38.0 101376
1732619962611 38.0 104448
1732620068536 37.0 107520
1732620149733 37.0 110592
1732620252916 37.0 113664
1732620344821 37.0 116736
1732620443576 37.0 119808
1732620524753 37.0 122880
1732620613101 37.0 125952
1732620704041 37.0 129024
1732620800881 37.0 132096
1732620889582 36.0 135168
1732620976848 36.0 138240
1732621059958 36.0 141312
1732621143310 36.0 144384
1732621244618 36.0 147456
1732621331144 36.0 150528
1732621409389 36.0 153600
1732621508572 36.0 156672
1732621601388 36.0 159744
1732621693360 36.0 162816
1732621778444 36.0 165888
1732621869432 36.0 168960
1732621961936 36.0 172032
1732622069815 36.0 175104
1732622159804 36.0 178176
1732622249508 36.0 181248
1732622344204 36.0 184320
1732622438080 36.0 187392
1732622521220 36.0 190464
1732622612862 35.0 193536
1732622706304 35.0 196608
1732622793666 35.0 199680
1732622876570 35.0 202752
