1732617292974 1.0 3072
1732617381164 2.0 6144
1732617461395 3.0 9216
1732617538461 4.0 12288
1732617632030 5.0 15360
1732617715950 6.0 18432
1732617793548 7.0 21504
1732617864743 8.0 24576
1732617943773 9.0 27648
1732618023058 10.0 30720
1732618109501 11.0 33792
1732618184964 12.0 36864
1732618267107 13.0 39936
1732618352573 14.0 43008
1732618434276 15.0 46080
1732618515963 16.0 49152
1732618586185 17.0 52224
1732618664573 18.0 55296
1732618736644 19.0 58368
1732618819618 20.0 61440
1732618905715 21.0 64512
1732618976060 22.0 67584
1732619060848 23.0 70656
1732619147987 24.0 73728
1732619237062 25.0 76800
1732619315246 26.0 79872
1732619391737 27.0 82944
1732619467309 28.0 86016
1732619562358 29.0 89088
1732619644316 30.0 92160
1732619720580 31.0 95232
1732619804196 32.0 98304
1732619883815 33.0 101376
1732619962616 34.0 104448
1732620068542 35.0 107520
1732620149738 36.0 110592
1732620252921 37.0 113664
1732620344825 38.0 116736
1732620443581 39.0 119808
1732620524757 40.0 122880
1732620613105 41.0 125952
1732620704044 42.0 129024
1732620800884 43.0 132096
1732620889587 44.0 135168
1732620976852 45.0 138240
1732621059973 46.0 141312
1732621143315 47.0 144384
1732621244623 48.0 147456
1732621331148 49.0 150528
1732621409392 50.0 153600
1732621508577 51.0 156672
1732621601393 52.0 159744
1732621693364 53.0 162816
1732621778449 54.0 165888
1732621869437 55.0 168960
1732621961939 56.0 172032
1732622069818 57.0 175104
1732622159808 58.0 178176
1732622249512 59.0 181248
1732622344209 60.0 184320
1732622438086 61.0 187392
1732622521225 62.0 190464
1732622612866 63.0 193536
1732622706309 64.0 196608
1732622793672 65.0 199680
1732622876576 66.0 202752
