1732617292980 59.0 3072
1732617381168 148.0 6144
1732617461399 228.0 9216
1732617538465 305.0 12288
1732617632033 399.0 15360
1732617715955 482.0 18432
1732617793552 560.0 21504
1732617864748 631.0 24576
1732617943776 710.0 27648
1732618023062 790.0 30720
1732618109504 876.0 33792
1732618184969 951.0 36864
1732618267111 1034.0 39936
1732618352579 1119.0 43008
1732618434282 1201.0 46080
1732618515967 1282.0 49152
1732618586202 1353.0 52224
1732618664576 1431.0 55296
1732618736650 1503.0 58368
1732618819624 1586.0 61440
1732618905719 1672.0 64512
1732618976065 1743.0 67584
1732619060851 1827.0 70656
1732619147993 1914.0 73728
1732619237068 2004.0 76800
1732619315250 2082.0 79872
1732619391742 2158.0 82944
1732619467314 2234.0 86016
1732619562362 2329.0 89088
1732619644322 2411.0 92160
1732619720584 2487.0 95232
1732619804198 2571.0 98304
1732619883821 2650.0 101376
1732619962621 2729.0 104448
1732620068547 2835.0 107520
1732620149743 2916.0 110592
1732620252927 3019.0 113664
1732620344829 3111.0 116736
1732620443587 3210.0 119808
1732620524761 3291.0 122880
1732620613108 3380.0 125952
1732620704047 3471.0 129024
1732620800888 3567.0 132096
1732620889591 3656.0 135168
1732620976856 3743.0 138240
1732621059978 3826.0 141312
1732621143320 3910.0 144384
1732621244627 4011.0 147456
1732621331153 4098.0 150528
1732621409396 4176.0 153600
1732621508582 4275.0 156672
1732621601399 4368.0 159744
1732621693368 4460.0 162816
1732621778454 4545.0 165888
1732621869441 4636.0 168960
1732621961942 4728.0 172032
1732622069822 4836.0 175104
1732622159812 4926.0 178176
1732622249516 5016.0 181248
1732622344214 5111.0 184320
1732622438091 5205.0 187392
1732622521229 5288.0 190464
1732622612871 5379.0 193536
1732622706314 5473.0 196608
1732622793677 5560.0 199680
1732622876582 5643.0 202752
