1732617292986 3072.0 3072
1732617381171 6144.0 6144
1732617461405 9216.0 9216
1732617538470 12288.0 12288
1732617632036 15360.0 15360
1732617715961 18432.0 18432
1732617793556 21504.0 21504
1732617864753 24576.0 24576
1732617943779 27648.0 27648
1732618023067 30720.0 30720
1732618109508 33792.0 33792
1732618184975 36864.0 36864
1732618267116 39936.0 39936
1732618352583 43008.0 43008
1732618434287 46080.0 46080
1732618515975 49152.0 49152
1732618586208 52224.0 52224
1732618664578 55296.0 55296
1732618736655 58368.0 58368
1732618819629 61440.0 61440
1732618905723 64512.0 64512
1732618976069 67584.0 67584
1732619060854 70656.0 70656
1732619147998 73728.0 73728
1732619237073 76800.0 76800
1732619315254 79872.0 79872
1732619391746 82944.0 82944
1732619467318 86016.0 86016
1732619562367 89088.0 89088
1732619644327 92160.0 92160
1732619720587 95232.0 95232
1732619804201 98304.0 98304
1732619883827 101376.0 101376
1732619962626 104448.0 104448
1732620068553 107520.0 107520
1732620149748 110592.0 110592
1732620252932 113664.0 113664
1732620344833 116736.0 116736
1732620443592 119808.0 119808
1732620524765 122880.0 122880
1732620613113 125952.0 125952
1732620704050 129024.0 129024
1732620800892 132096.0 132096
1732620889596 135168.0 135168
1732620976860 138240.0 138240
1732621059983 141312.0 141312
1732621143325 144384.0 144384
1732621244632 147456.0 147456
1732621331157 150528.0 150528
1732621409400 153600.0 153600
1732621508586 156672.0 156672
1732621601404 159744.0 159744
1732621693372 162816.0 162816
1732621778459 165888.0 165888
1732621869446 168960.0 168960
1732621961945 172032.0 172032
1732622069826 175104.0 175104
1732622159816 178176.0 178176
1732622249519 181248.0 181248
1732622344218 184320.0 184320
1732622438096 187392.0 187392
1732622521234 190464.0 190464
1732622612875 193536.0 193536
1732622706319 196608.0 196608
1732622793682 199680.0 199680
1732622876587 202752.0 202752
