1732643282652 37.0 3072
1732643389896 32.0 6144
1732643499491 30.0 9216
1732643596627 31.0 12288
1732643685086 31.0 15360
1732643789046 31.0 18432
1732643890790 31.0 21504
1732643989509 31.0 24576
1732644090485 31.0 27648
1732644185254 31.0 30720
1732644290898 31.0 33792
1732644375399 31.0 36864
1732644451748 31.0 39936
1732644541238 32.0 43008
1732644625490 32.0 46080
1732644727975 32.0 49152
1732644819086 32.0 52224
1732644883147 32.0 55296
1732644957001 33.0 58368
1732645030214 33.0 61440
1732645097830 34.0 64512
1732645181331 34.0 67584
1732645259911 34.0 70656
1732645340031 34.0 73728
1732645428305 34.0 76800
1732645512236 34.0 79872
1732645591391 34.0 82944
1732645654269 35.0 86016
1732645737155 35.0 89088
1732645805150 35.0 92160
1732645887853 35.0 95232
1732645974796 35.0 98304
1732646047310 35.0 101376
1732646127218 35.0 104448
1732646202979 35.0 107520
1732646283682 35.0 110592
1732646355743 36.0 113664
1732646455006 35.0 116736
1732646540810 35.0 119808
1732646620435 35.0 122880
1732646705760 35.0 125952
1732646798560 35.0 129024
1732646884802 35.0 132096
1732646982455 35.0 135168
1732647086888 35.0 138240
1732647189453 35.0 141312
1732647288246 35.0 144384
1732647392534 35.0 147456
1732647480628 35.0 150528
1732647602886 34.0 153600
1732647710699 34.0 156672
1732647819940 34.0 159744
1732647924483 34.0 162816
1732648035405 34.0 165888
1732648146649 34.0 168960
1732648246520 34.0 172032
1732648351686 33.0 175104
1732648445346 33.0 178176
1732648552177 33.0 181248
1732648652719 33.0 184320
1732648753211 33.0 187392
1732648855705 33.0 190464
1732648948596 33.0 193536
1732649041301 33.0 196608
1732649143114 33.0 199680
1732649245167 33.0 202752
