1732643282658 1.0 3072
1732643389899 2.0 6144
1732643499494 3.0 9216
1732643596644 4.0 12288
1732643685091 5.0 15360
1732643789052 6.0 18432
1732643890795 7.0 21504
1732643989513 8.0 24576
1732644090489 9.0 27648
1732644185259 10.0 30720
1732644290902 11.0 33792
1732644375404 12.0 36864
1732644451754 13.0 39936
1732644541242 14.0 43008
1732644625493 15.0 46080
1732644727978 16.0 49152
1732644819090 17.0 52224
1732644883150 18.0 55296
1732644957006 19.0 58368
1732645030219 20.0 61440
1732645097834 21.0 64512
1732645181337 22.0 67584
1732645259916 23.0 70656
1732645340037 24.0 73728
1732645428308 25.0 76800
1732645512241 26.0 79872
1732645591398 27.0 82944
1732645654275 28.0 86016
1732645737160 29.0 89088
1732645805154 30.0 92160
1732645887859 31.0 95232
1732645974800 32.0 98304
1732646047313 33.0 101376
1732646127222 34.0 104448
1732646202983 35.0 107520
1732646283687 36.0 110592
1732646355748 37.0 113664
1732646455009 38.0 116736
1732646540814 39.0 119808
1732646620453 40.0 122880
1732646705764 41.0 125952
1732646798577 42.0 129024
1732646884805 43.0 132096
1732646982459 44.0 135168
1732647086894 45.0 138240
1732647189458 46.0 141312
1732647288252 47.0 144384
1732647392538 48.0 147456
1732647480633 49.0 150528
1732647602890 50.0 153600
1732647710704 51.0 156672
1732647819945 52.0 159744
1732647924486 53.0 162816
1732648035409 54.0 165888
1732648146655 55.0 168960
1732648246525 56.0 172032
1732648351691 57.0 175104
1732648445351 58.0 178176
1732648552181 59.0 181248
1732648652723 60.0 184320
1732648753214 61.0 187392
1732648855709 62.0 190464
1732648948601 63.0 193536
1732649041304 64.0 196608
1732649143119 65.0 199680
1732649245171 66.0 202752
