1732643282668 3072.0 3072
1732643389904 6144.0 6144
1732643499502 9216.0 9216
1732643596652 12288.0 12288
1732643685101 15360.0 15360
1732643789063 18432.0 18432
1732643890806 21504.0 21504
1732643989520 24576.0 24576
1732644090496 27648.0 27648
1732644185266 30720.0 30720
1732644290911 33792.0 33792
1732644375414 36864.0 36864
1732644451765 39936.0 39936
1732644541250 43008.0 43008
1732644625500 46080.0 46080
1732644727986 49152.0 49152
1732644819097 52224.0 52224
1732644883155 55296.0 55296
1732644957017 58368.0 58368
1732645030226 61440.0 61440
1732645097841 64512.0 64512
1732645181347 67584.0 67584
1732645259926 70656.0 70656
1732645340054 73728.0 73728
1732645428327 76800.0 76800
1732645512252 79872.0 79872
1732645591410 82944.0 82944
1732645654286 86016.0 86016
1732645737170 89088.0 89088
1732645805163 92160.0 92160
1732645887870 95232.0 95232
1732645974806 98304.0 98304
1732646047319 101376.0 101376
1732646127229 104448.0 104448
1732646202990 107520.0 107520
1732646283698 110592.0 110592
1732646355757 113664.0 113664
1732646455029 116736.0 116736
1732646540824 119808.0 119808
1732646620464 122880.0 122880
1732646705771 125952.0 125952
1732646798591 129024.0 129024
1732646884812 132096.0 132096
1732646982466 135168.0 135168
1732647086904 138240.0 138240
1732647189468 141312.0 141312
1732647288262 144384.0 144384
1732647392557 147456.0 147456
1732647480643 150528.0 150528
1732647602899 153600.0 153600
1732647710715 156672.0 156672
1732647819955 159744.0 159744
1732647924492 162816.0 162816
1732648035417 165888.0 165888
1732648146665 168960.0 168960
1732648246536 172032.0 172032
1732648351702 175104.0 175104
1732648445362 178176.0 178176
1732648552188 181248.0 181248
1732648652731 184320.0 184320
1732648753220 187392.0 187392
1732648855717 190464.0 190464
1732648948611 193536.0 193536
1732649041310 196608.0 196608
1732649143129 199680.0 199680
1732649245180 202752.0 202752
