1731061439878 0.0 0
1731061449936 14.0 1
1731061459987 10.5 2
1731061470052 13.4 3
1731061480115 11.6 4
1731061490183 14.4 5
1731061500237 13.1 6
1731061510293 20.8 7
1731061520361 20.5 8
1731061530451 20.1 9
1731061540487 20.2 10
1731061550533 20.6 11
1731061560583 18.3 12
1731061570626 17.9 13
1731061580678 17.6 14
1731061590734 16.2 15
1731061600809 15.9 16
1731061610892 13.3 17
1731061620960 15.0 18
1731061631028 16.5 19
1731061641093 16.2 20
1731061651170 12.4 21
1731061661227 15.9 22
1731061671309 16.6 23
1731061681394 16.4 24
1731061691467 15.9 25
1731061701532 12.4 26
1731061711599 16.7 27
1731061721666 17.0 28
1731061731741 18.4 29
1731061741815 18.0 30
1731061751904 21.6 31
1731061761978 16.2 32
1731061772059 15.9 33
1731061782129 15.1 34
1731061792212 13.6 35
1731061802268 14.5 36
1731061812330 13.4 37
1731061822382 13.4 38
1731061832442 15.2 39
1731061842492 18.2 40
1731061852556 17.8 41
1731061862633 17.8 42
1731061872698 21.2 43
1731061882771 14.3 44
1731061892840 18.5 45
1731061902912 18.0 46
1731061912987 15.2 47
1731061923062 21.8 48
1731061933149 17.9 49
1731061943206 14.2 50
1731061953286 17.3 51
1731061963367 19.7 52
1731061973426 19.2 53
1731061983481 16.2 54
1731061993547 19.7 55
1731062003620 15.3 56
1731062013690 13.3 57
1731062023778 15.5 58
1731062033849 17.1 59
1731062043923 17.4 60
1731062053999 14.4 61
1731062064081 15.8 62
1731062074153 16.1 63
1731062084254 13.9 64
1731062094332 18.2 65
1731062104394 18.2 66
1731062114452 15.0 67
1731062124513 17.1 68
1731062134578 16.2 69
1731062144638 15.2 70
1731062154697 15.7 71
1731062164757 16.2 72
1731062174836 16.0 73
1731062184913 12.9 74
1731062194986 12.8 75
1731062205045 15.6 76
1731062215128 11.2 77
1731062225211 14.7 78
1731062235280 11.2 79
1731062245350 9.6 80
1731062255431 15.1 81
1731062265524 14.0 82
1731062275608 10.7 83
1731062285675 15.1 84
1731062295771 15.5 85
1731062305841 12.0 86
1731062315942 17.0 87
1731062326021 13.5 88
1731062336106 17.4 89
1731062346170 15.2 90
1731062356232 17.4 91
1731062366314 14.0 92
1731062376386 15.8 93
1731062386473 8.5 94
1731062396560 10.2 95
1731062406648 11.7 96
1731062416720 15.0 97
1731062426790 19.8 98
1731062436851 16.3 99
1731062446919 18.5 100
1731062456976 15.9 101
1731062467057 18.7 102
1731062477145 15.0 103
1731062487227 18.4 104
1731062497309 16.5 105
1731062507375 15.5 106
1731062517464 13.1 107
1731062527543 13.1 108
1731062537629 12.5 109
1731062547713 9.4 110
1731062557764 15.9 111
1731062567849 18.9 112
1731062577923 17.3 113
1731062588014 18.7 114
1731062598088 16.4 115
1731062608170 20.5 116
1731062618255 17.5 117
1731062628347 18.7 118
1731062638440 20.4 119
1731062648519 18.3 120
1731062658601 14.5 121
1731062668683 18.0 122
1731062678752 18.4 123
1731062688835 19.1 124
1731062698908 16.3 125
1731062709008 16.2 126
1731062719091 13.5 127
1731062729174 18.0 128
1731062739255 18.7 129
1731062749346 15.8 130
1731062759432 20.3 131
1731062769519 15.3 132
1731062779586 19.3 133
1731062789654 16.7 134
1731062799742 17.8 135
1731062809825 17.6 136
1731062819917 16.4 137
1731062830011 14.4 138
1731062840109 14.3 139
1731062850178 17.0 140
1731062860261 15.5 141
1731062870348 13.7 142
1731062880431 15.9 143
1731062890525 17.4 144
1731062900610 14.8 145
1731062910681 15.7 146
1731062920773 14.2 147
1731062930864 15.6 148
1731062940943 18.1 149
1731062951040 15.7 150
1731062961150 13.6 151
1731062971250 15.2 152
1731062981343 14.2 153
1731062991433 17.5 154
1731063001526 14.5 155
1731063011624 13.1 156
1731063021708 17.2 157
1731063031800 17.5 158
1731063041897 16.1 159
1731063051973 16.8 160
1731063062054 16.6 161
1731063072142 14.8 162
1731063082240 17.1 163
1731063092331 17.8 164
1731063102419 15.8 165
1731063112516 17.7 166
1731063122597 18.4 167
1731063132699 15.1 168
1731063142797 12.7 169
1731063153321 17.9 170
1731063163415 18.0 171
1731063173496 17.5 172
1731063183570 13.6 173
1731063193647 13.5 174
1731063203715 13.3 175
1731063213800 17.2 176
1731063223881 12.6 177
1731063233977 14.5 178
1731063244070 14.6 179
1731063254158 16.5 180
1731063264238 14.5 181
1731063274299 13.2 182
1731063284376 14.0 183
1731063294461 17.7 184
1731063304553 16.7 185
1731063314628 17.3 186
1731063324693 12.4 187
1731063334780 15.2 188
1731063344867 12.7 189
1731063354958 13.5 190
1731063365033 13.8 191
1731063375108 14.8 192
1731063385199 12.1 193
1731063395290 13.3 194
1731063405391 13.1 195
1731063415483 15.9 196
1731063425568 13.9 197
1731063435663 16.1 198
1731063445755 14.9 199
1731063455836 10.5 200
1731063465934 15.5 201
1731063476029 12.4 202
1731063486128 13.2 203
1731063496218 14.5 204
1731063506296 12.8 205
1731063516393 13.6 206
1731063526487 14.8 207
1731063536591 16.2 208
1731063546673 11.9 209
1731063556783 15.7 210
1731063566878 14.3 211
1731063576969 16.6 212
1731063587060 13.1 213
1731063597150 13.4 214
1731063607238 13.0 215
1731063617349 11.0 216
1731063627457 17.4 217
1731063637549 16.7 218
1731063647644 16.7 219
1731063657724 16.9 220
1731063667829 13.8 221
1731063677929 14.0 222
1731063688035 14.7 223
1731063698126 14.2 224
1731063708223 12.4 225
1731063718326 9.6 226
1731063728425 10.6 227
1731063738523 13.4 228
1731063748625 12.1 229
1731063758725 11.6 230
1731063768808 16.0 231
1731063778897 14.2 232
1731063788987 12.9 233
1731063799090 12.6 234
1731063809190 10.4 235
1731063819291 11.4 236
1731063829382 9.8 237
1731063839482 7.8 238
1731063849582 11.4 239
1731063859674 11.0 240
1731063869780 13.6 241
1731063879871 11.2 242
1731063889987 12.4 243
1731063900088 12.5 244
1731063910183 10.9 245
1731063920270 9.5 246
1731063930380 11.1 247
1731063940468 12.0 248
1731063950558 12.8 249
1731063960653 13.1 250
1731063970733 11.5 251
1731063980849 11.2 252
1731063990953 8.4 253
1731064001053 10.1 254
1731064011158 10.8 255
1731064021263 10.3 256
1731064031352 9.2 257
1731064041441 9.1 258
1731064051543 9.1 259
1731064061645 12.0 260
1731064071725 8.4 261
1731064081828 10.3 262
1731064091925 9.2 263
1731064102030 9.3 264
1731064112135 9.0 265
1731064122234 16.5 266
1731064132339 15.3 267
1731064142425 18.2 268
1731064152510 16.2 269
1731064162604 18.3 270
1731064172707 20.6 271
1731064182806 26.0 272
1731064192873 22.6 273
1731064202985 18.5 274
1731064213073 15.8 275
1731064223190 11.3 276
1731064233282 9.7 277
1731064243387 9.6 278
1731064253499 12.2 279
1731064263589 10.3 280
1731064273696 10.6 281
1731064283792 12.4 282
1731064293897 10.5 283
1731064303985 10.3 284
1731064314080 10.2 285
1731064324174 12.1 286
1731064334286 10.0 287
1731064344404 9.2 288
1731064354508 11.0 289
1731064364606 18.5 290
1731064374675 15.2 291
1731064384800 16.1 292
1731064394922 18.7 293
1731064405023 16.6 294
1731064415125 15.3 295
1731064425211 13.7 296
1731064435306 17.9 297
1731064445426 19.3 298
1731064455534 17.4 299
1731064465644 16.3 300
1731064475743 16.4 301
1731064485831 17.2 302
1731064495913 15.3 303
1731064506002 17.4 304
1731064516108 17.3 305
1731064526205 20.1 306
1731064536296 18.1 307
1731064546391 15.9 308
1731064556503 18.4 309
1731064566596 15.5 310
1731064576682 16.8 311
1731064586773 15.9 312
1731064596867 15.1 313
1731064606984 18.5 314
1731064617096 19.2 315
1731064627212 14.9 316
1731064637301 16.5 317
1731064647430 12.7 318
1731064657538 16.0 319
1731064667634 16.9 320
1731064677748 14.0 321
1731064687855 9.3 322
1731064697959 12.6 323
1731064708040 6.7 324
1731064718149 8.5 325
1731064728269 15.8 326
1731064738348 18.5 327
1731064748448 17.2 328
1731064758560 15.6 329
1731064768658 18.2 330
1731064778763 16.4 331
1731064788841 15.9 332
1731064798926 22.0 333
1731064809037 17.9 334
1731064819104 19.2 335
1731064829188 15.1 336
1731064839262 16.8 337
1731064849328 15.3 338
1731064859404 13.1 339
1731064869522 17.2 340
1731064879597 13.8 341
1731064889696 15.4 342
1731064899807 17.3 343
1731064909916 15.3 344
1731064920028 20.1 345
1731064930132 17.1 346
1731064940225 17.4 347
1731064950339 17.7 348
1731064960453 15.0 349
1731064970540 13.6 350
1731064980640 17.6 351
