1731061439878 141085.1 0
1731061449936 141085.1 1
1731061459987 141085.1 2
1731061470052 141086.5 3
1731061480115 141086.5 4
1731061490183 141086.4 5
1731061500237 141086.7 6
1731061510293 141088.5 7
1731061520361 141084.2 8
1731061530451 141086.2 9
1731061540487 141081.9 10
1731061550533 141089.2 11
1731061560583 141089.0 12
1731061570626 141088.2 13
1731061580678 141088.0 14
1731061590734 141091.0 15
1731061600809 141086.7 16
1731061610892 141089.7 17
1731061620960 141085.4 18
1731061631028 141088.6 19
1731061641093 141088.4 20
1731061651170 141087.6 21
1731061661227 141087.3 22
1731061671309 141090.6 23
1731061681394 141086.3 24
1731061691467 141088.4 25
1731061701532 141091.7 26
1731061711599 141087.4 27
1731061721666 141090.6 28
1731061731741 141086.2 29
1731061741815 141089.4 30
1731061751904 141089.2 31
1731061761978 141088.2 32
1731061772059 141087.9 33
1731061782129 141091.2 34
1731061792212 141086.9 35
1731061802268 141090.1 36
1731061812330 141086.0 37
1731061822382 141091.8 38
1731061832442 141090.5 39
1731061842492 141089.5 40
1731061852556 141089.3 41
1731061862633 141093.9 42
1731061872698 141068.4 43
1731061882771 141071.6 44
1731061892840 141067.3 45
1731061902912 141070.6 46
1731061912987 141072.7 47
1731061923062 141068.2 48
1731061933149 141068.0 49
1731061943206 141066.8 50
1731061953286 141066.6 51
1731061963367 141069.7 52
1731061973426 141065.3 53
1731061983481 141068.5 54
1731061993547 141064.2 55
1731062003620 141066.4 56
1731062013690 141065.3 57
1731062023778 141068.6 58
1731062033849 141068.3 59
1731062043923 141067.5 60
1731062053999 141067.3 61
1731062064081 141070.5 62
1731062074153 141066.1 63
1731062084254 141069.3 64
1731062094332 141065.0 65
1731062104394 141068.3 66
1731062114452 141068.0 67
1731062124513 141083.7 68
1731062134578 141084.4 69
1731062144638 141083.5 70
1731062154697 141083.3 71
1731062164757 141086.2 72
1731062174836 141082.0 73
1731062184913 141085.2 74
1731062194986 141080.8 75
1731062205045 141085.0 76
1731062215128 141085.0 77
1731062225211 141081.6 78
1731062235280 141082.6 79
1731062245350 141082.6 80
1731062255431 141083.8 81
1731062265524 141083.8 82
1731062275608 141083.8 83
1731062285675 141085.7 84
1731062295771 141083.7 85
1731062305841 141083.2 86
1731062315942 141081.0 87
1731062326021 141081.0 88
1731062336106 141084.3 89
1731062346170 141082.1 90
1731062356232 141084.0 91
1731062366314 141083.2 92
1731062376386 141084.1 93
1731062386473 141084.1 94
1731062396560 141084.1 95
1731062406648 141084.1 96
1731062416720 141084.1 97
1731062426790 141083.8 98
1731062436851 141082.9 99
1731062446919 141082.6 100
1731062456976 141085.9 101
1731062467057 141081.6 102
1731062477145 141084.8 103
1731062487227 141080.5 104
1731062497309 141083.8 105
1731062507375 141082.7 106
1731062517464 141082.7 107
1731062527543 141082.7 108
1731062537629 141082.7 109
1731062547713 141082.7 110
1731062557764 141084.7 111
1731062567849 141080.4 112
1731062577923 141083.6 113
1731062588014 141083.4 114
1731062598088 141082.6 115
1731062608170 141082.4 116
1731062618255 141085.6 117
1731062628347 141081.3 118
1731062638440 141084.6 119
1731062648519 141078.1 120
1731062658601 141082.4 121
1731062668683 141085.6 122
1731062678752 141081.3 123
1731062688835 141084.6 124
1731062698908 141110.3 125
1731062709008 141109.5 126
1731062719091 141109.2 127
1731062729174 141112.4 128
1731062739255 141108.1 129
1731062749346 141111.4 130
1731062759432 141092.6 131
1731062769519 141094.7 132
1731062779586 141094.5 133
1731062789654 141093.7 134
1731062799742 141093.5 135
1731062809825 141096.7 136
1731062819917 141093.5 137
1731062830011 141096.7 138
1731062840109 141091.3 139
1731062850178 141094.6 140
1731062860261 141094.4 141
1731062870348 141093.5 142
1731062880431 141093.2 143
1731062890525 141096.4 144
1731062900610 141092.1 145
1731062910681 141095.4 146
1731062920773 141091.1 147
1731062930864 141094.3 148
1731062940943 141094.1 149
1731062951040 141092.1 150
1731062961150 141095.3 151
1731062971250 141096.2 152
1731062981343 141091.9 153
1731062991433 141095.1 154
1731063001526 141090.8 155
1731063011624 141094.1 156
1731063021708 141093.8 157
1731063031800 141092.9 158
1731063041897 141092.7 159
1731063051973 141096.0 160
1731063062054 141094.0 161
1731063072142 141093.8 162
1731063082240 141097.0 163
1731063092331 141092.7 164
1731063102419 141091.6 165
1731063112516 141093.6 166
1731063122597 141092.9 167
1731063132699 141093.8 168
1731063142797 141093.8 169
1731063153321 141092.7 170
1731063163415 141094.9 171
1731063173496 141090.6 172
1731063183570 141093.8 173
1731063193647 141093.6 174
1731063203715 141092.8 175
1731063213800 141092.5 176
1731063223881 141095.8 177
1731063233977 141091.5 178
1731063244070 141093.6 179
1731063254158 141096.9 180
1731063264238 141092.5 181
1731063274299 141095.7 182
1731063284376 141091.4 183
1731063294461 141094.6 184
1731063304553 141089.0 185
1731063314628 141092.0 186
1731063324693 141091.6 187
1731063334780 141090.8 188
1731063344867 141090.5 189
1731063354958 141093.8 190
1731063365033 141089.5 191
1731063375108 141092.7 192
1731063385199 141088.4 193
1731063395290 141091.7 194
1731063405391 141091.4 195
1731063415483 141089.4 196
1731063425568 141092.6 197
1731063435663 141092.4 198
1731063445755 141091.6 199
1731063455836 141091.4 200
1731063465934 141094.6 201
1731063476029 141090.3 202
1731063486128 141093.5 203
1731063496218 141089.1 204
1731063506296 141092.4 205
1731063516393 141092.2 206
1731063526487 141090.2 207
1731063536591 141090.0 208
1731063546673 141093.4 209
1731063556783 141089.0 210
1731063566878 141092.3 211
1731063576969 141088.0 212
1731063587060 141091.2 213
1731063597150 141091.0 214
1731063607238 141090.2 215
1731063617349 141089.9 216
1731063627457 141093.2 217
1731063637549 141091.2 218
1731063647644 141091.0 219
1731063657724 141094.3 220
1731063667829 141090.0 221
1731063677929 141093.2 222
1731063688035 141088.9 223
1731063698126 141092.1 224
1731063708223 141089.8 225
1731063718326 141089.8 226
1731063728425 141089.8 227
1731063738523 141089.7 228
1731063748625 141089.6 229
1731063758725 141090.8 230
1731063768808 141092.8 231
1731063778897 141089.7 232
1731063788987 141088.2 233
1731063799090 141087.7 234
1731063809190 141087.7 235
1731063819291 141087.7 236
1731063829382 141084.4 237
1731063839482 141083.9 238
1731063849582 141083.8 239
1731063859674 141084.5 240
1731063869780 141083.8 241
1731063879871 141085.0 242
1731063889987 141084.7 243
1731063900088 141084.7 244
1731063910183 141084.7 245
1731063920270 141084.5 246
1731063930380 141083.5 247
1731063940468 141083.7 248
1731063950558 141083.2 249
1731063960653 141083.2 250
1731063970733 141083.1 251
1731063980849 141083.0 252
1731063990953 141082.4 253
1731064001053 141082.1 254
1731064011158 141081.7 255
1731064021263 141081.5 256
1731064031352 141081.5 257
1731064041441 141081.5 258
1731064051543 141081.4 259
1731064061645 141082.7 260
1731064071725 141082.6 261
1731064081828 141082.3 262
1731064091925 141082.3 263
1731064102030 141082.0 264
1731064112135 141081.9 265
1731064122234 141085.5 266
1731064132339 141085.2 267
1731064142425 141083.3 268
1731064152510 141083.1 269
1731064162604 141082.2 270
1731064172707 141076.3 271
1731064182806 141078.2 272
1731064192873 141072.8 273
1731064202985 141076.0 274
1731064213073 141071.8 275
1731064223190 141071.3 276
1731064233282 141071.3 277
1731064243387 141071.2 278
1731064253499 141071.2 279
1731064263589 141071.1 280
1731064273696 141071.1 281
1731064283792 141070.7 282
1731064293897 141070.6 283
1731064303985 141070.5 284
1731064314080 141070.4 285
1731064324174 141070.4 286
1731064334286 141070.4 287
1731064344404 141070.4 288
1731064354508 141070.3 289
1731064364606 141069.7 290
1731064374675 141073.0 291
1731064384800 141072.8 292
1731064394922 141070.8 293
1731064405023 141070.3 294
1731064415125 141073.6 295
1731064425211 141069.2 296
1731064435306 141072.5 297
1731064445426 141068.2 298
1731064455534 141071.5 299
1731064465644 141071.2 300
1731064475743 141070.4 301
1731064485831 141070.6 302
1731064495913 141072.8 303
1731064506002 141071.9 304
1731064516108 141071.7 305
1731064526205 141074.9 306
1731064536296 141070.6 307
1731064546391 141073.9 308
1731064556503 141069.6 309
1731064566596 141072.8 310
1731064576682 141072.6 311
1731064586773 141071.7 312
1731064596867 141071.5 313
1731064606984 141073.7 314
1731064617096 141069.4 315
1731064627212 141072.6 316
1731064637301 141068.3 317
1731064647430 141071.5 318
1731064657538 141071.3 319
1731064667634 141070.5 320
1731064677748 141072.1 321
1731064687855 141072.1 322
1731064697959 141071.9 323
1731064708040 141071.9 324
1731064718149 141071.8 325
1731064728269 141072.0 326
1731064738348 141071.8 327
1731064748448 141070.9 328
1731064758560 141070.6 329
1731064768658 141072.8 330
1731064778763 141068.4 331
1731064788841 141071.7 332
1731064798926 141067.3 333
1731064809037 141070.5 334
1731064819104 141070.5 335
1731064829188 141069.7 336
1731064839262 141069.5 337
1731064849328 141070.8 338
1731064859404 141068.5 339
1731064869522 141069.4 340
1731064879597 141072.6 341
1731064889696 141068.3 342
1731064899807 141071.5 343
1731064909916 141067.2 344
1731064920028 141070.5 345
1731064930132 141072.6 346
1731064940225 141068.2 347
1731064950339 141071.4 348
1731064960453 141071.2 349
1731064970540 141068.8 350
1731064980640 141068.6 351
