1731061439878 46.2 0
1731061449936 46.2 1
1731061459987 46.2 2
1731061470052 46.2 3
1731061480115 46.2 4
1731061490183 46.2 5
1731061500237 46.2 6
1731061510293 46.2 7
1731061520361 46.2 8
1731061530451 46.2 9
1731061540487 46.2 10
1731061550533 46.2 11
1731061560583 46.2 12
1731061570626 46.2 13
1731061580678 46.2 14
1731061590734 46.2 15
1731061600809 46.2 16
1731061610892 46.2 17
1731061620960 46.2 18
1731061631028 46.2 19
1731061641093 46.2 20
1731061651170 46.2 21
1731061661227 46.2 22
1731061671309 46.2 23
1731061681394 46.2 24
1731061691467 46.2 25
1731061701532 46.2 26
1731061711599 46.2 27
1731061721666 46.2 28
1731061731741 46.2 29
1731061741815 46.2 30
1731061751904 46.2 31
1731061761978 46.2 32
1731061772059 46.2 33
1731061782129 46.2 34
1731061792212 46.2 35
1731061802268 46.2 36
1731061812330 46.2 37
1731061822382 46.2 38
1731061832442 46.2 39
1731061842492 46.2 40
1731061852556 46.2 41
1731061862633 46.2 42
1731061872698 46.2 43
1731061882771 46.2 44
1731061892840 46.2 45
1731061902912 46.2 46
1731061912987 46.2 47
1731061923062 46.2 48
1731061933149 46.2 49
1731061943206 46.2 50
1731061953286 46.2 51
1731061963367 46.2 52
1731061973426 46.2 53
1731061983481 46.2 54
1731061993547 46.2 55
1731062003620 46.2 56
1731062013690 46.2 57
1731062023778 46.2 58
1731062033849 46.2 59
1731062043923 46.2 60
1731062053999 46.2 61
1731062064081 46.2 62
1731062074153 46.2 63
1731062084254 46.2 64
1731062094332 46.2 65
1731062104394 46.2 66
1731062114452 46.2 67
1731062124513 46.2 68
1731062134578 46.2 69
1731062144638 46.2 70
1731062154697 46.2 71
1731062164757 46.2 72
1731062174836 46.2 73
1731062184913 46.2 74
1731062194986 46.2 75
1731062205045 46.2 76
1731062215128 46.2 77
1731062225211 46.2 78
1731062235280 46.2 79
1731062245350 46.2 80
1731062255431 46.2 81
1731062265524 46.2 82
1731062275608 46.2 83
1731062285675 46.2 84
1731062295771 46.2 85
1731062305841 46.2 86
1731062315942 46.2 87
1731062326021 46.2 88
1731062336106 46.2 89
1731062346170 46.2 90
1731062356232 46.2 91
1731062366314 46.2 92
1731062376386 46.2 93
1731062386473 46.2 94
1731062396560 46.2 95
1731062406648 46.2 96
1731062416720 46.2 97
1731062426790 46.2 98
1731062436851 46.2 99
1731062446919 46.2 100
1731062456976 46.2 101
1731062467057 46.2 102
1731062477145 46.2 103
1731062487227 46.2 104
1731062497309 46.2 105
1731062507375 46.2 106
1731062517464 46.2 107
1731062527543 46.2 108
1731062537629 46.2 109
1731062547713 46.2 110
1731062557764 46.2 111
1731062567849 46.2 112
1731062577923 46.2 113
1731062588014 46.2 114
1731062598088 46.2 115
1731062608170 46.2 116
1731062618255 46.2 117
1731062628347 46.2 118
1731062638440 46.2 119
1731062648519 46.2 120
1731062658601 46.2 121
1731062668683 46.2 122
1731062678752 46.2 123
1731062688835 46.2 124
1731062698908 46.2 125
1731062709008 46.2 126
1731062719091 46.2 127
1731062729174 46.2 128
1731062739255 46.2 129
1731062749346 46.2 130
1731062759432 46.2 131
1731062769519 46.2 132
1731062779586 46.2 133
1731062789654 46.2 134
1731062799742 46.2 135
1731062809825 46.2 136
1731062819917 46.2 137
1731062830011 46.2 138
1731062840109 46.2 139
1731062850178 46.2 140
1731062860261 46.2 141
1731062870348 46.2 142
1731062880431 46.2 143
1731062890525 46.2 144
1731062900610 46.2 145
1731062910681 46.2 146
1731062920773 46.2 147
1731062930864 46.2 148
1731062940943 46.2 149
1731062951040 46.2 150
1731062961150 46.2 151
1731062971250 46.2 152
1731062981343 46.2 153
1731062991433 46.2 154
1731063001526 46.2 155
1731063011624 46.2 156
1731063021708 46.2 157
1731063031800 46.2 158
1731063041897 46.2 159
1731063051973 46.2 160
1731063062054 46.2 161
1731063072142 46.2 162
1731063082240 46.2 163
1731063092331 46.2 164
1731063102419 46.2 165
1731063112516 46.2 166
1731063122597 46.2 167
1731063132699 46.2 168
1731063142797 46.2 169
1731063153321 46.2 170
1731063163415 46.2 171
1731063173496 46.2 172
1731063183570 46.2 173
1731063193647 46.2 174
1731063203715 46.2 175
1731063213800 46.2 176
1731063223881 46.2 177
1731063233977 46.2 178
1731063244070 46.2 179
1731063254158 46.2 180
1731063264238 46.2 181
1731063274299 46.2 182
1731063284376 46.2 183
1731063294461 46.2 184
1731063304553 46.2 185
1731063314628 46.2 186
1731063324693 46.2 187
1731063334780 46.2 188
1731063344867 46.2 189
1731063354958 46.2 190
1731063365033 46.2 191
1731063375108 46.2 192
1731063385199 46.2 193
1731063395290 46.2 194
1731063405391 46.2 195
1731063415483 46.2 196
1731063425568 46.2 197
1731063435663 46.2 198
1731063445755 46.2 199
1731063455836 46.2 200
1731063465934 46.2 201
1731063476029 46.2 202
1731063486128 46.2 203
1731063496218 46.2 204
1731063506296 46.2 205
1731063516393 46.2 206
1731063526487 46.2 207
1731063536591 46.2 208
1731063546673 46.2 209
1731063556783 46.2 210
1731063566878 46.2 211
1731063576969 46.2 212
1731063587060 46.2 213
1731063597150 46.2 214
1731063607238 46.2 215
1731063617349 46.2 216
1731063627457 46.2 217
1731063637549 46.2 218
1731063647644 46.2 219
1731063657724 46.2 220
1731063667829 46.2 221
1731063677929 46.2 222
1731063688035 46.2 223
1731063698126 46.2 224
1731063708223 46.2 225
1731063718326 46.2 226
1731063728425 46.2 227
1731063738523 46.2 228
1731063748625 46.2 229
1731063758725 46.2 230
1731063768808 46.2 231
1731063778897 46.2 232
1731063788987 46.2 233
1731063799090 46.2 234
1731063809190 46.2 235
1731063819291 46.2 236
1731063829382 46.2 237
1731063839482 46.2 238
1731063849582 46.2 239
1731063859674 46.2 240
1731063869780 46.2 241
1731063879871 46.2 242
1731063889987 46.2 243
1731063900088 46.2 244
1731063910183 46.2 245
1731063920270 46.2 246
1731063930380 46.2 247
1731063940468 46.2 248
1731063950558 46.2 249
1731063960653 46.2 250
1731063970733 46.2 251
1731063980849 46.2 252
1731063990953 46.2 253
1731064001053 46.2 254
1731064011158 46.2 255
1731064021263 46.2 256
1731064031352 46.2 257
1731064041441 46.2 258
1731064051543 46.2 259
1731064061645 46.2 260
1731064071725 46.2 261
1731064081828 46.2 262
1731064091925 46.2 263
1731064102030 46.2 264
1731064112135 46.2 265
1731064122234 46.2 266
1731064132339 46.2 267
1731064142425 46.2 268
1731064152510 46.2 269
1731064162604 46.2 270
1731064172707 46.2 271
1731064182806 46.2 272
1731064192873 46.2 273
1731064202985 46.2 274
1731064213073 46.2 275
1731064223190 46.2 276
1731064233282 46.2 277
1731064243387 46.2 278
1731064253499 46.2 279
1731064263589 46.2 280
1731064273696 46.2 281
1731064283792 46.2 282
1731064293897 46.2 283
1731064303985 46.2 284
1731064314080 46.2 285
1731064324174 46.2 286
1731064334286 46.2 287
1731064344404 46.2 288
1731064354508 46.2 289
1731064364606 46.2 290
1731064374675 46.2 291
1731064384800 46.2 292
1731064394922 46.2 293
1731064405023 46.2 294
1731064415125 46.2 295
1731064425211 46.2 296
1731064435306 46.2 297
1731064445426 46.2 298
1731064455534 46.2 299
1731064465644 46.2 300
1731064475743 46.2 301
1731064485831 46.2 302
1731064495913 46.2 303
1731064506002 46.2 304
1731064516108 46.2 305
1731064526205 46.2 306
1731064536296 46.2 307
1731064546391 46.2 308
1731064556503 46.2 309
1731064566596 46.2 310
1731064576682 46.2 311
1731064586773 46.2 312
1731064596867 46.2 313
1731064606984 46.2 314
1731064617096 46.2 315
1731064627212 46.2 316
1731064637301 46.2 317
1731064647430 46.2 318
1731064657538 46.2 319
1731064667634 46.2 320
1731064677748 46.2 321
1731064687855 46.2 322
1731064697959 46.2 323
1731064708040 46.2 324
1731064718149 46.2 325
1731064728269 46.2 326
1731064738348 46.2 327
1731064748448 46.2 328
1731064758560 46.2 329
1731064768658 46.2 330
1731064778763 46.2 331
1731064788841 46.2 332
1731064798926 46.2 333
1731064809037 46.2 334
1731064819104 46.2 335
1731064829188 46.2 336
1731064839262 46.2 337
1731064849328 46.2 338
1731064859404 46.2 339
1731064869522 46.2 340
1731064879597 46.2 341
1731064889696 46.2 342
1731064899807 46.2 343
1731064909916 46.2 344
1731064920028 46.2 345
1731064930132 46.2 346
1731064940225 46.2 347
1731064950339 46.2 348
1731064960453 46.2 349
1731064970540 46.2 350
1731064980640 46.2 351
