1731061439878 121292.5 0
1731061449936 121292.5 1
1731061459987 121292.5 2
1731061470052 121291.2 3
1731061480115 121291.2 4
1731061490183 121291.3 5
1731061500237 121290.9 6
1731061510293 121289.2 7
1731061520361 121293.5 8
1731061530451 121291.4 9
1731061540487 121295.7 10
1731061550533 121288.4 11
1731061560583 121288.6 12
1731061570626 121289.5 13
1731061580678 121289.7 14
1731061590734 121286.6 15
1731061600809 121290.9 16
1731061610892 121288.0 17
1731061620960 121292.3 18
1731061631028 121289.0 19
1731061641093 121289.2 20
1731061651170 121290.1 21
1731061661227 121290.3 22
1731061671309 121287.1 23
1731061681394 121291.4 24
1731061691467 121289.2 25
1731061701532 121286.0 26
1731061711599 121290.3 27
1731061721666 121287.0 28
1731061731741 121291.5 29
1731061741815 121288.2 30
1731061751904 121288.5 31
1731061761978 121289.4 32
1731061772059 121289.7 33
1731061782129 121286.5 34
1731061792212 121290.8 35
1731061802268 121287.5 36
1731061812330 121291.6 37
1731061822382 121285.8 38
1731061832442 121287.2 39
1731061842492 121288.1 40
1731061852556 121288.3 41
1731061862633 121283.7 42
1731061872698 121309.3 43
1731061882771 121306.1 44
1731061892840 121310.3 45
1731061902912 121307.1 46
1731061912987 121305.0 47
1731061923062 121309.5 48
1731061933149 121309.7 49
1731061943206 121310.9 50
1731061953286 121311.1 51
1731061963367 121308.0 52
1731061973426 121312.4 53
1731061983481 121309.1 54
1731061993547 121313.4 55
1731062003620 121311.3 56
1731062013690 121312.3 57
1731062023778 121309.1 58
1731062033849 121309.3 59
1731062043923 121310.1 60
1731062053999 121310.4 61
1731062064081 121307.2 62
1731062074153 121311.6 63
1731062084254 121308.3 64
1731062094332 121312.6 65
1731062104394 121309.4 66
1731062114452 121309.7 67
1731062124513 121294.0 68
1731062134578 121293.3 69
1731062144638 121294.1 70
1731062154697 121294.3 71
1731062164757 121291.4 72
1731062174836 121295.7 73
1731062184913 121292.4 74
1731062194986 121296.9 75
1731062205045 121292.6 76
1731062215128 121292.7 77
1731062225211 121296.0 78
1731062235280 121295.0 79
1731062245350 121295.0 80
1731062255431 121293.8 81
1731062265524 121293.8 82
1731062275608 121293.8 83
1731062285675 121291.9 84
1731062295771 121294.0 85
1731062305841 121294.5 86
1731062315942 121296.6 87
1731062326021 121296.7 88
1731062336106 121293.4 89
1731062346170 121295.6 90
1731062356232 121293.6 91
1731062366314 121294.5 92
1731062376386 121293.6 93
1731062386473 121293.6 94
1731062396560 121293.6 95
1731062406648 121293.6 96
1731062416720 121293.6 97
1731062426790 121293.9 98
1731062436851 121294.8 99
1731062446919 121295.0 100
1731062456976 121291.8 101
1731062467057 121296.1 102
1731062477145 121292.8 103
1731062487227 121297.1 104
1731062497309 121293.9 105
1731062507375 121294.9 106
1731062517464 121295.0 107
1731062527543 121295.0 108
1731062537629 121295.0 109
1731062547713 121295.0 110
1731062557764 121293.0 111
1731062567849 121297.3 112
1731062577923 121294.0 113
1731062588014 121294.2 114
1731062598088 121295.1 115
1731062608170 121295.3 116
1731062618255 121292.1 117
1731062628347 121296.3 118
1731062638440 121293.1 119
1731062648519 121299.6 120
1731062658601 121295.3 121
1731062668683 121292.0 122
1731062678752 121296.3 123
1731062688835 121293.1 124
1731062698908 121267.3 125
1731062709008 121268.2 126
1731062719091 121268.5 127
1731062729174 121265.2 128
1731062739255 121269.5 129
1731062749346 121266.3 130
1731062759432 121285.0 131
1731062769519 121282.9 132
1731062779586 121283.1 133
1731062789654 121284.0 134
1731062799742 121284.2 135
1731062809825 121281.0 136
1731062819917 121284.2 137
1731062830011 121280.9 138
1731062840109 121286.3 139
1731062850178 121283.1 140
1731062860261 121283.3 141
1731062870348 121284.2 142
1731062880431 121284.5 143
1731062890525 121281.2 144
1731062900610 121285.5 145
1731062910681 121282.3 146
1731062920773 121286.6 147
1731062930864 121283.4 148
1731062940943 121283.6 149
1731062951040 121285.6 150
1731062961150 121282.3 151
1731062971250 121281.5 152
1731062981343 121285.8 153
1731062991433 121282.5 154
1731063001526 121286.8 155
1731063011624 121283.6 156
1731063021708 121283.8 157
1731063031800 121284.7 158
1731063041897 121285.0 159
1731063051973 121281.7 160
1731063062054 121283.7 161
1731063072142 121283.9 162
1731063082240 121280.7 163
1731063092331 121285.0 164
1731063102419 121286.0 165
1731063112516 121284.1 166
1731063122597 121284.8 167
1731063132699 121283.9 168
1731063142797 121283.9 169
1731063153321 121284.9 170
1731063163415 121282.8 171
1731063173496 121287.1 172
1731063183570 121283.8 173
1731063193647 121284.1 174
1731063203715 121284.9 175
1731063213800 121285.1 176
1731063223881 121281.9 177
1731063233977 121286.2 178
1731063244070 121284.1 179
1731063254158 121280.8 180
1731063264238 121285.1 181
1731063274299 121282.0 182
1731063284376 121286.3 183
1731063294461 121283.1 184
1731063304553 121288.7 185
1731063314628 121285.7 186
1731063324693 121286.1 187
1731063334780 121286.9 188
1731063344867 121287.1 189
1731063354958 121283.9 190
1731063365033 121288.2 191
1731063375108 121284.9 192
1731063385199 121289.2 193
1731063395290 121286.0 194
1731063405391 121286.3 195
1731063415483 121288.3 196
1731063425568 121285.0 197
1731063435663 121285.2 198
1731063445755 121286.1 199
1731063455836 121286.3 200
1731063465934 121283.0 201
1731063476029 121287.3 202
1731063486128 121284.2 203
1731063496218 121288.5 204
1731063506296 121285.3 205
1731063516393 121285.5 206
1731063526487 121287.4 207
1731063536591 121287.7 208
1731063546673 121284.3 209
1731063556783 121288.6 210
1731063566878 121285.4 211
1731063576969 121289.7 212
1731063587060 121286.4 213
1731063597150 121286.6 214
1731063607238 121287.5 215
1731063617349 121287.7 216
1731063627457 121284.5 217
1731063637549 121286.4 218
1731063647644 121286.7 219
1731063657724 121283.4 220
1731063667829 121287.7 221
1731063677929 121284.5 222
1731063688035 121288.8 223
1731063698126 121285.6 224
1731063708223 121287.8 225
1731063718326 121287.8 226
1731063728425 121287.8 227
1731063738523 121288.0 228
1731063748625 121288.0 229
1731063758725 121286.8 230
1731063768808 121284.8 231
1731063778897 121287.9 232
1731063788987 121289.4 233
1731063799090 121290.0 234
1731063809190 121290.0 235
1731063819291 121290.0 236
1731063829382 121293.2 237
1731063839482 121293.8 238
1731063849582 121293.9 239
1731063859674 121293.1 240
1731063869780 121293.9 241
1731063879871 121292.7 242
1731063889987 121292.9 243
1731063900088 121292.9 244
1731063910183 121292.9 245
1731063920270 121293.2 246
1731063930380 121294.2 247
1731063940468 121294.0 248
1731063950558 121294.4 249
1731063960653 121294.5 250
1731063970733 121294.6 251
1731063980849 121294.6 252
1731063990953 121295.2 253
1731064001053 121295.6 254
1731064011158 121296.0 255
1731064021263 121296.1 256
1731064031352 121296.1 257
1731064041441 121296.1 258
1731064051543 121296.3 259
1731064061645 121295.0 260
1731064071725 121295.1 261
1731064081828 121295.3 262
1731064091925 121295.4 263
1731064102030 121295.7 264
1731064112135 121295.7 265
1731064122234 121292.1 266
1731064132339 121292.4 267
1731064142425 121294.4 268
1731064152510 121294.6 269
1731064162604 121295.5 270
1731064172707 121301.3 271
1731064182806 121299.5 272
1731064192873 121304.8 273
1731064202985 121301.6 274
1731064213073 121305.8 275
1731064223190 121306.4 276
1731064233282 121306.4 277
1731064243387 121306.4 278
1731064253499 121306.5 279
1731064263589 121306.5 280
1731064273696 121306.6 281
1731064283792 121306.9 282
1731064293897 121307.1 283
1731064303985 121307.1 284
1731064314080 121307.2 285
1731064324174 121307.2 286
1731064334286 121307.3 287
1731064344404 121307.3 288
1731064354508 121307.3 289
1731064364606 121308.0 290
1731064374675 121304.7 291
1731064384800 121304.9 292
1731064394922 121306.9 293
1731064405023 121307.3 294
1731064415125 121304.1 295
1731064425211 121308.4 296
1731064435306 121305.1 297
1731064445426 121309.4 298
1731064455534 121306.2 299
1731064465644 121306.4 300
1731064475743 121307.3 301
1731064485831 121307.0 302
1731064495913 121304.9 303
1731064506002 121305.8 304
1731064516108 121306.0 305
1731064526205 121302.7 306
1731064536296 121307.0 307
1731064546391 121303.8 308
1731064556503 121308.1 309
1731064566596 121304.9 310
1731064576682 121305.1 311
1731064586773 121305.9 312
1731064596867 121306.1 313
1731064606984 121304.0 314
1731064617096 121308.3 315
1731064627212 121305.1 316
1731064637301 121309.4 317
1731064647430 121306.1 318
1731064657538 121306.3 319
1731064667634 121307.2 320
1731064677748 121305.6 321
1731064687855 121305.6 322
1731064697959 121305.8 323
1731064708040 121305.8 324
1731064718149 121305.8 325
1731064728269 121305.7 326
1731064738348 121305.9 327
1731064748448 121306.8 328
1731064758560 121307.0 329
1731064768658 121304.9 330
1731064778763 121309.2 331
1731064788841 121306.0 332
1731064798926 121310.4 333
1731064809037 121307.2 334
1731064819104 121307.1 335
1731064829188 121308.0 336
1731064839262 121308.2 337
1731064849328 121306.9 338
1731064859404 121309.1 339
1731064869522 121308.3 340
1731064879597 121305.0 341
1731064889696 121309.4 342
1731064899807 121306.1 343
1731064909916 121310.5 344
1731064920028 121307.2 345
1731064930132 121305.1 346
1731064940225 121309.4 347
1731064950339 121306.2 348
1731064960453 121306.5 349
1731064970540 121308.9 350
1731064980640 121309.1 351
