1731061439878 10.3 0
1731061449936 17.7 1
1731061459987 26.5 2
1731061470052 26.7 3
1731061480115 26.6 4
1731061490183 26.6 5
1731061500237 26.6 6
1731061510293 27.0 7
1731061520361 26.8 8
1731061530451 38.5 9
1731061540487 38.6 10
1731061550533 38.4 11
1731061560583 38.4 12
1731061570626 38.4 13
1731061580678 38.4 14
1731061590734 38.4 15
1731061600809 38.3 16
1731061610892 38.3 17
1731061620960 38.3 18
1731061631028 38.3 19
1731061641093 38.3 20
1731061651170 38.3 21
1731061661227 38.3 22
1731061671309 38.3 23
1731061681394 38.3 24
1731061691467 38.3 25
1731061701532 38.3 26
1731061711599 38.3 27
1731061721666 38.4 28
1731061731741 38.4 29
1731061741815 38.4 30
1731061751904 38.3 31
1731061761978 38.4 32
1731061772059 38.4 33
1731061782129 38.4 34
1731061792212 38.4 35
1731061802268 38.4 36
1731061812330 38.4 37
1731061822382 38.4 38
1731061832442 38.4 39
1731061842492 38.4 40
1731061852556 38.3 41
1731061862633 38.3 42
1731061872698 38.5 43
1731061882771 38.5 44
1731061892840 38.4 45
1731061902912 38.4 46
1731061912987 38.6 47
1731061923062 38.4 48
1731061933149 38.4 49
1731061943206 38.3 50
1731061953286 38.4 51
1731061963367 38.4 52
1731061973426 38.6 53
1731061983481 38.5 54
1731061993547 38.4 55
1731062003620 38.4 56
1731062013690 38.3 57
1731062023778 38.3 58
1731062033849 38.3 59
1731062043923 38.3 60
1731062053999 38.3 61
1731062064081 38.3 62
1731062074153 38.3 63
1731062084254 38.3 64
1731062094332 37.9 65
1731062104394 38.0 66
1731062114452 38.0 67
1731062124513 38.1 68
1731062134578 37.9 69
1731062144638 37.9 70
1731062154697 37.9 71
1731062164757 37.9 72
1731062174836 37.9 73
1731062184913 37.8 74
1731062194986 37.8 75
1731062205045 37.8 76
1731062215128 37.9 77
1731062225211 37.9 78
1731062235280 37.8 79
1731062245350 37.8 80
1731062255431 37.8 81
1731062265524 37.8 82
1731062275608 37.8 83
1731062285675 37.8 84
1731062295771 37.8 85
1731062305841 37.9 86
1731062315942 37.9 87
1731062326021 37.9 88
1731062336106 37.9 89
1731062346170 37.9 90
1731062356232 37.9 91
1731062366314 37.9 92
1731062376386 37.9 93
1731062386473 37.9 94
1731062396560 37.8 95
1731062406648 37.9 96
1731062416720 37.9 97
1731062426790 37.9 98
1731062436851 37.9 99
1731062446919 37.9 100
1731062456976 37.8 101
1731062467057 37.8 102
1731062477145 37.8 103
1731062487227 37.8 104
1731062497309 37.8 105
1731062507375 37.8 106
1731062517464 37.8 107
1731062527543 37.8 108
1731062537629 37.8 109
1731062547713 37.9 110
1731062557764 37.8 111
1731062567849 37.8 112
1731062577923 37.9 113
1731062588014 37.9 114
1731062598088 37.9 115
1731062608170 37.9 116
1731062618255 37.8 117
1731062628347 37.9 118
1731062638440 37.8 119
1731062648519 37.9 120
1731062658601 37.8 121
1731062668683 37.8 122
1731062678752 37.8 123
1731062688835 37.8 124
1731062698908 37.8 125
1731062709008 37.8 126
1731062719091 37.8 127
1731062729174 37.8 128
1731062739255 37.8 129
1731062749346 37.8 130
1731062759432 37.8 131
1731062769519 37.8 132
1731062779586 37.8 133
1731062789654 37.8 134
1731062799742 38.0 135
1731062809825 37.9 136
1731062819917 37.9 137
1731062830011 37.9 138
1731062840109 37.9 139
1731062850178 37.9 140
1731062860261 37.8 141
1731062870348 38.3 142
1731062880431 38.4 143
1731062890525 38.3 144
1731062900610 38.3 145
1731062910681 38.3 146
1731062920773 38.3 147
1731062930864 38.3 148
1731062940943 38.3 149
1731062951040 38.3 150
1731062961150 38.3 151
1731062971250 38.4 152
1731062981343 38.4 153
1731062991433 38.3 154
1731063001526 38.3 155
1731063011624 38.3 156
1731063021708 38.4 157
1731063031800 38.3 158
1731063041897 38.3 159
1731063051973 38.3 160
1731063062054 38.3 161
1731063072142 37.8 162
1731063082240 37.9 163
1731063092331 37.9 164
1731063102419 37.9 165
1731063112516 37.9 166
1731063122597 37.9 167
1731063132699 37.9 168
1731063142797 37.9 169
1731063153321 37.9 170
1731063163415 37.9 171
1731063173496 37.9 172
1731063183570 37.9 173
1731063193647 37.9 174
1731063203715 37.9 175
1731063213800 37.8 176
1731063223881 37.8 177
1731063233977 37.8 178
1731063244070 37.9 179
1731063254158 37.9 180
1731063264238 37.9 181
1731063274299 37.9 182
1731063284376 37.9 183
1731063294461 37.9 184
1731063304553 38.0 185
1731063314628 38.1 186
1731063324693 37.9 187
1731063334780 37.9 188
1731063344867 37.9 189
1731063354958 37.9 190
1731063365033 37.9 191
1731063375108 37.8 192
1731063385199 37.8 193
1731063395290 37.8 194
1731063405391 37.8 195
1731063415483 37.8 196
1731063425568 37.9 197
1731063435663 37.9 198
1731063445755 37.8 199
1731063455836 37.8 200
1731063465934 37.8 201
1731063476029 37.8 202
1731063486128 37.8 203
1731063496218 37.8 204
1731063506296 37.8 205
1731063516393 37.8 206
1731063526487 37.8 207
1731063536591 37.8 208
1731063546673 37.8 209
1731063556783 37.8 210
1731063566878 37.8 211
1731063576969 37.8 212
1731063587060 37.8 213
1731063597150 37.8 214
1731063607238 37.8 215
1731063617349 37.8 216
1731063627457 37.8 217
1731063637549 37.8 218
1731063647644 37.8 219
1731063657724 37.8 220
1731063667829 37.8 221
1731063677929 37.8 222
1731063688035 37.8 223
1731063698126 37.8 224
1731063708223 37.9 225
1731063718326 37.8 226
1731063728425 37.8 227
1731063738523 38.0 228
1731063748625 38.2 229
1731063758725 38.3 230
1731063768808 38.1 231
1731063778897 38.1 232
1731063788987 38.1 233
1731063799090 38.1 234
1731063809190 38.1 235
1731063819291 38.1 236
1731063829382 38.1 237
1731063839482 38.1 238
1731063849582 38.1 239
1731063859674 38.1 240
1731063869780 38.0 241
1731063879871 38.0 242
1731063889987 38.0 243
1731063900088 38.1 244
1731063910183 38.0 245
1731063920270 38.0 246
1731063930380 37.9 247
1731063940468 38.0 248
1731063950558 38.0 249
1731063960653 38.0 250
1731063970733 38.0 251
1731063980849 38.0 252
1731063990953 38.1 253
1731064001053 38.0 254
1731064011158 38.0 255
1731064021263 38.0 256
1731064031352 38.0 257
1731064041441 38.0 258
1731064051543 38.0 259
1731064061645 38.0 260
1731064071725 38.0 261
1731064081828 38.0 262
1731064091925 38.6 263
1731064102030 38.5 264
1731064112135 38.5 265
1731064122234 38.5 266
1731064132339 38.6 267
1731064142425 38.6 268
1731064152510 38.6 269
1731064162604 38.7 270
1731064172707 38.6 271
1731064182806 38.7 272
1731064192873 38.7 273
1731064202985 38.6 274
1731064213073 38.8 275
1731064223190 38.6 276
1731064233282 38.6 277
1731064243387 38.6 278
1731064253499 38.6 279
1731064263589 38.6 280
1731064273696 38.6 281
1731064283792 38.5 282
1731064293897 38.6 283
1731064303985 38.5 284
1731064314080 38.5 285
1731064324174 38.5 286
1731064334286 38.5 287
1731064344404 38.5 288
1731064354508 38.6 289
1731064364606 38.6 290
1731064374675 38.6 291
1731064384800 38.6 292
1731064394922 38.6 293
1731064405023 38.6 294
1731064415125 38.6 295
1731064425211 38.5 296
1731064435306 38.5 297
1731064445426 38.6 298
1731064455534 38.6 299
1731064465644 38.6 300
1731064475743 38.6 301
1731064485831 38.6 302
1731064495913 38.1 303
1731064506002 38.5 304
1731064516108 38.4 305
1731064526205 38.4 306
1731064536296 38.4 307
1731064546391 38.4 308
1731064556503 38.4 309
1731064566596 38.4 310
1731064576682 38.4 311
1731064586773 38.4 312
1731064596867 38.4 313
1731064606984 38.4 314
1731064617096 38.4 315
1731064627212 38.4 316
1731064637301 38.4 317
1731064647430 38.4 318
1731064657538 38.4 319
1731064667634 38.4 320
1731064677748 38.5 321
1731064687855 38.4 322
1731064697959 38.4 323
1731064708040 38.4 324
1731064718149 38.4 325
1731064728269 38.4 326
1731064738348 38.4 327
1731064748448 38.4 328
1731064758560 38.4 329
1731064768658 38.4 330
1731064778763 38.4 331
1731064788841 38.4 332
1731064798926 38.5 333
1731064809037 38.4 334
1731064819104 38.4 335
1731064829188 38.4 336
1731064839262 38.5 337
1731064849328 38.5 338
1731064859404 38.5 339
1731064869522 38.5 340
1731064879597 38.5 341
1731064889696 38.6 342
1731064899807 39.4 343
1731064909916 39.0 344
1731064920028 39.1 345
1731064930132 39.1 346
1731064940225 39.1 347
1731064950339 38.8 348
1731064960453 38.8 349
1731064970540 38.8 350
1731064980640 38.8 351
