1731061439878 2665.3 0
1731061449936 4571.5 1
1731061459987 6838.7 2
1731061470052 6871.4 3
1731061480115 6845.9 4
1731061490183 6856.6 5
1731061500237 6853.4 6
1731061510293 6946.7 7
1731061520361 6903.2 8
1731061530451 9929.9 9
1731061540487 9937.6 10
1731061550533 9898.6 11
1731061560583 9884.1 12
1731061570626 9884.1 13
1731061580678 9884.1 14
1731061590734 9890.2 15
1731061600809 9879.9 16
1731061610892 9875.5 17
1731061620960 9875.4 18
1731061631028 9870.9 19
1731061641093 9869.1 20
1731061651170 9869.1 21
1731061661227 9869.2 22
1731061671309 9866.4 23
1731061681394 9864.7 24
1731061691467 9864.7 25
1731061701532 9864.7 26
1731061711599 9861.1 27
1731061721666 9882.9 28
1731061731741 9884.7 29
1731061741815 9884.9 30
1731061751904 9880.8 31
1731061761978 9891.8 32
1731061772059 9908.4 33
1731061782129 9902.4 34
1731061792212 9887.2 35
1731061802268 9885.2 36
1731061812330 9885.1 37
1731061822382 9885.2 38
1731061832442 9887.0 39
1731061842492 9902.9 40
1731061852556 9879.7 41
1731061862633 9879.8 42
1731061872698 9913.2 43
1731061882771 9913.2 44
1731061892840 9900.5 45
1731061902912 9895.3 46
1731061912987 9948.8 47
1731061923062 9900.8 48
1731061933149 9899.1 49
1731061943206 9880.6 50
1731061953286 9894.2 51
1731061963367 9906.4 52
1731061973426 9937.6 53
1731061983481 9915.8 54
1731061993547 9888.6 55
1731062003620 9896.0 56
1731062013690 9873.5 57
1731062023778 9878.1 58
1731062033849 9881.6 59
1731062043923 9874.5 60
1731062053999 9874.4 61
1731062064081 9866.1 62
1731062074153 9866.1 63
1731062084254 9869.7 64
1731062094332 9775.6 65
1731062104394 9799.7 66
1731062114452 9782.1 67
1731062124513 9824.0 68
1731062134578 9764.8 69
1731062144638 9763.9 70
1731062154697 9764.8 71
1731062164757 9775.7 72
1731062174836 9758.4 73
1731062184913 9745.9 74
1731062194986 9746.2 75
1731062205045 9753.6 76
1731062215128 9756.1 77
1731062225211 9764.3 78
1731062235280 9745.9 79
1731062245350 9745.8 80
1731062255431 9752.1 81
1731062265524 9743.3 82
1731062275608 9743.4 83
1731062285675 9748.5 84
1731062295771 9749.5 85
1731062305841 9755.6 86
1731062315942 9757.7 87
1731062326021 9757.7 88
1731062336106 9764.9 89
1731062346170 9768.3 90
1731062356232 9756.1 91
1731062366314 9756.0 92
1731062376386 9760.4 93
1731062386473 9754.1 94
1731062396560 9753.9 95
1731062406648 9756.1 96
1731062416720 9753.9 97
1731062426790 9759.4 98
1731062436851 9755.2 99
1731062446919 9757.5 100
1731062456976 9750.3 101
1731062467057 9750.2 102
1731062477145 9750.3 103
1731062487227 9750.3 104
1731062497309 9750.2 105
1731062507375 9753.2 106
1731062517464 9752.8 107
1731062527543 9752.8 108
1731062537629 9752.8 109
1731062547713 9755.3 110
1731062557764 9752.9 111
1731062567849 9752.7 112
1731062577923 9756.0 113
1731062588014 9754.8 114
1731062598088 9765.5 115
1731062608170 9754.8 116
1731062618255 9752.7 117
1731062628347 9755.7 118
1731062638440 9753.3 119
1731062648519 9757.5 120
1731062658601 9750.2 121
1731062668683 9752.1 122
1731062678752 9746.2 123
1731062688835 9746.3 124
1731062698908 9746.2 125
1731062709008 9746.2 126
1731062719091 9746.3 127
1731062729174 9747.8 128
1731062739255 9747.6 129
1731062749346 9747.7 130
1731062759432 9747.7 131
1731062769519 9747.6 132
1731062779586 9747.6 133
1731062789654 9747.8 134
1731062799742 9780.1 135
1731062809825 9774.0 136
1731062819917 9761.6 137
1731062830011 9755.6 138
1731062840109 9755.6 139
1731062850178 9755.6 140
1731062860261 9750.1 141
1731062870348 9874.0 142
1731062880431 9893.5 143
1731062890525 9876.9 144
1731062900610 9876.7 145
1731062910681 9867.4 146
1731062920773 9867.4 147
1731062930864 9867.6 148
1731062940943 9871.1 149
1731062951040 9871.0 150
1731062961150 9871.0 151
1731062971250 9887.4 152
1731062981343 9883.9 153
1731062991433 9878.9 154
1731063001526 9879.0 155
1731063011624 9873.7 156
1731063021708 9887.4 157
1731063031800 9875.8 158
1731063041897 9875.9 159
1731063051973 9875.8 160
1731063062054 9871.0 161
1731063072142 9751.7 162
1731063082240 9760.0 163
1731063092331 9756.1 164
1731063102419 9754.1 165
1731063112516 9760.2 166
1731063122597 9756.1 167
1731063132699 9761.0 168
1731063142797 9755.8 169
1731063153321 9760.6 170
1731063163415 9758.5 171
1731063173496 9761.8 172
1731063183570 9753.9 173
1731063193647 9753.9 174
1731063203715 9754.1 175
1731063213800 9751.7 176
1731063223881 9750.5 177
1731063233977 9750.2 178
1731063244070 9755.6 179
1731063254158 9762.6 180
1731063264238 9758.6 181
1731063274299 9765.8 182
1731063284376 9764.5 183
1731063294461 9761.6 184
1731063304553 9798.4 185
1731063314628 9815.9 186
1731063324693 9771.2 187
1731063334780 9778.5 188
1731063344867 9772.6 189
1731063354958 9762.1 190
1731063365033 9757.1 191
1731063375108 9748.7 192
1731063385199 9748.7 193
1731063395290 9748.7 194
1731063405391 9748.7 195
1731063415483 9748.8 196
1731063425568 9758.4 197
1731063435663 9755.0 198
1731063445755 9751.7 199
1731063455836 9751.7 200
1731063465934 9751.6 201
1731063476029 9751.6 202
1731063486128 9751.1 203
1731063496218 9751.0 204
1731063506296 9751.0 205
1731063516393 9742.7 206
1731063526487 9742.8 207
1731063536591 9742.7 208
1731063546673 9742.7 209
1731063556783 9742.8 210
1731063566878 9742.7 211
1731063576969 9742.7 212
1731063587060 9742.7 213
1731063597150 9740.1 214
1731063607238 9744.4 215
1731063617349 9744.5 216
1731063627457 9744.4 217
1731063637549 9744.4 218
1731063647644 9744.4 219
1731063657724 9744.4 220
1731063667829 9744.4 221
1731063677929 9746.4 222
1731063688035 9746.4 223
1731063698126 9746.6 224
1731063708223 9755.4 225
1731063718326 9750.4 226
1731063728425 9750.4 227
1731063738523 9793.6 228
1731063748625 9837.2 229
1731063758725 9861.7 230
1731063768808 9826.7 231
1731063778897 9819.1 232
1731063788987 9820.0 233
1731063799090 9807.1 234
1731063809190 9806.4 235
1731063819291 9805.5 236
1731063829382 9819.4 237
1731063839482 9814.8 238
1731063849582 9812.6 239
1731063859674 9806.1 240
1731063869780 9790.6 241
1731063879871 9785.3 242
1731063889987 9802.2 243
1731063900088 9808.2 244
1731063910183 9802.0 245
1731063920270 9789.7 246
1731063930380 9777.1 247
1731063940468 9788.6 248
1731063950558 9790.4 249
1731063960653 9795.7 250
1731063970733 9800.5 251
1731063980849 9802.5 252
1731063990953 9807.1 253
1731064001053 9798.9 254
1731064011158 9790.9 255
1731064021263 9801.4 256
1731064031352 9804.2 257
1731064041441 9803.3 258
1731064051543 9793.0 259
1731064061645 9789.6 260
1731064071725 9786.1 261
1731064081828 9788.9 262
1731064091925 9936.2 263
1731064102030 9914.6 264
1731064112135 9913.0 265
1731064122234 9933.0 266
1731064132339 9938.2 267
1731064142425 9941.6 268
1731064152510 9957.5 269
1731064162604 9970.8 270
1731064172707 9959.6 271
1731064182806 9968.1 272
1731064192873 9982.1 273
1731064202985 9958.3 274
1731064213073 9989.7 275
1731064223190 9950.3 276
1731064233282 9944.7 277
1731064243387 9942.8 278
1731064253499 9942.8 279
1731064263589 9952.2 280
1731064273696 9952.2 281
1731064283792 9928.2 282
1731064293897 9935.1 283
1731064303985 9920.8 284
1731064314080 9925.0 285
1731064324174 9923.5 286
1731064334286 9926.1 287
1731064344404 9924.6 288
1731064354508 9948.3 289
1731064364606 9950.6 290
1731064374675 9938.0 291
1731064384800 9938.0 292
1731064394922 9938.0 293
1731064405023 9938.0 294
1731064415125 9938.0 295
1731064425211 9925.1 296
1731064435306 9924.2 297
1731064445426 9936.9 298
1731064455534 9937.7 299
1731064465644 9937.6 300
1731064475743 9937.6 301
1731064485831 9937.6 302
1731064495913 9813.5 303
1731064506002 9918.0 304
1731064516108 9902.5 305
1731064526205 9902.4 306
1731064536296 9902.5 307
1731064546391 9896.2 308
1731064556503 9896.1 309
1731064566596 9896.2 310
1731064576682 9896.1 311
1731064586773 9896.2 312
1731064596867 9896.1 313
1731064606984 9896.1 314
1731064617096 9896.2 315
1731064627212 9896.1 316
1731064637301 9898.2 317
1731064647430 9898.3 318
1731064657538 9898.2 319
1731064667634 9898.2 320
1731064677748 9908.8 321
1731064687855 9902.8 322
1731064697959 9902.6 323
1731064708040 9902.6 324
1731064718149 9903.1 325
1731064728269 9905.6 326
1731064738348 9893.0 327
1731064748448 9902.3 328
1731064758560 9899.3 329
1731064768658 9892.1 330
1731064778763 9892.1 331
1731064788841 9892.3 332
1731064798926 9911.3 333
1731064809037 9905.5 334
1731064819104 9905.6 335
1731064829188 9907.6 336
1731064839262 9911.8 337
1731064849328 9909.8 338
1731064859404 9913.1 339
1731064869522 9919.0 340
1731064879597 9930.1 341
1731064889696 9937.6 342
1731064899807 10165.9 343
1731064909916 10049.1 344
1731064920028 10081.3 345
1731064930132 10080.4 346
1731064940225 10080.7 347
1731064950339 10006.3 348
1731064960453 10006.2 349
1731064970540 10006.2 350
1731064980640 10006.2 351
