1731061439878 16.2 0
1731061449936 30.7 1
1731061459987 60.7 2
1731061470052 62.0 3
1731061480115 62.4 4
1731061490183 62.3 5
1731061500237 64.0 6
1731061510293 62.9 7
1731061520361 64.5 8
1731061530451 36.8 9
1731061540487 61.6 10
1731061550533 61.9 11
1731061560583 62.3 12
1731061570626 63.6 13
1731061580678 65.6 14
1731061590734 65.0 15
1731061600809 64.7 16
1731061610892 37.9 17
1731061620960 63.1 18
1731061631028 64.1 19
1731061641093 62.3 20
1731061651170 62.2 21
1731061661227 62.2 22
1731061671309 62.7 23
1731061681394 62.0 24
1731061691467 63.2 25
1731061701532 63.6 26
1731061711599 62.8 27
1731061721666 63.9 28
1731061731741 62.5 29
1731061741815 62.2 30
1731061751904 62.5 31
1731061761978 36.0 32
1731061772059 63.1 33
1731061782129 42.0 34
1731061792212 62.6 35
1731061802268 33.4 36
1731061812330 38.6 37
1731061822382 63.0 38
1731061832442 65.4 39
1731061842492 65.0 40
1731061852556 65.1 41
1731061862633 67.2 42
1731061872698 33.6 43
1731061882771 45.2 44
1731061892840 69.6 45
1731061902912 33.9 46
1731061912987 60.9 47
1731061923062 66.9 48
1731061933149 37.3 49
1731061943206 33.8 50
1731061953286 67.8 51
1731061963367 69.5 52
1731061973426 49.9 53
1731061983481 66.9 54
1731061993547 66.3 55
1731062003620 41.3 56
1731062013690 62.1 57
1731062023778 61.4 58
1731062033849 68.0 59
1731062043923 66.0 60
1731062053999 65.7 61
1731062064081 33.9 62
1731062074153 63.1 63
1731062084254 55.3 64
1731062094332 63.0 65
1731062104394 62.1 66
1731062114452 61.4 67
1731062124513 33.7 68
1731062134578 34.4 69
1731062144638 62.9 70
1731062154697 61.6 71
1731062164757 57.6 72
1731062174836 56.3 73
1731062184913 47.7 74
1731062194986 56.1 75
1731062205045 57.7 76
1731062215128 32.2 77
1731062225211 32.5 78
1731062235280 66.6 79
1731062245350 40.3 80
1731062255431 60.4 81
1731062265524 62.8 82
1731062275608 65.1 83
1731062285675 36.3 84
1731062295771 63.2 85
1731062305841 32.8 86
1731062315942 67.6 87
1731062326021 66.0 88
1731062336106 33.8 89
1731062346170 63.1 90
1731062356232 64.7 91
1731062366314 56.5 92
1731062376386 38.1 93
1731062386473 66.3 94
1731062396560 32.3 95
1731062406648 60.4 96
1731062416720 61.2 97
1731062426790 61.1 98
1731062436851 61.0 99
1731062446919 63.8 100
1731062456976 66.9 101
1731062467057 66.0 102
1731062477145 55.0 103
1731062487227 66.5 104
1731062497309 33.5 105
1731062507375 63.3 106
1731062517464 51.9 107
1731062527543 61.4 108
1731062537629 58.6 109
1731062547713 38.0 110
1731062557764 62.6 111
1731062567849 60.6 112
1731062577923 33.5 113
1731062588014 64.0 114
1731062598088 64.7 115
1731062608170 63.0 116
1731062618255 33.3 117
1731062628347 63.3 118
1731062638440 61.4 119
1731062648519 38.1 120
1731062658601 39.9 121
1731062668683 64.1 122
1731062678752 63.0 123
1731062688835 59.1 124
1731062698908 61.4 125
1731062709008 33.4 126
1731062719091 48.2 127
1731062729174 65.3 128
1731062739255 64.1 129
1731062749346 64.5 130
1731062759432 55.7 131
1731062769519 63.9 132
1731062779586 64.0 133
1731062789654 61.1 134
1731062799742 59.7 135
1731062809825 58.2 136
1731062819917 57.3 137
1731062830011 49.2 138
1731062840109 61.3 139
1731062850178 63.1 140
1731062860261 35.8 141
1731062870348 38.9 142
1731062880431 59.3 143
1731062890525 61.5 144
1731062900610 65.4 145
1731062910681 37.8 146
1731062920773 56.8 147
1731062930864 61.8 148
1731062940943 64.5 149
1731062951040 42.2 150
1731062961150 59.8 151
1731062971250 38.2 152
1731062981343 61.3 153
1731062991433 63.0 154
1731063001526 65.0 155
1731063011624 62.1 156
1731063021708 63.7 157
1731063031800 63.3 158
1731063041897 63.1 159
1731063051973 62.3 160
1731063062054 44.0 161
1731063072142 62.2 162
1731063082240 64.3 163
1731063092331 59.2 164
1731063102419 59.4 165
1731063112516 56.6 166
1731063122597 56.3 167
1731063132699 58.3 168
1731063142797 49.2 169
1731063153321 48.2 170
1731063163415 36.4 171
1731063173496 52.8 172
1731063183570 33.0 173
1731063193647 58.9 174
1731063203715 58.3 175
1731063213800 57.9 176
1731063223881 35.5 177
1731063233977 37.3 178
1731063244070 33.0 179
1731063254158 58.9 180
1731063264238 63.6 181
1731063274299 40.3 182
1731063284376 33.1 183
1731063294461 64.1 184
1731063304553 64.9 185
1731063314628 44.5 186
1731063324693 45.2 187
1731063334780 62.4 188
1731063344867 62.1 189
1731063354958 59.5 190
1731063365033 32.6 191
1731063375108 60.0 192
1731063385199 32.6 193
1731063395290 37.5 194
1731063405391 61.9 195
1731063415483 59.9 196
1731063425568 62.0 197
1731063435663 32.7 198
1731063445755 39.5 199
1731063455836 32.6 200
1731063465934 56.3 201
1731063476029 36.2 202
1731063486128 35.3 203
1731063496218 60.7 204
1731063506296 32.5 205
1731063516393 35.2 206
1731063526487 61.1 207
1731063536591 52.7 208
1731063546673 36.0 209
1731063556783 63.7 210
1731063566878 63.6 211
1731063576969 63.9 212
1731063587060 66.4 213
1731063597150 36.8 214
1731063607238 32.9 215
1731063617349 38.0 216
1731063627457 61.8 217
1731063637549 61.8 218
1731063647644 62.0 219
1731063657724 63.2 220
1731063667829 59.3 221
1731063677929 59.5 222
1731063688035 39.0 223
1731063698126 59.1 224
1731063708223 32.4 225
1731063718326 37.7 226
1731063728425 49.0 227
1731063738523 48.2 228
1731063748625 46.4 229
1731063758725 33.0 230
1731063768808 50.1 231
1731063778897 32.8 232
1731063788987 61.9 233
1731063799090 56.8 234
1731063809190 36.9 235
1731063819291 53.6 236
1731063829382 32.0 237
1731063839482 52.6 238
1731063849582 37.6 239
1731063859674 60.1 240
1731063869780 59.4 241
1731063879871 32.9 242
1731063889987 58.8 243
1731063900088 46.8 244
1731063910183 57.6 245
1731063920270 50.8 246
1731063930380 37.1 247
1731063940468 32.4 248
1731063950558 58.3 249
1731063960653 64.5 250
1731063970733 32.5 251
1731063980849 65.3 252
1731063990953 32.2 253
1731064001053 61.3 254
1731064011158 62.7 255
1731064021263 57.2 256
1731064031352 37.6 257
1731064041441 64.9 258
1731064051543 58.8 259
1731064061645 65.3 260
1731064071725 31.9 261
1731064081828 32.0 262
1731064091925 32.0 263
1731064102030 61.4 264
1731064112135 63.8 265
1731064122234 62.6 266
1731064132339 57.9 267
1731064142425 62.6 268
1731064152510 33.1 269
1731064162604 37.3 270
1731064172707 63.8 271
1731064182806 52.8 272
1731064192873 58.3 273
1731064202985 57.3 274
1731064213073 55.8 275
1731064223190 32.4 276
1731064233282 46.2 277
1731064243387 61.2 278
1731064253499 58.0 279
1731064263589 36.9 280
1731064273696 60.2 281
1731064283792 59.0 282
1731064293897 32.5 283
1731064303985 40.6 284
1731064314080 54.7 285
1731064324174 59.8 286
1731064334286 58.7 287
1731064344404 58.2 288
1731064354508 64.8 289
1731064364606 66.6 290
1731064374675 38.2 291
1731064384800 32.9 292
1731064394922 60.1 293
1731064405023 57.8 294
1731064415125 60.7 295
1731064425211 32.9 296
1731064435306 63.1 297
1731064445426 62.6 298
1731064455534 39.1 299
1731064465644 39.8 300
1731064475743 55.5 301
1731064485831 41.3 302
1731064495913 56.6 303
1731064506002 37.6 304
1731064516108 58.3 305
1731064526205 56.4 306
1731064536296 42.5 307
1731064546391 57.7 308
1731064556503 56.4 309
1731064566596 43.0 310
1731064576682 63.5 311
1731064586773 32.8 312
1731064596867 32.9 313
1731064606984 58.9 314
1731064617096 57.8 315
1731064627212 44.0 316
1731064637301 55.9 317
1731064647430 32.8 318
1731064657538 56.3 319
1731064667634 32.9 320
1731064677748 64.4 321
1731064687855 63.5 322
1731064697959 61.4 323
1731064708040 33.2 324
1731064718149 32.4 325
1731064728269 65.6 326
1731064738348 60.8 327
1731064748448 64.9 328
1731064758560 37.6 329
1731064768658 59.5 330
1731064778763 44.5 331
1731064788841 61.0 332
1731064798926 60.5 333
1731064809037 61.7 334
1731064819104 58.4 335
1731064829188 33.3 336
1731064839262 60.4 337
1731064849328 60.5 338
1731064859404 60.8 339
1731064869522 33.7 340
1731064879597 35.7 341
1731064889696 37.4 342
1731064899807 58.9 343
1731064909916 59.9 344
1731064920028 62.2 345
1731064930132 40.0 346
1731064940225 62.3 347
1731064950339 60.4 348
1731064960453 59.7 349
1731064970540 65.0 350
1731064980640 57.9 351
