1731061439878 60.0 0
1731061449936 113.6 1
1731061459987 224.6 2
1731061470052 229.3 3
1731061480115 231.0 4
1731061490183 230.5 5
1731061500237 237.0 6
1731061510293 232.7 7
1731061520361 238.6 8
1731061530451 136.0 9
1731061540487 228.0 10
1731061550533 229.0 11
1731061560583 230.3 12
1731061570626 235.2 13
1731061580678 242.7 14
1731061590734 240.4 15
1731061600809 239.4 16
1731061610892 140.3 17
1731061620960 233.5 18
1731061631028 237.1 19
1731061641093 230.4 20
1731061651170 230.0 21
1731061661227 230.2 22
1731061671309 231.9 23
1731061681394 229.4 24
1731061691467 234.0 25
1731061701532 235.3 26
1731061711599 232.4 27
1731061721666 236.4 28
1731061731741 231.1 29
1731061741815 230.0 30
1731061751904 231.3 31
1731061761978 133.0 32
1731061772059 233.5 33
1731061782129 155.5 34
1731061792212 231.7 35
1731061802268 123.6 36
1731061812330 142.7 37
1731061822382 232.9 38
1731061832442 242.2 39
1731061842492 240.6 40
1731061852556 241.0 41
1731061862633 248.5 42
1731061872698 124.4 43
1731061882771 167.3 44
1731061892840 257.5 45
1731061902912 125.4 46
1731061912987 225.5 47
1731061923062 247.5 48
1731061933149 137.9 49
1731061943206 124.9 50
1731061953286 250.8 51
1731061963367 257.0 52
1731061973426 184.6 53
1731061983481 247.4 54
1731061993547 245.2 55
1731062003620 152.8 56
1731062013690 229.7 57
1731062023778 227.2 58
1731062033849 251.7 59
1731062043923 244.3 60
1731062053999 243.2 61
1731062064081 125.5 62
1731062074153 233.5 63
1731062084254 204.6 64
1731062094332 233.2 65
1731062104394 229.8 66
1731062114452 227.1 67
1731062124513 124.6 68
1731062134578 127.2 69
1731062144638 232.7 70
1731062154697 227.9 71
1731062164757 213.2 72
1731062174836 208.5 73
1731062184913 176.7 74
1731062194986 207.7 75
1731062205045 213.5 76
1731062215128 119.2 77
1731062225211 120.3 78
1731062235280 246.4 79
1731062245350 149.2 80
1731062255431 223.5 81
1731062265524 232.5 82
1731062275608 241.0 83
1731062285675 134.4 84
1731062295771 233.7 85
1731062305841 121.3 86
1731062315942 250.3 87
1731062326021 244.3 88
1731062336106 125.2 89
1731062346170 233.5 90
1731062356232 239.3 91
1731062366314 209.1 92
1731062376386 140.8 93
1731062386473 245.4 94
1731062396560 119.6 95
1731062406648 223.7 96
1731062416720 226.4 97
1731062426790 226.3 98
1731062436851 225.8 99
1731062446919 235.9 100
1731062456976 247.4 101
1731062467057 244.3 102
1731062477145 203.4 103
1731062487227 246.1 104
1731062497309 123.9 105
1731062507375 234.2 106
1731062517464 192.0 107
1731062527543 227.0 108
1731062537629 216.8 109
1731062547713 140.7 110
1731062557764 231.6 111
1731062567849 224.2 112
1731062577923 123.9 113
1731062588014 237.0 114
1731062598088 239.5 115
1731062608170 233.1 116
1731062618255 123.0 117
1731062628347 234.3 118
1731062638440 227.1 119
1731062648519 141.0 120
1731062658601 147.6 121
1731062668683 237.3 122
1731062678752 233.1 123
1731062688835 218.8 124
1731062698908 227.1 125
1731062709008 123.4 126
1731062719091 178.4 127
1731062729174 241.8 128
1731062739255 237.3 129
1731062749346 238.8 130
1731062759432 206.0 131
1731062769519 236.3 132
1731062779586 236.6 133
1731062789654 226.2 134
1731062799742 220.7 135
1731062809825 215.3 136
1731062819917 212.1 137
1731062830011 181.9 138
1731062840109 226.8 139
1731062850178 233.6 140
1731062860261 132.4 141
1731062870348 144.0 142
1731062880431 219.5 143
1731062890525 227.4 144
1731062900610 241.9 145
1731062910681 139.9 146
1731062920773 210.1 147
1731062930864 228.6 148
1731062940943 238.7 149
1731062951040 156.3 150
1731062961150 221.2 151
1731062971250 141.5 152
1731062981343 226.8 153
1731062991433 233.0 154
1731063001526 240.6 155
1731063011624 229.9 156
1731063021708 235.7 157
1731063031800 234.2 158
1731063041897 233.3 159
1731063051973 230.7 160
1731063062054 162.9 161
1731063072142 230.3 162
1731063082240 238.0 163
1731063092331 218.9 164
1731063102419 219.9 165
1731063112516 209.3 166
1731063122597 208.2 167
1731063132699 215.8 168
1731063142797 182.0 169
1731063153321 178.4 170
1731063163415 134.8 171
1731063173496 195.4 172
1731063183570 121.9 173
1731063193647 218.0 174
1731063203715 215.7 175
1731063213800 214.2 176
1731063223881 131.4 177
1731063233977 138.0 178
1731063244070 122.1 179
1731063254158 217.8 180
1731063264238 235.2 181
1731063274299 149.3 182
1731063284376 122.5 183
1731063294461 237.3 184
1731063304553 240.2 185
1731063314628 164.5 186
1731063324693 167.3 187
1731063334780 230.9 188
1731063344867 229.8 189
1731063354958 220.2 190
1731063365033 120.7 191
1731063375108 221.9 192
1731063385199 120.5 193
1731063395290 138.8 194
1731063405391 229.0 195
1731063415483 221.5 196
1731063425568 229.4 197
1731063435663 121.1 198
1731063445755 146.2 199
1731063455836 120.5 200
1731063465934 208.4 201
1731063476029 133.9 202
1731063486128 130.5 203
1731063496218 224.7 204
1731063506296 120.3 205
1731063516393 130.4 206
1731063526487 226.0 207
1731063536591 195.1 208
1731063546673 133.3 209
1731063556783 235.9 210
1731063566878 235.5 211
1731063576969 236.4 212
1731063587060 245.6 213
1731063597150 136.2 214
1731063607238 121.8 215
1731063617349 140.7 216
1731063627457 228.7 217
1731063637549 228.6 218
1731063647644 229.4 219
1731063657724 234.0 220
1731063667829 219.3 221
1731063677929 220.0 222
1731063688035 144.4 223
1731063698126 218.7 224
1731063708223 120.0 225
1731063718326 139.4 226
1731063728425 181.3 227
1731063738523 178.3 228
1731063748625 171.6 229
1731063758725 122.2 230
1731063768808 185.4 231
1731063778897 121.3 232
1731063788987 229.1 233
1731063799090 210.0 234
1731063809190 136.7 235
1731063819291 198.3 236
1731063829382 118.5 237
1731063839482 194.7 238
1731063849582 139.0 239
1731063859674 222.5 240
1731063869780 219.8 241
1731063879871 121.7 242
1731063889987 217.6 243
1731063900088 173.0 244
1731063910183 213.0 245
1731063920270 187.8 246
1731063930380 137.3 247
1731063940468 119.9 248
1731063950558 215.6 249
1731063960653 238.6 250
1731063970733 120.4 251
1731063980849 241.6 252
1731063990953 119.2 253
1731064001053 226.8 254
1731064011158 231.8 255
1731064021263 211.8 256
1731064031352 139.3 257
1731064041441 240.2 258
1731064051543 217.6 259
1731064061645 241.7 260
1731064071725 118.2 261
1731064081828 118.3 262
1731064091925 118.5 263
1731064102030 227.2 264
1731064112135 236.2 265
1731064122234 231.6 266
1731064132339 214.3 267
1731064142425 231.7 268
1731064152510 122.4 269
1731064162604 137.9 270
1731064172707 235.9 271
1731064182806 195.5 272
1731064192873 215.6 273
1731064202985 211.8 274
1731064213073 206.5 275
1731064223190 119.8 276
1731064233282 170.8 277
1731064243387 226.4 278
1731064253499 214.5 279
1731064263589 136.6 280
1731064273696 222.7 281
1731064283792 218.2 282
1731064293897 120.3 283
1731064303985 150.3 284
1731064314080 202.5 285
1731064324174 221.1 286
1731064334286 217.1 287
1731064344404 215.2 288
1731064354508 239.8 289
1731064364606 246.4 290
1731064374675 141.3 291
1731064384800 121.9 292
1731064394922 222.3 293
1731064405023 213.7 294
1731064415125 224.6 295
1731064425211 121.6 296
1731064435306 233.3 297
1731064445426 231.5 298
1731064455534 144.8 299
1731064465644 147.1 300
1731064475743 205.3 301
1731064485831 152.9 302
1731064495913 209.6 303
1731064506002 138.9 304
1731064516108 215.6 305
1731064526205 208.6 306
1731064536296 157.1 307
1731064546391 213.5 308
1731064556503 208.8 309
1731064566596 159.2 310
1731064576682 234.9 311
1731064586773 121.4 312
1731064596867 121.8 313
1731064606984 217.8 314
1731064617096 213.8 315
1731064627212 162.7 316
1731064637301 207.0 317
1731064647430 121.5 318
1731064657538 208.4 319
1731064667634 121.6 320
1731064677748 238.4 321
1731064687855 235.1 322
1731064697959 227.2 323
1731064708040 122.7 324
1731064718149 119.8 325
1731064728269 242.7 326
1731064738348 225.0 327
1731064748448 240.0 328
1731064758560 139.1 329
1731064768658 220.2 330
1731064778763 164.7 331
1731064788841 225.8 332
1731064798926 223.9 333
1731064809037 228.4 334
1731064819104 216.2 335
1731064829188 123.2 336
1731064839262 223.3 337
1731064849328 223.7 338
1731064859404 224.9 339
1731064869522 124.8 340
1731064879597 132.0 341
1731064889696 138.3 342
1731064899807 217.8 343
1731064909916 221.5 344
1731064920028 230.0 345
1731064930132 148.2 346
1731064940225 230.3 347
1731064950339 223.5 348
1731064960453 220.9 349
1731064970540 240.3 350
1731064980640 214.3 351
