1731061439878 0.0003460000000359287 0
1731061449936 0.037195999999994456 1
1731061459987 0.062074999999936153 2
1731061470052 0.33458599999994476 3
1731061480115 0.3445520000000215 4
1731061490183 0.43273099999998976 5
1731061500237 0.4725190000000339 6
1731061510293 17.050679999999943 7
1731061520361 19.407479999999964 8
1731061530451 22.986133999999993 9
1731061540487 23.00388799999996 10
1731061550533 26.895804 11
1731061560583 30.470970999999963 12
1731061570626 33.55591000000004 13
1731061580678 33.57490799999994 14
1731061590734 36.28629999999998 15
1731061600809 38.64896699999997 16
1731061610892 42.08220600000004 17
1731061620960 42.088855999999964 18
1731061631028 45.88458200000002 19
1731061641093 47.966245999999956 20
1731061651170 50.49082099999998 21
1731061661227 50.508632000000034 22
1731061671309 53.255349000000024 23
1731061681394 56.219190000000026 24
1731061691467 59.02517499999999 25
1731061701532 59.03285600000004 26
1731061711599 61.603971 27
1731061721666 64.42554799999994 28
1731061731741 68.53084899999999 29
1731061741815 68.546607 30
1731061751904 71.716049 31
1731061761978 74.22339899999997 32
1731061772059 77.24866399999996 33
1731061782129 77.25795500000004 34
1731061792212 80.41949399999999 35
1731061802268 83.10465799999997 36
1731061812330 86.44895199999996 37
1731061822382 86.458934 38
1731061832442 89.34625399999993 39
1731061842492 90.20208000000002 40
1731061852556 90.21319900000003 41
1731061862633 90.38646900000003 42
1731061872698 90.47155499999997 43
1731061882771 90.50986699999999 44
1731061892840 90.533007 45
1731061902912 90.54359199999999 46
1731061912987 94.07605699999999 47
1731061923062 98.94548399999996 48
1731061933149 105.38514999999995 49
1731061943206 111.15028199999995 50
1731061953286 111.16157599999997 51
1731061963367 117.57498799999996 52
1731061973426 122.39451499999996 53
1731061983481 122.40225899999996 54
1731061993547 125.32540199999994 55
1731062003620 127.28965600000004 56
1731062013690 127.29961300000002 57
1731062023778 131.94512999999995 58
1731062033849 131.95760200000007 59
1731062043923 137.71386500000006 60
1731062053999 142.678309 61
1731062064081 142.68662600000005 62
1731062074153 145.5621789999999 63
1731062084254 146.9061069999999 64
1731062094332 147.0712870000001 65
1731062104394 148.2063750000001 66
1731062114452 149.45250199999998 67
1731062124513 156.78534000000002 68
1731062134578 161.85211700000002 69
1731062144638 166.8350690000001 70
1731062154697 171.36637200000007 71
1731062164757 175.3145370000001 72
1731062174836 179.58875 73
1731062184913 179.59891699999991 74
1731062194986 184.70611599999995 75
1731062205045 189.8374909999999 76
1731062215128 189.864999 77
1731062225211 189.87528600000007 78
1731062235280 189.89594099999988 79
1731062245350 189.91699200000005 80
1731062255431 189.92519000000004 81
1731062265524 189.9339349999999 82
1731062275608 189.95258 83
1731062285675 189.96632499999998 84
1731062295771 192.34873800000003 85
1731062305841 192.82647400000008 86
1731062315942 192.83641299999988 87
1731062326021 192.850634 88
1731062336106 193.98030400000005 89
1731062346170 196.3008020000001 90
1731062356232 196.31811200000004 91
1731062366314 199.70040099999994 92
1731062376386 203.6444600000001 93
1731062386473 203.65684999999996 94
1731062396560 203.66690899999992 95
1731062406648 203.69990599999994 96
1731062416720 203.7135199999999 97
1731062426790 208.785342 98
1731062436851 208.80753500000003 99
1731062446919 213.09462300000007 100
1731062456976 213.11476499999992 101
1731062467057 218.93981199999996 102
1731062477145 218.94772699999987 103
1731062487227 222.9849069999999 104
1731062497309 226.2334199999999 105
1731062507375 226.25171199999988 106
1731062517464 226.26712299999997 107
1731062527543 226.2816509999999 108
1731062537629 226.29172800000003 109
1731062547713 226.30198099999996 110
1731062557764 229.16193099999998 111
1731062567849 230.06967500000007 112
1731062577923 235.0578979999999 113
1731062588014 239.19826499999988 114
1731062598088 239.2152809999999 115
1731062608170 242.96613999999988 116
1731062618255 246.47298399999988 117
1731062628347 246.48486100000002 118
1731062638440 251.35352299999988 119
1731062648519 255.4137669999999 120
1731062658601 255.47800700000005 121
1731062668683 259.8615289999999 122
1731062678752 263.939211 123
1731062688835 263.9492879999999 124
1731062698908 268.5546089999999 125
1731062709008 274.50358399999993 126
1731062719091 274.52421300000003 127
1731062729174 279.0240749999999 128
1731062739255 284.20544899999993 129
1731062749346 284.2183019999999 130
1731062759432 287.2552709999999 131
1731062769519 287.26312599999994 132
1731062779586 291.1298209999999 133
1731062789654 295.60341800000003 134
1731062799742 301.66875300000004 135
1731062809825 301.74314100000004 136
1731062819917 301.75921299999993 137
1731062830011 313.8364849999999 138
1731062840109 319.737037 139
1731062850178 321.7951790000001 140
1731062860261 326.14821700000005 141
1731062870348 330.7691799999999 142
1731062880431 333.7525179999999 143
1731062890525 333.75958 144
1731062900610 337.1819999999999 145
1731062910681 339.611949 146
1731062920773 341.96854799999994 147
1731062930864 344.319926 148
1731062940943 348.3449790000001 149
1731062951040 348.35340600000006 150
1731062961150 351.66059099999995 151
1731062971250 353.69540199999994 152
1731062981343 360.0607019999999 153
1731062991433 364.4000219999999 154
1731063001526 369.4181890000001 155
1731063011624 373.47948499999995 156
1731063021708 373.5458419999999 157
1731063031800 377.94499699999994 158
1731063041897 381.623698 159
1731063051973 381.63933600000007 160
1731063062054 385.8845299999999 161
1731063072142 389.77572599999996 162
1731063082240 389.7890389999999 163
1731063092331 394.6626279999999 164
1731063102419 394.67226199999993 165
1731063112516 394.68985499999997 166
1731063122597 398.9256899999999 167
1731063132699 404.167955 168
1731063142797 404.1758080000001 169
1731063153321 404.1835219999999 170
1731063163415 408.27677800000004 171
1731063173496 408.28397899999993 172
1731063183570 412.1989339999999 173
1731063193647 417.0733489999999 174
1731063203715 417.0978959999999 175
1731063213800 422.4211039999999 176
1731063223881 425.7907079999999 177
1731063233977 425.801335 178
1731063244070 432.5658649999999 179
1731063254158 432.5761329999999 180
1731063264238 438.6201729999999 181
1731063274299 444.205595 182
1731063284376 444.243699 183
1731063294461 449.68549599999994 184
1731063304553 460.0491289999999 185
1731063314628 463.4029260000001 186
1731063324693 466.3925089999999 187
1731063334780 469.284722 188
1731063344867 473.8240380000001 189
1731063354958 476.8977759999999 190
1731063365033 480.39564800000005 191
1731063375108 480.405224 192
1731063385199 483.061904 193
1731063395290 486.8333919999999 194
1731063405391 486.84535300000005 195
1731063415483 489.9583610000001 196
1731063425568 489.97538399999996 197
1731063435663 493.0068929999999 198
1731063445755 495.05288200000007 199
1731063455836 497.491091 200
1731063465934 497.508555 201
1731063476029 499.7304009999999 202
1731063486128 502.73267999999996 203
1731063496218 502.74112 204
1731063506296 505.521476 205
1731063516393 507.513454 206
1731063526487 507.52599900000007 207
1731063536591 510.0555290000001 208
1731063546673 512.056481 209
1731063556783 512.066876 210
1731063566878 514.1914780000001 211
1731063576969 516.994352 212
1731063587060 517.011635 213
1731063597150 519.4996150000001 214
1731063607238 522.392373 215
1731063617349 522.403197 216
1731063627457 524.1792919999999 217
1731063637549 525.928141 218
1731063647644 530.838783 219
1731063657724 530.845972 220
1731063667829 533.807148 221
1731063677929 535.007561 222
1731063688035 537.1963569999999 223
1731063698126 539.2636369999999 224
1731063708223 539.2790389999999 225
1731063718326 539.2893929999999 226
1731063728425 539.2974559999999 227
1731063738523 539.307807 228
1731063748625 539.365314 229
1731063758725 539.385181 230
1731063768808 539.3962949999999 231
1731063778897 539.871665 232
1731063788987 540.366077 233
1731063799090 540.373199 234
1731063809190 540.3909110000001 235
1731063819291 540.4018809999999 236
1731063829382 542.0000449999999 237
1731063839482 542.011306 238
1731063849582 542.0212929999999 239
1731063859674 542.284726 240
1731063869780 542.3348789999999 241
1731063879871 542.400209 242
1731063889987 542.4286189999999 243
1731063900088 542.457166 244
1731063910183 542.496692 245
1731063920270 542.5493519999999 246
1731063930380 542.936771 247
1731063940468 543.759975 248
1731063950558 544.2216890000001 249
1731063960653 544.231991 250
1731063970733 544.2406139999999 251
1731063980849 544.265399 252
1731063990953 544.2769440000001 253
1731064001053 544.3422810000001 254
1731064011158 544.422841 255
1731064021263 544.543309 256
1731064031352 544.5569859999999 257
1731064041441 544.56806 258
1731064051543 544.6009190000001 259
1731064061645 544.6443149999999 260
1731064071725 544.657188 261
1731064081828 544.6930739999999 262
1731064091925 544.7185969999999 263
1731064102030 544.778602 264
1731064112135 544.7888569999999 265
1731064122234 544.8451630000001 266
1731064132339 544.915196 267
1731064142425 544.9338099999999 268
1731064152510 552.0340170000001 269
1731064162604 556.8605429999999 270
1731064172707 561.6591870000001 271
1731064182806 566.1222979999999 272
1731064192873 567.191623 273
1731064202985 570.2070029999999 274
1731064213073 570.6643889999999 275
1731064223190 570.925255 276
1731064233282 570.9424129999999 277
1731064243387 570.9582429999999 278
1731064253499 570.9658599999999 279
1731064263589 570.976738 280
1731064273696 570.9848559999999 281
1731064283792 571.0342440000001 282
1731064293897 571.0539339999999 283
1731064303985 571.1199089999999 284
1731064314080 571.1328070000001 285
1731064324174 571.1412630000001 286
1731064334286 571.154161 287
1731064344404 571.1664299999999 288
1731064354508 571.1772609999999 289
1731064364606 574.368599 290
1731064374675 574.3770840000001 291
1731064384800 577.2422599999999 292
1731064394922 579.636838 293
1731064405023 582.000189 294
1731064415125 582.0113399999999 295
1731064425211 585.684138 296
1731064435306 585.695384 297
1731064445426 589.7317059999999 298
1731064455534 592.17663 299
1731064465644 592.211547 300
1731064475743 596.6054029999999 301
1731064485831 600.197014 302
1731064495913 600.206773 303
1731064506002 603.6358879999999 304
1731064516108 607.0073759999999 305
1731064526205 607.0405159999999 306
1731064536296 609.570032 307
1731064546391 609.580488 308
1731064556503 612.37414 309
1731064566596 616.123138 310
1731064576682 618.7459130000001 311
1731064586773 619.132172 312
1731064596867 622.2209730000001 313
1731064606984 624.1542619999999 314
1731064617096 624.162267 315
1731064627212 625.9181910000001 316
1731064637301 625.935049 317
1731064647430 629.1064459999999 318
1731064657538 632.7541640000001 319
1731064667634 632.7628020000001 320
1731064677748 636.4214840000001 321
1731064687855 636.432662 322
1731064697959 636.4402799999999 323
1731064708040 636.4526500000001 324
1731064718149 636.4702329999999 325
1731064728269 636.480784 326
1731064738348 636.497559 327
1731064748448 639.9083360000001 328
1731064758560 643.668241 329
1731064768658 643.6772359999999 330
1731064778763 647.268322 331
1731064788841 650.787557 332
1731064798926 650.9185659999999 333
1731064809037 654.522943 334
1731064819104 658.0469549999999 335
1731064829188 658.067028 336
1731064839262 661.7474759999999 337
1731064849328 661.75994 338
1731064859404 661.770652 339
1731064869522 665.0704199999999 340
1731064879597 665.083254 341
1731064889696 665.1020789999999 342
1731064899807 665.128263 343
1731064909916 671.869077 344
1731064920028 675.8940759999999 345
1731064930132 679.8361249999999 346
1731064940225 683.276706 347
1731064950339 683.2853079999999 348
1731064960453 686.447603 349
1731064970540 686.4657289999999 350
1731064980640 688.6690649999999 351
