1731061439878 0.00034600000000040154 0
1731061449936 0.04136200000000301 1
1731061459987 0.062470000000001136 2
1731061470052 0.34202700000000164 3
1731061480115 0.3513510000000011 4
1731061490183 0.44510000000000005 5
1731061500237 0.4768819999999998 6
1731061510293 0.6541060000000023 7
1731061520361 0.6918910000000018 8
1731061530451 0.7450490000000016 9
1731061540487 0.771211000000001 10
1731061550533 0.8245740000000019 11
1731061560583 0.8627450000000003 12
1731061570626 0.9079390000000025 13
1731061580678 0.9373980000000017 14
1731061590734 0.980753 15
1731061600809 1.0100600000000028 16
1731061610892 1.0574019999999997 17
1731061620960 1.063752000000001 18
1731061631028 1.113774000000003 19
1731061641093 1.1415059999999997 20
1731061651170 1.1839390000000023 21
1731061661227 1.1972730000000027 22
1731061671309 1.2409370000000024 23
1731061681394 1.2734430000000003 24
1731061691467 1.3156260000000017 25
1731061701532 1.3261420000000008 26
1731061711599 1.3662790000000022 27
1731061721666 1.4002620000000014 28
1731061731741 1.4711440000000024 29
1731061741815 1.482439000000003 30
1731061751904 1.528575 31
1731061761978 1.5821470000000026 32
1731061772059 1.6472120000000032 33
1731061782129 1.6561870000000027 34
1731061792212 1.701551000000002 35
1731061802268 1.7449399999999997 36
1731061812330 1.8027490000000022 37
1731061822382 1.8156630000000042 38
1731061832442 1.860706000000004 39
1731061842492 1.8861140000000027 40
1731061852556 1.902200000000004 41
1731061862633 2.218924000000005 42
1731061872698 2.2409810000000014 43
1731061882771 2.249786000000004 44
1731061892840 2.2740100000000005 45
1731061902912 2.284113999999999 46
1731061912987 2.3857239999999997 47
1731061923062 2.463867000000004 48
1731061933149 2.534752000000001 49
1731061943206 2.605245 50
1731061953286 2.6168020000000034 51
1731061963367 2.685184000000003 52
1731061973426 2.7427110000000035 53
1731061983481 2.7501750000000023 54
1731061993547 2.7923289999999987 55
1731062003620 2.821334000000004 56
1731062013690 2.8310199999999988 57
1731062023778 2.882915999999998 58
1731062033849 2.8974500000000027 59
1731062043923 2.9569849999999995 60
1731062053999 3.0119210000000045 61
1731062064081 3.0218780000000045 62
1731062074153 3.0736409999999985 63
1731062084254 3.095451999999998 64
1731062094332 3.1069250000000004 65
1731062104394 3.1359980000000043 66
1731062114452 3.1764930000000042 67
1731062124513 3.313829000000002 68
1731062134578 3.380053 69
1731062144638 3.4435400000000023 70
1731062154697 3.502849000000001 71
1731062164757 3.5646790000000017 72
1731062174836 3.6106580000000044 73
1731062184913 3.6211599999999997 74
1731062194986 3.6725670000000044 75
1731062205045 3.748234 76
1731062215128 3.763256000000002 77
1731062225211 3.7731829999999995 78
1731062235280 3.798919999999999 79
1731062245350 3.818965000000002 80
1731062255431 3.8266190000000044 81
1731062265524 3.834978000000003 82
1731062275608 3.8497069999999987 83
1731062285675 3.864611 84
1731062295771 3.904318 85
1731062305841 3.9282180000000047 86
1731062315942 3.937840000000005 87
1731062326021 3.9540010000000017 88
1731062336106 3.99249 89
1731062346170 4.021721000000003 90
1731062356232 4.034516 91
1731062366314 4.080669000000004 92
1731062376386 4.125082000000003 93
1731062386473 4.137052000000001 94
1731062396560 4.146407 95
1731062406648 4.175495999999999 96
1731062416720 4.1917890000000035 97
1731062426790 4.251314000000004 98
1731062436851 4.269098000000003 99
1731062446919 4.315754000000002 100
1731062456976 4.342986 101
1731062467057 4.398 102
1731062477145 4.405544000000003 103
1731062487227 4.4556020000000025 104
1731062497309 4.492176000000004 105
1731062507375 4.506674 106
1731062517464 4.523565000000001 107
1731062527543 4.530439000000005 108
1731062537629 4.540869000000004 109
1731062547713 4.550702000000005 110
1731062557764 4.599678999999998 111
1731062567849 4.614816999999999 112
1731062577923 4.664612000000002 113
1731062588014 4.711968000000002 114
1731062598088 4.730609000000005 115
1731062608170 4.769425000000002 116
1731062618255 4.807041999999999 117
1731062628347 4.818489000000003 118
1731062638440 4.873149999999999 119
1731062648519 4.920713000000003 120
1731062658601 4.972263000000002 121
1731062668683 5.0317240000000005 122
1731062678752 5.087399999999999 123
1731062688835 5.097145000000001 124
1731062698908 5.159737000000003 125
1731062709008 5.23085 126
1731062719091 5.294605999999998 127
1731062729174 5.352143000000002 128
1731062739255 5.40662 129
1731062749346 5.418811000000002 130
1731062759432 5.4628850000000035 131
1731062769519 5.470351000000004 132
1731062779586 5.513793000000003 133
1731062789654 5.558575999999999 134
1731062799742 5.635812000000005 135
1731062809825 5.653462999999999 136
1731062819917 5.667919999999999 137
1731062830011 5.785125000000004 138
1731062840109 5.862142000000002 139
1731062850178 5.885489000000003 140
1731062860261 5.932987999999998 141
1731062870348 5.981274000000003 142
1731062880431 6.0356540000000045 143
1731062890525 6.042283999999999 144
1731062900610 6.093892 145
1731062910681 6.122969999999999 146
1731062920773 6.158978000000001 147
1731062930864 6.188508000000002 148
1731062940943 6.2307900000000025 149
1731062951040 6.238636000000003 150
1731062961150 6.278175999999998 151
1731062971250 6.32151 152
1731062981343 6.394493000000001 153
1731062991433 6.448902 154
1731063001526 6.525407000000005 155
1731063011624 6.5831669999999995 156
1731063021708 6.600503 157
1731063031800 6.654641999999999 158
1731063041897 6.6971020000000046 159
1731063051973 6.707839000000003 160
1731063062054 6.751140000000003 161
1731063072142 6.792159999999999 162
1731063082240 6.806815000000004 163
1731063092331 6.854687000000002 164
1731063102419 6.863854 165
1731063112516 6.87942 166
1731063122597 6.929980000000004 167
1731063132699 6.990511999999999 168
1731063142797 7.000028000000004 169
1731063153321 7.007372 170
1731063163415 7.065670999999998 171
1731063173496 7.072347000000004 172
1731063183570 7.113845000000001 173
1731063193647 7.163169 174
1731063203715 7.185283000000002 175
1731063213800 7.236557000000001 176
1731063223881 7.277722000000001 177
1731063233977 7.287741999999998 178
1731063244070 7.361132000000001 179
1731063254158 7.372532000000003 180
1731063264238 7.440231999999998 181
1731063274299 7.503834999999999 182
1731063284376 7.533009000000003 183
1731063294461 7.587970000000002 184
1731063304553 7.779382000000002 185
1731063314628 7.845656999999999 186
1731063324693 7.906455000000005 187
1731063334780 7.959922000000002 188
1731063344867 8.023472000000002 189
1731063354958 8.061256000000004 190
1731063365033 8.103981999999998 191
1731063375108 8.115800000000004 192
1731063385199 8.164497 193
1731063395290 8.209860000000003 194
1731063405391 8.221461000000001 195
1731063415483 8.257571000000002 196
1731063425568 8.275980999999998 197
1731063435663 8.314786000000002 198
1731063445755 8.344491000000001 199
1731063455836 8.377154 200
1731063465934 8.396197000000004 201
1731063476029 8.428062999999998 202
1731063486128 8.463911 203
1731063496218 8.475461 204
1731063506296 8.518556 205
1731063516393 8.551263000000002 206
1731063526487 8.562788000000001 207
1731063536591 8.601496999999998 208
1731063546673 8.632864000000001 209
1731063556783 8.642288000000004 210
1731063566878 8.672185000000002 211
1731063576969 8.708465 212
1731063587060 8.726723000000003 213
1731063597150 8.765007999999998 214
1731063607238 8.818808 215
1731063617349 8.832201999999999 216
1731063627457 8.856601000000001 217
1731063637549 8.881173 218
1731063647644 8.930789 219
1731063657724 8.937407000000004 220
1731063667829 8.985257 221
1731063677929 9.008440000000004 222
1731063688035 9.032461000000001 223
1731063698126 9.061754000000004 224
1731063708223 9.078683000000002 225
1731063718326 9.088503 226
1731063728425 9.096041000000003 227
1731063738523 9.113867000000003 228
1731063748625 9.132407000000004 229
1731063758725 9.141641000000003 230
1731063768808 9.152124000000004 231
1731063778897 9.515344000000002 232
1731063788987 9.654230000000002 233
1731063799090 9.660712 234
1731063809190 9.684733000000005 235
1731063819291 9.700013000000002 236
1731063829382 9.884246999999998 237
1731063839482 9.909718999999999 238
1731063849582 9.918620999999998 239
1731063859674 9.969001000000002 240
1731063869780 10.003781 241
1731063879871 10.021421 242
1731063889987 10.050574000000001 243
1731063900088 10.066962 244
1731063910183 10.109276000000005 245
1731063920270 10.154675000000001 246
1731063930380 10.319483000000002 247
1731063940468 10.365390000000001 248
1731063950558 10.429223000000004 249
1731063960653 10.448239000000004 250
1731063970733 10.456430999999998 251
1731063980849 10.481840000000002 252
1731063990953 10.493123999999998 253
1731064001053 10.512395999999999 254
1731064011158 10.539744000000002 255
1731064021263 10.558978 256
1731064031352 10.572705000000003 257
1731064041441 10.582812999999998 258
1731064051543 10.601906000000003 259
1731064061645 10.640716000000001 260
1731064071725 10.652992000000001 261
1731064081828 10.674245000000003 262
1731064091925 10.702205000000003 263
1731064102030 10.747454000000001 264
1731064112135 10.757172999999998 265
1731064122234 10.819230999999998 266
1731064132339 10.86169 267
1731064142425 10.878497 268
1731064152510 11.011209000000004 269
1731064162604 11.079011000000005 270
1731064172707 11.306263000000005 271
1731064182806 11.433091999999998 272
1731064192873 11.455741 273
1731064202985 11.500003000000003 274
1731064213073 11.630483000000002 275
1731064223190 11.706734999999998 276
1731064233282 11.721981000000003 277
1731064243387 11.738914000000005 278
1731064253499 11.745791999999998 279
1731064263589 11.762381000000001 280
1731064273696 11.769673000000001 281
1731064283792 11.784378 282
1731064293897 11.797312999999999 283
1731064303985 11.822356000000003 284
1731064314080 11.832863 285
1731064324174 11.840491000000004 286
1731064334286 11.852751000000001 287
1731064344404 11.865503 288
1731064354508 11.875629 289
1731064364606 11.920742 290
1731064374675 11.928304999999998 291
1731064384800 11.963113000000003 292
1731064394922 12.009617000000002 293
1731064405023 12.050664999999999 294
1731064415125 12.061347000000001 295
1731064425211 12.105393000000003 296
1731064435306 12.115756000000001 297
1731064445426 12.173922999999998 298
1731064455534 12.207543000000005 299
1731064465644 12.226849000000005 300
1731064475743 12.279793999999999 301
1731064485831 12.328449000000003 302
1731064495913 12.337421000000003 303
1731064506002 12.382399000000003 304
1731064516108 12.426691000000002 305
1731064526205 12.503539 306
1731064536296 12.533611000000004 307
1731064546391 12.543727 308
1731064556503 12.576467000000005 309
1731064566596 12.628282000000002 310
1731064576682 12.670473000000005 311
1731064586773 12.681159000000005 312
1731064596867 12.724476 313
1731064606984 12.760271 314
1731064617096 12.767447 315
1731064627212 12.792418000000001 316
1731064637301 12.810711000000001 317
1731064647430 12.850252999999999 318
1731064657538 12.89332 319
1731064667634 12.901056 320
1731064677748 12.975136000000003 321
1731064687855 12.985184 322
1731064697959 12.995312000000002 323
1731064708040 13.006699999999999 324
1731064718149 13.025155999999999 325
1731064728269 13.034706000000003 326
1731064738348 13.049088000000001 327
1731064748448 13.110696 328
1731064758560 13.160461000000002 329
1731064768658 13.169058000000003 330
1731064778763 13.217603999999998 331
1731064788841 13.257814 332
1731064798926 13.276418000000003 333
1731064809037 13.344541000000003 334
1731064819104 13.385092000000004 335
1731064829188 13.400301000000002 336
1731064839262 13.441574 337
1731064849328 13.456361000000005 338
1731064859404 13.466155000000004 339
1731064869522 13.520018000000004 340
1731064879597 13.529062 341
1731064889696 13.552094 342
1731064899807 13.570423000000002 343
1731064909916 13.650659000000001 344
1731064920028 13.691336000000003 345
1731064930132 13.744139 346
1731064940225 13.785821000000002 347
1731064950339 13.793239000000003 348
1731064960453 13.831064999999999 349
1731064970540 13.849687 350
1731064980640 13.876662 351
