1731061439878 25.1 0
1731061449936 46.3 1
1731061459987 58.4 2
1731061470052 60.7 3
1731061480115 62.5 4
1731061490183 64.6 5
1731061500237 66.6 6
1731061510293 69.7 7
1731061520361 71.8 8
1731061530451 75.4 9
1731061540487 60.2 10
1731061550533 61.8 11
1731061560583 63.7 12
1731061570626 65.6 13
1731061580678 67.7 14
1731061590734 70.3 15
1731061600809 73.2 16
1731061610892 75.7 17
1731061620960 62.6 18
1731061631028 64.2 19
1731061641093 66.2 20
1731061651170 67.2 21
1731061661227 69.4 22
1731061671309 70.9 23
1731061681394 73.1 24
1731061691467 75.0 25
1731061701532 61.4 26
1731061711599 62.8 27
1731061721666 64.9 28
1731061731741 67.0 29
1731061741815 69.1 30
1731061751904 70.7 31
1731061761978 72.6 32
1731061772059 74.0 33
1731061782129 91.2 34
1731061792212 61.7 35
1731061802268 66.9 36
1731061812330 64.6 37
1731061822382 66.0 38
1731061832442 68.3 39
1731061842492 70.2 40
1731061852556 72.5 41
1731061862633 75.2 42
1731061872698 77.1 43
1731061882771 61.4 44
1731061892840 63.0 45
1731061902912 64.9 46
1731061912987 65.3 47
1731061923062 67.2 48
1731061933149 69.1 49
1731061943206 70.5 50
1731061953286 71.6 51
1731061963367 74.2 52
1731061973426 91.6 53
1731061983481 63.1 54
1731061993547 64.9 55
1731062003620 66.3 56
1731062013690 67.1 57
1731062023778 68.3 58
1731062033849 70.2 59
1731062043923 72.6 60
1731062053999 73.9 61
1731062064081 75.1 62
1731062074153 76.5 63
1731062084254 62.3 64
1731062094332 64.1 65
1731062104394 66.1 66
1731062114452 67.0 67
1731062124513 65.2 68
1731062134578 67.0 69
1731062144638 70.6 70
1731062154697 72.7 71
1731062164757 74.5 72
1731062174836 75.8 73
1731062184913 90.3 74
1731062194986 63.1 75
1731062205045 64.5 76
1731062215128 65.6 77
1731062225211 58.5 78
1731062235280 64.9 79
1731062245350 66.6 80
1731062255431 68.6 81
1731062265524 70.4 82
1731062275608 71.8 83
1731062285675 75.1 84
1731062295771 61.2 85
1731062305841 62.6 86
1731062315942 65.0 87
1731062326021 67.1 88
1731062336106 69.2 89
1731062346170 70.4 90
1731062356232 71.4 91
1731062366314 73.9 92
1731062376386 77.2 93
1731062386473 62.3 94
1731062396560 61.4 95
1731062406648 63.0 96
1731062416720 64.9 97
1731062426790 67.3 98
1731062436851 68.7 99
1731062446919 70.1 100
1731062456976 71.9 101
1731062467057 73.8 102
1731062477145 60.7 103
1731062487227 62.7 104
1731062497309 64.4 105
1731062507375 66.3 106
1731062517464 68.5 107
1731062527543 70.9 108
1731062537629 72.9 109
1731062547713 81.7 110
1731062557764 60.8 111
1731062567849 62.6 112
1731062577923 64.2 113
1731062588014 65.4 114
1731062598088 66.6 115
1731062608170 68.5 116
1731062618255 73.1 117
1731062628347 71.6 118
1731062638440 73.6 119
1731062648519 76.4 120
1731062658601 61.7 121
1731062668683 62.2 122
1731062678752 64.2 123
1731062688835 66.2 124
1731062698908 67.7 125
1731062709008 68.3 126
1731062719091 69.0 127
1731062729174 70.3 128
1731062739255 72.2 129
1731062749346 73.5 130
1731062759432 82.7 131
1731062769519 61.9 132
1731062779586 64.0 133
1731062789654 66.1 134
1731062799742 69.2 135
1731062809825 71.9 136
1731062819917 74.4 137
1731062830011 75.4 138
1731062840109 76.5 139
1731062850178 78.4 140
1731062860261 90.1 141
1731062870348 62.4 142
1731062880431 63.6 143
1731062890525 65.6 144
1731062900610 66.4 145
1731062910681 62.4 146
1731062920773 69.6 147
1731062930864 71.3 148
1731062940943 72.7 149
1731062951040 74.7 150
1731062961150 76.2 151
1731062971250 76.7 152
1731062981343 62.8 153
1731062991433 64.2 154
1731063001526 65.6 155
1731063011624 66.7 156
1731063021708 68.9 157
1731063031800 70.6 158
1731063041897 72.8 159
1731063051973 74.9 160
1731063062054 90.8 161
1731063072142 62.7 162
1731063082240 64.7 163
1731063092331 66.5 164
1731063102419 68.0 165
1731063112516 69.5 166
1731063122597 71.1 167
1731063132699 72.0 168
1731063142797 73.5 169
1731063153321 71.1 170
1731063163415 73.7 171
1731063173496 59.5 172
1731063183570 61.1 173
1731063193647 63.2 174
1731063203715 65.5 175
1731063213800 66.6 176
1731063223881 67.3 177
1731063233977 63.6 178
1731063244070 71.1 179
1731063254158 71.0 180
1731063264238 72.6 181
1731063274299 73.5 182
1731063284376 77.1 183
1731063294461 76.2 184
1731063304553 77.5 185
1731063314628 62.1 186
1731063324693 62.9 187
1731063334780 64.1 188
1731063344867 65.1 189
1731063354958 65.4 190
1731063365033 72.1 191
1731063375108 68.0 192
1731063385199 70.7 193
1731063395290 69.4 194
1731063405391 70.4 195
1731063415483 72.1 196
1731063425568 72.9 197
1731063435663 74.2 198
1731063445755 75.5 199
1731063455836 76.0 200
1731063465934 76.7 201
1731063476029 77.3 202
1731063486128 92.7 203
1731063496218 63.3 204
1731063506296 67.4 205
1731063516393 59.9 206
1731063526487 66.4 207
1731063536591 68.2 208
1731063546673 64.4 209
1731063556783 70.1 210
1731063566878 71.9 211
1731063576969 74.1 212
1731063587060 75.5 213
1731063597150 75.9 214
1731063607238 78.9 215
1731063617349 77.0 216
1731063627457 63.6 217
1731063637549 65.7 218
1731063647644 67.7 219
1731063657724 69.9 220
1731063667829 71.4 221
1731063677929 71.7 222
1731063688035 69.3 223
1731063698126 74.6 224
1731063708223 81.9 225
1731063718326 77.1 226
1731063728425 63.4 227
1731063738523 65.3 228
1731063748625 67.2 229
1731063758725 71.8 230
1731063768808 69.6 231
1731063778897 61.6 232
1731063788987 68.0 233
1731063799090 70.4 234
1731063809190 74.2 235
1731063819291 59.1 236
1731063829382 59.7 237
1731063839482 59.9 238
1731063849582 60.9 239
1731063859674 62.9 240
1731063869780 64.9 241
1731063879871 67.5 242
1731063889987 67.7 243
1731063900088 63.1 244
1731063910183 70.5 245
1731063920270 71.4 246
1731063930380 72.7 247
1731063940468 61.1 248
1731063950558 61.1 249
1731063960653 63.5 250
1731063970733 65.6 251
1731063980849 67.1 252
1731063990953 67.9 253
1731064001053 68.8 254
1731064011158 70.0 255
1731064021263 71.0 256
1731064031352 72.1 257
1731064041441 73.1 258
1731064051543 59.4 259
1731064061645 60.5 260
1731064071725 61.0 261
1731064081828 68.1 262
1731064091925 63.5 263
1731064102030 64.6 264
1731064112135 65.9 265
1731064122234 67.3 266
1731064132339 69.8 267
1731064142425 72.7 268
1731064152510 77.1 269
1731064162604 91.1 270
1731064172707 59.3 271
1731064182806 61.6 272
1731064192873 63.6 273
1731064202985 65.5 274
1731064213073 67.9 275
1731064223190 66.8 276
1731064233282 68.0 277
1731064243387 68.6 278
1731064253499 70.8 279
1731064263589 73.2 280
1731064273696 59.1 281
1731064283792 60.8 282
1731064293897 64.0 283
1731064303985 59.5 284
1731064314080 64.6 285
1731064324174 66.3 286
1731064334286 67.2 287
1731064344404 68.5 288
1731064354508 69.3 289
1731064364606 72.2 290
1731064374675 75.6 291
1731064384800 60.5 292
1731064394922 61.4 293
1731064405023 62.6 294
1731064415125 63.3 295
1731064425211 61.2 296
1731064435306 65.2 297
1731064445426 67.4 298
1731064455534 68.2 299
1731064465644 70.4 300
1731064475743 71.2 301
1731064485831 72.7 302
1731064495913 74.2 303
1731064506002 76.8 304
1731064516108 61.4 305
1731064526205 63.0 306
1731064536296 64.5 307
1731064546391 65.4 308
1731064556503 66.8 309
1731064566596 63.0 310
1731064576682 69.3 311
1731064586773 71.3 312
1731064596867 71.6 313
1731064606984 72.9 314
1731064617096 74.8 315
1731064627212 54.6 316
1731064637301 61.6 317
1731064647430 62.5 318
1731064657538 63.1 319
1731064667634 68.0 320
1731064677748 65.0 321
1731064687855 65.5 322
1731064697959 67.8 323
1731064708040 68.3 324
1731064718149 72.3 325
1731064728269 71.0 326
1731064738348 73.5 327
1731064748448 75.1 328
1731064758560 75.6 329
1731064768658 62.3 330
1731064778763 63.5 331
1731064788841 64.0 332
1731064798926 66.0 333
1731064809037 67.2 334
1731064819104 69.0 335
1731064829188 68.5 336
1731064839262 70.9 337
1731064849328 73.1 338
1731064859404 73.0 339
1731064869522 75.5 340
1731064879597 77.2 341
1731064889696 66.4 342
1731064899807 66.8 343
1731064909916 67.0 344
1731064920028 68.4 345
1731064930132 64.5 346
1731064940225 71.8 347
1731064950339 74.0 348
1731064960453 74.7 349
1731064970540 76.5 350
1731064980640 78.0 351
