1730991055584 0.0 0
1730991065635 13.4 1
1730991075705 9.4 2
1730991085763 13.8 3
1730991095818 11.8 4
1730991105881 12.0 5
1730991115941 10.4 6
1730991126007 10.1 7
1730991136075 12.1 8
1730991146147 11.7 9
1730991156208 9.9 10
1730991166281 10.4 11
1730991176344 10.5 12
1730991186406 12.1 13
1730991196452 11.7 14
1730991206533 11.4 15
1730991216601 11.1 16
1730991226665 14.4 17
1730991236750 12.8 18
1730991246816 11.2 19
1730991256889 9.5 20
1730991266971 13.0 21
1730991277033 11.7 22
1730991287111 11.9 23
1730991297178 12.5 24
1730991307226 11.3 25
1730991317294 12.5 26
1730991327380 11.2 27
1730991337459 14.0 28
1730991347519 9.0 29
1730991357592 11.1 30
1730991367676 11.1 31
1730991377760 8.8 32
1730991387826 8.8 33
1730991397907 8.1 34
1730991407990 10.9 35
1730991418075 8.9 36
1730991428146 7.9 37
1730991438235 8.0 38
1730991448308 11.1 39
1730991458374 8.2 40
1730991468463 7.6 41
1730991478538 11.5 42
1730991488618 11.2 43
1730991498680 11.3 44
1730991508749 11.4 45
1730991518835 7.9 46
1730991528909 8.9 47
1730991538992 9.3 48
1730991549065 8.0 49
1730991559142 11.2 50
1730991569224 8.9 51
1730991579305 8.9 52
1730991589371 7.0 53
1730991599445 13.2 54
1730991609497 11.2 55
1730991619578 12.8 56
1730991629670 13.5 57
1730991639754 13.2 58
1730991649822 9.7 59
1730991659895 16.0 60
1730991669968 10.2 61
1730991680054 7.4 62
1730991690129 11.4 63
1730991700197 10.1 64
1730991710287 10.0 65
1730991720339 11.4 66
1730991730393 10.1 67
1730991740489 12.8 68
1730991750565 8.5 69
1730991760964 9.4 70
1730991771035 13.6 71
1730991781112 12.0 72
1730991791193 9.2 73
1730991801284 12.2 74
1730991811349 11.3 75
1730991821419 12.0 76
1730991831481 10.3 77
1730991841559 12.4 78
1730991851618 10.5 79
1730991861687 7.8 80
1730991871773 9.3 81
1730991881863 11.7 82
1730991891939 11.4 83
1730991901993 7.8 84
1730991912062 11.9 85
1730991922157 12.2 86
1730991932236 9.1 87
1730991942322 11.5 88
1730991952388 13.2 89
1730991962456 11.5 90
1730991972539 9.1 91
1730991982598 8.7 92
1730991992665 11.0 93
1730992002748 7.8 94
1730992012825 10.9 95
1730992022905 7.2 96
1730992033061 9.9 97
1730992043147 7.2 98
1730992053225 9.1 99
1730992063306 10.8 100
1730992073401 8.6 101
1730992083472 7.8 102
1730992093572 9.8 103
1730992103668 10.1 104
1730992113759 6.9 105
1730992123846 8.9 106
1730992133922 8.0 107
1730992143991 11.3 108
1730992154085 11.5 109
1730992164170 6.4 110
1730992174255 7.8 111
1730992184349 7.3 112
1730992194423 7.5 113
1730992204509 8.8 114
1730992214604 8.0 115
1730992224684 8.9 116
1730992234769 7.1 117
1730992244859 10.1 118
1730992254919 9.9 119
1730992264988 7.2 120
1730992275053 8.4 121
1730992285105 6.9 122
1730992295175 7.0 123
1730992305247 10.1 124
1730992315315 6.9 125
1730992325376 7.5 126
1730992335462 8.9 127
1730992345541 9.3 128
1730992355635 8.6 129
1730992365727 8.2 130
1730992375803 8.7 131
1730992385873 6.9 132
1730992395965 9.6 133
1730992406042 7.9 134
1730992416122 7.0 135
1730992426202 9.5 136
1730992436278 11.2 137
1730992446384 7.1 138
1730992456473 8.8 139
1730992466563 7.4 140
1730992476636 7.7 141
1730992486744 8.1 142
1730992496835 7.9 143
1730992506930 9.4 144
1730992517024 8.0 145
1730992527107 8.3 146
1730992537193 9.1 147
1730992547261 7.0 148
1730992557362 6.2 149
1730992567452 8.8 150
1730992577518 9.6 151
1730992587605 8.7 152
1730992597701 8.3 153
1730992607783 10.9 154
1730992617860 7.6 155
1730992627945 7.0 156
1730992638035 7.4 157
1730992648121 9.9 158
1730992658212 9.3 159
1730992668299 8.0 160
1730992678402 8.3 161
1730992688495 7.3 162
1730992698587 9.0 163
1730992708675 6.9 164
1730992718767 8.0 165
1730992728852 9.9 166
1730992738947 8.1 167
1730992749054 8.8 168
1730992759146 7.0 169
1730992769252 9.8 170
1730992779334 7.4 171
1730992789422 8.8 172
1730992799503 9.0 173
1730992809605 7.5 174
1730992819671 9.8 175
1730992829763 9.7 176
1730992839849 7.4 177
1730992849947 8.3 178
1730992860034 7.7 179
1730992870120 10.6 180
1730992880202 10.7 181
1730992890314 11.2 182
1730992900381 8.2 183
1730992910462 10.2 184
1730992920542 7.5 185
1730992930647 10.2 186
1730992940731 10.0 187
1730992950816 9.9 188
1730992960913 5.7 189
1730992971023 10.4 190
1730992981118 11.0 191
1730992991206 10.4 192
1730993001315 8.0 193
1730993011399 8.0 194
1730993021503 10.1 195
1730993031619 10.6 196
1730993041710 11.2 197
1730993051813 10.5 198
1730993061915 7.3 199
1730993072029 10.3 200
1730993082135 10.4 201
1730993092225 10.6 202
1730993102345 9.8 203
1730993112447 8.0 204
1730993122550 10.5 205
1730993132655 10.5 206
1730993142749 10.6 207
1730993152853 8.1 208
1730993162939 10.0 209
1730993173050 10.3 210
1730993183146 10.5 211
1730993193238 11.2 212
1730993203344 8.4 213
1730993213437 14.8 214
1730993223540 12.7 215
1730993233652 12.5 216
1730993243757 11.9 217
1730993253862 11.8 218
1730993263965 11.5 219
1730993274066 11.8 220
1730993284172 12.1 221
1730993294257 12.6 222
1730993304347 10.0 223
1730993314450 13.4 224
1730993324542 11.8 225
1730993334646 12.6 226
1730993344748 11.7 227
1730993354851 7.9 228
1730993364951 10.9 229
1730993375040 11.1 230
1730993385148 12.1 231
1730993395255 15.2 232
1730993405353 10.7 233
1730993415439 13.4 234
1730993425540 12.0 235
1730993435660 12.1 236
1730993445754 12.2 237
1730993455873 9.0 238
1730993465978 10.7 239
1730993476085 12.3 240
1730993486192 12.4 241
1730993496694 12.4 242
1730993506789 12.9 243
1730993516893 10.8 244
1730993526997 11.7 245
1730993537067 11.7 246
1730993547143 11.8 247
1730993557225 11.8 248
1730993567293 8.4 249
1730993577369 11.4 250
1730993587436 11.3 251
1730993597519 11.2 252
1730993607631 11.2 253
1730993617704 10.9 254
1730993627798 9.0 255
1730993637882 11.6 256
1730993647971 11.6 257
1730993658068 11.5 258
1730993668168 11.7 259
1730993678259 8.7 260
1730993688383 11.4 261
1730993698480 11.5 262
1730993708568 11.0 263
1730993718675 11.0 264
1730993728775 11.0 265
1730993738889 9.0 266
1730993748994 11.2 267
1730993759106 12.4 268
1730993769211 12.3 269
1730993779321 11.4 270
1730993789421 8.8 271
1730993799546 11.9 272
1730993809648 11.6 273
1730993819743 11.8 274
1730993829865 11.8 275
1730993839955 9.2 276
1730993850033 10.8 277
1730993860143 11.5 278
1730993870251 11.6 279
1730993880360 12.4 280
1730993890462 11.2 281
1730993900570 9.3 282
1730993910690 11.9 283
1730993920781 11.9 284
1730993930898 11.8 285
1730993940985 12.6 286
1730993951088 9.0 287
1730993961171 11.9 288
1730993971248 12.1 289
1730993981338 12.1 290
1730993991446 13.4 291
1730994001521 13.2 292
1730994011624 10.0 293
1730994021715 12.1 294
1730994031781 12.7 295
1730994041853 11.6 296
1730994051927 11.6 297
1730994062022 11.7 298
1730994072099 12.0 299
1730994082200 11.7 300
1730994092287 11.8 301
1730994102385 12.3 302
1730994112497 10.3 303
1730994122613 10.5 304
1730994132730 11.3 305
1730994142848 11.8 306
1730994153097 11.7 307
1730994163206 11.9 308
1730994173315 10.1 309
1730994183436 11.8 310
1730994193554 11.7 311
1730994203657 11.9 312
1730994213745 11.3 313
1730994223846 9.5 314
1730994233966 14.1 315
1730994244087 13.8 316
1730994254248 12.1 317
1730994264363 11.9 318
1730994274429 8.9 319
1730994284502 11.6 320
1730994294566 12.4 321
1730994304646 12.2 322
1730994314714 12.1 323
1730994324799 11.2 324
1730994334880 13.9 325
1730994344960 12.3 326
1730994355038 12.2 327
1730994365125 12.2 328
1730994375203 9.1 329
1730994385277 11.9 330
1730994395362 12.1 331
1730994405427 11.9 332
1730994415505 11.9 333
1730994425586 9.0 334
1730994435661 12.0 335
1730994445744 12.0 336
1730994455854 12.2 337
1730994465970 11.8 338
1730994476070 9.3 339
1730994486180 11.9 340
1730994496320 11.8 341
1730994506434 12.2 342
1730994516551 11.3 343
1730994526663 12.0 344
1730994536770 15.9 345
1730994546891 15.6 346
1730994557077 13.6 347
1730994567180 14.9 348
1730994577300 13.3 349
1730994587437 14.7 350
1730994597533 13.0 351
1730994607653 12.1 352
1730994617769 10.9 353
1730994627881 10.0 354
1730994637999 12.2 355
1730994648118 13.8 356
1730994658235 15.7 357
1730994668354 10.6 358
1730994678474 13.6 359
1730994688598 12.4 360
1730994698708 12.0 361
1730994708834 11.7 362
1730994718957 9.2 363
1730994729064 12.1 364
1730994739190 12.5 365
1730994749306 12.1 366
1730994759429 12.6 367
1730994769544 12.1 368
1730994779671 13.0 369
1730994789790 12.8 370
1730994799910 14.3 371
1730994810040 12.5 372
1730994820145 12.9 373
1730994830257 9.3 374
1730994840375 11.5 375
1730994850458 12.0 376
1730994860567 12.4 377
1730994870641 12.9 378
1730994880714 13.0 379
1730994890805 9.4 380
1730994900918 13.0 381
1730994911025 12.9 382
1730994921140 12.1 383
1730994931240 12.0 384
