1730991055584 121225.8 0
1730991065635 121225.8 1
1730991075705 121225.8 2
1730991085763 121231.9 3
1730991095818 121231.9 4
1730991105881 121231.8 5
1730991115941 121229.7 6
1730991126007 121229.6 7
1730991136075 121229.6 8
1730991146147 121229.6 9
1730991156208 121229.6 10
1730991166281 121229.8 11
1730991176344 121229.6 12
1730991186406 121229.6 13
1730991196452 121229.6 14
1730991206533 121229.6 15
1730991216601 121216.4 16
1730991226665 121216.2 17
1730991236750 121217.3 18
1730991246816 121217.3 19
1730991256889 121217.4 20
1730991266971 121220.4 21
1730991277033 121221.0 22
1730991287111 121221.3 23
1730991297178 121221.9 24
1730991307226 121227.8 25
1730991317294 121233.7 26
1730991327380 121233.7 27
1730991337459 121223.5 28
1730991347519 121223.6 29
1730991357592 121223.6 30
1730991367676 121224.1 31
1730991377760 121224.1 32
1730991387826 121224.1 33
1730991397907 121224.1 34
1730991407990 121226.8 35
1730991418075 121226.8 36
1730991428146 121226.8 37
1730991438235 121226.8 38
1730991448308 121226.8 39
1730991458374 121226.8 40
1730991468463 121226.8 41
1730991478538 121226.9 42
1730991488618 121226.9 43
1730991498680 121226.9 44
1730991508749 121226.9 45
1730991518835 121226.9 46
1730991528909 121226.9 47
1730991538992 121226.9 48
1730991549065 121226.9 49
1730991559142 121227.0 50
1730991569224 121227.0 51
1730991579305 121227.0 52
1730991589371 121227.1 53
1730991599445 121234.7 54
1730991609497 121221.6 55
1730991619578 121224.8 56
1730991629670 121232.9 57
1730991639754 121229.7 58
1730991649822 121235.2 59
1730991659895 121222.3 60
1730991669968 121225.8 61
1730991680054 121225.8 62
1730991690129 121225.9 63
1730991700197 121233.0 64
1730991710287 121233.1 65
1730991720339 121233.2 66
1730991730393 121228.7 67
1730991740489 121229.7 68
1730991750565 121229.6 69
1730991760964 121229.7 70
1730991771035 121229.7 71
1730991781112 121229.7 72
1730991791193 121229.8 73
1730991801284 121229.8 74
1730991811349 121229.8 75
1730991821419 121229.8 76
1730991831481 121235.3 77
1730991841559 121235.3 78
1730991851618 121235.3 79
1730991861687 121235.3 80
1730991871773 121235.3 81
1730991881863 121235.4 82
1730991891939 121235.7 83
1730991901993 121235.6 84
1730991912062 121235.8 85
1730991922157 121235.7 86
1730991932236 121235.8 87
1730991942322 121235.6 88
1730991952388 121235.7 89
1730991962456 121235.7 90
1730991972539 121235.7 91
1730991982598 121235.7 92
1730991992665 121235.7 93
1730992002748 121235.7 94
1730992012825 121235.7 95
1730992022905 121235.7 96
1730992033061 121235.8 97
1730992043147 121235.8 98
1730992053225 121235.8 99
1730992063306 121235.9 100
1730992073401 121235.9 101
1730992083472 121235.9 102
1730992093572 121235.9 103
1730992103668 121235.9 104
1730992113759 121235.9 105
1730992123846 121235.9 106
1730992133922 121235.9 107
1730992143991 121236.0 108
1730992154085 121236.0 109
1730992164170 121236.0 110
1730992174255 121236.0 111
1730992184349 121236.0 112
1730992194423 121236.0 113
1730992204509 121236.0 114
1730992214604 121244.4 115
1730992224684 121244.4 116
1730992234769 121244.4 117
1730992244859 121244.5 118
1730992254919 121244.5 119
1730992264988 121244.5 120
1730992275053 121244.5 121
1730992285105 121244.5 122
1730992295175 121244.5 123
1730992305247 121244.5 124
1730992315315 121244.6 125
1730992325376 121244.6 126
1730992335462 121244.6 127
1730992345541 121244.6 128
1730992355635 121244.6 129
1730992365727 121244.6 130
1730992375803 121244.7 131
1730992385873 121244.7 132
1730992395965 121244.7 133
1730992406042 121244.7 134
1730992416122 121244.7 135
1730992426202 121244.7 136
1730992436278 121244.7 137
1730992446384 121244.7 138
1730992456473 121244.7 139
1730992466563 121244.8 140
1730992476636 121244.8 141
1730992486744 121244.8 142
1730992496835 121244.8 143
1730992506930 121244.8 144
1730992517024 121244.8 145
1730992527107 121244.8 146
1730992537193 121244.8 147
1730992547261 121244.9 148
1730992557362 121244.9 149
1730992567452 121244.9 150
1730992577518 121244.9 151
1730992587605 121244.9 152
1730992597701 121244.9 153
1730992607783 121244.9 154
1730992617860 121244.9 155
1730992627945 121245.0 156
1730992638035 121245.0 157
1730992648121 121245.0 158
1730992658212 121245.0 159
1730992668299 121245.0 160
1730992678402 121245.0 161
1730992688495 121245.0 162
1730992698587 121245.0 163
1730992708675 121245.1 164
1730992718767 121245.2 165
1730992728852 121245.2 166
1730992738947 121245.2 167
1730992749054 121245.2 168
1730992759146 121245.2 169
1730992769252 121245.2 170
1730992779334 121245.2 171
1730992789422 121245.2 172
1730992799503 121245.2 173
1730992809605 121245.3 174
1730992819671 121245.3 175
1730992829763 121245.3 176
1730992839849 121245.3 177
1730992849947 121245.3 178
1730992860034 121245.3 179
1730992870120 121245.3 180
1730992880202 121245.4 181
1730992890314 121245.4 182
1730992900381 121245.4 183
1730992910462 121245.4 184
1730992920542 121245.4 185
1730992930647 121245.4 186
1730992940731 121245.4 187
1730992950816 121245.4 188
1730992960913 121245.4 189
1730992971023 121245.5 190
1730992981118 121245.5 191
1730992991206 121245.5 192
1730993001315 121245.5 193
1730993011399 121245.5 194
1730993021503 121245.5 195
1730993031619 121245.5 196
1730993041710 121245.5 197
1730993051813 121245.5 198
1730993061915 121245.6 199
1730993072029 121245.6 200
1730993082135 121245.6 201
1730993092225 121245.6 202
1730993102345 121245.6 203
1730993112447 121245.6 204
1730993122550 121245.6 205
1730993132655 121245.6 206
1730993142749 121245.6 207
1730993152853 121245.7 208
1730993162939 121245.7 209
1730993173050 121245.7 210
1730993183146 121245.7 211
1730993193238 121245.7 212
1730993203344 121245.7 213
1730993213437 121231.1 214
1730993223540 121234.4 215
1730993233652 121219.3 216
1730993243757 121219.4 217
1730993253862 121220.2 218
1730993263965 121220.2 219
1730993274066 121220.2 220
1730993284172 121220.2 221
1730993294257 121220.3 222
1730993304347 121220.3 223
1730993314450 121220.3 224
1730993324542 121220.3 225
1730993334646 121220.3 226
1730993344748 121220.4 227
1730993354851 121220.4 228
1730993364951 121220.4 229
1730993375040 121220.4 230
1730993385148 121220.4 231
1730993395255 121221.2 232
1730993405353 121221.2 233
1730993415439 121221.2 234
1730993425540 121221.2 235
1730993435660 121221.2 236
1730993445754 121221.2 237
1730993455873 121221.3 238
1730993465978 121221.3 239
1730993476085 121221.3 240
1730993486192 121221.3 241
1730993496694 121221.3 242
1730993506789 121219.5 243
1730993516893 121219.5 244
1730993526997 121219.5 245
1730993537067 121219.5 246
1730993547143 121219.5 247
1730993557225 121234.0 248
1730993567293 121234.0 249
1730993577369 121234.0 250
1730993587436 121234.0 251
1730993597519 121234.0 252
1730993607631 121234.0 253
1730993617704 121234.0 254
1730993627798 121234.0 255
1730993637882 121234.1 256
1730993647971 121234.1 257
1730993658068 121234.1 258
1730993668168 121234.1 259
1730993678259 121234.1 260
1730993688383 121234.1 261
1730993698480 121234.1 262
1730993708568 121234.1 263
1730993718675 121234.1 264
1730993728775 121234.2 265
1730993738889 121234.2 266
1730993748994 121234.2 267
1730993759106 121234.2 268
1730993769211 121234.2 269
1730993779321 121234.2 270
1730993789421 121234.2 271
1730993799546 121234.4 272
1730993809648 121234.4 273
1730993819743 121234.4 274
1730993829865 121234.4 275
1730993839955 121234.4 276
1730993850033 121234.4 277
1730993860143 121234.4 278
1730993870251 121234.4 279
1730993880360 121234.4 280
1730993890462 121234.5 281
1730993900570 121234.5 282
1730993910690 121234.5 283
1730993920781 121234.5 284
1730993930898 121234.5 285
1730993940985 121234.5 286
1730993951088 121234.5 287
1730993961171 121234.5 288
1730993971248 121234.5 289
1730993981338 121234.6 290
1730993991446 121234.6 291
1730994001521 121234.6 292
1730994011624 121234.6 293
1730994021715 121234.6 294
1730994031781 121234.7 295
1730994041853 121234.7 296
1730994051927 121234.7 297
1730994062022 121234.7 298
1730994072099 121234.7 299
1730994082200 121234.7 300
1730994092287 121234.7 301
1730994102385 121234.8 302
1730994112497 121234.8 303
1730994122613 121234.8 304
1730994132730 121234.8 305
1730994142848 121234.8 306
1730994153097 121234.8 307
1730994163206 121234.8 308
1730994173315 121234.8 309
1730994183436 121234.8 310
1730994193554 121234.8 311
1730994203657 121234.9 312
1730994213745 121234.9 313
1730994223846 121234.9 314
1730994233966 121234.9 315
1730994244087 121234.9 316
1730994254248 121234.9 317
1730994264363 121234.9 318
1730994274429 121234.9 319
1730994284502 121235.0 320
1730994294566 121235.0 321
1730994304646 121235.0 322
1730994314714 121235.0 323
1730994324799 121235.0 324
1730994334880 121235.0 325
1730994344960 121235.0 326
1730994355038 121235.0 327
1730994365125 121235.1 328
1730994375203 121235.1 329
1730994385277 121235.1 330
1730994395362 121235.1 331
1730994405427 121235.1 332
1730994415505 121235.1 333
1730994425586 121235.1 334
1730994435661 121235.2 335
1730994445744 121235.2 336
1730994455854 121235.2 337
1730994465970 121235.2 338
1730994476070 121235.2 339
1730994486180 121235.2 340
1730994496320 121235.2 341
1730994506434 121235.2 342
1730994516551 121235.2 343
1730994526663 121235.5 344
1730994536770 121235.4 345
1730994546891 121235.4 346
1730994557077 121235.4 347
1730994567180 121235.4 348
1730994577300 121235.5 349
1730994587437 121235.5 350
1730994597533 121235.5 351
1730994607653 121235.5 352
1730994617769 121235.5 353
1730994627881 121235.5 354
1730994637999 121235.5 355
1730994648118 121236.2 356
1730994658235 121239.0 357
1730994668354 121238.9 358
1730994678474 121239.8 359
1730994688598 121242.6 360
1730994698708 121242.6 361
1730994708834 121242.7 362
1730994718957 121242.8 363
1730994729064 121242.8 364
1730994739190 121242.9 365
1730994749306 121243.2 366
1730994759429 121243.2 367
1730994769544 121239.0 368
1730994779671 121240.8 369
1730994789790 121241.9 370
1730994799910 121242.0 371
1730994810040 121242.0 372
1730994820145 121242.0 373
1730994830257 121242.2 374
1730994840375 121242.2 375
1730994850458 121242.2 376
1730994860567 121242.9 377
1730994870641 121242.9 378
1730994880714 121242.9 379
1730994890805 121242.9 380
1730994900918 121242.9 381
1730994911025 121243.0 382
1730994921140 121243.0 383
1730994931240 121243.0 384
