1730991055584 141151.9 0
1730991065635 141151.9 1
1730991075705 141151.9 2
1730991085763 141145.8 3
1730991095818 141145.7 4
1730991105881 141145.9 5
1730991115941 141148.0 6
1730991126007 141148.1 7
1730991136075 141148.0 8
1730991146147 141148.0 9
1730991156208 141148.0 10
1730991166281 141147.9 11
1730991176344 141148.1 12
1730991186406 141148.1 13
1730991196452 141148.1 14
1730991206533 141148.1 15
1730991216601 141161.3 16
1730991226665 141161.4 17
1730991236750 141160.3 18
1730991246816 141160.3 19
1730991256889 141160.3 20
1730991266971 141157.3 21
1730991277033 141156.6 22
1730991287111 141156.4 23
1730991297178 141155.7 24
1730991307226 141149.9 25
1730991317294 141144.0 26
1730991327380 141143.9 27
1730991337459 141154.1 28
1730991347519 141154.1 29
1730991357592 141154.1 30
1730991367676 141153.6 31
1730991377760 141153.6 32
1730991387826 141153.5 33
1730991397907 141153.5 34
1730991407990 141150.9 35
1730991418075 141150.9 36
1730991428146 141150.9 37
1730991438235 141150.8 38
1730991448308 141150.8 39
1730991458374 141150.8 40
1730991468463 141150.8 41
1730991478538 141150.8 42
1730991488618 141150.8 43
1730991498680 141150.8 44
1730991508749 141150.8 45
1730991518835 141150.8 46
1730991528909 141150.7 47
1730991538992 141150.7 48
1730991549065 141150.7 49
1730991559142 141150.7 50
1730991569224 141150.7 51
1730991579305 141150.7 52
1730991589371 141150.6 53
1730991599445 141143.0 54
1730991609497 141156.0 55
1730991619578 141152.8 56
1730991629670 141144.8 57
1730991639754 141148.0 58
1730991649822 141142.4 59
1730991659895 141155.4 60
1730991669968 141151.9 61
1730991680054 141151.9 62
1730991690129 141151.7 63
1730991700197 141144.6 64
1730991710287 141144.6 65
1730991720339 141144.4 66
1730991730393 141149.0 67
1730991740489 141147.9 68
1730991750565 141148.0 69
1730991760964 141148.0 70
1730991771035 141147.9 71
1730991781112 141147.9 72
1730991791193 141147.9 73
1730991801284 141147.9 74
1730991811349 141147.9 75
1730991821419 141147.9 76
1730991831481 141142.4 77
1730991841559 141142.4 78
1730991851618 141142.4 79
1730991861687 141142.4 80
1730991871773 141142.3 81
1730991881863 141142.3 82
1730991891939 141142.0 83
1730991901993 141142.1 84
1730991912062 141141.8 85
1730991922157 141141.9 86
1730991932236 141141.8 87
1730991942322 141142.0 88
1730991952388 141142.0 89
1730991962456 141142.0 90
1730991972539 141142.0 91
1730991982598 141141.9 92
1730991992665 141141.9 93
1730992002748 141141.9 94
1730992012825 141141.9 95
1730992022905 141141.9 96
1730992033061 141141.9 97
1730992043147 141141.9 98
1730992053225 141141.8 99
1730992063306 141141.8 100
1730992073401 141141.8 101
1730992083472 141141.8 102
1730992093572 141141.8 103
1730992103668 141141.8 104
1730992113759 141141.7 105
1730992123846 141141.7 106
1730992133922 141141.7 107
1730992143991 141141.7 108
1730992154085 141141.7 109
1730992164170 141141.7 110
1730992174255 141141.7 111
1730992184349 141141.7 112
1730992194423 141141.6 113
1730992204509 141141.6 114
1730992214604 141133.2 115
1730992224684 141133.2 116
1730992234769 141133.2 117
1730992244859 141133.2 118
1730992254919 141133.2 119
1730992264988 141133.2 120
1730992275053 141133.1 121
1730992285105 141133.2 122
1730992295175 141133.1 123
1730992305247 141133.1 124
1730992315315 141133.1 125
1730992325376 141133.1 126
1730992335462 141133.1 127
1730992345541 141133.1 128
1730992355635 141133.1 129
1730992365727 141133.1 130
1730992375803 141133.0 131
1730992385873 141133.0 132
1730992395965 141133.0 133
1730992406042 141133.0 134
1730992416122 141133.0 135
1730992426202 141132.9 136
1730992436278 141132.9 137
1730992446384 141132.9 138
1730992456473 141132.9 139
1730992466563 141132.9 140
1730992476636 141132.9 141
1730992486744 141132.9 142
1730992496835 141132.9 143
1730992506930 141132.9 144
1730992517024 141132.8 145
1730992527107 141132.8 146
1730992537193 141132.8 147
1730992547261 141132.8 148
1730992557362 141132.8 149
1730992567452 141132.8 150
1730992577518 141132.8 151
1730992587605 141132.7 152
1730992597701 141132.7 153
1730992607783 141132.7 154
1730992617860 141132.7 155
1730992627945 141132.7 156
1730992638035 141132.7 157
1730992648121 141132.7 158
1730992658212 141132.7 159
1730992668299 141132.7 160
1730992678402 141132.6 161
1730992688495 141132.6 162
1730992698587 141132.6 163
1730992708675 141132.5 164
1730992718767 141132.5 165
1730992728852 141132.5 166
1730992738947 141132.5 167
1730992749054 141132.5 168
1730992759146 141132.5 169
1730992769252 141132.4 170
1730992779334 141132.4 171
1730992789422 141132.4 172
1730992799503 141132.4 173
1730992809605 141132.4 174
1730992819671 141132.4 175
1730992829763 141132.4 176
1730992839849 141132.4 177
1730992849947 141132.4 178
1730992860034 141132.3 179
1730992870120 141132.3 180
1730992880202 141132.3 181
1730992890314 141132.3 182
1730992900381 141132.3 183
1730992910462 141132.3 184
1730992920542 141132.2 185
1730992930647 141132.2 186
1730992940731 141132.2 187
1730992950816 141132.2 188
1730992960913 141132.2 189
1730992971023 141132.2 190
1730992981118 141132.2 191
1730992991206 141132.2 192
1730993001315 141132.2 193
1730993011399 141132.2 194
1730993021503 141132.1 195
1730993031619 141132.1 196
1730993041710 141132.1 197
1730993051813 141132.1 198
1730993061915 141132.1 199
1730993072029 141132.1 200
1730993082135 141132.1 201
1730993092225 141132.1 202
1730993102345 141132.1 203
1730993112447 141132.0 204
1730993122550 141132.0 205
1730993132655 141132.0 206
1730993142749 141132.0 207
1730993152853 141132.0 208
1730993162939 141132.0 209
1730993173050 141132.0 210
1730993183146 141132.0 211
1730993193238 141132.0 212
1730993203344 141131.9 213
1730993213437 141146.6 214
1730993223540 141143.2 215
1730993233652 141158.4 216
1730993243757 141158.3 217
1730993253862 141157.5 218
1730993263965 141157.5 219
1730993274066 141157.5 220
1730993284172 141157.4 221
1730993294257 141157.4 222
1730993304347 141157.4 223
1730993314450 141157.3 224
1730993324542 141157.3 225
1730993334646 141157.3 226
1730993344748 141157.3 227
1730993354851 141157.3 228
1730993364951 141157.3 229
1730993375040 141157.3 230
1730993385148 141157.3 231
1730993395255 141156.5 232
1730993405353 141156.5 233
1730993415439 141156.5 234
1730993425540 141156.5 235
1730993435660 141156.4 236
1730993445754 141156.4 237
1730993455873 141156.4 238
1730993465978 141156.4 239
1730993476085 141156.4 240
1730993486192 141156.4 241
1730993496694 141156.3 242
1730993506789 141158.2 243
1730993516893 141158.2 244
1730993526997 141158.2 245
1730993537067 141158.2 246
1730993547143 141158.2 247
1730993557225 141143.7 248
1730993567293 141143.7 249
1730993577369 141143.7 250
1730993587436 141143.7 251
1730993597519 141143.7 252
1730993607631 141143.6 253
1730993617704 141143.6 254
1730993627798 141143.6 255
1730993637882 141143.6 256
1730993647971 141143.6 257
1730993658068 141143.6 258
1730993668168 141143.6 259
1730993678259 141143.6 260
1730993688383 141143.5 261
1730993698480 141143.5 262
1730993708568 141143.5 263
1730993718675 141143.5 264
1730993728775 141143.5 265
1730993738889 141143.5 266
1730993748994 141143.5 267
1730993759106 141143.5 268
1730993769211 141143.5 269
1730993779321 141143.4 270
1730993789421 141143.4 271
1730993799546 141143.3 272
1730993809648 141143.3 273
1730993819743 141143.3 274
1730993829865 141143.3 275
1730993839955 141143.3 276
1730993850033 141143.3 277
1730993860143 141143.2 278
1730993870251 141143.2 279
1730993880360 141143.2 280
1730993890462 141143.2 281
1730993900570 141143.2 282
1730993910690 141143.2 283
1730993920781 141143.2 284
1730993930898 141143.2 285
1730993940985 141143.2 286
1730993951088 141143.1 287
1730993961171 141143.1 288
1730993971248 141143.1 289
1730993981338 141143.1 290
1730993991446 141143.1 291
1730994001521 141143.1 292
1730994011624 141143.1 293
1730994021715 141143.1 294
1730994031781 141143.0 295
1730994041853 141143.0 296
1730994051927 141143.0 297
1730994062022 141143.0 298
1730994072099 141142.9 299
1730994082200 141142.9 300
1730994092287 141142.9 301
1730994102385 141142.9 302
1730994112497 141142.9 303
1730994122613 141142.9 304
1730994132730 141142.9 305
1730994142848 141142.9 306
1730994153097 141142.9 307
1730994163206 141142.8 308
1730994173315 141142.8 309
1730994183436 141142.8 310
1730994193554 141142.8 311
1730994203657 141142.8 312
1730994213745 141142.8 313
1730994223846 141142.8 314
1730994233966 141142.8 315
1730994244087 141142.7 316
1730994254248 141142.7 317
1730994264363 141142.7 318
1730994274429 141142.7 319
1730994284502 141142.7 320
1730994294566 141142.7 321
1730994304646 141142.7 322
1730994314714 141142.7 323
1730994324799 141142.7 324
1730994334880 141142.6 325
1730994344960 141142.6 326
1730994355038 141142.6 327
1730994365125 141142.6 328
1730994375203 141142.6 329
1730994385277 141142.6 330
1730994395362 141142.5 331
1730994405427 141142.5 332
1730994415505 141142.5 333
1730994425586 141142.5 334
1730994435661 141142.5 335
1730994445744 141142.5 336
1730994455854 141142.5 337
1730994465970 141142.5 338
1730994476070 141142.5 339
1730994486180 141142.5 340
1730994496320 141142.4 341
1730994506434 141142.4 342
1730994516551 141142.4 343
1730994526663 141142.2 344
1730994536770 141142.3 345
1730994546891 141142.3 346
1730994557077 141142.2 347
1730994567180 141142.2 348
1730994577300 141142.2 349
1730994587437 141142.2 350
1730994597533 141142.2 351
1730994607653 141142.2 352
1730994617769 141142.2 353
1730994627881 141142.2 354
1730994637999 141142.1 355
1730994648118 141141.5 356
1730994658235 141138.6 357
1730994668354 141138.8 358
1730994678474 141137.8 359
1730994688598 141135.1 360
1730994698708 141135.1 361
1730994708834 141134.9 362
1730994718957 141134.9 363
1730994729064 141134.9 364
1730994739190 141134.8 365
1730994749306 141134.4 366
1730994759429 141134.4 367
1730994769544 141138.7 368
1730994779671 141136.9 369
1730994789790 141135.8 370
1730994799910 141135.6 371
1730994810040 141135.6 372
1730994820145 141135.6 373
1730994830257 141135.5 374
1730994840375 141135.5 375
1730994850458 141135.5 376
1730994860567 141134.8 377
1730994870641 141134.8 378
1730994880714 141134.7 379
1730994890805 141134.7 380
1730994900918 141134.7 381
1730994911025 141134.7 382
1730994921140 141134.7 383
1730994931240 141134.7 384
