1730991055584 46.2 0
1730991065635 46.2 1
1730991075705 46.2 2
1730991085763 46.2 3
1730991095818 46.2 4
1730991105881 46.2 5
1730991115941 46.2 6
1730991126007 46.2 7
1730991136075 46.2 8
1730991146147 46.2 9
1730991156208 46.2 10
1730991166281 46.2 11
1730991176344 46.2 12
1730991186406 46.2 13
1730991196452 46.2 14
1730991206533 46.2 15
1730991216601 46.2 16
1730991226665 46.2 17
1730991236750 46.2 18
1730991246816 46.2 19
1730991256889 46.2 20
1730991266971 46.2 21
1730991277033 46.2 22
1730991287111 46.2 23
1730991297178 46.2 24
1730991307226 46.2 25
1730991317294 46.2 26
1730991327380 46.2 27
1730991337459 46.2 28
1730991347519 46.2 29
1730991357592 46.2 30
1730991367676 46.2 31
1730991377760 46.2 32
1730991387826 46.2 33
1730991397907 46.2 34
1730991407990 46.2 35
1730991418075 46.2 36
1730991428146 46.2 37
1730991438235 46.2 38
1730991448308 46.2 39
1730991458374 46.2 40
1730991468463 46.2 41
1730991478538 46.2 42
1730991488618 46.2 43
1730991498680 46.2 44
1730991508749 46.2 45
1730991518835 46.2 46
1730991528909 46.2 47
1730991538992 46.2 48
1730991549065 46.2 49
1730991559142 46.2 50
1730991569224 46.2 51
1730991579305 46.2 52
1730991589371 46.2 53
1730991599445 46.2 54
1730991609497 46.2 55
1730991619578 46.2 56
1730991629670 46.2 57
1730991639754 46.2 58
1730991649822 46.2 59
1730991659895 46.2 60
1730991669968 46.2 61
1730991680054 46.2 62
1730991690129 46.2 63
1730991700197 46.2 64
1730991710287 46.2 65
1730991720339 46.2 66
1730991730393 46.2 67
1730991740489 46.2 68
1730991750565 46.2 69
1730991760964 46.2 70
1730991771035 46.2 71
1730991781112 46.2 72
1730991791193 46.2 73
1730991801284 46.2 74
1730991811349 46.2 75
1730991821419 46.2 76
1730991831481 46.2 77
1730991841559 46.2 78
1730991851618 46.2 79
1730991861687 46.2 80
1730991871773 46.2 81
1730991881863 46.2 82
1730991891939 46.2 83
1730991901993 46.2 84
1730991912062 46.2 85
1730991922157 46.2 86
1730991932236 46.2 87
1730991942322 46.2 88
1730991952388 46.2 89
1730991962456 46.2 90
1730991972539 46.2 91
1730991982598 46.2 92
1730991992665 46.2 93
1730992002748 46.2 94
1730992012825 46.2 95
1730992022905 46.2 96
1730992033061 46.2 97
1730992043147 46.2 98
1730992053225 46.2 99
1730992063306 46.2 100
1730992073401 46.2 101
1730992083472 46.2 102
1730992093572 46.2 103
1730992103668 46.2 104
1730992113759 46.2 105
1730992123846 46.2 106
1730992133922 46.2 107
1730992143991 46.2 108
1730992154085 46.2 109
1730992164170 46.2 110
1730992174255 46.2 111
1730992184349 46.2 112
1730992194423 46.2 113
1730992204509 46.2 114
1730992214604 46.2 115
1730992224684 46.2 116
1730992234769 46.2 117
1730992244859 46.2 118
1730992254919 46.2 119
1730992264988 46.2 120
1730992275053 46.2 121
1730992285105 46.2 122
1730992295175 46.2 123
1730992305247 46.2 124
1730992315315 46.2 125
1730992325376 46.2 126
1730992335462 46.2 127
1730992345541 46.2 128
1730992355635 46.2 129
1730992365727 46.2 130
1730992375803 46.2 131
1730992385873 46.2 132
1730992395965 46.2 133
1730992406042 46.2 134
1730992416122 46.2 135
1730992426202 46.2 136
1730992436278 46.2 137
1730992446384 46.2 138
1730992456473 46.2 139
1730992466563 46.2 140
1730992476636 46.2 141
1730992486744 46.2 142
1730992496835 46.2 143
1730992506930 46.2 144
1730992517024 46.2 145
1730992527107 46.2 146
1730992537193 46.2 147
1730992547261 46.2 148
1730992557362 46.2 149
1730992567452 46.2 150
1730992577518 46.2 151
1730992587605 46.2 152
1730992597701 46.2 153
1730992607783 46.2 154
1730992617860 46.2 155
1730992627945 46.2 156
1730992638035 46.2 157
1730992648121 46.2 158
1730992658212 46.2 159
1730992668299 46.2 160
1730992678402 46.2 161
1730992688495 46.2 162
1730992698587 46.2 163
1730992708675 46.2 164
1730992718767 46.2 165
1730992728852 46.2 166
1730992738947 46.2 167
1730992749054 46.2 168
1730992759146 46.2 169
1730992769252 46.2 170
1730992779334 46.2 171
1730992789422 46.2 172
1730992799503 46.2 173
1730992809605 46.2 174
1730992819671 46.2 175
1730992829763 46.2 176
1730992839849 46.2 177
1730992849947 46.2 178
1730992860034 46.2 179
1730992870120 46.2 180
1730992880202 46.2 181
1730992890314 46.2 182
1730992900381 46.2 183
1730992910462 46.2 184
1730992920542 46.2 185
1730992930647 46.2 186
1730992940731 46.2 187
1730992950816 46.2 188
1730992960913 46.2 189
1730992971023 46.2 190
1730992981118 46.2 191
1730992991206 46.2 192
1730993001315 46.2 193
1730993011399 46.2 194
1730993021503 46.2 195
1730993031619 46.2 196
1730993041710 46.2 197
1730993051813 46.2 198
1730993061915 46.2 199
1730993072029 46.2 200
1730993082135 46.2 201
1730993092225 46.2 202
1730993102345 46.2 203
1730993112447 46.2 204
1730993122550 46.2 205
1730993132655 46.2 206
1730993142749 46.2 207
1730993152853 46.2 208
1730993162939 46.2 209
1730993173050 46.2 210
1730993183146 46.2 211
1730993193238 46.2 212
1730993203344 46.2 213
1730993213437 46.2 214
1730993223540 46.2 215
1730993233652 46.2 216
1730993243757 46.2 217
1730993253862 46.2 218
1730993263965 46.2 219
1730993274066 46.2 220
1730993284172 46.2 221
1730993294257 46.2 222
1730993304347 46.2 223
1730993314450 46.2 224
1730993324542 46.2 225
1730993334646 46.2 226
1730993344748 46.2 227
1730993354851 46.2 228
1730993364951 46.2 229
1730993375040 46.2 230
1730993385148 46.2 231
1730993395255 46.2 232
1730993405353 46.2 233
1730993415439 46.2 234
1730993425540 46.2 235
1730993435660 46.2 236
1730993445754 46.2 237
1730993455873 46.2 238
1730993465978 46.2 239
1730993476085 46.2 240
1730993486192 46.2 241
1730993496694 46.2 242
1730993506789 46.2 243
1730993516893 46.2 244
1730993526997 46.2 245
1730993537067 46.2 246
1730993547143 46.2 247
1730993557225 46.2 248
1730993567293 46.2 249
1730993577369 46.2 250
1730993587436 46.2 251
1730993597519 46.2 252
1730993607631 46.2 253
1730993617704 46.2 254
1730993627798 46.2 255
1730993637882 46.2 256
1730993647971 46.2 257
1730993658068 46.2 258
1730993668168 46.2 259
1730993678259 46.2 260
1730993688383 46.2 261
1730993698480 46.2 262
1730993708568 46.2 263
1730993718675 46.2 264
1730993728775 46.2 265
1730993738889 46.2 266
1730993748994 46.2 267
1730993759106 46.2 268
1730993769211 46.2 269
1730993779321 46.2 270
1730993789421 46.2 271
1730993799546 46.2 272
1730993809648 46.2 273
1730993819743 46.2 274
1730993829865 46.2 275
1730993839955 46.2 276
1730993850033 46.2 277
1730993860143 46.2 278
1730993870251 46.2 279
1730993880360 46.2 280
1730993890462 46.2 281
1730993900570 46.2 282
1730993910690 46.2 283
1730993920781 46.2 284
1730993930898 46.2 285
1730993940985 46.2 286
1730993951088 46.2 287
1730993961171 46.2 288
1730993971248 46.2 289
1730993981338 46.2 290
1730993991446 46.2 291
1730994001521 46.2 292
1730994011624 46.2 293
1730994021715 46.2 294
1730994031781 46.2 295
1730994041853 46.2 296
1730994051927 46.2 297
1730994062022 46.2 298
1730994072099 46.2 299
1730994082200 46.2 300
1730994092287 46.2 301
1730994102385 46.2 302
1730994112497 46.2 303
1730994122613 46.2 304
1730994132730 46.2 305
1730994142848 46.2 306
1730994153097 46.2 307
1730994163206 46.2 308
1730994173315 46.2 309
1730994183436 46.2 310
1730994193554 46.2 311
1730994203657 46.2 312
1730994213745 46.2 313
1730994223846 46.2 314
1730994233966 46.2 315
1730994244087 46.2 316
1730994254248 46.2 317
1730994264363 46.2 318
1730994274429 46.2 319
1730994284502 46.2 320
1730994294566 46.2 321
1730994304646 46.2 322
1730994314714 46.2 323
1730994324799 46.2 324
1730994334880 46.2 325
1730994344960 46.2 326
1730994355038 46.2 327
1730994365125 46.2 328
1730994375203 46.2 329
1730994385277 46.2 330
1730994395362 46.2 331
1730994405427 46.2 332
1730994415505 46.2 333
1730994425586 46.2 334
1730994435661 46.2 335
1730994445744 46.2 336
1730994455854 46.2 337
1730994465970 46.2 338
1730994476070 46.2 339
1730994486180 46.2 340
1730994496320 46.2 341
1730994506434 46.2 342
1730994516551 46.2 343
1730994526663 46.2 344
1730994536770 46.2 345
1730994546891 46.2 346
1730994557077 46.2 347
1730994567180 46.2 348
1730994577300 46.2 349
1730994587437 46.2 350
1730994597533 46.2 351
1730994607653 46.2 352
1730994617769 46.2 353
1730994627881 46.2 354
1730994637999 46.2 355
1730994648118 46.2 356
1730994658235 46.2 357
1730994668354 46.2 358
1730994678474 46.2 359
1730994688598 46.2 360
1730994698708 46.2 361
1730994708834 46.2 362
1730994718957 46.2 363
1730994729064 46.2 364
1730994739190 46.2 365
1730994749306 46.2 366
1730994759429 46.2 367
1730994769544 46.2 368
1730994779671 46.2 369
1730994789790 46.2 370
1730994799910 46.2 371
1730994810040 46.2 372
1730994820145 46.2 373
1730994830257 46.2 374
1730994840375 46.2 375
1730994850458 46.2 376
1730994860567 46.2 377
1730994870641 46.2 378
1730994880714 46.2 379
1730994890805 46.2 380
1730994900918 46.2 381
1730994911025 46.2 382
1730994921140 46.2 383
1730994931240 46.2 384
