1730991055584 10.0 0
1730991065635 0.0 1
1730991075705 59.0 2
1730991085763 51.0 3
1730991095818 53.0 4
1730991105881 53.0 5
1730991115941 29.0 6
1730991126007 53.0 7
1730991136075 56.0 8
1730991146147 52.0 9
1730991156208 6.0 10
1730991166281 33.0 11
1730991176344 59.0 12
1730991186406 52.0 13
1730991196452 52.0 14
1730991206533 52.0 15
1730991216601 25.0 16
1730991226665 56.0 17
1730991236750 50.0 18
1730991246816 58.0 19
1730991256889 47.0 20
1730991266971 51.0 21
1730991277033 29.0 22
1730991287111 56.0 23
1730991297178 7.0 24
1730991307226 4.0 25
1730991317294 56.0 26
1730991327380 4.0 27
1730991337459 24.0 28
1730991347519 51.0 29
1730991357592 48.0 30
1730991367676 51.0 31
1730991377760 56.0 32
1730991387826 56.0 33
1730991397907 23.0 34
1730991407990 54.0 35
1730991418075 2.0 36
1730991428146 60.0 37
1730991438235 52.0 38
1730991448308 53.0 39
1730991458374 56.0 40
1730991468463 58.0 41
1730991478538 49.0 42
1730991488618 48.0 43
1730991498680 56.0 44
1730991508749 53.0 45
1730991518835 51.0 46
1730991528909 2.0 47
1730991538992 1.0 48
1730991549065 49.0 49
1730991559142 46.0 50
1730991569224 53.0 51
1730991579305 2.0 52
1730991589371 57.0 53
1730991599445 4.0 54
1730991609497 54.0 55
1730991619578 53.0 56
1730991629670 55.0 57
1730991639754 36.0 58
1730991649822 57.0 59
1730991659895 57.0 60
1730991669968 2.0 61
1730991680054 51.0 62
1730991690129 54.0 63
1730991700197 55.0 64
1730991710287 27.0 65
1730991720339 54.0 66
1730991730393 54.0 67
1730991740489 52.0 68
1730991750565 1.0 69
1730991760964 57.0 70
1730991771035 3.0 71
1730991781112 52.0 72
1730991791193 48.0 73
1730991801284 53.0 74
1730991811349 47.0 75
1730991821419 58.0 76
1730991831481 56.0 77
1730991841559 53.0 78
1730991851618 53.0 79
1730991861687 50.0 80
1730991871773 45.0 81
1730991881863 55.0 82
1730991891939 23.0 83
1730991901993 1.0 84
1730991912062 47.0 85
1730991922157 1.0 86
1730991932236 2.0 87
1730991942322 57.0 88
1730991952388 54.0 89
1730991962456 52.0 90
1730991972539 6.0 91
1730991982598 53.0 92
1730991992665 53.0 93
1730992002748 54.0 94
1730992012825 56.0 95
1730992022905 2.0 96
1730992033061 51.0 97
1730992043147 0.0 98
1730992053225 52.0 99
1730992063306 52.0 100
1730992073401 52.0 101
1730992083472 1.0 102
1730992093572 56.0 103
1730992103668 3.0 104
1730992113759 31.0 105
1730992123846 2.0 106
1730992133922 55.0 107
1730992143991 51.0 108
1730992154085 53.0 109
1730992164170 2.0 110
1730992174255 53.0 111
1730992184349 2.0 112
1730992194423 29.0 113
1730992204509 1.0 114
1730992214604 53.0 115
1730992224684 53.0 116
1730992234769 2.0 117
1730992244859 54.0 118
1730992254919 3.0 119
1730992264988 53.0 120
1730992275053 51.0 121
1730992285105 2.0 122
1730992295175 3.0 123
1730992305247 2.0 124
1730992315315 2.0 125
1730992325376 56.0 126
1730992335462 56.0 127
1730992345541 2.0 128
1730992355635 3.0 129
1730992365727 53.0 130
1730992375803 32.0 131
1730992385873 3.0 132
1730992395965 2.0 133
1730992406042 2.0 134
1730992416122 55.0 135
1730992426202 2.0 136
1730992436278 50.0 137
1730992446384 2.0 138
1730992456473 24.0 139
1730992466563 54.0 140
1730992476636 1.0 141
1730992486744 55.0 142
1730992496835 50.0 143
1730992506930 2.0 144
1730992517024 54.0 145
1730992527107 50.0 146
1730992537193 2.0 147
1730992547261 2.0 148
1730992557362 60.0 149
1730992567452 2.0 150
1730992577518 0.0 151
1730992587605 55.0 152
1730992597701 50.0 153
1730992607783 48.0 154
1730992617860 0.0 155
1730992627945 49.0 156
1730992638035 54.0 157
1730992648121 51.0 158
1730992658212 1.0 159
1730992668299 0.0 160
1730992678402 48.0 161
1730992688495 51.0 162
1730992698587 28.0 163
1730992708675 0.0 164
1730992718767 51.0 165
1730992728852 0.0 166
1730992738947 46.0 167
1730992749054 1.0 168
1730992759146 1.0 169
1730992769252 44.0 170
1730992779334 49.0 171
1730992789422 0.0 172
1730992799503 0.0 173
1730992809605 0.0 174
1730992819671 51.0 175
1730992829763 46.0 176
1730992839849 22.0 177
1730992849947 0.0 178
1730992860034 48.0 179
1730992870120 51.0 180
1730992880202 46.0 181
1730992890314 47.0 182
1730992900381 22.0 183
1730992910462 47.0 184
1730992920542 54.0 185
1730992930647 54.0 186
1730992940731 55.0 187
1730992950816 0.0 188
1730992960913 57.0 189
1730992971023 52.0 190
1730992981118 51.0 191
1730992991206 46.0 192
1730993001315 54.0 193
1730993011399 30.0 194
1730993021503 54.0 195
1730993031619 59.0 196
1730993041710 53.0 197
1730993051813 43.0 198
1730993061915 60.0 199
1730993072029 49.0 200
1730993082135 53.0 201
1730993092225 50.0 202
1730993102345 30.0 203
1730993112447 52.0 204
1730993122550 54.0 205
1730993132655 55.0 206
1730993142749 54.0 207
1730993152853 28.0 208
1730993162939 47.0 209
1730993173050 52.0 210
1730993183146 48.0 211
1730993193238 54.0 212
1730993203344 27.0 213
1730993213437 55.0 214
1730993223540 56.0 215
1730993233652 50.0 216
1730993243757 60.0 217
1730993253862 30.0 218
1730993263965 63.0 219
1730993274066 65.0 220
1730993284172 55.0 221
1730993294257 59.0 222
1730993304347 25.0 223
1730993314450 59.0 224
1730993324542 53.0 225
1730993334646 55.0 226
1730993344748 56.0 227
1730993354851 58.0 228
1730993364951 55.0 229
1730993375040 56.0 230
1730993385148 61.0 231
1730993395255 64.0 232
1730993405353 62.0 233
1730993415439 57.0 234
1730993425540 61.0 235
1730993435660 52.0 236
1730993445754 62.0 237
1730993455873 30.0 238
1730993465978 52.0 239
1730993476085 56.0 240
1730993486192 49.0 241
1730993496694 55.0 242
1730993506789 15.0 243
1730993516893 55.0 244
1730993526997 55.0 245
1730993537067 61.0 246
1730993547143 57.0 247
1730993557225 55.0 248
1730993567293 56.0 249
1730993577369 53.0 250
1730993587436 56.0 251
1730993597519 65.0 252
1730993607631 55.0 253
1730993617704 8.0 254
1730993627798 61.0 255
1730993637882 58.0 256
1730993647971 54.0 257
1730993658068 55.0 258
1730993668168 56.0 259
1730993678259 62.0 260
1730993688383 54.0 261
1730993698480 55.0 262
1730993708568 54.0 263
1730993718675 54.0 264
1730993728775 8.0 265
1730993738889 58.0 266
1730993748994 47.0 267
1730993759106 58.0 268
1730993769211 53.0 269
1730993779321 52.0 270
1730993789421 55.0 271
1730993799546 47.0 272
1730993809648 57.0 273
1730993819743 54.0 274
1730993829865 62.0 275
1730993839955 38.0 276
1730993850033 54.0 277
1730993860143 54.0 278
1730993870251 61.0 279
1730993880360 53.0 280
1730993890462 28.0 281
1730993900570 52.0 282
1730993910690 58.0 283
1730993920781 54.0 284
1730993930898 54.0 285
1730993940985 54.0 286
1730993951088 57.0 287
1730993961171 55.0 288
1730993971248 56.0 289
1730993981338 53.0 290
1730993991446 55.0 291
1730994001521 60.0 292
1730994011624 56.0 293
1730994021715 53.0 294
1730994031781 55.0 295
1730994041853 54.0 296
1730994051927 53.0 297
1730994062022 29.0 298
1730994072099 56.0 299
1730994082200 57.0 300
1730994092287 53.0 301
1730994102385 59.0 302
1730994112497 30.0 303
1730994122613 52.0 304
1730994132730 62.0 305
1730994142848 51.0 306
1730994153097 52.0 307
1730994163206 9.0 308
1730994173315 59.0 309
1730994183436 52.0 310
1730994193554 55.0 311
1730994203657 51.0 312
1730994213745 31.0 313
1730994223846 59.0 314
1730994233966 60.0 315
1730994244087 54.0 316
1730994254248 60.0 317
1730994264363 57.0 318
1730994274429 56.0 319
1730994284502 57.0 320
1730994294566 59.0 321
1730994304646 54.0 322
1730994314714 63.0 323
1730994324799 54.0 324
1730994334880 54.0 325
1730994344960 57.0 326
1730994355038 51.0 327
1730994365125 56.0 328
1730994375203 60.0 329
1730994385277 54.0 330
1730994395362 52.0 331
1730994405427 50.0 332
1730994415505 51.0 333
1730994425586 56.0 334
1730994435661 58.0 335
1730994445744 51.0 336
1730994455854 51.0 337
1730994465970 55.0 338
1730994476070 57.0 339
1730994486180 48.0 340
1730994496320 62.0 341
1730994506434 49.0 342
1730994516551 35.0 343
1730994526663 64.0 344
1730994536770 57.0 345
1730994546891 54.0 346
1730994557077 60.0 347
1730994567180 17.0 348
1730994577300 60.0 349
1730994587437 57.0 350
1730994597533 47.0 351
1730994607653 57.0 352
1730994617769 32.0 353
1730994627881 60.0 354
1730994637999 48.0 355
1730994648118 48.0 356
1730994658235 56.0 357
1730994668354 33.0 358
1730994678474 53.0 359
1730994688598 59.0 360
1730994698708 51.0 361
1730994708834 51.0 362
1730994718957 60.0 363
1730994729064 49.0 364
1730994739190 52.0 365
1730994749306 51.0 366
1730994759429 62.0 367
1730994769544 34.0 368
1730994779671 51.0 369
1730994789790 55.0 370
1730994799910 54.0 371
1730994810040 60.0 372
1730994820145 64.0 373
1730994830257 45.0 374
1730994840375 8.0 375
1730994850458 55.0 376
1730994860567 54.0 377
1730994870641 52.0 378
1730994880714 58.0 379
1730994890805 48.0 380
1730994900918 58.0 381
1730994911025 56.0 382
1730994921140 55.0 383
1730994931240 52.0 384
