1730991055584 25.5 0
1730991065635 29.9 1
1730991075705 76.0 2
1730991085763 74.9 3
1730991095818 75.4 4
1730991105881 74.1 5
1730991115941 36.9 6
1730991126007 75.5 7
1730991136075 74.0 8
1730991146147 76.3 9
1730991156208 32.9 10
1730991166281 43.4 11
1730991176344 74.8 12
1730991186406 74.5 13
1730991196452 74.5 14
1730991206533 75.8 15
1730991216601 37.4 16
1730991226665 74.9 17
1730991236750 74.2 18
1730991246816 74.9 19
1730991256889 71.3 20
1730991266971 72.4 21
1730991277033 37.3 22
1730991287111 74.1 23
1730991297178 53.3 24
1730991307226 40.4 25
1730991317294 75.1 26
1730991327380 33.1 27
1730991337459 42.1 28
1730991347519 76.4 29
1730991357592 78.4 30
1730991367676 74.8 31
1730991377760 74.3 32
1730991387826 74.4 33
1730991397907 37.9 34
1730991407990 80.0 35
1730991418075 32.8 36
1730991428146 76.8 37
1730991438235 74.2 38
1730991448308 76.2 39
1730991458374 70.1 40
1730991468463 74.9 41
1730991478538 73.6 42
1730991488618 74.0 43
1730991498680 75.9 44
1730991508749 74.2 45
1730991518835 73.4 46
1730991528909 32.9 47
1730991538992 36.8 48
1730991549065 75.9 49
1730991559142 75.5 50
1730991569224 74.7 51
1730991579305 32.7 52
1730991589371 58.5 53
1730991599445 38.8 54
1730991609497 75.4 55
1730991619578 75.0 56
1730991629670 74.6 57
1730991639754 38.9 58
1730991649822 67.7 59
1730991659895 76.8 60
1730991669968 33.1 61
1730991680054 48.7 62
1730991690129 76.1 63
1730991700197 76.7 64
1730991710287 37.8 65
1730991720339 73.7 66
1730991730393 75.7 67
1730991740489 75.3 68
1730991750565 66.0 69
1730991760964 77.2 70
1730991771035 40.9 71
1730991781112 76.2 72
1730991791193 73.3 73
1730991801284 72.2 74
1730991811349 72.4 75
1730991821419 74.7 76
1730991831481 75.2 77
1730991841559 73.9 78
1730991851618 68.5 79
1730991861687 74.0 80
1730991871773 34.4 81
1730991881863 72.1 82
1730991891939 38.2 83
1730991901993 32.4 84
1730991912062 75.0 85
1730991922157 56.3 86
1730991932236 32.8 87
1730991942322 73.4 88
1730991952388 73.8 89
1730991962456 73.4 90
1730991972539 40.3 91
1730991982598 77.6 92
1730991992665 76.4 93
1730992002748 74.9 94
1730992012825 75.7 95
1730992022905 44.9 96
1730992033061 76.1 97
1730992043147 37.1 98
1730992053225 74.5 99
1730992063306 73.8 100
1730992073401 73.2 101
1730992083472 35.8 102
1730992093572 74.4 103
1730992103668 51.5 104
1730992113759 37.7 105
1730992123846 32.6 106
1730992133922 60.3 107
1730992143991 75.3 108
1730992154085 77.4 109
1730992164170 32.7 110
1730992174255 77.6 111
1730992184349 34.9 112
1730992194423 37.5 113
1730992204509 39.2 114
1730992214604 74.5 115
1730992224684 77.0 116
1730992234769 32.2 117
1730992244859 72.1 118
1730992254919 33.9 119
1730992264988 74.2 120
1730992275053 41.8 121
1730992285105 39.0 122
1730992295175 32.2 123
1730992305247 46.2 124
1730992315315 32.0 125
1730992325376 70.2 126
1730992335462 71.3 127
1730992345541 32.2 128
1730992355635 32.1 129
1730992365727 74.7 130
1730992375803 37.3 131
1730992385873 32.1 132
1730992395965 32.4 133
1730992406042 32.3 134
1730992416122 66.6 135
1730992426202 32.3 136
1730992436278 74.6 137
1730992446384 32.5 138
1730992456473 37.5 139
1730992466563 75.5 140
1730992476636 62.5 141
1730992486744 71.7 142
1730992496835 70.8 143
1730992506930 38.1 144
1730992517024 63.4 145
1730992527107 77.2 146
1730992537193 32.5 147
1730992547261 32.2 148
1730992557362 41.3 149
1730992567452 32.2 150
1730992577518 39.0 151
1730992587605 72.0 152
1730992597701 74.8 153
1730992607783 73.5 154
1730992617860 31.9 155
1730992627945 40.5 156
1730992638035 72.1 157
1730992648121 73.8 158
1730992658212 38.7 159
1730992668299 66.8 160
1730992678402 69.8 161
1730992688495 59.4 162
1730992698587 35.0 163
1730992708675 31.8 164
1730992718767 69.9 165
1730992728852 62.1 166
1730992738947 71.8 167
1730992749054 37.6 168
1730992759146 31.9 169
1730992769252 74.0 170
1730992779334 77.9 171
1730992789422 32.1 172
1730992799503 32.8 173
1730992809605 31.9 174
1730992819671 72.1 175
1730992829763 71.2 176
1730992839849 37.1 177
1730992849947 33.4 178
1730992860034 71.2 179
1730992870120 71.1 180
1730992880202 71.6 181
1730992890314 71.2 182
1730992900381 37.5 183
1730992910462 72.2 184
1730992920542 74.7 185
1730992930647 71.5 186
1730992940731 76.6 187
1730992950816 39.3 188
1730992960913 44.7 189
1730992971023 75.4 190
1730992981118 76.1 191
1730992991206 75.7 192
1730993001315 74.3 193
1730993011399 37.0 194
1730993021503 74.3 195
1730993031619 75.7 196
1730993041710 75.8 197
1730993051813 75.7 198
1730993061915 75.3 199
1730993072029 78.8 200
1730993082135 75.4 201
1730993092225 75.9 202
1730993102345 44.1 203
1730993112447 74.4 204
1730993122550 77.7 205
1730993132655 76.5 206
1730993142749 76.9 207
1730993152853 37.8 208
1730993162939 74.6 209
1730993173050 74.2 210
1730993183146 74.7 211
1730993193238 74.6 212
1730993203344 38.9 213
1730993213437 75.1 214
1730993223540 72.6 215
1730993233652 73.9 216
1730993243757 76.0 217
1730993253862 38.3 218
1730993263965 70.2 219
1730993274066 71.6 220
1730993284172 74.9 221
1730993294257 76.9 222
1730993304347 38.6 223
1730993314450 77.6 224
1730993324542 75.9 225
1730993334646 76.1 226
1730993344748 76.6 227
1730993354851 76.2 228
1730993364951 75.9 229
1730993375040 73.6 230
1730993385148 74.3 231
1730993395255 77.4 232
1730993405353 77.6 233
1730993415439 74.5 234
1730993425540 74.7 235
1730993435660 74.1 236
1730993445754 77.5 237
1730993455873 44.1 238
1730993465978 77.2 239
1730993476085 75.9 240
1730993486192 72.8 241
1730993496694 73.7 242
1730993506789 43.7 243
1730993516893 77.4 244
1730993526997 72.6 245
1730993537067 74.8 246
1730993547143 75.8 247
1730993557225 72.7 248
1730993567293 44.5 249
1730993577369 73.9 250
1730993587436 73.6 251
1730993597519 74.8 252
1730993607631 72.3 253
1730993617704 63.9 254
1730993627798 76.6 255
1730993637882 72.7 256
1730993647971 73.5 257
1730993658068 73.3 258
1730993668168 74.3 259
1730993678259 43.0 260
1730993688383 72.3 261
1730993698480 73.0 262
1730993708568 72.1 263
1730993718675 72.7 264
1730993728775 57.0 265
1730993738889 71.5 266
1730993748994 73.3 267
1730993759106 77.8 268
1730993769211 74.1 269
1730993779321 73.8 270
1730993789421 60.5 271
1730993799546 72.4 272
1730993809648 72.3 273
1730993819743 75.6 274
1730993829865 73.7 275
1730993839955 39.7 276
1730993850033 74.8 277
1730993860143 72.2 278
1730993870251 74.8 279
1730993880360 73.7 280
1730993890462 45.3 281
1730993900570 74.1 282
1730993910690 75.2 283
1730993920781 72.5 284
1730993930898 73.3 285
1730993940985 71.5 286
1730993951088 61.9 287
1730993961171 73.8 288
1730993971248 74.0 289
1730993981338 71.9 290
1730993991446 72.0 291
1730994001521 71.0 292
1730994011624 75.6 293
1730994021715 73.6 294
1730994031781 73.4 295
1730994041853 73.5 296
1730994051927 72.7 297
1730994062022 40.3 298
1730994072099 75.5 299
1730994082200 72.1 300
1730994092287 73.1 301
1730994102385 76.3 302
1730994112497 38.5 303
1730994122613 75.7 304
1730994132730 78.0 305
1730994142848 74.1 306
1730994153097 74.2 307
1730994163206 44.5 308
1730994173315 77.2 309
1730994183436 73.6 310
1730994193554 74.6 311
1730994203657 72.5 312
1730994213745 45.5 313
1730994223846 75.5 314
1730994233966 73.3 315
1730994244087 74.4 316
1730994254248 78.6 317
1730994264363 72.4 318
1730994274429 74.4 319
1730994284502 75.5 320
1730994294566 80.7 321
1730994304646 78.9 322
1730994314714 78.0 323
1730994324799 75.2 324
1730994334880 75.3 325
1730994344960 79.5 326
1730994355038 74.0 327
1730994365125 77.1 328
1730994375203 77.7 329
1730994385277 75.6 330
1730994395362 76.4 331
1730994405427 75.9 332
1730994415505 77.0 333
1730994425586 76.0 334
1730994435661 77.5 335
1730994445744 76.7 336
1730994455854 76.5 337
1730994465970 77.4 338
1730994476070 75.1 339
1730994486180 76.1 340
1730994496320 78.5 341
1730994506434 76.0 342
1730994516551 45.4 343
1730994526663 77.1 344
1730994536770 76.2 345
1730994546891 76.0 346
1730994557077 75.3 347
1730994567180 39.5 348
1730994577300 77.9 349
1730994587437 75.0 350
1730994597533 74.7 351
1730994607653 79.5 352
1730994617769 39.7 353
1730994627881 77.9 354
1730994637999 74.8 355
1730994648118 78.4 356
1730994658235 79.6 357
1730994668354 39.7 358
1730994678474 77.5 359
1730994688598 76.4 360
1730994698708 77.2 361
1730994708834 74.1 362
1730994718957 57.6 363
1730994729064 73.3 364
1730994739190 74.8 365
1730994749306 73.7 366
1730994759429 77.5 367
1730994769544 39.2 368
1730994779671 76.7 369
1730994789790 74.6 370
1730994799910 70.2 371
1730994810040 74.5 372
1730994820145 76.2 373
1730994830257 69.7 374
1730994840375 39.4 375
1730994850458 73.4 376
1730994860567 72.1 377
1730994870641 72.0 378
1730994880714 71.4 379
1730994890805 57.9 380
1730994900918 70.8 381
1730994911025 73.6 382
1730994921140 71.6 383
1730994931240 72.2 384
