1730991055584 94.3 0
1730991065635 110.5 1
1730991075705 281.4 2
1730991085763 277.0 3
1730991095818 278.9 4
1730991105881 274.2 5
1730991115941 136.4 6
1730991126007 279.5 7
1730991136075 273.8 8
1730991146147 282.2 9
1730991156208 121.8 10
1730991166281 160.7 11
1730991176344 276.9 12
1730991186406 275.6 13
1730991196452 275.7 14
1730991206533 280.5 15
1730991216601 138.4 16
1730991226665 277.3 17
1730991236750 274.4 18
1730991246816 277.2 19
1730991256889 264.0 20
1730991266971 267.8 21
1730991277033 137.9 22
1730991287111 274.3 23
1730991297178 197.1 24
1730991307226 149.4 25
1730991317294 277.9 26
1730991327380 122.5 27
1730991337459 155.7 28
1730991347519 282.8 29
1730991357592 290.2 30
1730991367676 276.8 31
1730991377760 274.9 32
1730991387826 275.1 33
1730991397907 140.1 34
1730991407990 296.0 35
1730991418075 121.4 36
1730991428146 284.1 37
1730991438235 274.4 38
1730991448308 282.1 39
1730991458374 259.4 40
1730991468463 277.0 41
1730991478538 272.4 42
1730991488618 274.0 43
1730991498680 280.8 44
1730991508749 274.7 45
1730991518835 271.6 46
1730991528909 121.8 47
1730991538992 136.0 48
1730991549065 280.9 49
1730991559142 279.5 50
1730991569224 276.2 51
1730991579305 121.2 52
1730991589371 216.3 53
1730991599445 143.6 54
1730991609497 278.9 55
1730991619578 277.7 56
1730991629670 275.8 57
1730991639754 144.0 58
1730991649822 250.6 59
1730991659895 284.1 60
1730991669968 122.4 61
1730991680054 180.2 62
1730991690129 281.5 63
1730991700197 283.9 64
1730991710287 139.9 65
1730991720339 272.7 66
1730991730393 279.9 67
1730991740489 278.7 68
1730991750565 244.1 69
1730991760964 285.5 70
1730991771035 151.2 71
1730991781112 281.9 72
1730991791193 271.3 73
1730991801284 267.3 74
1730991811349 267.8 75
1730991821419 276.5 76
1730991831481 278.4 77
1730991841559 273.4 78
1730991851618 253.6 79
1730991861687 273.9 80
1730991871773 127.2 81
1730991881863 266.9 82
1730991891939 141.2 83
1730991901993 119.9 84
1730991912062 277.4 85
1730991922157 208.4 86
1730991932236 121.4 87
1730991942322 271.5 88
1730991952388 273.1 89
1730991962456 271.5 90
1730991972539 149.0 91
1730991982598 287.1 92
1730991992665 282.7 93
1730992002748 277.2 94
1730992012825 280.2 95
1730992022905 166.0 96
1730992033061 281.7 97
1730992043147 137.3 98
1730992053225 275.7 99
1730992063306 273.2 100
1730992073401 271.0 101
1730992083472 132.4 102
1730992093572 275.2 103
1730992103668 190.4 104
1730992113759 139.4 105
1730992123846 120.7 106
1730992133922 223.2 107
1730992143991 278.7 108
1730992154085 286.3 109
1730992164170 121.0 110
1730992174255 287.0 111
1730992184349 129.3 112
1730992194423 138.9 113
1730992204509 145.1 114
1730992214604 275.7 115
1730992224684 285.0 116
1730992234769 119.0 117
1730992244859 266.9 118
1730992254919 125.4 119
1730992264988 274.7 120
1730992275053 154.8 121
1730992285105 144.2 122
1730992295175 119.0 123
1730992305247 170.8 124
1730992315315 118.5 125
1730992325376 259.9 126
1730992335462 263.7 127
1730992345541 119.2 128
1730992355635 118.9 129
1730992365727 276.3 130
1730992375803 137.9 131
1730992385873 118.7 132
1730992395965 119.9 133
1730992406042 119.5 134
1730992416122 246.3 135
1730992426202 119.5 136
1730992436278 276.0 137
1730992446384 120.1 138
1730992456473 138.9 139
1730992466563 279.5 140
1730992476636 231.1 141
1730992486744 265.2 142
1730992496835 261.9 143
1730992506930 141.1 144
1730992517024 234.7 145
1730992527107 285.5 146
1730992537193 120.2 147
1730992547261 119.3 148
1730992557362 152.8 149
1730992567452 119.0 150
1730992577518 144.2 151
1730992587605 266.6 152
1730992597701 276.7 153
1730992607783 271.9 154
1730992617860 117.9 155
1730992627945 149.7 156
1730992638035 266.8 157
1730992648121 273.2 158
1730992658212 143.0 159
1730992668299 247.3 160
1730992678402 258.3 161
1730992688495 219.9 162
1730992698587 129.7 163
1730992708675 117.7 164
1730992718767 258.6 165
1730992728852 229.8 166
1730992738947 265.8 167
1730992749054 139.3 168
1730992759146 117.9 169
1730992769252 273.8 170
1730992779334 288.2 171
1730992789422 118.8 172
1730992799503 121.5 173
1730992809605 117.9 174
1730992819671 266.8 175
1730992829763 263.3 176
1730992839849 137.1 177
1730992849947 123.6 178
1730992860034 263.4 179
1730992870120 263.1 180
1730992880202 264.8 181
1730992890314 263.5 182
1730992900381 138.6 183
1730992910462 267.1 184
1730992920542 276.4 185
1730992930647 264.7 186
1730992940731 283.5 187
1730992950816 145.5 188
1730992960913 165.4 189
1730992971023 278.9 190
1730992981118 281.6 191
1730992991206 280.2 192
1730993001315 275.0 193
1730993011399 136.9 194
1730993021503 274.8 195
1730993031619 280.2 196
1730993041710 280.5 197
1730993051813 280.0 198
1730993061915 278.6 199
1730993072029 291.5 200
1730993082135 278.8 201
1730993092225 280.8 202
1730993102345 163.2 203
1730993112447 275.1 204
1730993122550 287.5 205
1730993132655 283.1 206
1730993142749 284.5 207
1730993152853 139.8 208
1730993162939 275.9 209
1730993173050 274.6 210
1730993183146 276.4 211
1730993193238 276.2 212
1730993203344 143.9 213
1730993213437 278.0 214
1730993223540 268.8 215
1730993233652 273.5 216
1730993243757 281.3 217
1730993253862 141.6 218
1730993263965 259.8 219
1730993274066 264.8 220
1730993284172 277.1 221
1730993294257 284.5 222
1730993304347 143.0 223
1730993314450 287.1 224
1730993324542 281.0 225
1730993334646 281.5 226
1730993344748 283.5 227
1730993354851 281.9 228
1730993364951 280.7 229
1730993375040 272.3 230
1730993385148 274.9 231
1730993395255 286.4 232
1730993405353 287.3 233
1730993415439 275.6 234
1730993425540 276.3 235
1730993435660 274.3 236
1730993445754 286.9 237
1730993455873 163.1 238
1730993465978 285.6 239
1730993476085 280.9 240
1730993486192 269.3 241
1730993496694 272.8 242
1730993506789 161.5 243
1730993516893 286.3 244
1730993526997 268.6 245
1730993537067 276.8 246
1730993547143 280.3 247
1730993557225 268.9 248
1730993567293 164.7 249
1730993577369 273.6 250
1730993587436 272.3 251
1730993597519 276.7 252
1730993607631 267.6 253
1730993617704 236.5 254
1730993627798 283.3 255
1730993637882 269.2 256
1730993647971 272.0 257
1730993658068 271.3 258
1730993668168 274.9 259
1730993678259 159.0 260
1730993688383 267.5 261
1730993698480 269.9 262
1730993708568 266.8 263
1730993718675 268.9 264
1730993728775 210.9 265
1730993738889 264.6 266
1730993748994 271.1 267
1730993759106 287.9 268
1730993769211 274.2 269
1730993779321 273.1 270
1730993789421 223.7 271
1730993799546 267.8 272
1730993809648 267.4 273
1730993819743 279.8 274
1730993829865 272.6 275
1730993839955 147.0 276
1730993850033 276.9 277
1730993860143 267.3 278
1730993870251 276.7 279
1730993880360 272.7 280
1730993890462 167.7 281
1730993900570 274.3 282
1730993910690 278.4 283
1730993920781 268.3 284
1730993930898 271.3 285
1730993940985 264.4 286
1730993951088 229.1 287
1730993961171 272.9 288
1730993971248 273.9 289
1730993981338 265.9 290
1730993991446 266.4 291
1730994001521 262.7 292
1730994011624 279.9 293
1730994021715 272.3 294
1730994031781 271.6 295
1730994041853 271.9 296
1730994051927 268.9 297
1730994062022 149.0 298
1730994072099 279.3 299
1730994082200 266.9 300
1730994092287 270.4 301
1730994102385 282.4 302
1730994112497 142.4 303
1730994122613 280.1 304
1730994132730 288.5 305
1730994142848 274.0 306
1730994153097 274.4 307
1730994163206 164.8 308
1730994173315 285.6 309
1730994183436 272.2 310
1730994193554 276.0 311
1730994203657 268.2 312
1730994213745 168.4 313
1730994223846 279.4 314
1730994233966 271.3 315
1730994244087 275.4 316
1730994254248 290.7 317
1730994264363 268.0 318
1730994274429 275.1 319
1730994284502 279.5 320
1730994294566 298.6 321
1730994304646 291.9 322
1730994314714 288.6 323
1730994324799 278.1 324
1730994334880 278.6 325
1730994344960 294.1 326
1730994355038 273.7 327
1730994365125 285.4 328
1730994375203 287.5 329
1730994385277 279.9 330
1730994395362 282.6 331
1730994405427 280.9 332
1730994415505 284.8 333
1730994425586 281.4 334
1730994435661 286.9 335
1730994445744 283.9 336
1730994455854 283.0 337
1730994465970 286.2 338
1730994476070 277.8 339
1730994486180 281.4 340
1730994496320 290.6 341
1730994506434 281.1 342
1730994516551 168.0 343
1730994526663 285.2 344
1730994536770 282.1 345
1730994546891 281.2 346
1730994557077 278.6 347
1730994567180 146.1 348
1730994577300 288.2 349
1730994587437 277.4 350
1730994597533 276.4 351
1730994607653 294.0 352
1730994617769 147.0 353
1730994627881 288.4 354
1730994637999 276.8 355
1730994648118 290.1 356
1730994658235 294.4 357
1730994668354 146.9 358
1730994678474 286.8 359
1730994688598 282.9 360
1730994698708 285.5 361
1730994708834 274.1 362
1730994718957 213.2 363
1730994729064 271.3 364
1730994739190 276.6 365
1730994749306 272.8 366
1730994759429 286.8 367
1730994769544 144.9 368
1730994779671 283.8 369
1730994789790 276.1 370
1730994799910 259.6 371
1730994810040 275.8 372
1730994820145 281.8 373
1730994830257 258.0 374
1730994840375 145.8 375
1730994850458 271.5 376
1730994860567 266.6 377
1730994870641 266.5 378
1730994880714 264.1 379
1730994890805 214.2 380
1730994900918 261.9 381
1730994911025 272.3 382
1730994921140 264.9 383
1730994931240 267.2 384
