1730991055584 11.7 0
1730991065635 19.2 1
1730991075705 27.9 2
1730991085763 27.9 3
1730991095818 27.8 4
1730991105881 28.1 5
1730991115941 38.3 6
1730991126007 38.2 7
1730991136075 38.3 8
1730991146147 38.2 9
1730991156208 38.2 10
1730991166281 38.2 11
1730991176344 38.3 12
1730991186406 38.2 13
1730991196452 38.2 14
1730991206533 38.2 15
1730991216601 38.4 16
1730991226665 38.4 17
1730991236750 38.3 18
1730991246816 38.4 19
1730991256889 38.4 20
1730991266971 38.7 21
1730991277033 38.5 22
1730991287111 38.6 23
1730991297178 38.7 24
1730991307226 38.6 25
1730991317294 38.8 26
1730991327380 38.6 27
1730991337459 38.5 28
1730991347519 38.3 29
1730991357592 38.3 30
1730991367676 38.3 31
1730991377760 38.3 32
1730991387826 38.3 33
1730991397907 38.3 34
1730991407990 38.3 35
1730991418075 38.3 36
1730991428146 38.3 37
1730991438235 38.3 38
1730991448308 38.3 39
1730991458374 38.3 40
1730991468463 38.3 41
1730991478538 38.3 42
1730991488618 38.3 43
1730991498680 38.3 44
1730991508749 38.3 45
1730991518835 38.3 46
1730991528909 38.3 47
1730991538992 38.3 48
1730991549065 38.3 49
1730991559142 38.3 50
1730991569224 38.3 51
1730991579305 38.3 52
1730991589371 38.4 53
1730991599445 38.5 54
1730991609497 38.5 55
1730991619578 38.4 56
1730991629670 38.5 57
1730991639754 38.2 58
1730991649822 38.6 59
1730991659895 38.5 60
1730991669968 38.5 61
1730991680054 38.4 62
1730991690129 38.5 63
1730991700197 38.4 64
1730991710287 38.4 65
1730991720339 38.5 66
1730991730393 38.3 67
1730991740489 38.2 68
1730991750565 38.2 69
1730991760964 38.2 70
1730991771035 38.3 71
1730991781112 38.2 72
1730991791193 38.2 73
1730991801284 38.2 74
1730991811349 38.1 75
1730991821419 38.2 76
1730991831481 38.2 77
1730991841559 38.2 78
1730991851618 38.3 79
1730991861687 38.2 80
1730991871773 38.2 81
1730991881863 38.4 82
1730991891939 40.0 83
1730991901993 39.5 84
1730991912062 40.0 85
1730991922157 39.7 86
1730991932236 39.6 87
1730991942322 39.7 88
1730991952388 39.4 89
1730991962456 39.5 90
1730991972539 39.5 91
1730991982598 39.4 92
1730991992665 39.4 93
1730992002748 39.4 94
1730992012825 39.4 95
1730992022905 39.4 96
1730992033061 39.4 97
1730992043147 39.4 98
1730992053225 39.4 99
1730992063306 39.4 100
1730992073401 39.4 101
1730992083472 39.4 102
1730992093572 39.4 103
1730992103668 39.4 104
1730992113759 39.4 105
1730992123846 39.4 106
1730992133922 39.4 107
1730992143991 39.4 108
1730992154085 39.4 109
1730992164170 39.4 110
1730992174255 39.4 111
1730992184349 39.4 112
1730992194423 39.4 113
1730992204509 39.4 114
1730992214604 39.4 115
1730992224684 39.4 116
1730992234769 39.4 117
1730992244859 39.4 118
1730992254919 39.4 119
1730992264988 38.0 120
1730992275053 38.0 121
1730992285105 38.0 122
1730992295175 38.0 123
1730992305247 38.0 124
1730992315315 38.0 125
1730992325376 38.0 126
1730992335462 38.0 127
1730992345541 38.0 128
1730992355635 38.0 129
1730992365727 38.0 130
1730992375803 38.0 131
1730992385873 38.0 132
1730992395965 38.0 133
1730992406042 38.0 134
1730992416122 38.0 135
1730992426202 38.0 136
1730992436278 38.0 137
1730992446384 38.0 138
1730992456473 38.0 139
1730992466563 38.0 140
1730992476636 38.0 141
1730992486744 38.0 142
1730992496835 38.0 143
1730992506930 38.0 144
1730992517024 38.0 145
1730992527107 38.0 146
1730992537193 38.0 147
1730992547261 38.0 148
1730992557362 38.0 149
1730992567452 38.0 150
1730992577518 38.0 151
1730992587605 38.1 152
1730992597701 38.1 153
1730992607783 38.1 154
1730992617860 38.1 155
1730992627945 38.1 156
1730992638035 38.1 157
1730992648121 38.1 158
1730992658212 38.1 159
1730992668299 38.1 160
1730992678402 38.1 161
1730992688495 38.1 162
1730992698587 38.1 163
1730992708675 38.1 164
1730992718767 38.1 165
1730992728852 38.1 166
1730992738947 38.1 167
1730992749054 38.1 168
1730992759146 38.1 169
1730992769252 38.1 170
1730992779334 38.1 171
1730992789422 38.1 172
1730992799503 38.1 173
1730992809605 38.1 174
1730992819671 38.1 175
1730992829763 38.1 176
1730992839849 38.1 177
1730992849947 38.1 178
1730992860034 38.1 179
1730992870120 38.1 180
1730992880202 38.4 181
1730992890314 39.1 182
1730992900381 39.1 183
1730992910462 39.1 184
1730992920542 39.1 185
1730992930647 39.1 186
1730992940731 39.1 187
1730992950816 39.1 188
1730992960913 39.1 189
1730992971023 39.1 190
1730992981118 39.1 191
1730992991206 39.1 192
1730993001315 39.1 193
1730993011399 39.1 194
1730993021503 39.1 195
1730993031619 39.1 196
1730993041710 39.1 197
1730993051813 39.1 198
1730993061915 39.1 199
1730993072029 39.1 200
1730993082135 39.1 201
1730993092225 39.1 202
1730993102345 39.1 203
1730993112447 39.1 204
1730993122550 39.1 205
1730993132655 39.1 206
1730993142749 39.1 207
1730993152853 39.1 208
1730993162939 39.1 209
1730993173050 39.1 210
1730993183146 39.1 211
1730993193238 39.2 212
1730993203344 38.4 213
1730993213437 38.5 214
1730993223540 38.5 215
1730993233652 38.6 216
1730993243757 38.4 217
1730993253862 38.8 218
1730993263965 38.8 219
1730993274066 38.8 220
1730993284172 38.8 221
1730993294257 38.8 222
1730993304347 38.8 223
1730993314450 38.9 224
1730993324542 38.9 225
1730993334646 38.9 226
1730993344748 38.7 227
1730993354851 38.7 228
1730993364951 38.7 229
1730993375040 38.7 230
1730993385148 38.9 231
1730993395255 39.2 232
1730993405353 39.2 233
1730993415439 39.3 234
1730993425540 39.3 235
1730993435660 39.3 236
1730993445754 39.3 237
1730993455873 39.4 238
1730993465978 39.5 239
1730993476085 39.4 240
1730993486192 39.4 241
1730993496694 39.4 242
1730993506789 39.3 243
1730993516893 39.3 244
1730993526997 39.3 245
1730993537067 39.3 246
1730993547143 39.3 247
1730993557225 39.3 248
1730993567293 39.3 249
1730993577369 39.3 250
1730993587436 39.3 251
1730993597519 39.3 252
1730993607631 39.3 253
1730993617704 39.3 254
1730993627798 39.3 255
1730993637882 39.3 256
1730993647971 39.3 257
1730993658068 39.3 258
1730993668168 39.3 259
1730993678259 39.3 260
1730993688383 39.3 261
1730993698480 39.3 262
1730993708568 39.3 263
1730993718675 39.3 264
1730993728775 39.3 265
1730993738889 39.3 266
1730993748994 39.3 267
1730993759106 39.3 268
1730993769211 39.3 269
1730993779321 39.3 270
1730993789421 39.3 271
1730993799546 39.3 272
1730993809648 39.3 273
1730993819743 39.3 274
1730993829865 39.2 275
1730993839955 39.2 276
1730993850033 39.1 277
1730993860143 39.1 278
1730993870251 39.1 279
1730993880360 39.1 280
1730993890462 39.1 281
1730993900570 39.1 282
1730993910690 39.1 283
1730993920781 39.1 284
1730993930898 39.1 285
1730993940985 39.1 286
1730993951088 39.1 287
1730993961171 39.1 288
1730993971248 39.1 289
1730993981338 39.1 290
1730993991446 39.1 291
1730994001521 39.1 292
1730994011624 39.1 293
1730994021715 39.1 294
1730994031781 39.1 295
1730994041853 39.1 296
1730994051927 39.1 297
1730994062022 39.1 298
1730994072099 39.1 299
1730994082200 39.1 300
1730994092287 39.1 301
1730994102385 39.1 302
1730994112497 39.1 303
1730994122613 39.1 304
1730994132730 39.1 305
1730994142848 39.1 306
1730994153097 39.1 307
1730994163206 39.1 308
1730994173315 39.1 309
1730994183436 39.1 310
1730994193554 39.1 311
1730994203657 39.1 312
1730994213745 39.1 313
1730994223846 39.1 314
1730994233966 39.1 315
1730994244087 39.1 316
1730994254248 39.1 317
1730994264363 39.1 318
1730994274429 39.1 319
1730994284502 39.1 320
1730994294566 39.1 321
1730994304646 39.1 322
1730994314714 39.1 323
1730994324799 39.1 324
1730994334880 39.1 325
1730994344960 39.1 326
1730994355038 39.1 327
1730994365125 39.1 328
1730994375203 39.1 329
1730994385277 39.1 330
1730994395362 39.1 331
1730994405427 39.1 332
1730994415505 39.1 333
1730994425586 39.1 334
1730994435661 39.1 335
1730994445744 39.1 336
1730994455854 39.1 337
1730994465970 39.1 338
1730994476070 39.1 339
1730994486180 39.1 340
1730994496320 39.1 341
1730994506434 39.1 342
1730994516551 39.1 343
1730994526663 39.3 344
1730994536770 39.2 345
1730994546891 39.3 346
1730994557077 39.1 347
1730994567180 39.2 348
1730994577300 39.2 349
1730994587437 39.2 350
1730994597533 39.2 351
1730994607653 39.2 352
1730994617769 39.2 353
1730994627881 39.2 354
1730994637999 39.2 355
1730994648118 39.5 356
1730994658235 39.6 357
1730994668354 39.5 358
1730994678474 39.4 359
1730994688598 39.4 360
1730994698708 39.5 361
1730994708834 39.5 362
1730994718957 39.5 363
1730994729064 39.5 364
1730994739190 39.5 365
1730994749306 39.5 366
1730994759429 39.5 367
1730994769544 39.4 368
1730994779671 39.5 369
1730994789790 39.6 370
1730994799910 39.5 371
1730994810040 39.3 372
1730994820145 39.3 373
1730994830257 39.3 374
1730994840375 39.3 375
1730994850458 39.3 376
1730994860567 39.3 377
1730994870641 39.3 378
1730994880714 39.3 379
1730994890805 39.3 380
1730994900918 39.3 381
1730994911025 39.3 382
1730994921140 39.3 383
1730994931240 39.3 384
