1730991055584 29.2 0
1730991065635 51.0 1
1730991075705 63.5 2
1730991085763 67.1 3
1730991095818 70.8 4
1730991105881 74.4 5
1730991115941 73.6 6
1730991126007 60.3 7
1730991136075 64.0 8
1730991146147 67.6 9
1730991156208 70.1 10
1730991166281 89.4 11
1730991176344 60.0 12
1730991186406 63.4 13
1730991196452 66.9 14
1730991206533 70.4 15
1730991216601 75.4 16
1730991226665 61.3 17
1730991236750 64.8 18
1730991246816 68.3 19
1730991256889 70.6 20
1730991266971 72.9 21
1730991277033 73.1 22
1730991287111 61.0 23
1730991297178 64.0 24
1730991307226 60.1 25
1730991317294 69.0 26
1730991327380 70.4 27
1730991337459 88.4 28
1730991347519 60.5 29
1730991357592 64.0 30
1730991367676 67.3 31
1730991377760 70.0 32
1730991387826 71.6 33
1730991397907 74.5 34
1730991407990 61.2 35
1730991418075 63.7 36
1730991428146 65.4 37
1730991438235 66.8 38
1730991448308 70.5 39
1730991458374 72.9 40
1730991468463 58.3 41
1730991478538 61.6 42
1730991488618 64.9 43
1730991498680 68.1 44
1730991508749 71.5 45
1730991518835 58.4 46
1730991528909 60.8 47
1730991538992 63.0 48
1730991549065 64.7 49
1730991559142 68.2 50
1730991569224 70.6 51
1730991579305 71.3 52
1730991589371 59.1 53
1730991599445 61.3 54
1730991609497 63.8 55
1730991619578 67.2 56
1730991629670 70.7 57
1730991639754 76.1 58
1730991649822 60.6 59
1730991659895 64.0 60
1730991669968 66.7 61
1730991680054 67.7 62
1730991690129 71.0 63
1730991700197 72.8 64
1730991710287 74.1 65
1730991720339 61.9 66
1730991730393 62.9 67
1730991740489 66.3 68
1730991750565 67.8 69
1730991760964 70.3 70
1730991771035 75.0 71
1730991781112 60.7 72
1730991791193 63.1 73
1730991801284 66.3 74
1730991811349 69.4 75
1730991821419 72.7 76
1730991831481 59.9 77
1730991841559 63.3 78
1730991851618 65.7 79
1730991861687 67.1 80
1730991871773 69.4 81
1730991881863 72.4 82
1730991891939 75.4 83
1730991901993 65.8 84
1730991912062 62.7 85
1730991922157 66.0 86
1730991932236 65.0 87
1730991942322 69.0 88
1730991952388 72.1 89
1730991962456 73.9 90
1730991972539 90.7 91
1730991982598 61.2 92
1730991992665 64.8 93
1730992002748 66.7 94
1730992012825 69.8 95
1730992022905 68.2 96
1730992033061 73.5 97
1730992043147 76.1 98
1730992053225 62.1 99
1730992063306 65.8 100
1730992073401 68.1 101
1730992083472 68.1 102
1730992093572 71.8 103
1730992103668 74.6 104
1730992113759 76.2 105
1730992123846 68.1 106
1730992133922 64.3 107
1730992143991 67.7 108
1730992154085 71.1 109
1730992164170 70.0 110
1730992174255 73.1 111
1730992184349 71.5 112
1730992194423 76.1 113
1730992204509 63.4 114
1730992214604 64.8 115
1730992224684 66.8 116
1730992234769 68.4 117
1730992244859 70.3 118
1730992254919 72.6 119
1730992264988 74.9 120
1730992275053 77.0 121
1730992285105 62.2 122
1730992295175 63.7 123
1730992305247 66.0 124
1730992315315 65.6 125
1730992325376 68.6 126
1730992335462 70.4 127
1730992345541 72.4 128
1730992355635 74.2 129
1730992365727 75.6 130
1730992375803 77.6 131
1730992385873 62.7 132
1730992395965 60.9 133
1730992406042 66.8 134
1730992416122 67.8 135
1730992426202 70.5 136
1730992436278 73.8 137
1730992446384 75.2 138
1730992456473 77.1 139
1730992466563 63.4 140
1730992476636 65.1 141
1730992486744 66.6 142
1730992496835 68.1 143
1730992506930 75.0 144
1730992517024 72.5 145
1730992527107 74.6 146
1730992537193 76.3 147
1730992547261 75.2 148
1730992557362 61.7 149
1730992567452 65.8 150
1730992577518 61.1 151
1730992587605 69.0 152
1730992597701 70.8 153
1730992607783 74.4 154
1730992617860 76.5 155
1730992627945 61.3 156
1730992638035 62.9 157
1730992648121 66.1 158
1730992658212 69.0 159
1730992668299 71.4 160
1730992678402 72.5 161
1730992688495 74.2 162
1730992698587 77.6 163
1730992708675 62.4 164
1730992718767 64.3 165
1730992728852 67.2 166
1730992738947 68.9 167
1730992749054 71.4 168
1730992759146 75.8 169
1730992769252 75.8 170
1730992779334 62.5 171
1730992789422 68.2 172
1730992799503 63.2 173
1730992809605 68.7 174
1730992819671 71.4 175
1730992829763 74.2 176
1730992839849 78.0 177
1730992849947 57.5 178
1730992860034 64.6 179
1730992870120 67.4 180
1730992880202 71.0 181
1730992890314 74.7 182
1730992900381 76.8 183
1730992910462 63.7 184
1730992920542 65.5 185
1730992930647 68.6 186
1730992940731 72.1 187
1730992950816 75.4 188
1730992960913 61.3 189
1730992971023 64.9 190
1730992981118 68.4 191
1730992991206 71.9 192
1730993001315 74.2 193
1730993011399 75.6 194
1730993021503 63.9 195
1730993031619 67.5 196
1730993041710 71.1 197
1730993051813 74.5 198
1730993061915 61.6 199
1730993072029 65.2 200
1730993082135 68.6 201
1730993092225 72.2 202
1730993102345 89.9 203
1730993112447 62.7 204
1730993122550 66.3 205
1730993132655 69.8 206
1730993142749 73.4 207
1730993152853 77.7 208
1730993162939 63.7 209
1730993173050 67.0 210
1730993183146 70.5 211
1730993193238 74.1 212
1730993203344 76.6 213
1730993213437 64.4 214
1730993223540 67.8 215
1730993233652 71.1 216
1730993243757 74.2 217
1730993253862 74.7 218
1730993263965 61.9 219
1730993274066 65.1 220
1730993284172 68.7 221
1730993294257 72.3 222
1730993304347 75.8 223
1730993314450 62.2 224
1730993324542 65.7 225
1730993334646 69.1 226
1730993344748 72.5 227
1730993354851 60.0 228
1730993364951 62.9 229
1730993375040 66.3 230
1730993385148 69.7 231
1730993395255 73.7 232
1730993405353 59.8 233
1730993415439 62.5 234
1730993425540 65.9 235
1730993435660 69.3 236
1730993445754 72.6 237
1730993455873 89.7 238
1730993465978 60.4 239
1730993476085 63.9 240
1730993486192 67.2 241
1730993496694 70.5 242
1730993506789 74.9 243
1730993516893 59.8 244
1730993526997 62.7 245
1730993537067 65.7 246
1730993547143 68.6 247
1730993557225 71.7 248
1730993567293 58.1 249
1730993577369 61.0 250
1730993587436 63.9 251
1730993597519 66.8 252
1730993607631 69.8 253
1730993617704 77.6 254
1730993627798 59.4 255
1730993637882 62.4 256
1730993647971 65.4 257
1730993658068 68.3 258
1730993668168 71.4 259
1730993678259 58.4 260
1730993688383 61.2 261
1730993698480 64.2 262
1730993708568 67.0 263
1730993718675 69.9 264
1730993728775 83.3 265
1730993738889 59.4 266
1730993748994 62.2 267
1730993759106 65.7 268
1730993769211 68.6 269
1730993779321 71.7 270
1730993789421 58.5 271
1730993799546 61.5 272
1730993809648 64.6 273
1730993819743 67.7 274
1730993829865 70.8 275
1730993839955 73.0 276
1730993850033 60.7 277
1730993860143 63.8 278
1730993870251 66.7 279
1730993880360 69.9 280
1730993890462 87.8 281
1730993900570 59.7 282
1730993910690 62.8 283
1730993920781 65.9 284
1730993930898 68.8 285
1730993940985 71.9 286
1730993951088 58.4 287
1730993961171 61.2 288
1730993971248 64.0 289
1730993981338 66.8 290
1730993991446 69.7 291
1730994001521 72.6 292
1730994011624 59.2 293
1730994021715 62.0 294
1730994031781 64.8 295
1730994041853 67.8 296
1730994051927 70.8 297
1730994062022 74.7 298
1730994072099 60.5 299
1730994082200 63.8 300
1730994092287 66.9 301
1730994102385 70.2 302
1730994112497 74.1 303
1730994122613 60.2 304
1730994132730 63.5 305
1730994142848 66.7 306
1730994153097 70.0 307
1730994163206 74.7 308
1730994173315 60.2 309
1730994183436 63.3 310
1730994193554 66.5 311
1730994203657 69.6 312
1730994213745 88.1 313
1730994223846 59.8 314
1730994233966 63.0 315
1730994244087 66.1 316
1730994254248 69.3 317
1730994264363 72.5 318
1730994274429 59.6 319
1730994284502 62.5 320
1730994294566 66.0 321
1730994304646 69.2 322
1730994314714 72.5 323
1730994324799 59.1 324
1730994334880 62.4 325
1730994344960 65.7 326
1730994355038 68.8 327
1730994365125 72.3 328
1730994375203 59.1 329
1730994385277 62.1 330
1730994395362 65.5 331
1730994405427 68.8 332
1730994415505 72.0 333
1730994425586 58.9 334
1730994435661 62.2 335
1730994445744 65.6 336
1730994455854 69.0 337
1730994465970 72.4 338
1730994476070 59.4 339
1730994486180 62.7 340
1730994496320 66.1 341
1730994506434 69.7 342
1730994516551 87.2 343
1730994526663 60.2 344
1730994536770 63.6 345
1730994546891 67.4 346
1730994557077 70.7 347
1730994567180 74.8 348
1730994577300 60.2 349
1730994587437 62.8 350
1730994597533 66.1 351
1730994607653 69.5 352
1730994617769 73.5 353
1730994627881 59.8 354
1730994637999 63.2 355
1730994648118 67.1 356
1730994658235 70.7 357
1730994668354 74.8 358
1730994678474 60.9 359
1730994688598 64.1 360
1730994698708 67.8 361
1730994708834 71.1 362
1730994718957 58.0 363
1730994729064 61.0 364
1730994739190 64.2 365
1730994749306 67.4 366
1730994759429 70.9 367
1730994769544 73.8 368
1730994779671 59.9 369
1730994789790 63.0 370
1730994799910 65.9 371
1730994810040 68.6 372
1730994820145 71.4 373
1730994830257 58.2 374
1730994840375 66.4 375
1730994850458 63.2 376
1730994860567 66.1 377
1730994870641 68.6 378
1730994880714 71.5 379
1730994890805 58.1 380
1730994900918 60.9 381
1730994911025 63.6 382
1730994921140 66.5 383
1730994931240 69.3 384
