1732638213362 139698.5 0
1732638223423 139698.4 1
1732638233491 139697.9 2
1732638243561 139697.9 3
1732638253628 139697.9 4
1732638263806 139697.8 5
1732638273907 139697.8 6
1732638283958 139697.8 7
1732638294020 139697.8 8
1732638304075 139697.7 9
1732638314149 139697.7 10
1732638324217 139697.6 11
1732638334270 139697.6 12
1732638344338 139697.6 13
1732638354429 139697.6 14
1732638364510 139697.6 15
1732638374592 139697.5 16
1732638384660 139697.5 17
1732638394715 139697.5 18
1732638404788 139697.5 19
1732638414859 139697.5 20
1732638424942 139697.5 21
1732638435013 139697.4 22
1732638445094 139697.4 23
1732638455169 139697.4 24
1732638465252 139697.4 25
1732638475453 139697.4 26
1732638485538 139697.4 27
1732638495625 139697.3 28
1732638505692 139697.3 29
1732638515769 139697.3 30
1732638525836 139697.3 31
1732638535904 139697.3 32
1732638545971 139707.7 33
1732638556046 139707.7 34
1732638566121 139707.7 35
1732638576212 139707.7 36
1732638586290 139707.6 37
1732638596368 139707.6 38
1732638606442 139707.6 39
1732638616511 139707.6 40
1732638626585 139707.6 41
1732638636844 139707.6 42
1732638646919 139707.6 43
1732638656982 139707.5 44
1732638667062 139707.5 45
1732638677151 139707.5 46
1732638687234 139707.5 47
1732638697303 139707.5 48
1732638707396 139707.5 49
1732638717463 139707.5 50
1732638727557 139707.4 51
1732638737624 139707.4 52
1732638747689 139707.4 53
1732638757744 139707.4 54
1732638767816 139707.4 55
1732638777902 139707.3 56
1732638787952 139707.3 57
1732638798029 139707.3 58
1732638808109 139707.5 59
1732638818173 139707.2 60
1732638828251 139691.9 61
1732638838338 139692.1 62
1732638848418 139687.7 63
1732638858501 139687.8 64
1732638868585 139685.3 65
1732638878681 139689.1 66
1732638888738 139683.5 67
1732638898813 139686.2 68
1732638908881 139685.3 69
1732638918982 139685.3 70
1732638929058 139683.8 71
1732638939131 139687.4 72
1732638949214 139682.7 73
1732638959291 139686.2 74
1732638969358 139681.5 75
1732638979443 139685.1 76
1732638989536 139684.8 77
1732638999612 139683.9 78
1732639009695 139683.7 79
1732639019774 139687.2 80
1732639029873 139682.6 81
1732639039965 139686.1 82
1732639050062 139679.1 83
1732639060124 139683.7 84
1732639070193 139687.2 85
1732639080242 139682.5 86
1732639090314 139686.0 87
1732639100379 139685.8 88
1732639110440 139684.6 89
1732639120511 139697.8 90
1732639130592 139697.4 91
1732639140676 139697.3 92
1732639150753 139696.7 93
1732639160844 139695.8 94
1732639170934 139695.2 95
1732639181019 139693.7 96
1732639191093 139688.1 97
1732639201151 139686.6 98
1732639211239 139686.4 99
1732639221337 139686.3 100
1732639231429 139686.1 101
1732639241503 139686.0 102
1732639251592 139684.5 103
1732639261661 139682.2 104
1732639271754 139679.6 105
1732639281824 139677.7 106
1732639291934 139677.6 107
1732639302012 139677.6 108
1732639312093 139677.4 109
1732639322175 139674.8 110
1732639332261 139706.4 111
1732639342345 139705.4 112
1732639352435 139705.7 113
1732639362509 139706.9 114
1732639372614 139708.3 115
1732639382698 139707.4 116
1732639392783 139707.4 117
1732639402861 139706.7 118
1732639412959 139703.2 119
1732639423048 139703.2 120
1732639433128 139702.8 121
1732639443221 139701.9 122
1732639453318 139699.2 123
1732639463412 139701.5 124
1732639473505 139700.9 125
1732639483587 139701.0 126
1732639493687 139700.3 127
1732639503767 139700.0 128
1732639513880 139699.3 129
1732639523957 139699.3 130
1732639534062 139699.3 131
1732639544148 139698.0 132
1732639554255 139697.4 133
1732639564306 139696.5 134
1732639574366 139696.4 135
1732639584454 139696.4 136
1732639594546 139696.1 137
1732639604635 139693.0 138
1732639614732 139696.5 139
1732639624815 139700.1 140
1732639634898 139708.3 141
1732639644984 139706.9 142
1732639655082 139700.0 143
1732639665168 139695.2 144
1732639675252 139707.7 145
1732639685327 139705.3 146
1732639695427 139703.8 147
1732639705512 139702.7 148
1732639715627 139703.9 149
1732639725730 139703.9 150
1732639735820 139703.9 151
1732639745916 139703.8 152
1732639756003 139703.7 153
1732639766086 139703.7 154
1732639776198 139701.7 155
1732639786278 139701.7 156
1732639796376 139701.7 157
1732639806466 139701.7 158
1732639816567 139701.7 159
1732639826663 139701.6 160
1732639836747 139701.6 161
1732639846856 139692.8 162
1732639856952 139692.7 163
1732639867023 139692.8 164
1732639877127 139692.8 165
1732639887226 139692.8 166
1732639897327 139692.8 167
1732639907424 139692.8 168
1732639917519 139692.8 169
1732639927584 139692.5 170
1732639937677 139692.4 171
1732639947777 139695.7 172
1732639957872 139695.7 173
1732639967965 139692.9 174
1732639978036 139691.7 175
1732639988121 139690.7 176
1732639998208 139690.7 177
1732640008307 139689.1 178
1732640018398 139689.1 179
1732640028501 139689.1 180
1732640038608 139689.1 181
1732640048695 139688.8 182
1732640058804 139693.2 183
1732640068905 139689.1 184
1732640078996 139689.1 185
1732640089094 139689.1 186
1732640099201 139689.0 187
1732640109288 139689.0 188
1732640119368 139695.8 189
1732640129475 139696.1 190
1732640139565 139695.3 191
1732640149664 139695.2 192
1732640159733 139695.1 193
1732640169822 139694.0 194
1732640179907 139690.9 195
1732640189999 139689.7 196
1732640200074 139693.2 197
1732640210171 139688.5 198
1732640220266 139690.8 199
1732640230361 139694.3 200
1732640240434 139689.7 201
1732640250527 139693.2 202
1732640260626 139688.5 203
1732640270719 139692.1 204
1732640280799 139691.8 205
1732640290898 139690.9 206
1732640301008 139690.7 207
1732640311111 139694.2 208
1732640321209 139689.5 209
1732640331312 139693.0 210
1732640341410 139691.9 211
1732640351515 139691.7 212
1732640361596 139690.8 213
1732640371714 139690.6 214
1732640381811 139690.3 215
1732640391899 139690.1 216
1732640402008 139690.4 217
1732640412097 139690.5 218
1732640422186 139690.5 219
1732640432284 139690.4 220
1732640442380 139690.1 221
1732640452792 139690.0 222
1732640462889 139689.3 223
1732640472971 139689.2 224
1732640483061 139688.3 225
1732640493173 139687.8 226
1732640503274 139687.5 227
1732640513925 139687.8 228
1732640524027 139689.3 229
1732640534135 139689.3 230
1732640544212 139689.2 231
1732640554314 139689.2 232
1732640564413 139689.2 233
1732640574527 139689.2 234
1732640584616 139689.2 235
1732640594678 139689.1 236
1732640604791 139689.1 237
1732640614888 139689.1 238
1732640624993 139689.1 239
1732640635078 139689.0 240
1732640645177 139689.0 241
1732640655268 139689.0 242
1732640665378 139689.0 243
1732640675474 139688.9 244
1732640685575 139688.9 245
1732640695673 139688.9 246
1732640705767 139688.9 247
1732640715860 139688.9 248
1732640725955 139688.8 249
1732640736038 139688.8 250
1732640746144 139688.8 251
1732640756242 139688.8 252
1732640766314 139688.8 253
1732640776405 139688.7 254
1732640786489 139688.7 255
1732640796601 139688.7 256
1732640806694 139688.7 257
1732640816959 139688.7 258
1732640827061 139688.6 259
1732640837164 139688.6 260
1732640847261 139688.6 261
1732640857361 139688.6 262
1732640867467 139688.5 263
1732640877567 139688.5 264
1732640887664 139688.5 265
1732640897779 139688.5 266
1732640907884 139688.5 267
1732640917985 139688.5 268
1732640928088 139688.4 269
1732640938172 139688.4 270
1732640948265 139688.4 271
1732640958361 139688.3 272
1732640968445 139688.3 273
1732640978543 139700.2 274
1732640988664 139689.1 275
1732640998835 139677.3 276
1732641008934 139677.2 277
1732641019061 139676.8 278
1732641029176 139671.7 279
1732641039268 139671.3 280
1732641049363 139671.2 281
1732641059471 139671.2 282
1732641069596 139671.2 283
1732641079694 139671.2 284
1732641089827 139671.2 285
1732641099946 139671.2 286
1732641110059 139671.1 287
1732641120167 139671.1 288
1732641130276 139671.1 289
1732641140374 139671.1 290
1732641150508 139671.0 291
1732641160598 139671.0 292
1732641171253 139671.0 293
1732641181366 139671.0 294
1732641191472 139671.0 295
1732641201582 139670.9 296
1732641211711 139670.9 297
1732641221806 139670.9 298
1732641231942 139670.9 299
1732641242048 139670.9 300
1732641252156 139670.9 301
1732641262267 139670.9 302
1732641272371 139670.8 303
1732641282461 139670.8 304
1732641292531 139670.8 305
1732641302625 139670.8 306
1732641312724 139670.7 307
1732641322836 139686.8 308
1732641332910 139686.7 309
1732641342999 139682.4 310
1732641353084 139639.4 311
1732641363199 139633.2 312
1732641373299 139632.8 313
1732641383363 139629.9 314
1732641393435 139626.7 315
1732641403541 139610.8 316
1732641413634 139608.7 317
1732641423702 139606.9 318
1732641433801 139605.8 319
1732641443912 139603.8 320
1732641454028 139603.7 321
1732641464135 139603.7 322
1732641474227 139649.2 323
1732641484339 139650.1 324
1732641494460 139653.6 325
1732641504545 139669.0 326
1732641514659 139668.8 327
1732641524736 139668.2 328
1732641534825 139667.6 329
1732641544960 139667.5 330
1732641555066 139666.5 331
1732641565168 139665.8 332
1732641575284 139666.6 333
1732641585401 139669.5 334
1732641595536 139662.8 335
1732641605647 139662.0 336
1732641615778 139661.9 337
1732641625866 139655.4 338
1732641635938 139676.8 339
1732641646063 139664.8 340
1732641656147 139662.6 341
1732641666256 139663.3 342
1732641676366 139660.2 343
1732641686459 139657.9 344
1732641696580 139672.8 345
1732641706706 139668.4 346
1732641716825 139666.7 347
1732641726949 139668.8 348
1732641737063 139668.3 349
1732641747158 139668.0 350
1732641757254 139667.7 351
1732641767356 139658.1 352
1732641777458 139656.4 353
1732641787587 139656.8 354
1732641797710 139654.8 355
1732641807824 139654.6 356
1732641817929 139654.5 357
1732641828052 139654.5 358
1732641838174 139653.3 359
1732641848259 139653.2 360
1732641858366 139653.2 361
1732641868450 139653.1 362
1732641878576 139653.1 363
1732641888702 139653.1 364
1732641898821 139652.9 365
1732641908937 139652.8 366
1732641919064 139651.3 367
1732641929168 139652.3 368
1732641939287 139657.3 369
1732641949418 139656.9 370
1732641959540 139656.5 371
1732641969659 139656.5 372
1732641979796 139656.4 373
1732641989934 139655.9 374
1732642000052 139655.7 375
1732642010170 139655.4 376
1732642020304 139655.0 377
1732642030389 139655.1 378
1732642040499 139654.6 379
1732642050632 139652.6 380
1732642060753 139651.5 381
1732642070892 139653.8 382
1732642081022 139645.4 383
1732642091130 139671.3 384
1732642101261 139573.3 385
1732642111401 139446.8 386
1732642121523 139663.1 387
1732642131644 139665.7 388
1732642141720 139665.6 389
1732642151816 139665.6 390
1732642161943 139665.6 391
1732642172076 139664.9 392
1732642182201 139664.9 393
1732642192635 139664.9 394
1732642202760 139664.8 395
1732642212879 139664.6 396
1732642223006 139664.0 397
1732642233124 139663.6 398
1732642243210 139663.4 399
1732642253319 139659.6 400
1732642263404 139664.8 401
1732642273522 139664.8 402
1732642283635 139664.5 403
1732642293752 139664.6 404
1732642303864 139664.1 405
1732642313984 139664.0 406
1732642324117 139663.9 407
1732642334307 139664.0 408
1732642344590 139664.0 409
