1732638213362 46.8 0
1732638223423 46.8 1
1732638233491 46.8 2
1732638243561 46.8 3
1732638253628 46.8 4
1732638263806 46.8 5
1732638273907 46.8 6
1732638283958 46.8 7
1732638294020 46.8 8
1732638304075 46.8 9
1732638314149 46.8 10
1732638324217 46.8 11
1732638334270 46.8 12
1732638344338 46.8 13
1732638354429 46.8 14
1732638364510 46.8 15
1732638374592 46.8 16
1732638384660 46.8 17
1732638394715 46.8 18
1732638404788 46.8 19
1732638414859 46.8 20
1732638424942 46.8 21
1732638435013 46.8 22
1732638445094 46.8 23
1732638455169 46.8 24
1732638465252 46.8 25
1732638475453 46.8 26
1732638485538 46.8 27
1732638495625 46.8 28
1732638505692 46.8 29
1732638515769 46.8 30
1732638525836 46.8 31
1732638535904 46.8 32
1732638545971 46.8 33
1732638556046 46.8 34
1732638566121 46.8 35
1732638576212 46.8 36
1732638586290 46.8 37
1732638596368 46.8 38
1732638606442 46.8 39
1732638616511 46.8 40
1732638626585 46.8 41
1732638636844 46.8 42
1732638646919 46.8 43
1732638656982 46.8 44
1732638667062 46.8 45
1732638677151 46.8 46
1732638687234 46.8 47
1732638697303 46.8 48
1732638707396 46.8 49
1732638717463 46.8 50
1732638727557 46.8 51
1732638737624 46.8 52
1732638747689 46.8 53
1732638757744 46.8 54
1732638767816 46.8 55
1732638777902 46.8 56
1732638787952 46.8 57
1732638798029 46.8 58
1732638808109 46.8 59
1732638818173 46.8 60
1732638828251 46.8 61
1732638838338 46.8 62
1732638848418 46.8 63
1732638858501 46.8 64
1732638868585 46.8 65
1732638878681 46.8 66
1732638888738 46.8 67
1732638898813 46.8 68
1732638908881 46.8 69
1732638918982 46.8 70
1732638929058 46.8 71
1732638939131 46.8 72
1732638949214 46.8 73
1732638959291 46.8 74
1732638969358 46.8 75
1732638979443 46.8 76
1732638989536 46.8 77
1732638999612 46.8 78
1732639009695 46.8 79
1732639019774 46.8 80
1732639029873 46.8 81
1732639039965 46.8 82
1732639050062 46.8 83
1732639060124 46.8 84
1732639070193 46.8 85
1732639080242 46.8 86
1732639090314 46.8 87
1732639100379 46.8 88
1732639110440 46.8 89
1732639120511 46.8 90
1732639130592 46.8 91
1732639140676 46.8 92
1732639150753 46.8 93
1732639160844 46.8 94
1732639170934 46.8 95
1732639181019 46.8 96
1732639191093 46.8 97
1732639201151 46.8 98
1732639211239 46.8 99
1732639221337 46.8 100
1732639231429 46.8 101
1732639241503 46.8 102
1732639251592 46.8 103
1732639261661 46.8 104
1732639271754 46.8 105
1732639281824 46.8 106
1732639291934 46.8 107
1732639302012 46.8 108
1732639312093 46.8 109
1732639322175 46.8 110
1732639332261 46.8 111
1732639342345 46.8 112
1732639352435 46.8 113
1732639362509 46.8 114
1732639372614 46.8 115
1732639382698 46.8 116
1732639392783 46.8 117
1732639402861 46.8 118
1732639412959 46.8 119
1732639423048 46.8 120
1732639433128 46.8 121
1732639443221 46.8 122
1732639453318 46.8 123
1732639463412 46.8 124
1732639473505 46.8 125
1732639483587 46.8 126
1732639493687 46.8 127
1732639503767 46.8 128
1732639513880 46.8 129
1732639523957 46.8 130
1732639534062 46.8 131
1732639544148 46.8 132
1732639554255 46.8 133
1732639564306 46.8 134
1732639574366 46.8 135
1732639584454 46.8 136
1732639594546 46.8 137
1732639604635 46.8 138
1732639614732 46.8 139
1732639624815 46.8 140
1732639634898 46.8 141
1732639644984 46.8 142
1732639655082 46.8 143
1732639665168 46.8 144
1732639675252 46.8 145
1732639685327 46.8 146
1732639695427 46.8 147
1732639705512 46.8 148
1732639715627 46.8 149
1732639725730 46.8 150
1732639735820 46.8 151
1732639745916 46.8 152
1732639756003 46.8 153
1732639766086 46.8 154
1732639776198 46.8 155
1732639786278 46.8 156
1732639796376 46.8 157
1732639806466 46.8 158
1732639816567 46.8 159
1732639826663 46.8 160
1732639836747 46.8 161
1732639846856 46.8 162
1732639856952 46.8 163
1732639867023 46.8 164
1732639877127 46.8 165
1732639887226 46.8 166
1732639897327 46.8 167
1732639907424 46.8 168
1732639917519 46.8 169
1732639927584 46.8 170
1732639937677 46.8 171
1732639947777 46.8 172
1732639957872 46.8 173
1732639967965 46.8 174
1732639978036 46.8 175
1732639988121 46.8 176
1732639998208 46.8 177
1732640008307 46.8 178
1732640018398 46.8 179
1732640028501 46.8 180
1732640038608 46.8 181
1732640048695 46.8 182
1732640058804 46.8 183
1732640068905 46.8 184
1732640078996 46.8 185
1732640089094 46.8 186
1732640099201 46.8 187
1732640109288 46.8 188
1732640119368 46.8 189
1732640129475 46.8 190
1732640139565 46.8 191
1732640149664 46.8 192
1732640159733 46.8 193
1732640169822 46.8 194
1732640179907 46.8 195
1732640189999 46.8 196
1732640200074 46.8 197
1732640210171 46.8 198
1732640220266 46.8 199
1732640230361 46.8 200
1732640240434 46.8 201
1732640250527 46.8 202
1732640260626 46.8 203
1732640270719 46.8 204
1732640280799 46.8 205
1732640290898 46.8 206
1732640301008 46.8 207
1732640311111 46.8 208
1732640321209 46.8 209
1732640331312 46.8 210
1732640341410 46.8 211
1732640351515 46.8 212
1732640361596 46.8 213
1732640371714 46.8 214
1732640381811 46.8 215
1732640391899 46.8 216
1732640402008 46.8 217
1732640412097 46.8 218
1732640422186 46.8 219
1732640432284 46.8 220
1732640442380 46.8 221
1732640452792 46.8 222
1732640462889 46.8 223
1732640472971 46.8 224
1732640483061 46.8 225
1732640493173 46.8 226
1732640503274 46.8 227
1732640513925 46.8 228
1732640524027 46.8 229
1732640534135 46.8 230
1732640544212 46.8 231
1732640554314 46.8 232
1732640564413 46.8 233
1732640574527 46.8 234
1732640584616 46.8 235
1732640594678 46.8 236
1732640604791 46.8 237
1732640614888 46.8 238
1732640624993 46.8 239
1732640635078 46.8 240
1732640645177 46.8 241
1732640655268 46.8 242
1732640665378 46.8 243
1732640675474 46.8 244
1732640685575 46.8 245
1732640695673 46.8 246
1732640705767 46.8 247
1732640715860 46.8 248
1732640725955 46.8 249
1732640736038 46.8 250
1732640746144 46.8 251
1732640756242 46.8 252
1732640766314 46.8 253
1732640776405 46.8 254
1732640786489 46.8 255
1732640796601 46.8 256
1732640806694 46.8 257
1732640816959 46.8 258
1732640827061 46.8 259
1732640837164 46.8 260
1732640847261 46.8 261
1732640857361 46.8 262
1732640867467 46.8 263
1732640877567 46.8 264
1732640887664 46.8 265
1732640897779 46.8 266
1732640907884 46.8 267
1732640917985 46.8 268
1732640928088 46.8 269
1732640938172 46.8 270
1732640948265 46.8 271
1732640958361 46.8 272
1732640968445 46.8 273
1732640978543 46.8 274
1732640988664 46.8 275
1732640998835 46.8 276
1732641008934 46.8 277
1732641019061 46.8 278
1732641029176 46.8 279
1732641039268 46.8 280
1732641049363 46.8 281
1732641059471 46.8 282
1732641069596 46.8 283
1732641079694 46.8 284
1732641089827 46.8 285
1732641099946 46.8 286
1732641110059 46.8 287
1732641120167 46.8 288
1732641130276 46.8 289
1732641140374 46.8 290
1732641150508 46.8 291
1732641160598 46.8 292
1732641171253 46.8 293
1732641181366 46.8 294
1732641191472 46.8 295
1732641201582 46.8 296
1732641211711 46.8 297
1732641221806 46.8 298
1732641231942 46.8 299
1732641242048 46.8 300
1732641252156 46.8 301
1732641262267 46.8 302
1732641272371 46.8 303
1732641282461 46.8 304
1732641292531 46.8 305
1732641302625 46.8 306
1732641312724 46.8 307
1732641322836 46.8 308
1732641332910 46.8 309
1732641342999 46.8 310
1732641353084 46.8 311
1732641363199 46.8 312
1732641373299 46.8 313
1732641383363 46.8 314
1732641393435 46.8 315
1732641403541 46.8 316
1732641413634 46.8 317
1732641423702 46.8 318
1732641433801 46.8 319
1732641443912 46.8 320
1732641454028 46.8 321
1732641464135 46.8 322
1732641474227 46.8 323
1732641484339 46.8 324
1732641494460 46.8 325
1732641504545 46.8 326
1732641514659 46.8 327
1732641524736 46.8 328
1732641534825 46.8 329
1732641544960 46.8 330
1732641555066 46.8 331
1732641565168 46.8 332
1732641575284 46.8 333
1732641585401 46.8 334
1732641595536 46.8 335
1732641605647 46.8 336
1732641615778 46.8 337
1732641625866 46.8 338
1732641635938 46.8 339
1732641646063 46.8 340
1732641656147 46.8 341
1732641666256 46.8 342
1732641676366 46.8 343
1732641686459 46.8 344
1732641696580 46.8 345
1732641706706 46.8 346
1732641716825 46.8 347
1732641726949 46.8 348
1732641737063 46.8 349
1732641747158 46.8 350
1732641757254 46.8 351
1732641767356 46.8 352
1732641777458 46.8 353
1732641787587 46.8 354
1732641797710 46.8 355
1732641807824 46.8 356
1732641817929 46.8 357
1732641828052 46.8 358
1732641838174 46.8 359
1732641848259 46.8 360
1732641858366 46.8 361
1732641868450 46.8 362
1732641878576 46.8 363
1732641888702 46.8 364
1732641898821 46.8 365
1732641908937 46.8 366
1732641919064 46.8 367
1732641929168 46.8 368
1732641939287 46.8 369
1732641949418 46.8 370
1732641959540 46.8 371
1732641969659 46.8 372
1732641979796 46.8 373
1732641989934 46.8 374
1732642000052 46.8 375
1732642010170 46.8 376
1732642020304 46.8 377
1732642030389 46.8 378
1732642040499 46.8 379
1732642050632 46.8 380
1732642060753 46.8 381
1732642070892 46.8 382
1732642081022 46.8 383
1732642091130 46.8 384
1732642101261 46.8 385
1732642111401 46.9 386
1732642121523 46.8 387
1732642131644 46.8 388
1732642141720 46.8 389
1732642151816 46.8 390
1732642161943 46.8 391
1732642172076 46.8 392
1732642182201 46.8 393
1732642192635 46.8 394
1732642202760 46.8 395
1732642212879 46.8 396
1732642223006 46.8 397
1732642233124 46.8 398
1732642243210 46.8 399
1732642253319 46.8 400
1732642263404 46.8 401
1732642273522 46.8 402
1732642283635 46.8 403
1732642293752 46.8 404
1732642303864 46.8 405
1732642313984 46.8 406
1732642324117 46.8 407
1732642334307 46.8 408
1732642344590 46.8 409
