1732638213362 25.0 0
1732638223423 6.0 1
1732638233491 44.0 2
1732638243561 55.0 3
1732638253628 45.0 4
1732638263806 15.0 5
1732638273907 1.0 6
1732638283958 19.0 7
1732638294020 42.0 8
1732638304075 5.0 9
1732638314149 2.0 10
1732638324217 38.0 11
1732638334270 47.0 12
1732638344338 26.0 13
1732638354429 14.0 14
1732638364510 48.0 15
1732638374592 2.0 16
1732638384660 43.0 17
1732638394715 2.0 18
1732638404788 2.0 19
1732638414859 2.0 20
1732638424942 41.0 21
1732638435013 38.0 22
1732638445094 39.0 23
1732638455169 3.0 24
1732638465252 1.0 25
1732638475453 2.0 26
1732638485538 1.0 27
1732638495625 44.0 28
1732638505692 40.0 29
1732638515769 4.0 30
1732638525836 38.0 31
1732638535904 43.0 32
1732638545971 28.0 33
1732638556046 38.0 34
1732638566121 46.0 35
1732638576212 43.0 36
1732638586290 46.0 37
1732638596368 1.0 38
1732638606442 45.0 39
1732638616511 43.0 40
1732638626585 47.0 41
1732638636844 42.0 42
1732638646919 1.0 43
1732638656982 38.0 44
1732638667062 1.0 45
1732638677151 37.0 46
1732638687234 37.0 47
1732638697303 1.0 48
1732638707396 1.0 49
1732638717463 1.0 50
1732638727557 35.0 51
1732638737624 40.0 52
1732638747689 35.0 53
1732638757744 36.0 54
1732638767816 39.0 55
1732638777902 30.0 56
1732638787952 45.0 57
1732638798029 1.0 58
1732638808109 26.0 59
1732638818173 34.0 60
1732638828251 45.0 61
1732638838338 2.0 62
1732638848418 20.0 63
1732638858501 42.0 64
1732638868585 48.0 65
1732638878681 45.0 66
1732638888738 45.0 67
1732638898813 38.0 68
1732638908881 28.0 69
1732638918982 5.0 70
1732638929058 5.0 71
1732638939131 46.0 72
1732638949214 6.0 73
1732638959291 42.0 74
1732638969358 21.0 75
1732638979443 11.0 76
1732638989536 42.0 77
1732638999612 41.0 78
1732639009695 5.0 79
1732639019774 43.0 80
1732639029873 44.0 81
1732639039965 5.0 82
1732639050062 42.0 83
1732639060124 40.0 84
1732639070193 45.0 85
1732639080242 42.0 86
1732639090314 6.0 87
1732639100379 40.0 88
1732639110440 40.0 89
1732639120511 12.0 90
1732639130592 2.0 91
1732639140676 39.0 92
1732639150753 61.0 93
1732639160844 25.0 94
1732639170934 46.0 95
1732639181019 1.0 96
1732639191093 13.0 97
1732639201151 1.0 98
1732639211239 35.0 99
1732639221337 21.0 100
1732639231429 40.0 101
1732639241503 45.0 102
1732639251592 36.0 103
1732639261661 39.0 104
1732639271754 43.0 105
1732639281824 22.0 106
1732639291934 38.0 107
1732639302012 34.0 108
1732639312093 40.0 109
1732639322175 3.0 110
1732639332261 39.0 111
1732639342345 32.0 112
1732639352435 41.0 113
1732639362509 41.0 114
1732639372614 1.0 115
1732639382698 41.0 116
1732639392783 42.0 117
1732639402861 26.0 118
1732639412959 50.0 119
1732639423048 44.0 120
1732639433128 38.0 121
1732639443221 1.0 122
1732639453318 36.0 123
1732639463412 45.0 124
1732639473505 13.0 125
1732639483587 39.0 126
1732639493687 37.0 127
1732639503767 34.0 128
1732639513880 43.0 129
1732639523957 25.0 130
1732639534062 40.0 131
1732639544148 39.0 132
1732639554255 39.0 133
1732639564306 36.0 134
1732639574366 1.0 135
1732639584454 35.0 136
1732639594546 2.0 137
1732639604635 38.0 138
1732639614732 39.0 139
1732639624815 40.0 140
1732639634898 29.0 141
1732639644984 3.0 142
1732639655082 10.0 143
1732639665168 40.0 144
1732639675252 42.0 145
1732639685327 40.0 146
1732639695427 41.0 147
1732639705512 13.0 148
1732639715627 47.0 149
1732639725730 39.0 150
1732639735820 39.0 151
1732639745916 13.0 152
1732639756003 50.0 153
1732639766086 27.0 154
1732639776198 35.0 155
1732639786278 51.0 156
1732639796376 41.0 157
1732639806466 37.0 158
1732639816567 41.0 159
1732639826663 1.0 160
1732639836747 44.0 161
1732639846856 48.0 162
1732639856952 40.0 163
1732639867023 2.0 164
1732639877127 38.0 165
1732639887226 29.0 166
1732639897327 36.0 167
1732639907424 42.0 168
1732639917519 1.0 169
1732639927584 42.0 170
1732639937677 36.0 171
1732639947777 18.0 172
1732639957872 41.0 173
1732639967965 49.0 174
1732639978036 14.0 175
1732639988121 51.0 176
1732639998208 53.0 177
1732640008307 45.0 178
1732640018398 43.0 179
1732640028501 1.0 180
1732640038608 2.0 181
1732640048695 45.0 182
1732640058804 35.0 183
1732640068905 1.0 184
1732640078996 27.0 185
1732640089094 1.0 186
1732640099201 48.0 187
1732640109288 34.0 188
1732640119368 2.0 189
1732640129475 2.0 190
1732640139565 1.0 191
1732640149664 41.0 192
1732640159733 32.0 193
1732640169822 6.0 194
1732640179907 37.0 195
1732640189999 5.0 196
1732640200074 39.0 197
1732640210171 13.0 198
1732640220266 43.0 199
1732640230361 35.0 200
1732640240434 36.0 201
1732640250527 6.0 202
1732640260626 46.0 203
1732640270719 31.0 204
1732640280799 46.0 205
1732640290898 37.0 206
1732640301008 43.0 207
1732640311111 42.0 208
1732640321209 12.0 209
1732640331312 3.0 210
1732640341410 31.0 211
1732640351515 38.0 212
1732640361596 5.0 213
1732640371714 40.0 214
1732640381811 43.0 215
1732640391899 44.0 216
1732640402008 27.0 217
1732640412097 37.0 218
1732640422186 2.0 219
1732640432284 13.0 220
1732640442380 1.0 221
1732640452792 35.0 222
1732640462889 0.0 223
1732640472971 45.0 224
1732640483061 41.0 225
1732640493173 28.0 226
1732640503274 36.0 227
1732640513925 53.0 228
1732640524027 0.0 229
1732640534135 47.0 230
1732640544212 40.0 231
1732640554314 0.0 232
1732640564413 42.0 233
1732640574527 36.0 234
1732640584616 27.0 235
1732640594678 43.0 236
1732640604791 37.0 237
1732640614888 36.0 238
1732640624993 14.0 239
1732640635078 2.0 240
1732640645177 36.0 241
1732640655268 25.0 242
1732640665378 39.0 243
1732640675474 40.0 244
1732640685575 33.0 245
1732640695673 45.0 246
1732640705767 23.0 247
1732640715860 1.0 248
1732640725955 34.0 249
1732640736038 1.0 250
1732640746144 41.0 251
1732640756242 38.0 252
1732640766314 26.0 253
1732640776405 38.0 254
1732640786489 37.0 255
1732640796601 2.0 256
1732640806694 2.0 257
1732640816959 1.0 258
1732640827061 0.0 259
1732640837164 35.0 260
1732640847261 1.0 261
1732640857361 34.0 262
1732640867467 36.0 263
1732640877567 9.0 264
1732640887664 11.0 265
1732640897779 37.0 266
1732640907884 40.0 267
1732640917985 1.0 268
1732640928088 1.0 269
1732640938172 1.0 270
1732640948265 36.0 271
1732640958361 26.0 272
1732640968445 43.0 273
1732640978543 44.0 274
1732640988664 4.0 275
1732640998835 1.0 276
1732641008934 0.0 277
1732641019061 37.0 278
1732641029176 35.0 279
1732641039268 2.0 280
1732641049363 1.0 281
1732641059471 34.0 282
1732641069596 44.0 283
1732641079694 26.0 284
1732641089827 40.0 285
1732641099946 34.0 286
1732641110059 43.0 287
1732641120167 26.0 288
1732641130276 1.0 289
1732641140374 50.0 290
1732641150508 36.0 291
1732641160598 38.0 292
1732641171253 35.0 293
1732641181366 0.0 294
1732641191472 36.0 295
1732641201582 40.0 296
1732641211711 36.0 297
1732641221806 43.0 298
1732641231942 1.0 299
1732641242048 26.0 300
1732641252156 2.0 301
1732641262267 1.0 302
1732641272371 45.0 303
1732641282461 44.0 304
1732641292531 43.0 305
1732641302625 27.0 306
1732641312724 53.0 307
1732641322836 40.0 308
1732641332910 41.0 309
1732641342999 38.0 310
1732641353084 6.0 311
1732641363199 38.0 312
1732641373299 18.0 313
1732641383363 35.0 314
1732641393435 33.0 315
1732641403541 39.0 316
1732641413634 1.0 317
1732641423702 39.0 318
1732641433801 35.0 319
1732641443912 35.0 320
1732641454028 43.0 321
1732641464135 37.0 322
1732641474227 40.0 323
1732641484339 41.0 324
1732641494460 29.0 325
1732641504545 31.0 326
1732641514659 2.0 327
1732641524736 41.0 328
1732641534825 42.0 329
1732641544960 36.0 330
1732641555066 12.0 331
1732641565168 39.0 332
1732641575284 1.0 333
1732641585401 13.0 334
1732641595536 35.0 335
1732641605647 2.0 336
1732641615778 33.0 337
1732641625866 38.0 338
1732641635938 41.0 339
1732641646063 5.0 340
1732641656147 3.0 341
1732641666256 17.0 342
1732641676366 48.0 343
1732641686459 41.0 344
1732641696580 41.0 345
1732641706706 36.0 346
1732641716825 39.0 347
1732641726949 39.0 348
1732641737063 26.0 349
1732641747158 43.0 350
1732641757254 45.0 351
1732641767356 40.0 352
1732641777458 35.0 353
1732641787587 29.0 354
1732641797710 38.0 355
1732641807824 40.0 356
1732641817929 1.0 357
1732641828052 1.0 358
1732641838174 39.0 359
1732641848259 1.0 360
1732641858366 39.0 361
1732641868450 8.0 362
1732641878576 39.0 363
1732641888702 2.0 364
1732641898821 1.0 365
1732641908937 44.0 366
1732641919064 2.0 367
1732641929168 14.0 368
1732641939287 26.0 369
1732641949418 44.0 370
1732641959540 46.0 371
1732641969659 40.0 372
1732641979796 41.0 373
1732641989934 20.0 374
1732642000052 4.0 375
1732642010170 8.0 376
1732642020304 1.0 377
1732642030389 27.0 378
1732642040499 49.0 379
1732642050632 37.0 380
1732642060753 22.0 381
1732642070892 3.0 382
1732642081022 33.0 383
1732642091130 3.0 384
1732642101261 44.0 385
1732642111401 5.0 386
1732642121523 40.0 387
1732642131644 2.0 388
1732642141720 26.0 389
1732642151816 38.0 390
1732642161943 45.0 391
1732642172076 37.0 392
1732642182201 1.0 393
1732642192635 41.0 394
1732642202760 1.0 395
1732642212879 41.0 396
1732642223006 34.0 397
1732642233124 1.0 398
1732642243210 39.0 399
1732642253319 34.0 400
1732642263404 41.0 401
1732642273522 21.0 402
1732642283635 3.0 403
1732642293752 31.0 404
1732642303864 37.0 405
1732642313984 37.0 406
1732642324117 3.0 407
1732642334307 32.0 408
1732642344590 37.0 409
