1732638213362 20.6 0
1732638223423 28.8 1
1732638233491 49.0 2
1732638243561 49.6 3
1732638253628 49.5 4
1732638263806 32.5 5
1732638273907 29.7 6
1732638283958 30.6 7
1732638294020 51.2 8
1732638304075 38.5 9
1732638314149 31.6 10
1732638324217 51.9 11
1732638334270 53.7 12
1732638344338 33.6 13
1732638354429 49.1 14
1732638364510 52.8 15
1732638374592 31.5 16
1732638384660 36.5 17
1732638394715 31.0 18
1732638404788 30.7 19
1732638414859 31.0 20
1732638424942 50.4 21
1732638435013 49.8 22
1732638445094 51.1 23
1732638455169 30.7 24
1732638465252 30.8 25
1732638475453 30.6 26
1732638485538 31.6 27
1732638495625 50.3 28
1732638505692 50.0 29
1732638515769 30.8 30
1732638525836 51.7 31
1732638535904 51.1 32
1732638545971 31.9 33
1732638556046 50.8 34
1732638566121 51.2 35
1732638576212 51.2 36
1732638586290 51.8 37
1732638596368 41.7 38
1732638606442 50.8 39
1732638616511 50.7 40
1732638626585 50.8 41
1732638636844 51.4 42
1732638646919 38.0 43
1732638656982 50.5 44
1732638667062 31.4 45
1732638677151 45.8 46
1732638687234 50.6 47
1732638697303 31.7 48
1732638707396 37.4 49
1732638717463 36.0 50
1732638727557 46.5 51
1732638737624 46.1 52
1732638747689 52.8 53
1732638757744 54.2 54
1732638767816 41.1 55
1732638777902 32.9 56
1732638787952 51.4 57
1732638798029 38.4 58
1732638808109 48.8 59
1732638818173 50.6 60
1732638828251 47.8 61
1732638838338 44.2 62
1732638848418 31.7 63
1732638858501 37.9 64
1732638868585 40.6 65
1732638878681 51.2 66
1732638888738 51.2 67
1732638898813 51.1 68
1732638908881 33.0 69
1732638918982 46.0 70
1732638929058 32.7 71
1732638939131 52.6 72
1732638949214 31.8 73
1732638959291 52.4 74
1732638969358 32.2 75
1732638979443 31.9 76
1732638989536 42.7 77
1732638999612 51.5 78
1732639009695 35.1 79
1732639019774 52.1 80
1732639029873 52.2 81
1732639039965 31.5 82
1732639050062 51.1 83
1732639060124 51.6 84
1732639070193 52.1 85
1732639080242 51.9 86
1732639090314 40.7 87
1732639100379 49.2 88
1732639110440 51.9 89
1732639120511 39.3 90
1732639130592 31.4 91
1732639140676 50.7 92
1732639150753 51.1 93
1732639160844 31.9 94
1732639170934 51.4 95
1732639181019 31.5 96
1732639191093 33.9 97
1732639201151 37.9 98
1732639211239 51.5 99
1732639221337 32.4 100
1732639231429 51.4 101
1732639241503 52.5 102
1732639251592 53.9 103
1732639261661 51.1 104
1732639271754 53.6 105
1732639281824 36.9 106
1732639291934 50.3 107
1732639302012 51.3 108
1732639312093 52.1 109
1732639322175 36.7 110
1732639332261 52.7 111
1732639342345 32.6 112
1732639352435 51.2 113
1732639362509 51.1 114
1732639372614 38.6 115
1732639382698 52.2 116
1732639392783 51.0 117
1732639402861 32.1 118
1732639412959 51.2 119
1732639423048 51.4 120
1732639433128 51.7 121
1732639443221 31.8 122
1732639453318 41.6 123
1732639463412 52.7 124
1732639473505 32.6 125
1732639483587 49.6 126
1732639493687 41.6 127
1732639503767 50.3 128
1732639513880 33.3 129
1732639523957 31.9 130
1732639534062 50.2 131
1732639544148 50.9 132
1732639554255 45.0 133
1732639564306 41.7 134
1732639574366 35.7 135
1732639584454 43.2 136
1732639594546 31.1 137
1732639604635 51.8 138
1732639614732 51.6 139
1732639624815 50.9 140
1732639634898 31.9 141
1732639644984 31.1 142
1732639655082 31.8 143
1732639665168 51.0 144
1732639675252 51.1 145
1732639685327 48.6 146
1732639695427 50.7 147
1732639705512 42.9 148
1732639715627 40.1 149
1732639725730 51.1 150
1732639735820 51.6 151
1732639745916 31.9 152
1732639756003 52.2 153
1732639766086 33.6 154
1732639776198 51.3 155
1732639786278 52.8 156
1732639796376 51.3 157
1732639806466 43.0 158
1732639816567 51.2 159
1732639826663 38.5 160
1732639836747 50.4 161
1732639846856 40.1 162
1732639856952 52.1 163
1732639867023 33.0 164
1732639877127 50.9 165
1732639887226 49.3 166
1732639897327 39.9 167
1732639907424 51.4 168
1732639917519 34.1 169
1732639927584 51.7 170
1732639937677 51.8 171
1732639947777 32.0 172
1732639957872 52.1 173
1732639967965 52.0 174
1732639978036 33.7 175
1732639988121 53.4 176
1732639998208 51.1 177
1732640008307 35.1 178
1732640018398 51.2 179
1732640028501 31.7 180
1732640038608 31.6 181
1732640048695 51.2 182
1732640058804 49.8 183
1732640068905 31.9 184
1732640078996 32.7 185
1732640089094 38.4 186
1732640099201 51.9 187
1732640109288 49.8 188
1732640119368 31.5 189
1732640129475 31.6 190
1732640139565 33.7 191
1732640149664 48.2 192
1732640159733 50.8 193
1732640169822 31.6 194
1732640179907 51.2 195
1732640189999 31.5 196
1732640200074 51.2 197
1732640210171 32.1 198
1732640220266 41.2 199
1732640230361 52.2 200
1732640240434 51.7 201
1732640250527 31.7 202
1732640260626 52.4 203
1732640270719 32.3 204
1732640280799 53.3 205
1732640290898 51.1 206
1732640301008 52.1 207
1732640311111 52.3 208
1732640321209 41.7 209
1732640331312 32.2 210
1732640341410 32.1 211
1732640351515 51.2 212
1732640361596 43.7 213
1732640371714 51.7 214
1732640381811 50.4 215
1732640391899 50.9 216
1732640402008 32.2 217
1732640412097 51.2 218
1732640422186 35.4 219
1732640432284 32.0 220
1732640442380 39.8 221
1732640452792 51.1 222
1732640462889 35.8 223
1732640472971 52.0 224
1732640483061 51.2 225
1732640493173 39.0 226
1732640503274 50.9 227
1732640513925 52.3 228
1732640524027 36.9 229
1732640534135 50.2 230
1732640544212 50.1 231
1732640554314 31.5 232
1732640564413 51.3 233
1732640574527 44.2 234
1732640584616 32.1 235
1732640594678 50.1 236
1732640604791 40.0 237
1732640614888 50.7 238
1732640624993 33.0 239
1732640635078 31.5 240
1732640645177 49.7 241
1732640655268 32.0 242
1732640665378 50.8 243
1732640675474 51.5 244
1732640685575 52.4 245
1732640695673 52.7 246
1732640705767 32.7 247
1732640715860 36.0 248
1732640725955 51.7 249
1732640736038 31.3 250
1732640746144 51.5 251
1732640756242 41.5 252
1732640766314 31.8 253
1732640776405 43.7 254
1732640786489 44.7 255
1732640796601 31.4 256
1732640806694 31.4 257
1732640816959 31.2 258
1732640827061 31.3 259
1732640837164 50.7 260
1732640847261 31.2 261
1732640857361 43.5 262
1732640867467 40.0 263
1732640877567 31.4 264
1732640887664 42.3 265
1732640897779 33.7 266
1732640907884 45.0 267
1732640917985 31.1 268
1732640928088 31.1 269
1732640938172 35.9 270
1732640948265 51.1 271
1732640958361 31.8 272
1732640968445 51.4 273
1732640978543 51.5 274
1732640988664 31.8 275
1732640998835 31.6 276
1732641008934 38.4 277
1732641019061 42.5 278
1732641029176 51.4 279
1732641039268 31.3 280
1732641049363 38.4 281
1732641059471 49.0 282
1732641069596 50.2 283
1732641079694 31.7 284
1732641089827 52.2 285
1732641099946 46.5 286
1732641110059 52.7 287
1732641120167 32.1 288
1732641130276 33.6 289
1732641140374 51.8 290
1732641150508 52.0 291
1732641160598 51.3 292
1732641171253 52.2 293
1732641181366 31.7 294
1732641191472 53.1 295
1732641201582 52.6 296
1732641211711 52.5 297
1732641221806 54.2 298
1732641231942 48.0 299
1732641242048 32.0 300
1732641252156 34.2 301
1732641262267 31.3 302
1732641272371 52.0 303
1732641282461 52.1 304
1732641292531 51.1 305
1732641302625 32.2 306
1732641312724 52.2 307
1732641322836 41.4 308
1732641332910 52.5 309
1732641342999 51.6 310
1732641353084 40.9 311
1732641363199 52.3 312
1732641373299 32.2 313
1732641383363 51.3 314
1732641393435 39.2 315
1732641403541 45.5 316
1732641413634 31.3 317
1732641423702 49.8 318
1732641433801 34.4 319
1732641443912 48.8 320
1732641454028 34.4 321
1732641464135 49.7 322
1732641474227 42.9 323
1732641484339 50.1 324
1732641494460 32.4 325
1732641504545 47.3 326
1732641514659 34.1 327
1732641524736 50.8 328
1732641534825 50.2 329
1732641544960 50.2 330
1732641555066 32.0 331
1732641565168 51.8 332
1732641575284 31.7 333
1732641585401 31.9 334
1732641595536 50.9 335
1732641605647 38.6 336
1732641615778 41.1 337
1732641625866 52.0 338
1732641635938 51.8 339
1732641646063 32.3 340
1732641656147 38.8 341
1732641666256 32.8 342
1732641676366 53.1 343
1732641686459 53.0 344
1732641696580 51.9 345
1732641706706 52.6 346
1732641716825 51.3 347
1732641726949 37.4 348
1732641737063 31.7 349
1732641747158 50.2 350
1732641757254 42.2 351
1732641767356 51.9 352
1732641777458 52.5 353
1732641787587 32.1 354
1732641797710 51.7 355
1732641807824 50.7 356
1732641817929 31.5 357
1732641828052 31.3 358
1732641838174 43.7 359
1732641848259 31.6 360
1732641858366 50.9 361
1732641868450 31.6 362
1732641878576 51.1 363
1732641888702 31.4 364
1732641898821 31.5 365
1732641908937 37.2 366
1732641919064 31.4 367
1732641929168 44.6 368
1732641939287 31.9 369
1732641949418 53.0 370
1732641959540 52.4 371
1732641969659 52.2 372
1732641979796 51.7 373
1732641989934 32.0 374
1732642000052 31.6 375
1732642010170 31.6 376
1732642020304 31.4 377
1732642030389 45.9 378
1732642040499 52.3 379
1732642050632 53.8 380
1732642060753 31.7 381
1732642070892 35.0 382
1732642081022 51.5 383
1732642091130 31.6 384
1732642101261 51.3 385
1732642111401 31.5 386
1732642121523 39.3 387
1732642131644 31.2 388
1732642141720 31.6 389
1732642151816 51.0 390
1732642161943 51.6 391
1732642172076 49.7 392
1732642182201 31.5 393
1732642192635 47.5 394
1732642202760 34.6 395
1732642212879 49.4 396
1732642223006 51.4 397
1732642233124 38.3 398
1732642243210 51.5 399
1732642253319 38.7 400
1732642263404 51.4 401
1732642273522 31.7 402
1732642283635 32.3 403
1732642293752 52.2 404
1732642303864 45.6 405
1732642313984 51.1 406
1732642324117 31.4 407
1732642334307 47.8 408
1732642344590 36.9 409
