1732638213362 76.1 0
1732638223423 106.6 1
1732638233491 181.5 2
1732638243561 183.7 3
1732638253628 183.1 4
1732638263806 120.2 5
1732638273907 109.8 6
1732638283958 113.4 7
1732638294020 189.6 8
1732638304075 142.3 9
1732638314149 117.0 10
1732638324217 191.9 11
1732638334270 198.6 12
1732638344338 124.3 13
1732638354429 181.6 14
1732638364510 195.4 15
1732638374592 116.5 16
1732638384660 135.0 17
1732638394715 114.6 18
1732638404788 113.8 19
1732638414859 114.7 20
1732638424942 186.6 21
1732638435013 184.3 22
1732638445094 189.0 23
1732638455169 113.6 24
1732638465252 114.1 25
1732638475453 113.3 26
1732638485538 116.8 27
1732638495625 185.9 28
1732638505692 184.9 29
1732638515769 114.0 30
1732638525836 191.2 31
1732638535904 189.1 32
1732638545971 117.9 33
1732638556046 187.9 34
1732638566121 189.6 35
1732638576212 189.3 36
1732638586290 191.6 37
1732638596368 154.4 38
1732638606442 187.8 39
1732638616511 187.8 40
1732638626585 187.9 41
1732638636844 190.1 42
1732638646919 140.5 43
1732638656982 186.7 44
1732638667062 116.3 45
1732638677151 169.5 46
1732638687234 187.1 47
1732638697303 117.5 48
1732638707396 138.3 49
1732638717463 133.3 50
1732638727557 171.9 51
1732638737624 170.6 52
1732638747689 195.4 53
1732638757744 200.6 54
1732638767816 152.1 55
1732638777902 121.5 56
1732638787952 190.3 57
1732638798029 142.0 58
1732638808109 180.4 59
1732638818173 187.2 60
1732638828251 176.7 61
1732638838338 163.6 62
1732638848418 117.5 63
1732638858501 140.1 64
1732638868585 150.1 65
1732638878681 189.4 66
1732638888738 189.5 67
1732638898813 189.1 68
1732638908881 122.2 69
1732638918982 170.1 70
1732638929058 121.0 71
1732638939131 194.8 72
1732638949214 117.6 73
1732638959291 193.7 74
1732638969358 119.0 75
1732638979443 118.2 76
1732638989536 158.0 77
1732638999612 190.6 78
1732639009695 130.0 79
1732639019774 192.8 80
1732639029873 193.0 81
1732639039965 116.7 82
1732639050062 189.0 83
1732639060124 191.0 84
1732639070193 192.7 85
1732639080242 192.1 86
1732639090314 150.7 87
1732639100379 182.0 88
1732639110440 191.9 89
1732639120511 145.3 90
1732639130592 116.3 91
1732639140676 187.4 92
1732639150753 189.2 93
1732639160844 118.2 94
1732639170934 190.2 95
1732639181019 116.7 96
1732639191093 125.3 97
1732639201151 140.2 98
1732639211239 190.6 99
1732639221337 119.9 100
1732639231429 190.3 101
1732639241503 194.2 102
1732639251592 199.5 103
1732639261661 189.2 104
1732639271754 198.3 105
1732639281824 136.4 106
1732639291934 186.2 107
1732639302012 189.9 108
1732639312093 192.8 109
1732639322175 135.6 110
1732639332261 195.2 111
1732639342345 120.5 112
1732639352435 189.6 113
1732639362509 189.1 114
1732639372614 142.7 115
1732639382698 193.2 116
1732639392783 188.5 117
1732639402861 118.7 118
1732639412959 189.3 119
1732639423048 190.3 120
1732639433128 191.3 121
1732639443221 117.6 122
1732639453318 153.8 123
1732639463412 195.1 124
1732639473505 120.6 125
1732639483587 183.5 126
1732639493687 153.9 127
1732639503767 186.1 128
1732639513880 123.4 129
1732639523957 117.9 130
1732639534062 185.6 131
1732639544148 188.4 132
1732639554255 166.4 133
1732639564306 154.4 134
1732639574366 132.0 135
1732639584454 159.7 136
1732639594546 114.9 137
1732639604635 191.7 138
1732639614732 190.9 139
1732639624815 188.5 140
1732639634898 118.0 141
1732639644984 115.0 142
1732639655082 117.5 143
1732639665168 188.7 144
1732639675252 189.2 145
1732639685327 179.9 146
1732639695427 187.7 147
1732639705512 158.7 148
1732639715627 148.2 149
1732639725730 189.1 150
1732639735820 190.9 151
1732639745916 118.1 152
1732639756003 193.1 153
1732639766086 124.3 154
1732639776198 189.7 155
1732639786278 195.5 156
1732639796376 189.7 157
1732639806466 159.2 158
1732639816567 189.5 159
1732639826663 142.5 160
1732639836747 186.5 161
1732639846856 148.4 162
1732639856952 192.7 163
1732639867023 121.9 164
1732639877127 188.5 165
1732639887226 182.5 166
1732639897327 147.6 167
1732639907424 190.3 168
1732639917519 126.3 169
1732639927584 191.4 170
1732639937677 191.7 171
1732639947777 118.5 172
1732639957872 192.7 173
1732639967965 192.3 174
1732639978036 124.8 175
1732639988121 197.5 176
1732639998208 189.2 177
1732640008307 129.8 178
1732640018398 189.5 179
1732640028501 117.4 180
1732640038608 116.8 181
1732640048695 189.4 182
1732640058804 184.1 183
1732640068905 118.0 184
1732640078996 121.1 185
1732640089094 142.1 186
1732640099201 191.9 187
1732640109288 184.3 188
1732640119368 116.7 189
1732640129475 117.1 190
1732640139565 124.6 191
1732640149664 178.4 192
1732640159733 188.1 193
1732640169822 117.1 194
1732640179907 189.5 195
1732640189999 116.7 196
1732640200074 189.4 197
1732640210171 118.9 198
1732640220266 152.6 199
1732640230361 193.1 200
1732640240434 191.3 201
1732640250527 117.2 202
1732640260626 193.7 203
1732640270719 119.5 204
1732640280799 197.1 205
1732640290898 188.9 206
1732640301008 192.8 207
1732640311111 193.5 208
1732640321209 154.2 209
1732640331312 119.3 210
1732640341410 118.7 211
1732640351515 189.5 212
1732640361596 161.6 213
1732640371714 191.1 214
1732640381811 186.6 215
1732640391899 188.2 216
1732640402008 119.0 217
1732640412097 189.5 218
1732640422186 131.0 219
1732640432284 118.4 220
1732640442380 147.1 221
1732640452792 189.1 222
1732640462889 132.5 223
1732640472971 192.4 224
1732640483061 189.6 225
1732640493173 144.3 226
1732640503274 188.2 227
1732640513925 193.4 228
1732640524027 136.6 229
1732640534135 185.8 230
1732640544212 185.2 231
1732640554314 116.7 232
1732640564413 189.7 233
1732640574527 163.6 234
1732640584616 118.9 235
1732640594678 185.2 236
1732640604791 148.1 237
1732640614888 187.5 238
1732640624993 121.9 239
1732640635078 116.4 240
1732640645177 184.1 241
1732640655268 118.5 242
1732640665378 188.1 243
1732640675474 190.4 244
1732640685575 193.7 245
1732640695673 195.1 246
1732640705767 120.8 247
1732640715860 133.1 248
1732640725955 191.4 249
1732640736038 115.9 250
1732640746144 190.5 251
1732640756242 153.4 252
1732640766314 117.7 253
1732640776405 161.7 254
1732640786489 165.5 255
1732640796601 116.0 256
1732640806694 116.1 257
1732640816959 115.6 258
1732640827061 115.7 259
1732640837164 187.5 260
1732640847261 115.5 261
1732640857361 161.0 262
1732640867467 148.1 263
1732640877567 116.2 264
1732640887664 156.4 265
1732640897779 124.7 266
1732640907884 166.7 267
1732640917985 115.1 268
1732640928088 115.0 269
1732640938172 132.7 270
1732640948265 188.9 271
1732640958361 117.5 272
1732640968445 190.2 273
1732640978543 190.5 274
1732640988664 117.6 275
1732640998835 116.9 276
1732641008934 142.2 277
1732641019061 157.4 278
1732641029176 190.1 279
1732641039268 115.8 280
1732641049363 142.2 281
1732641059471 181.2 282
1732641069596 185.8 283
1732641079694 117.3 284
1732641089827 193.1 285
1732641099946 172.2 286
1732641110059 194.9 287
1732641120167 118.6 288
1732641130276 124.5 289
1732641140374 191.7 290
1732641150508 192.3 291
1732641160598 190.0 292
1732641171253 193.0 293
1732641181366 117.4 294
1732641191472 196.6 295
1732641201582 194.6 296
1732641211711 194.3 297
1732641221806 200.5 298
1732641231942 177.7 299
1732641242048 118.6 300
1732641252156 126.4 301
1732641262267 115.9 302
1732641272371 192.4 303
1732641282461 192.6 304
1732641292531 189.2 305
1732641302625 119.0 306
1732641312724 193.1 307
1732641322836 153.1 308
1732641332910 194.4 309
1732641342999 191.0 310
1732641353084 151.3 311
1732641363199 193.5 312
1732641373299 119.1 313
1732641383363 189.8 314
1732641393435 145.0 315
1732641403541 168.5 316
1732641413634 115.7 317
1732641423702 184.3 318
1732641433801 127.2 319
1732641443912 180.5 320
1732641454028 127.2 321
1732641464135 183.8 322
1732641474227 158.7 323
1732641484339 185.5 324
1732641494460 120.0 325
1732641504545 174.8 326
1732641514659 126.2 327
1732641524736 188.1 328
1732641534825 185.7 329
1732641544960 185.8 330
1732641555066 118.6 331
1732641565168 191.6 332
1732641575284 117.2 333
1732641585401 118.0 334
1732641595536 188.4 335
1732641605647 142.8 336
1732641615778 152.2 337
1732641625866 192.5 338
1732641635938 191.8 339
1732641646063 119.5 340
1732641656147 143.6 341
1732641666256 121.3 342
1732641676366 196.5 343
1732641686459 195.9 344
1732641696580 191.9 345
1732641706706 194.7 346
1732641716825 189.7 347
1732641726949 138.5 348
1732641737063 117.3 349
1732641747158 185.8 350
1732641757254 156.3 351
1732641767356 191.9 352
1732641777458 194.2 353
1732641787587 118.7 354
1732641797710 191.3 355
1732641807824 187.7 356
1732641817929 116.4 357
1732641828052 115.7 358
1732641838174 161.6 359
1732641848259 116.9 360
1732641858366 188.4 361
1732641868450 116.9 362
1732641878576 189.1 363
1732641888702 116.1 364
1732641898821 116.6 365
1732641908937 137.8 366
1732641919064 116.2 367
1732641929168 165.0 368
1732641939287 117.9 369
1732641949418 195.9 370
1732641959540 193.9 371
1732641969659 193.0 372
1732641979796 191.4 373
1732641989934 118.5 374
1732642000052 116.8 375
1732642010170 116.9 376
1732642020304 116.1 377
1732642030389 170.0 378
1732642040499 193.5 379
1732642050632 199.1 380
1732642060753 117.4 381
1732642070892 129.7 382
1732642081022 190.7 383
1732642091130 116.8 384
1732642101261 189.6 385
1732642111401 116.6 386
1732642121523 145.4 387
1732642131644 115.5 388
1732642141720 117.1 389
1732642151816 188.7 390
1732642161943 190.8 391
1732642172076 184.0 392
1732642182201 116.6 393
1732642192635 175.9 394
1732642202760 127.8 395
1732642212879 182.7 396
1732642223006 190.2 397
1732642233124 141.8 398
1732642243210 190.7 399
1732642253319 143.2 400
1732642263404 190.1 401
1732642273522 117.3 402
1732642283635 119.4 403
1732642293752 193.0 404
1732642303864 168.7 405
1732642313984 188.9 406
1732642324117 116.1 407
1732642334307 177.0 408
1732642344590 136.4 409
