1732638213362 10.3 0
1732638223423 17.3 1
1732638233491 26.2 2
1732638243561 26.2 3
1732638253628 26.3 4
1732638263806 27.4 5
1732638273907 27.9 6
1732638283958 37.4 7
1732638294020 37.1 8
1732638304075 37.2 9
1732638314149 37.1 10
1732638324217 37.1 11
1732638334270 37.0 12
1732638344338 37.0 13
1732638354429 37.0 14
1732638364510 37.0 15
1732638374592 37.0 16
1732638384660 36.9 17
1732638394715 37.0 18
1732638404788 37.0 19
1732638414859 37.0 20
1732638424942 37.0 21
1732638435013 37.0 22
1732638445094 37.0 23
1732638455169 37.0 24
1732638465252 37.0 25
1732638475453 37.0 26
1732638485538 37.0 27
1732638495625 37.0 28
1732638505692 37.0 29
1732638515769 37.0 30
1732638525836 36.9 31
1732638535904 36.9 32
1732638545971 35.9 33
1732638556046 35.9 34
1732638566121 35.9 35
1732638576212 35.9 36
1732638586290 35.9 37
1732638596368 35.9 38
1732638606442 35.9 39
1732638616511 35.9 40
1732638626585 35.9 41
1732638636844 35.8 42
1732638646919 35.9 43
1732638656982 35.9 44
1732638667062 35.9 45
1732638677151 35.9 46
1732638687234 35.9 47
1732638697303 35.9 48
1732638707396 35.9 49
1732638717463 35.9 50
1732638727557 35.9 51
1732638737624 35.9 52
1732638747689 35.9 53
1732638757744 35.9 54
1732638767816 35.9 55
1732638777902 37.3 56
1732638787952 37.2 57
1732638798029 37.6 58
1732638808109 37.0 59
1732638818173 36.3 60
1732638828251 36.3 61
1732638838338 36.2 62
1732638848418 37.0 63
1732638858501 37.0 64
1732638868585 36.3 65
1732638878681 36.3 66
1732638888738 36.2 67
1732638898813 36.3 68
1732638908881 36.3 69
1732638918982 36.0 70
1732638929058 35.9 71
1732638939131 35.9 72
1732638949214 35.9 73
1732638959291 35.9 74
1732638969358 35.9 75
1732638979443 35.9 76
1732638989536 35.9 77
1732638999612 35.8 78
1732639009695 36.0 79
1732639019774 35.8 80
1732639029873 35.8 81
1732639039965 35.8 82
1732639050062 35.9 83
1732639060124 35.8 84
1732639070193 35.8 85
1732639080242 35.8 86
1732639090314 35.8 87
1732639100379 35.8 88
1732639110440 36.1 89
1732639120511 36.0 90
1732639130592 35.9 91
1732639140676 35.9 92
1732639150753 35.9 93
1732639160844 35.9 94
1732639170934 35.9 95
1732639181019 35.9 96
1732639191093 35.9 97
1732639201151 35.9 98
1732639211239 36.0 99
1732639221337 36.1 100
1732639231429 36.3 101
1732639241503 36.2 102
1732639251592 36.2 103
1732639261661 36.3 104
1732639271754 36.1 105
1732639281824 36.5 106
1732639291934 36.4 107
1732639302012 36.4 108
1732639312093 36.4 109
1732639322175 36.2 110
1732639332261 36.5 111
1732639342345 36.5 112
1732639352435 36.1 113
1732639362509 35.8 114
1732639372614 36.0 115
1732639382698 35.9 116
1732639392783 35.9 117
1732639402861 36.0 118
1732639412959 36.0 119
1732639423048 36.0 120
1732639433128 35.9 121
1732639443221 35.8 122
1732639453318 35.8 123
1732639463412 36.1 124
1732639473505 35.9 125
1732639483587 35.7 126
1732639493687 35.9 127
1732639503767 35.9 128
1732639513880 36.0 129
1732639523957 35.9 130
1732639534062 35.9 131
1732639544148 35.9 132
1732639554255 35.8 133
1732639564306 35.9 134
1732639574366 35.9 135
1732639584454 35.9 136
1732639594546 36.0 137
1732639604635 36.1 138
1732639614732 35.9 139
1732639624815 35.9 140
1732639634898 35.9 141
1732639644984 36.0 142
1732639655082 36.5 143
1732639665168 36.7 144
1732639675252 36.7 145
1732639685327 36.8 146
1732639695427 36.5 147
1732639705512 36.3 148
1732639715627 35.9 149
1732639725730 35.9 150
1732639735820 35.9 151
1732639745916 36.0 152
1732639756003 36.0 153
1732639766086 35.9 154
1732639776198 35.9 155
1732639786278 36.1 156
1732639796376 36.1 157
1732639806466 36.0 158
1732639816567 36.0 159
1732639826663 36.0 160
1732639836747 36.0 161
1732639846856 36.2 162
1732639856952 36.2 163
1732639867023 36.0 164
1732639877127 36.0 165
1732639887226 36.0 166
1732639897327 36.0 167
1732639907424 36.0 168
1732639917519 36.1 169
1732639927584 36.1 170
1732639937677 36.1 171
1732639947777 36.1 172
1732639957872 36.1 173
1732639967965 36.5 174
1732639978036 36.4 175
1732639988121 36.5 176
1732639998208 36.5 177
1732640008307 36.6 178
1732640018398 36.5 179
1732640028501 36.4 180
1732640038608 36.6 181
1732640048695 36.2 182
1732640058804 37.0 183
1732640068905 36.3 184
1732640078996 36.3 185
1732640089094 36.2 186
1732640099201 36.3 187
1732640109288 36.2 188
1732640119368 35.8 189
1732640129475 35.9 190
1732640139565 35.9 191
1732640149664 35.9 192
1732640159733 36.0 193
1732640169822 36.1 194
1732640179907 35.9 195
1732640189999 36.0 196
1732640200074 35.9 197
1732640210171 35.9 198
1732640220266 35.9 199
1732640230361 35.9 200
1732640240434 35.9 201
1732640250527 35.9 202
1732640260626 35.9 203
1732640270719 35.9 204
1732640280799 35.9 205
1732640290898 35.9 206
1732640301008 35.8 207
1732640311111 35.8 208
1732640321209 35.7 209
1732640331312 35.8 210
1732640341410 35.7 211
1732640351515 35.7 212
1732640361596 35.7 213
1732640371714 35.7 214
1732640381811 36.1 215
1732640391899 36.0 216
1732640402008 35.8 217
1732640412097 36.2 218
1732640422186 35.9 219
1732640432284 35.9 220
1732640442380 35.8 221
1732640452792 35.8 222
1732640462889 35.9 223
1732640472971 35.9 224
1732640483061 35.9 225
1732640493173 35.9 226
1732640503274 36.5 227
1732640513925 36.1 228
1732640524027 36.0 229
1732640534135 35.9 230
1732640544212 35.8 231
1732640554314 35.8 232
1732640564413 35.8 233
1732640574527 35.8 234
1732640584616 35.8 235
1732640594678 35.8 236
1732640604791 35.8 237
1732640614888 35.8 238
1732640624993 35.8 239
1732640635078 35.8 240
1732640645177 35.8 241
1732640655268 35.8 242
1732640665378 35.8 243
1732640675474 35.8 244
1732640685575 35.9 245
1732640695673 35.9 246
1732640705767 35.8 247
1732640715860 35.8 248
1732640725955 35.8 249
1732640736038 35.8 250
1732640746144 35.8 251
1732640756242 35.8 252
1732640766314 35.8 253
1732640776405 35.8 254
1732640786489 35.9 255
1732640796601 35.8 256
1732640806694 35.8 257
1732640816959 35.8 258
1732640827061 35.8 259
1732640837164 35.8 260
1732640847261 35.8 261
1732640857361 35.8 262
1732640867467 35.8 263
1732640877567 35.9 264
1732640887664 35.9 265
1732640897779 35.9 266
1732640907884 35.8 267
1732640917985 35.8 268
1732640928088 35.8 269
1732640938172 35.8 270
1732640948265 35.8 271
1732640958361 35.8 272
1732640968445 35.9 273
1732640978543 35.8 274
1732640988664 35.6 275
1732640998835 35.7 276
1732641008934 35.7 277
1732641019061 35.7 278
1732641029176 35.7 279
1732641039268 35.7 280
1732641049363 35.7 281
1732641059471 35.7 282
1732641069596 35.7 283
1732641079694 35.7 284
1732641089827 35.7 285
1732641099946 35.7 286
1732641110059 35.7 287
1732641120167 35.7 288
1732641130276 35.7 289
1732641140374 35.9 290
1732641150508 36.3 291
1732641160598 36.4 292
1732641171253 36.3 293
1732641181366 36.3 294
1732641191472 36.3 295
1732641201582 36.3 296
1732641211711 36.3 297
1732641221806 36.3 298
1732641231942 36.3 299
1732641242048 36.3 300
1732641252156 36.4 301
1732641262267 36.0 302
1732641272371 36.0 303
1732641282461 35.9 304
1732641292531 35.9 305
1732641302625 35.4 306
1732641312724 35.5 307
1732641322836 35.5 308
1732641332910 35.5 309
1732641342999 35.6 310
1732641353084 35.5 311
1732641363199 35.4 312
1732641373299 35.4 313
1732641383363 35.4 314
1732641393435 35.4 315
1732641403541 35.4 316
1732641413634 35.4 317
1732641423702 35.4 318
1732641433801 35.4 319
1732641443912 35.4 320
1732641454028 35.4 321
1732641464135 35.4 322
1732641474227 35.4 323
1732641484339 35.6 324
1732641494460 35.7 325
1732641504545 36.0 326
1732641514659 35.9 327
1732641524736 35.6 328
1732641534825 35.7 329
1732641544960 35.6 330
1732641555066 35.6 331
1732641565168 35.6 332
1732641575284 35.7 333
1732641585401 35.6 334
1732641595536 35.5 335
1732641605647 35.5 336
1732641615778 35.5 337
1732641625866 35.5 338
1732641635938 35.5 339
1732641646063 35.6 340
1732641656147 36.1 341
1732641666256 36.1 342
1732641676366 36.1 343
1732641686459 36.1 344
1732641696580 36.1 345
1732641706706 36.1 346
1732641716825 36.1 347
1732641726949 36.0 348
1732641737063 36.0 349
1732641747158 36.1 350
1732641757254 36.2 351
1732641767356 36.7 352
1732641777458 36.5 353
1732641787587 36.4 354
1732641797710 36.3 355
1732641807824 36.2 356
1732641817929 36.2 357
1732641828052 36.2 358
1732641838174 36.1 359
1732641848259 36.1 360
1732641858366 36.1 361
1732641868450 36.1 362
1732641878576 36.1 363
1732641888702 36.1 364
1732641898821 36.2 365
1732641908937 36.3 366
1732641919064 36.0 367
1732641929168 36.0 368
1732641939287 36.0 369
1732641949418 36.0 370
1732641959540 35.9 371
1732641969659 35.9 372
1732641979796 36.1 373
1732641989934 35.9 374
1732642000052 36.0 375
1732642010170 36.0 376
1732642020304 35.9 377
1732642030389 36.1 378
1732642040499 36.0 379
1732642050632 36.0 380
1732642060753 36.0 381
1732642070892 36.0 382
1732642081022 35.9 383
1732642091130 36.3 384
1732642101261 36.2 385
1732642111401 36.6 386
1732642121523 36.6 387
1732642131644 36.4 388
1732642141720 36.4 389
1732642151816 36.4 390
1732642161943 36.4 391
1732642172076 36.3 392
1732642182201 36.3 393
1732642192635 36.3 394
1732642202760 35.6 395
1732642212879 35.5 396
1732642223006 35.4 397
1732642233124 35.5 398
1732642243210 35.5 399
1732642253319 35.5 400
1732642263404 35.6 401
1732642273522 35.5 402
1732642283635 35.7 403
1732642293752 35.8 404
1732642303864 35.7 405
1732642313984 35.6 406
1732642324117 35.7 407
1732642334307 35.6 408
1732642344590 35.7 409
