1732638213362 0.0003460000000359287 0
1732638223423 0.0432100000000446 1
1732638233491 0.5628380000000561 2
1732638243561 0.5779390000000149 3
1732638253628 0.598365000000058 4
1732638263806 0.6191220000000612 5
1732638273907 0.6260220000000345 6
1732638283958 0.6367320000000518 7
1732638294020 0.6464330000000018 8
1732638304075 0.6772400000000971 9
1732638314149 0.6879120000000967 10
1732638324217 0.7077020000000402 11
1732638334270 0.7255110000000968 12
1732638344338 0.7362219999999979 13
1732638354429 0.7463310000000547 14
1732638364510 0.7551860000000943 15
1732638374592 0.7741440000000921 16
1732638384660 0.8148610000000645 17
1732638394715 0.8240130000000363 18
1732638404788 0.8905530000000681 19
1732638414859 0.9020340000000715 20
1732638424942 0.9119420000000673 21
1732638435013 0.9219050000000379 22
1732638445094 0.9562150000000429 23
1732638455169 0.980760000000032 24
1732638465252 0.9989990000000262 25
1732638475453 1.0105490000000827 26
1732638485538 1.0212480000000141 27
1732638495625 1.0547790000000532 28
1732638505692 1.075019999999995 29
1732638515769 1.0835960000000568 30
1732638525836 1.092373000000066 31
1732638535904 1.1234530000000404 32
1732638545971 1.1311850000000732 33
1732638556046 1.140386000000035 34
1732638566121 1.1795080000000553 35
1732638576212 1.2228680000000622 36
1732638586290 1.2353110000000243 37
1732638596368 1.2439990000000307 38
1732638606442 1.2524799999999914 39
1732638616511 1.2746950000000652 40
1732638626585 1.2940100000000712 41
1732638636844 1.3020740000000615 42
1732638646919 1.3541780000000472 43
1732638656982 1.3621050000000423 44
1732638667062 1.372846000000095 45
1732638677151 1.382577000000083 46
1732638687234 1.4322550000000547 47
1732638697303 1.4501320000000533 48
1732638707396 1.524944000000005 49
1732638717463 1.5425670000000764 50
1732638727557 1.5548230000000558 51
1732638737624 1.56388400000003 52
1732638747689 1.5832260000000815 53
1732638757744 1.5943020000000843 54
1732638767816 1.6120900000000802 55
1732638777902 1.6249670000000833 56
1732638787952 1.6334260000000995 57
1732638798029 1.6545460000000958 58
1732638808109 1.6946700000000874 59
1732638818173 1.7779730000000882 60
1732638828251 6.9599940000000515 61
1732638838338 6.991204000000039 62
1732638848418 7.019516000000067 63
1732638858501 7.031857000000059 64
1732638868585 7.06712200000004 65
1732638878681 14.367127000000096 66
1732638888738 17.212266 67
1732638898813 20.00867100000005 68
1732638908881 24.464197000000013 69
1732638918982 24.473174000000085 70
1732638929058 27.574475000000007 71
1732638939131 29.93936700000006 72
1732638949214 29.951167000000055 73
1732638959291 32.911238000000026 74
1732638969358 35.26435500000002 75
1732638979443 35.27269100000001 76
1732638989536 38.22099800000001 77
1732638999612 38.236278000000084 78
1732639009695 40.024812 79
1732639019774 43.86085300000002 80
1732639029873 46.62769400000002 81
1732639039965 46.69081200000005 82
1732639050062 48.68877500000008 83
1732639060124 50.812318000000005 84
1732639070193 50.82298700000001 85
1732639080242 52.870840000000044 86
1732639090314 52.880390000000034 87
1732639100379 55.367308000000094 88
1732639110440 55.53207100000009 89
1732639120511 59.46468200000004 90
1732639130592 59.55223599999999 91
1732639140676 59.57719600000007 92
1732639150753 59.588707 93
1732639160844 61.05363299999999 94
1732639170934 61.62082900000007 95
1732639181019 62.265803000000005 96
1732639191093 67.12732600000004 97
1732639201151 68.76569500000005 98
1732639211239 68.77475000000004 99
1732639221337 68.7884170000001 100
1732639231429 68.81440800000007 101
1732639241503 68.88707800000009 102
1732639251592 69.35070300000007 103
1732639261661 70.1154590000001 104
1732639271754 72.46377100000007 105
1732639281824 72.68995700000005 106
1732639291934 72.71839 107
1732639302012 72.73003600000004 108
1732639312093 72.906655 109
1732639322175 73.61772800000006 110
1732639332261 74.345642 111
1732639342345 74.76844300000005 112
1732639352435 74.93568600000003 113
1732639362509 75.0249080000001 114
1732639372614 75.14596900000004 115
1732639382698 75.69130700000005 116
1732639392783 75.70962700000007 117
1732639402861 75.9740240000001 118
1732639412959 77.53767100000005 119
1732639423048 77.55251300000009 120
1732639433128 77.73927800000001 121
1732639443221 78.11995999999999 122
1732639453318 78.31242100000009 123
1732639463412 78.7148830000001 124
1732639473505 79.41613600000005 125
1732639483587 79.45962500000007 126
1732639493687 80.03108800000007 127
1732639503767 80.04285600000003 128
1732639513880 80.37585200000001 129
1732639523957 80.39601700000003 130
1732639534062 80.41366800000003 131
1732639544148 81.25975100000005 132
1732639554255 81.59411399999999 133
1732639564306 82.03218000000004 134
1732639574366 82.04411100000004 135
1732639584454 82.06352500000003 136
1732639594546 82.30062600000008 137
1732639604635 83.89825300000007 138
1732639614732 85.66479600000002 139
1732639624815 85.68315100000007 140
1732639634898 88.33048700000006 141
1732639644984 88.361309 142
1732639655082 92.43599800000004 143
1732639665168 94.62804300000005 144
1732639675252 96.92420200000004 145
1732639685327 99.76762700000006 146
1732639695427 101.2324440000001 147
1732639705512 101.85052800000005 148
1732639715627 104.39318200000002 149
1732639725730 104.41563100000008 150
1732639735820 104.429035 151
1732639745916 104.43787500000008 152
1732639756003 104.48754400000007 153
1732639766086 104.51515700000004 154
1732639776198 104.56094600000006 155
1732639786278 104.5970430000001 156
1732639796376 104.61810000000003 157
1732639806466 104.637065 158
1732639816567 104.64648 159
1732639826663 104.67537900000002 160
1732639836747 104.70030700000007 161
1732639846856 104.84012400000006 162
1732639856952 104.89031 163
1732639867023 104.89812300000006 164
1732639877127 104.91146500000002 165
1732639887226 104.92955200000006 166
1732639897327 104.94349900000009 167
1732639907424 105.01037300000007 168
1732639917519 105.01860800000009 169
1732639927584 105.09508700000004 170
1732639937677 105.10555600000009 171
1732639947777 105.13289600000007 172
1732639957872 105.14136300000007 173
1732639967965 107.72742500000004 174
1732639978036 108.41576000000009 175
1732639988121 108.42662600000006 176
1732639998208 108.43764400000009 177
1732640008307 108.46800300000007 178
1732640018398 108.47911700000009 179
1732640028501 108.49687700000004 180
1732640038608 108.53041000000007 181
1732640048695 108.57832300000007 182
1732640058804 120.50624700000003 183
1732640068905 126.55317100000002 184
1732640078996 126.56226900000001 185
1732640089094 126.60430900000006 186
1732640099201 126.611944 187
1732640109288 126.62538100000006 188
1732640119368 126.64122500000008 189
1732640129475 126.7540590000001 190
1732640139565 127.400083 191
1732640149664 127.49326300000007 192
1732640159733 127.5097770000001 193
1732640169822 128.547727 194
1732640179907 129.57013900000004 195
1732640189999 129.60048100000006 196
1732640200074 132.15360499999997 197
1732640210171 134.35907799999995 198
1732640220266 134.49235999999996 199
1732640230361 137.22515999999996 200
1732640240434 137.2414900000001 201
1732640250527 139.25497900000005 202
1732640260626 139.3672590000001 203
1732640270719 141.12152700000001 204
1732640280799 143.94577400000003 205
1732640290898 143.95838900000012 206
1732640301008 146.23598900000002 207
1732640311111 147.84328300000016 208
1732640321209 148.76727700000015 209
1732640331312 150.90960900000005 210
1732640341410 150.92194300000006 211
1732640351515 154.11654399999998 212
1732640361596 154.12448700000004 213
1732640371714 157.15334600000006 214
1732640381811 157.36099000000013 215
1732640391899 157.42316800000003 216
1732640402008 158.06238699999994 217
1732640412097 158.14372600000002 218
1732640422186 158.16311900000005 219
1732640432284 158.17505900000015 220
1732640442380 158.23629900000014 221
1732640452792 158.30049800000006 222
1732640462889 158.33041000000003 223
1732640472971 159.12705400000004 224
1732640483061 160.48256700000002 225
1732640493173 162.96134299999994 226
1732640503274 165.59125199999994 227
1732640513925 171.6472000000001 228
1732640524027 177.32731200000012 229
1732640534135 177.48929500000008 230
1732640544212 177.639496 231
1732640554314 177.75413300000014 232
1732640564413 177.8565490000001 233
1732640574527 177.97310100000004 234
1732640584616 178.060248 235
1732640594678 178.15281800000002 236
1732640604791 178.2775670000001 237
1732640614888 178.390848 238
1732640624993 178.535478 239
1732640635078 178.59636100000012 240
1732640645177 178.61011400000007 241
1732640655268 178.61901899999998 242
1732640665378 178.64163699999995 243
1732640675474 178.65275700000007 244
1732640685575 178.68783800000006 245
1732640695673 178.76569300000006 246
1732640705767 178.91862000000015 247
1732640715860 179.03136199999994 248
1732640725955 179.17024600000013 249
1732640736038 179.2684220000001 250
1732640746144 179.38468000000012 251
1732640756242 179.51156400000013 252
1732640766314 179.62106900000003 253
1732640776405 179.75094000000013 254
1732640786489 179.90951500000006 255
1732640796601 180.0361580000001 256
1732640806694 180.2212730000001 257
1732640816959 180.33486800000014 258
1732640827061 180.470331 259
1732640837164 180.58918800000015 260
1732640847261 180.74812999999995 261
1732640857361 180.884816 262
1732640867467 180.97818900000016 263
1732640877567 180.98728700000015 264
1732640887664 181.03511100000014 265
1732640897779 181.06361200000015 266
1732640907884 181.170926 267
1732640917985 181.29340300000013 268
1732640928088 181.40551900000014 269
1732640938172 181.506392 270
1732640948265 181.5304040000001 271
1732640958361 181.6127590000001 272
1732640968445 181.77839300000005 273
1732640978543 186.35580000000004 274
1732640988664 197.79491699999994 275
1732640998835 200.40371200000004 276
1732641008934 200.5075300000001 277
1732641019061 200.62040300000012 278
1732641029176 200.773913 279
1732641039268 200.89208400000007 280
1732641049363 200.96415100000013 281
1732641059471 201.0381930000001 282
1732641069596 201.1689940000001 283
1732641079694 201.29202499999997 284
1732641089827 201.44332600000007 285
1732641099946 201.57412399999998 286
1732641110059 201.74893799999995 287
1732641120167 201.81021499999997 288
1732641130276 201.90974200000005 289
1732641140374 202.0296800000001 290
1732641150508 202.152922 291
1732641160598 202.25767500000006 292
1732641171253 202.3359230000001 293
1732641181366 202.4075190000001 294
1732641191472 202.48774900000012 295
1732641201582 202.6408960000001 296
1732641211711 202.7625700000001 297
1732641221806 202.89034200000015 298
1732641231942 203.02137900000002 299
1732641242048 203.18491199999994 300
1732641252156 203.32746599999996 301
1732641262267 203.46083700000008 302
1732641272371 203.5966390000001 303
1732641282461 203.75018 304
1732641292531 203.89420399999995 305
1732641302625 204.02388399999995 306
1732641312724 204.22630700000013 307
1732641322836 204.86857099999997 308
1732641332910 206.153008 309
1732641342999 209.33043399999997 310
1732641353084 211.4575930000001 311
1732641363199 216.34923900000013 312
1732641373299 217.53779600000007 313
1732641383363 221.04225399999996 314
1732641393435 221.2806700000001 315
1732641403541 221.45221700000002 316
1732641413634 222.085155 317
1732641423702 222.23686700000007 318
1732641433801 222.362304 319
1732641443912 222.4929770000001 320
1732641454028 222.64164800000003 321
1732641464135 222.76372800000013 322
1732641474227 223.29582900000014 323
1732641484339 224.03200000000015 324
1732641494460 225.17248100000006 325
1732641504545 225.61760300000014 326
1732641514659 225.9637520000001 327
1732641524736 226.41389400000003 328
1732641534825 227.32576700000004 329
1732641544960 227.4463760000001 330
1732641555066 227.59756500000003 331
1732641565168 228.04144999999994 332
1732641575284 228.263334 333
1732641585401 228.73801100000014 334
1732641595536 229.73966799999994 335
1732641605647 229.97427300000004 336
1732641615778 230.418277 337
1732641625866 230.92897400000015 338
1732641635938 235.04799200000002 339
1732641646063 244.57779800000003 340
1732641656147 247.76322900000014 341
1732641666256 248.40842199999997 342
1732641676366 250.82004200000006 343
1732641686459 254.46516399999996 344
1732641696580 255.27065000000016 345
1732641706706 264.18013300000007 346
1732641716825 267.9232690000001 347
1732641726949 268.295613 348
1732641737063 268.81196 349
1732641747158 269.2027190000001 350
1732641757254 269.56351800000016 351
1732641767356 269.68889000000013 352
1732641777458 269.7893120000001 353
1732641787587 269.91438800000014 354
1732641797710 270.00039000000015 355
1732641807824 270.09782399999995 356
1732641817929 270.27704900000003 357
1732641828052 270.44773499999997 358
1732641838174 270.602748 359
1732641848259 270.74237500000004 360
1732641858366 270.89068399999996 361
1732641868450 271.02726600000005 362
1732641878576 271.16581700000006 363
1732641888702 271.306243 364
1732641898821 271.358303 365
1732641908937 271.45553199999995 366
1732641919064 271.85841300000016 367
1732641929168 271.99184200000013 368
1732641939287 272.21788800000013 369
1732641949418 272.355094 370
1732641959540 272.47934699999996 371
1732641969659 272.564081 372
1732641979796 272.6073570000001 373
1732641989934 272.80861100000016 374
1732642000052 272.95883100000015 375
1732642010170 273.302948 376
1732642020304 273.45540600000004 377
1732642030389 273.4802300000001 378
1732642040499 273.52749700000004 379
1732642050632 273.9202600000001 380
1732642060753 274.082582 381
1732642070892 274.59724800000004 382
1732642081022 276.24060299999996 383
1732642091130 292.501524 384
1732642101261 301.30040600000007 385
1732642111401 311.53905299999997 386
1732642121523 314.6833080000001 387
1732642131644 315.412329 388
1732642141720 315.4594790000001 389
1732642151816 315.492663 390
1732642161943 315.6258640000001 391
1732642172076 315.6664760000001 392
1732642182201 315.687504 393
1732642192635 315.7111930000001 394
1732642202760 315.732444 395
1732642212879 315.784672 396
1732642223006 316.1519370000001 397
1732642233124 316.202049 398
1732642243210 316.23913200000015 399
1732642253319 316.31422799999996 400
1732642263404 316.33661800000004 401
1732642273522 316.377481 402
1732642283635 316.44148599999994 403
1732642293752 316.65790000000015 404
1732642303864 316.6832810000001 405
1732642313984 316.7828240000001 406
1732642324117 316.85701800000015 407
1732642334307 316.90447300000005 408
1732642344590 317.2832470000001 409
