1732638213362 0.00034600000000750697 0
1732638223423 0.038298999999994976 1
1732638233491 0.11540000000000816 2
1732638243561 0.14718500000000745 3
1732638253628 0.17328000000000543 4
1732638263806 0.19658400000000142 5
1732638273907 0.20316800000000512 6
1732638283958 0.21569900000000075 7
1732638294020 0.22629899999999736 8
1732638304075 0.25419100000000583 9
1732638314149 0.26435299999999984 10
1732638324217 0.28566700000000367 11
1732638334270 0.3000329999999991 12
1732638344338 0.3134030000000081 13
1732638354429 0.32424199999999814 14
1732638364510 0.33508799999999894 15
1732638374592 0.3539180000000073 16
1732638384660 0.381764000000004 17
1732638394715 0.3912250000000057 18
1732638404788 0.40921400000000574 19
1732638414859 0.420763000000008 20
1732638424942 0.4297459999999944 21
1732638435013 0.43985100000000443 22
1732638445094 0.4774550000000062 23
1732638455169 0.4993549999999942 24
1732638465252 0.5189139999999952 25
1732638475453 0.5286320000000018 26
1732638485538 0.5399610000000052 27
1732638495625 0.5693980000000067 28
1732638505692 0.5910219999999953 29
1732638515769 0.6007290000000012 30
1732638525836 0.6128939999999972 31
1732638535904 0.6357909999999976 32
1732638545971 0.6442300000000074 33
1732638556046 0.6555879999999945 34
1732638566121 0.6965059999999994 35
1732638576212 0.7245199999999983 36
1732638586290 0.7391590000000008 37
1732638596368 0.7483820000000065 38
1732638606442 0.7575350000000043 39
1732638616511 0.7810690000000022 40
1732638626585 0.8006409999999988 41
1732638636844 0.8094830000000002 42
1732638646919 0.8636570000000034 43
1732638656982 0.8740899999999954 44
1732638667062 0.8861519999999956 45
1732638677151 0.8975630000000052 46
1732638687234 0.9342579999999998 47
1732638697303 0.9488929999999982 48
1732638707396 0.9765720000000044 49
1732638717463 0.9933379999999943 50
1732638727557 1.0075829999999968 51
1732638737624 1.0174920000000043 52
1732638747689 1.037161999999995 53
1732638757744 1.0503640000000019 54
1732638767816 1.068253999999996 55
1732638777902 1.0843689999999953 56
1732638787952 1.0921129999999977 57
1732638798029 1.1101639999999975 58
1732638808109 1.1478070000000002 59
1732638818173 4.276593000000005 60
1732638828251 5.000281999999999 61
1732638838338 5.044741999999999 62
1732638848418 5.073190999999994 63
1732638858501 5.093443000000008 64
1732638868585 5.129030999999998 65
1732638878681 5.342343999999997 66
1732638888738 5.407757000000004 67
1732638898813 5.498725000000007 68
1732638908881 5.634057999999996 69
1732638918982 5.642185999999995 70
1732638929058 5.720160000000007 71
1732638939131 5.747803000000005 72
1732638949214 5.761916999999997 73
1732638959291 5.795867000000001 74
1732638969358 5.829098999999999 75
1732638979443 5.8368970000000076 76
1732638989536 5.894317000000001 77
1732638999612 5.9050359999999955 78
1732639009695 5.946525000000008 79
1732639019774 5.988527000000005 80
1732639029873 6.031599999999997 81
1732639039965 6.040204000000003 82
1732639050062 6.085182000000003 83
1732639060124 6.113433000000001 84
1732639070193 6.126795999999999 85
1732639080242 6.157994000000002 86
1732639090314 6.169343999999995 87
1732639100379 6.201736999999994 88
1732639110440 6.418625000000006 89
1732639120511 6.680728000000002 90
1732639130592 6.711146999999997 91
1732639140676 6.744427000000002 92
1732639150753 6.758138000000002 93
1732639160844 6.957518000000007 94
1732639170934 7.0004749999999945 95
1732639181019 7.048547999999997 96
1732639191093 7.3836179999999985 97
1732639201151 7.440020000000004 98
1732639211239 7.448459999999997 99
1732639221337 7.472853000000001 100
1732639231429 7.494357000000008 101
1732639241503 7.508666000000005 102
1732639251592 7.569223000000008 103
1732639261661 7.645043000000001 104
1732639271754 7.833426000000003 105
1732639281824 7.866251000000005 106
1732639291934 7.896625999999998 107
1732639302012 7.906932999999995 108
1732639312093 7.955991999999995 109
1732639322175 8.055688000000004 110
1732639332261 8.151882 111
1732639342345 8.225218999999996 112
1732639352435 8.503612000000004 113
1732639362509 8.559329000000005 114
1732639372614 8.666083999999998 115
1732639382698 8.751131 116
1732639392783 8.767285999999999 117
1732639402861 8.778548 118
1732639412959 8.831024 119
1732639423048 8.845914000000008 120
1732639433128 8.861370000000008 121
1732639443221 8.993693000000007 122
1732639453318 9.034175000000005 123
1732639463412 9.138483000000008 124
1732639473505 9.351523 125
1732639483587 9.373571999999996 126
1732639493687 9.398426 127
1732639503767 9.419820999999999 128
1732639513880 9.432947999999996 129
1732639523957 9.454533999999995 130
1732639534062 9.471509999999995 131
1732639544148 9.502883999999995 132
1732639554255 9.522019 133
1732639564306 9.534634999999994 134
1732639574366 9.547846000000007 135
1732639584454 9.566894000000005 136
1732639594546 9.586436000000006 137
1732639604635 9.61994 138
1732639614732 9.764120000000005 139
1732639624815 9.776965000000004 140
1732639634898 9.859638000000004 141
1732639644984 9.912227999999999 142
1732639655082 10.192904999999996 143
1732639665168 10.372589000000005 144
1732639675252 10.556697 145
1732639685327 10.740598000000006 146
1732639695427 10.861444000000006 147
1732639705512 10.985715999999996 148
1732639715627 11.159402999999998 149
1732639725730 11.179113999999998 150
1732639735820 11.195577 151
1732639745916 11.203575999999998 152
1732639756003 11.217149000000006 153
1732639766086 11.242034000000004 154
1732639776198 11.284498999999997 155
1732639786278 11.311069000000003 156
1732639796376 11.331418 157
1732639806466 11.349607000000006 158
1732639816567 11.360241000000002 159
1732639826663 11.390742000000003 160
1732639836747 11.414230000000003 161
1732639846856 11.451107000000007 162
1732639856952 11.503426000000005 163
1732639867023 11.511239000000003 164
1732639877127 11.527192 165
1732639887226 11.545299 166
1732639897327 11.552856000000006 167
1732639907424 11.567835000000002 168
1732639917519 11.575509999999994 169
1732639927584 11.599123000000006 170
1732639937677 11.609334000000004 171
1732639947777 11.638126 172
1732639957872 11.646150000000006 173
1732639967965 11.707203000000007 174
1732639978036 11.725321000000008 175
1732639988121 11.737533999999997 176
1732639998208 11.754075999999998 177
1732640008307 11.776871999999997 178
1732640018398 11.804350999999997 179
1732640028501 11.81993 180
1732640038608 11.839782999999997 181
1732640048695 11.858618000000007 182
1732640058804 12.178532000000004 183
1732640068905 12.374291 184
1732640078996 12.384462999999997 185
1732640089094 12.42022 186
1732640099201 12.427729999999997 187
1732640109288 12.442098999999999 188
1732640119368 12.462805000000003 189
1732640129475 12.552130000000005 190
1732640139565 12.650745999999998 191
1732640149664 12.692225000000008 192
1732640159733 12.704395000000005 193
1732640169822 12.771009000000006 194
1732640179907 12.946978000000001 195
1732640189999 13.018373999999994 196
1732640200074 13.058041000000003 197
1732640210171 13.113982000000007 198
1732640220266 13.123086999999998 199
1732640230361 13.163088000000002 200
1732640240434 13.175353999999999 201
1732640250527 13.220999000000006 202
1732640260626 13.233532999999994 203
1732640270719 13.265034999999997 204
1732640280799 13.303184000000002 205
1732640290898 13.316821000000004 206
1732640301008 13.345665999999994 207
1732640311111 13.386201 208
1732640321209 13.413915000000003 209
1732640331312 13.464507999999995 210
1732640341410 13.483681000000004 211
1732640351515 13.528472000000008 212
1732640361596 13.536183000000008 213
1732640371714 13.587463999999997 214
1732640381811 13.800081000000006 215
1732640391899 13.849984000000006 216
1732640402008 14.068038000000001 217
1732640412097 14.136138000000003 218
1732640422186 14.159988999999996 219
1732640432284 14.174240999999995 220
1732640442380 14.250305999999995 221
1732640452792 14.301687999999999 222
1732640462889 14.318123 223
1732640472971 14.379075999999998 224
1732640483061 14.565833999999995 225
1732640493173 14.648690000000002 226
1732640503274 14.736314000000007 227
1732640513925 14.949365999999998 228
1732640524027 15.051006000000001 229
1732640534135 15.079850000000008 230
1732640544212 15.112904999999998 231
1732640554314 15.133921999999998 232
1732640564413 15.148396000000005 233
1732640574527 15.172594000000004 234
1732640584616 15.185765000000004 235
1732640594678 15.194795999999997 236
1732640604791 15.227326000000005 237
1732640614888 15.235664999999997 238
1732640624993 15.264995999999996 239
1732640635078 15.343945000000005 240
1732640645177 15.480359000000007 241
1732640655268 15.600311000000005 242
1732640665378 15.751170000000002 243
1732640675474 15.884872999999999 244
1732640685575 16.017533999999998 245
1732640695673 16.091999 246
1732640705767 16.122647999999998 247
1732640715860 16.132058999999998 248
1732640725955 16.155798000000004 249
1732640736038 16.164328999999995 250
1732640746144 16.178681999999995 251
1732640756242 16.186564000000004 252
1732640766314 16.199308000000002 253
1732640776405 16.209955000000008 254
1732640786489 16.241907999999995 255
1732640796601 16.251030999999998 256
1732640806694 16.274603 257
1732640816959 16.282464000000004 258
1732640827061 16.296506000000008 259
1732640837164 16.303957999999994 260
1732640847261 16.338301 261
1732640857361 16.351695000000007 262
1732640867467 16.410866 263
1732640877567 16.517167999999998 264
1732640887664 16.649831000000006 265
1732640897779 16.736238 266
1732640907884 16.799362000000002 267
1732640917985 16.808811000000006 268
1732640928088 16.826009 269
1732640938172 16.8622 270
1732640948265 17.000962 271
1732640958361 17.071510000000004 272
1732640968445 17.104507999999996 273
1732640978543 17.568831000000003 274
1732640988664 17.878454000000005 275
1732640998835 17.955602 276
1732641008934 17.990087000000003 277
1732641019061 17.998684999999995 278
1732641029176 18.028183999999996 279
1732641039268 18.036359000000004 280
1732641049363 18.086901999999995 281
1732641059471 18.152919999999995 282
1732641069596 18.160718000000003 283
1732641079694 18.174366000000006 284
1732641089827 18.197863999999996 285
1732641099946 18.221587999999997 286
1732641110059 18.235675 287
1732641120167 18.311743000000007 288
1732641130276 18.372969999999995 289
1732641140374 18.431860999999998 290
1732641150508 18.450117000000006 291
1732641160598 18.463719999999995 292
1732641171253 18.551617000000007 293
1732641181366 18.629760000000005 294
1732641191472 18.637884999999997 295
1732641201582 18.660455999999996 296
1732641211711 18.685366000000002 297
1732641221806 18.693482000000003 298
1732641231942 18.714343 299
1732641242048 18.732887000000005 300
1732641252156 18.750080999999994 301
1732641262267 18.75804000000001 302
1732641272371 18.781836999999996 303
1732641282461 18.789979000000002 304
1732641292531 18.812815 305
1732641302625 18.821283000000008 306
1732641312724 18.857682999999994 307
1732641322836 19.015618000000003 308
1732641332910 19.205921000000004 309
1732641342999 19.725442 310
1732641353084 20.061268999999996 311
1732641363199 20.721603 312
1732641373299 21.147458 313
1732641383363 21.698992000000004 314
1732641393435 21.795818999999995 315
1732641403541 21.823086000000004 316
1732641413634 22.146382000000003 317
1732641423702 22.164755999999997 318
1732641433801 22.184430000000006 319
1732641443912 22.281768 320
1732641454028 22.301772 321
1732641464135 22.311813 322
1732641474227 22.397157000000007 323
1732641484339 22.514503000000005 324
1732641494460 22.619551 325
1732641504545 22.866781000000003 326
1732641514659 22.889357000000004 327
1732641524736 23.030641000000003 328
1732641534825 23.209586 329
1732641544960 23.229118 330
1732641555066 23.264730999999998 331
1732641565168 23.362633000000002 332
1732641575284 23.445009 333
1732641585401 23.536681 334
1732641595536 23.914893000000006 335
1732641605647 23.941996000000003 336
1732641615778 24.637192999999996 337
1732641625866 25.317006000000006 338
1732641635938 25.875882000000004 339
1732641646063 27.239255 340
1732641656147 27.888072000000008 341
1732641666256 28.384729000000007 342
1732641676366 28.566929000000002 343
1732641686459 29.362277000000006 344
1732641696580 29.618358999999998 345
1732641706706 30.358497 346
1732641716825 30.962796999999995 347
1732641726949 31.515556000000004 348
1732641737063 31.626199 349
1732641747158 31.702792000000002 350
1732641757254 31.882583999999994 351
1732641767356 31.996767000000006 352
1732641777458 32.151438 353
1732641787587 32.296261 354
1732641797710 32.44918800000001 355
1732641807824 32.554362999999995 356
1732641817929 32.633246 357
1732641828052 32.695194 358
1732641838174 32.744474999999994 359
1732641848259 32.764435000000006 360
1732641858366 32.802184999999994 361
1732641868450 32.91679500000001 362
1732641878576 32.931695000000005 363
1732641888702 33.003382 364
1732641898821 33.08000800000001 365
1732641908937 33.208858000000006 366
1732641919064 33.302178 367
1732641929168 33.350913000000006 368
1732641939287 33.390249999999995 369
1732641949418 33.442352 370
1732641959540 33.50216400000001 371
1732641969659 33.54214 372
1732641979796 33.581492999999995 373
1732641989934 33.656571 374
1732642000052 33.681349 375
1732642010170 33.775563000000005 376
1732642020304 33.820013 377
1732642030389 33.844599 378
1732642040499 33.946178 379
1732642050632 34.431139 380
1732642060753 34.681540999999996 381
1732642070892 35.607855 382
1732642081022 36.238668000000004 383
1732642091130 36.702646 384
1732642101261 36.869523 385
1732642111401 37.826593 386
1732642121523 38.345316999999994 387
1732642131644 38.773340000000005 388
1732642141720 38.814065 389
1732642151816 38.87852600000001 390
1732642161943 38.951313999999996 391
1732642172076 39.01069 392
1732642182201 39.03051500000001 393
1732642192635 39.055079000000006 394
1732642202760 39.114031999999995 395
1732642212879 39.167666999999994 396
1732642223006 39.273641999999995 397
1732642233124 39.386037 398
1732642243210 39.470945 399
1732642253319 39.553003000000004 400
1732642263404 39.603426999999996 401
1732642273522 39.625282 402
1732642283635 39.740381 403
1732642293752 39.988471000000004 404
1732642303864 40.032619 405
1732642313984 40.103369 406
1732642324117 40.17529900000001 407
1732642334307 40.21046500000001 408
1732642344590 40.372394 409
