1732638213362 6698.1 0
1732638223423 18784.0 1
1732638233491 19376.3 2
1732638243561 21261.8 3
1732638253628 23138.6 4
1732638263806 24881.5 5
1732638273907 31683.9 6
1732638283958 25245.1 7
1732638294020 19064.3 8
1732638304075 19509.8 9
1732638314149 21828.6 10
1732638324217 23431.9 11
1732638334270 24653.5 12
1732638344338 25367.2 13
1732638354429 18268.1 14
1732638364510 19333.8 15
1732638374592 22603.4 16
1732638384660 21731.7 17
1732638394715 22788.2 18
1732638404788 23508.5 19
1732638414859 31543.1 20
1732638424942 17404.3 21
1732638435013 18342.2 22
1732638445094 20187.0 23
1732638455169 23329.4 24
1732638465252 23874.2 25
1732638475453 25563.9 26
1732638485538 24682.0 27
1732638495625 17187.6 28
1732638505692 19038.1 29
1732638515769 19907.9 30
1732638525836 21681.5 31
1732638535904 22961.2 32
1732638545971 25576.2 33
1732638556046 17583.9 34
1732638566121 18719.4 35
1732638576212 20581.3 36
1732638586290 22510.7 37
1732638596368 30499.8 38
1732638606442 17330.0 39
1732638616511 19037.8 40
1732638626585 20821.9 41
1732638636844 22676.9 42
1732638646919 24649.3 43
1732638656982 17539.2 44
1732638667062 17205.2 45
1732638677151 19530.2 46
1732638687234 21802.5 47
1732638697303 23499.4 48
1732638707396 30727.8 49
1732638717463 15664.5 50
1732638727557 18194.7 51
1732638737624 19200.3 52
1732638747689 21477.4 53
1732638757744 22820.4 54
1732638767816 23833.4 55
1732638777902 25439.6 56
1732638787952 17865.3 57
1732638798029 19773.2 58
1732638808109 20287.0 59
1732638818173 21347.0 60
1732638828251 22640.8 61
1732638838338 28106.9 62
1732638848418 24045.9 63
1732638858501 17137.6 64
1732638868585 18323.4 65
1732638878681 20775.7 66
1732638888738 21871.8 67
1732638898813 23848.3 68
1732638908881 24031.5 69
1732638918982 17191.1 70
1732638929058 17923.7 71
1732638939131 19827.5 72
1732638949214 22378.5 73
1732638959291 22850.4 74
1732638969358 24912.5 75
1732638979443 16755.2 76
1732638989536 17426.5 77
1732638999612 19401.8 78
1732639009695 20774.5 79
1732639019774 22514.8 80
1732639029873 23560.5 81
1732639039965 24445.2 82
1732639050062 16600.9 83
1732639060124 18578.4 84
1732639070193 20522.8 85
1732639080242 21749.8 86
1732639090314 30885.7 87
1732639100379 16521.8 88
1732639110440 17269.1 89
1732639120511 17245.0 90
1732639130592 21956.1 91
1732639140676 21496.0 92
1732639150753 22488.3 93
1732639160844 23395.0 94
1732639170934 17029.7 95
1732639181019 18355.4 96
1732639191093 20255.8 97
1732639201151 20891.7 98
1732639211239 22122.7 99
1732639221337 23375.8 100
1732639231429 16855.7 101
1732639241503 18895.6 102
1732639251592 20324.5 103
1732639261661 21240.9 104
1732639271754 21990.6 105
1732639281824 24749.5 106
1732639291934 16779.2 107
1732639302012 18982.8 108
1732639312093 20320.3 109
1732639322175 19119.9 110
1732639332261 22544.9 111
1732639342345 24985.2 112
1732639352435 17044.4 113
1732639362509 19011.6 114
1732639372614 19295.2 115
1732639382698 21542.3 116
1732639392783 22435.7 117
1732639402861 24778.3 118
1732639412959 16815.1 119
1732639423048 18633.8 120
1732639433128 20592.7 121
1732639443221 22663.5 122
1732639453318 22972.9 123
1732639463412 23639.2 124
1732639473505 24421.8 125
1732639483587 18280.6 126
1732639493687 20431.4 127
1732639503767 21837.9 128
1732639513880 22968.4 129
1732639523957 24009.9 130
1732639534062 17671.6 131
1732639544148 19009.0 132
1732639554255 20814.2 133
1732639564306 22659.4 134
1732639574366 27722.5 135
1732639584454 16755.0 136
1732639594546 18938.2 137
1732639604635 18647.2 138
1732639614732 21004.3 139
1732639624815 23062.8 140
1732639634898 25289.3 141
1732639644984 16733.6 142
1732639655082 19099.4 143
1732639665168 18877.1 144
1732639675252 20879.5 145
1732639685327 22273.9 146
1732639695427 23113.9 147
1732639705512 29019.2 148
1732639715627 16880.1 149
1732639725730 18609.8 150
1732639735820 20730.8 151
1732639745916 23845.0 152
1732639756003 22476.3 153
1732639766086 24339.7 154
1732639776198 17075.7 155
1732639786278 18142.8 156
1732639796376 20089.1 157
1732639806466 22023.4 158
1732639816567 23172.1 159
1732639826663 31088.2 160
1732639836747 16755.9 161
1732639846856 18232.4 162
1732639856952 20036.4 163
1732639867023 21541.7 164
1732639877127 22095.5 165
1732639887226 24367.5 166
1732639897327 16759.0 167
1732639907424 18222.1 168
1732639917519 17789.6 169
1732639927584 21127.6 170
1732639937677 23142.2 171
1732639947777 24804.5 172
1732639957872 17118.5 173
1732639967965 19184.6 174
1732639978036 21435.3 175
1732639988121 22180.0 176
1732639998208 23905.3 177
1732640008307 16819.0 178
1732640018398 17851.1 179
1732640028501 18958.8 180
1732640038608 20095.4 181
1732640048695 21822.5 182
1732640058804 24198.2 183
1732640068905 24126.4 184
1732640078996 24193.8 185
1732640089094 17815.3 186
1732640099201 18962.4 187
1732640109288 20876.8 188
1732640119368 21958.7 189
1732640129475 24822.2 190
1732640139565 24191.8 191
1732640149664 17179.8 192
1732640159733 18298.4 193
1732640169822 19759.6 194
1732640179907 21676.3 195
1732640189999 22316.7 196
1732640200074 24300.0 197
1732640210171 25689.0 198
1732640220266 18054.8 199
1732640230361 18998.6 200
1732640240434 21053.6 201
1732640250527 22438.1 202
1732640260626 24319.7 203
1732640270719 24775.8 204
1732640280799 17996.4 205
1732640290898 19239.5 206
1732640301008 21327.2 207
1732640311111 22277.0 208
1732640321209 22938.6 209
1732640331312 24699.1 210
1732640341410 25531.5 211
1732640351515 18795.2 212
1732640361596 20779.2 213
1732640371714 21904.4 214
1732640381811 23115.6 215
1732640391899 23265.2 216
1732640402008 25215.9 217
1732640412097 17666.9 218
1732640422186 19150.6 219
1732640432284 20532.3 220
1732640442380 22189.4 221
1732640452792 23443.4 222
1732640462889 25031.9 223
1732640472971 17453.9 224
1732640483061 19702.8 225
1732640493173 20687.1 226
1732640503274 21672.9 227
1732640513925 23713.3 228
1732640524027 24802.7 229
1732640534135 17265.6 230
1732640544212 19104.2 231
1732640554314 22172.7 232
1732640564413 21900.1 233
1732640574527 23708.1 234
1732640584616 24395.2 235
1732640594678 17376.2 236
1732640604791 19283.2 237
1732640614888 20286.1 238
1732640624993 22730.2 239
1732640635078 22545.3 240
1732640645177 23765.1 241
1732640655268 24444.2 242
1732640665378 18226.1 243
1732640675474 20128.9 244
1732640685575 21212.9 245
1732640695673 22656.8 246
1732640705767 25241.3 247
1732640715860 16617.6 248
1732640725955 19056.0 249
1732640736038 20538.5 250
1732640746144 21053.6 251
1732640756242 22933.1 252
1732640766314 25445.7 253
1732640776405 17478.8 254
1732640786489 19223.7 255
1732640796601 20682.3 256
1732640806694 23167.0 257
1732640816959 22874.7 258
1732640827061 24757.7 259
1732640837164 17371.1 260
1732640847261 19821.3 261
1732640857361 20520.2 262
1732640867467 22459.1 263
1732640877567 23393.7 264
1732640887664 29474.7 265
1732640897779 16637.0 266
1732640907884 18741.1 267
1732640917985 20098.5 268
1732640928088 20747.4 269
1732640938172 22215.5 270
1732640948265 23439.3 271
1732640958361 25219.3 272
1732640968445 18216.3 273
1732640978543 20411.6 274
1732640988664 21529.4 275
1732640998835 22871.7 276
1732641008934 25070.0 277
1732641019061 17439.2 278
1732641029176 18424.1 279
1732641039268 19711.2 280
1732641049363 20779.9 281
1732641059471 22063.1 282
1732641069596 23981.0 283
1732641079694 25056.2 284
1732641089827 18922.3 285
1732641099946 21052.9 286
1732641110059 23091.4 287
1732641120167 24975.8 288
1732641130276 18291.2 289
1732641140374 18791.2 290
1732641150508 19959.5 291
1732641160598 21852.5 292
1732641171253 22871.2 293
1732641181366 24976.8 294
1732641191472 17465.3 295
1732641201582 18865.1 296
1732641211711 20073.8 297
1732641221806 22151.4 298
1732641231942 24167.8 299
1732641242048 24491.9 300
1732641252156 15822.4 301
1732641262267 18459.6 302
1732641272371 19995.4 303
1732641282461 21921.0 304
1732641292531 23803.4 305
1732641302625 25142.3 306
1732641312724 18483.5 307
1732641322836 19646.2 308
1732641332910 21676.9 309
1732641342999 23267.8 310
1732641353084 24021.0 311
1732641363199 24937.4 312
1732641373299 25424.7 313
1732641383363 18851.4 314
1732641393435 19970.0 315
1732641403541 21693.9 316
1732641413634 22994.8 317
1732641423702 24664.5 318
1732641433801 17064.8 319
1732641443912 18918.2 320
1732641454028 19232.5 321
1732641464135 20807.7 322
1732641474227 22490.2 323
1732641484339 24245.8 324
1732641494460 25313.5 325
1732641504545 17645.7 326
1732641514659 20341.0 327
1732641524736 20865.8 328
1732641534825 22370.8 329
1732641544960 24077.0 330
1732641555066 24736.4 331
1732641565168 18713.3 332
1732641575284 19933.3 333
1732641585401 21122.5 334
1732641595536 22971.1 335
1732641605647 31548.9 336
1732641615778 17175.8 337
1732641625866 19140.5 338
1732641635938 21382.5 339
1732641646063 23238.8 340
1732641656147 31492.6 341
1732641666256 16820.5 342
1732641676366 18345.3 343
1732641686459 19407.0 344
1732641696580 20700.3 345
1732641706706 21967.3 346
1732641716825 24042.7 347
1732641726949 24709.7 348
1732641737063 24574.5 349
1732641747158 17934.6 350
1732641757254 19301.1 351
1732641767356 21149.7 352
1732641777458 23239.7 353
1732641787587 25609.6 354
1732641797710 17779.5 355
1732641807824 19665.5 356
1732641817929 20902.6 357
1732641828052 20019.4 358
1732641838174 22683.7 359
1732641848259 22108.8 360
1732641858366 24595.7 361
1732641868450 25176.9 362
1732641878576 18227.1 363
1732641888702 18542.8 364
1732641898821 20744.9 365
1732641908937 21812.9 366
1732641919064 22504.4 367
1732641929168 24190.1 368
1732641939287 25302.1 369
1732641949418 17609.3 370
1732641959540 19627.9 371
1732641969659 21557.8 372
1732641979796 23474.3 373
1732641989934 24258.4 374
1732642000052 19392.2 375
1732642010170 19099.7 376
1732642020304 19873.1 377
1732642030389 20656.4 378
1732642040499 21702.1 379
1732642050632 23917.9 380
1732642060753 24444.1 381
1732642070892 20374.3 382
1732642081022 19328.4 383
1732642091130 20986.1 384
1732642101261 21641.0 385
1732642111401 22588.9 386
1732642121523 23735.8 387
1732642131644 26569.6 388
1732642141720 24824.3 389
1732642151816 17979.0 390
1732642161943 19287.8 391
1732642172076 20159.9 392
1732642182201 22896.4 393
1732642192635 23466.9 394
1732642202760 24047.0 395
1732642212879 16747.9 396
1732642223006 17883.5 397
1732642233124 18965.0 398
1732642243210 20283.7 399
1732642253319 21583.0 400
1732642263404 23559.0 401
1732642273522 25131.6 402
1732642283635 15775.8 403
1732642293752 18621.7 404
1732642303864 19851.1 405
1732642313984 20774.1 406
1732642324117 21703.5 407
1732642334307 23351.3 408
1732642344590 24586.8 409
