1732638213362 20.0 0
1732638223423 56.0 1
1732638233491 57.8 2
1732638243561 63.4 3
1732638253628 69.0 4
1732638263806 74.2 5
1732638273907 94.4 6
1732638283958 75.2 7
1732638294020 56.8 8
1732638304075 58.2 9
1732638314149 65.1 10
1732638324217 69.8 11
1732638334270 73.5 12
1732638344338 75.6 13
1732638354429 54.5 14
1732638364510 57.6 15
1732638374592 67.4 16
1732638384660 64.8 17
1732638394715 67.9 18
1732638404788 70.1 19
1732638414859 94.0 20
1732638424942 51.9 21
1732638435013 54.7 22
1732638445094 60.2 23
1732638455169 69.5 24
1732638465252 71.2 25
1732638475453 76.2 26
1732638485538 73.6 27
1732638495625 51.2 28
1732638505692 56.7 29
1732638515769 59.3 30
1732638525836 64.6 31
1732638535904 68.4 32
1732638545971 76.2 33
1732638556046 52.4 34
1732638566121 55.8 35
1732638576212 61.3 36
1732638586290 67.1 37
1732638596368 90.9 38
1732638606442 51.7 39
1732638616511 56.7 40
1732638626585 62.1 41
1732638636844 67.6 42
1732638646919 73.5 43
1732638656982 52.3 44
1732638667062 51.3 45
1732638677151 58.2 46
1732638687234 65.0 47
1732638697303 70.0 48
1732638707396 91.6 49
1732638717463 46.7 50
1732638727557 54.2 51
1732638737624 57.2 52
1732638747689 64.0 53
1732638757744 68.0 54
1732638767816 71.0 55
1732638777902 75.8 56
1732638787952 53.3 57
1732638798029 58.9 58
1732638808109 60.5 59
1732638818173 63.6 60
1732638828251 67.5 61
1732638838338 83.8 62
1732638848418 71.7 63
1732638858501 51.1 64
1732638868585 54.6 65
1732638878681 61.9 66
1732638888738 65.2 67
1732638898813 71.1 68
1732638908881 71.6 69
1732638918982 51.2 70
1732638929058 53.4 71
1732638939131 59.1 72
1732638949214 66.7 73
1732638959291 68.1 74
1732638969358 74.3 75
1732638979443 49.9 76
1732638989536 51.9 77
1732638999612 57.8 78
1732639009695 61.9 79
1732639019774 67.1 80
1732639029873 70.2 81
1732639039965 72.9 82
1732639050062 49.5 83
1732639060124 55.4 84
1732639070193 61.2 85
1732639080242 64.8 86
1732639090314 92.1 87
1732639100379 49.2 88
1732639110440 51.5 89
1732639120511 51.4 90
1732639130592 65.4 91
1732639140676 64.1 92
1732639150753 67.0 93
1732639160844 69.7 94
1732639170934 50.8 95
1732639181019 54.7 96
1732639191093 60.4 97
1732639201151 62.3 98
1732639211239 65.9 99
1732639221337 69.7 100
1732639231429 50.2 101
1732639241503 56.3 102
1732639251592 60.6 103
1732639261661 63.3 104
1732639271754 65.5 105
1732639281824 73.8 106
1732639291934 50.0 107
1732639302012 56.6 108
1732639312093 60.6 109
1732639322175 57.0 110
1732639332261 67.2 111
1732639342345 74.5 112
1732639352435 50.8 113
1732639362509 56.7 114
1732639372614 57.5 115
1732639382698 64.2 116
1732639392783 66.9 117
1732639402861 73.9 118
1732639412959 50.1 119
1732639423048 55.5 120
1732639433128 61.4 121
1732639443221 67.6 122
1732639453318 68.5 123
1732639463412 70.5 124
1732639473505 72.8 125
1732639483587 54.5 126
1732639493687 60.9 127
1732639503767 65.1 128
1732639513880 68.5 129
1732639523957 71.6 130
1732639534062 52.7 131
1732639544148 56.7 132
1732639554255 62.0 133
1732639564306 67.5 134
1732639574366 82.6 135
1732639584454 49.9 136
1732639594546 56.4 137
1732639604635 55.6 138
1732639614732 62.6 139
1732639624815 68.7 140
1732639634898 75.4 141
1732639644984 49.9 142
1732639655082 56.9 143
1732639665168 56.3 144
1732639675252 62.2 145
1732639685327 66.4 146
1732639695427 68.9 147
1732639705512 86.5 148
1732639715627 50.3 149
1732639725730 55.5 150
1732639735820 61.8 151
1732639745916 71.1 152
1732639756003 67.0 153
1732639766086 72.5 154
1732639776198 50.9 155
1732639786278 54.1 156
1732639796376 59.9 157
1732639806466 65.6 158
1732639816567 69.1 159
1732639826663 92.7 160
1732639836747 49.9 161
1732639846856 54.3 162
1732639856952 59.7 163
1732639867023 64.2 164
1732639877127 65.9 165
1732639887226 72.6 166
1732639897327 50.0 167
1732639907424 54.3 168
1732639917519 53.0 169
1732639927584 63.0 170
1732639937677 69.0 171
1732639947777 73.9 172
1732639957872 51.0 173
1732639967965 57.2 174
1732639978036 63.9 175
1732639988121 66.1 176
1732639998208 71.3 177
1732640008307 50.1 178
1732640018398 53.2 179
1732640028501 56.5 180
1732640038608 59.9 181
1732640048695 65.0 182
1732640058804 72.1 183
1732640068905 71.9 184
1732640078996 72.1 185
1732640089094 53.1 186
1732640099201 56.5 187
1732640109288 62.2 188
1732640119368 65.5 189
1732640129475 74.0 190
1732640139565 72.1 191
1732640149664 51.2 192
1732640159733 54.5 193
1732640169822 58.9 194
1732640179907 64.6 195
1732640189999 66.5 196
1732640200074 72.4 197
1732640210171 76.6 198
1732640220266 53.8 199
1732640230361 56.6 200
1732640240434 62.8 201
1732640250527 66.9 202
1732640260626 72.5 203
1732640270719 73.8 204
1732640280799 53.6 205
1732640290898 57.3 206
1732640301008 63.6 207
1732640311111 66.4 208
1732640321209 68.4 209
1732640331312 73.6 210
1732640341410 76.1 211
1732640351515 56.0 212
1732640361596 61.9 213
1732640371714 65.3 214
1732640381811 68.9 215
1732640391899 69.3 216
1732640402008 75.2 217
1732640412097 52.7 218
1732640422186 57.1 219
1732640432284 61.2 220
1732640442380 66.1 221
1732640452792 69.9 222
1732640462889 74.6 223
1732640472971 52.0 224
1732640483061 58.7 225
1732640493173 61.7 226
1732640503274 64.6 227
1732640513925 70.7 228
1732640524027 73.9 229
1732640534135 51.5 230
1732640544212 56.9 231
1732640554314 66.1 232
1732640564413 65.3 233
1732640574527 70.7 234
1732640584616 72.7 235
1732640594678 51.8 236
1732640604791 57.5 237
1732640614888 60.5 238
1732640624993 67.8 239
1732640635078 67.2 240
1732640645177 70.8 241
1732640655268 72.9 242
1732640665378 54.3 243
1732640675474 60.0 244
1732640685575 63.2 245
1732640695673 67.5 246
1732640705767 75.2 247
1732640715860 49.5 248
1732640725955 56.8 249
1732640736038 61.2 250
1732640746144 62.8 251
1732640756242 68.4 252
1732640766314 75.8 253
1732640776405 52.1 254
1732640786489 57.3 255
1732640796601 61.6 256
1732640806694 69.1 257
1732640816959 68.2 258
1732640827061 73.8 259
1732640837164 51.8 260
1732640847261 59.1 261
1732640857361 61.2 262
1732640867467 66.9 263
1732640877567 69.7 264
1732640887664 87.9 265
1732640897779 49.6 266
1732640907884 55.9 267
1732640917985 59.9 268
1732640928088 61.8 269
1732640938172 66.2 270
1732640948265 69.9 271
1732640958361 75.2 272
1732640968445 54.3 273
1732640978543 60.8 274
1732640988664 64.2 275
1732640998835 68.2 276
1732641008934 74.7 277
1732641019061 52.0 278
1732641029176 54.9 279
1732641039268 58.8 280
1732641049363 61.9 281
1732641059471 65.8 282
1732641069596 71.5 283
1732641079694 74.7 284
1732641089827 56.4 285
1732641099946 62.8 286
1732641110059 68.8 287
1732641120167 74.4 288
1732641130276 54.5 289
1732641140374 56.0 290
1732641150508 59.5 291
1732641160598 65.1 292
1732641171253 68.2 293
1732641181366 74.4 294
1732641191472 52.1 295
1732641201582 56.2 296
1732641211711 59.8 297
1732641221806 66.0 298
1732641231942 72.0 299
1732641242048 73.0 300
1732641252156 47.2 301
1732641262267 55.0 302
1732641272371 59.6 303
1732641282461 65.3 304
1732641292531 71.0 305
1732641302625 74.9 306
1732641312724 55.1 307
1732641322836 58.6 308
1732641332910 64.6 309
1732641342999 69.4 310
1732641353084 71.6 311
1732641363199 74.3 312
1732641373299 75.8 313
1732641383363 56.2 314
1732641393435 59.5 315
1732641403541 64.7 316
1732641413634 68.5 317
1732641423702 73.5 318
1732641433801 50.9 319
1732641443912 56.4 320
1732641454028 57.3 321
1732641464135 62.0 322
1732641474227 67.0 323
1732641484339 72.3 324
1732641494460 75.5 325
1732641504545 52.6 326
1732641514659 60.6 327
1732641524736 62.2 328
1732641534825 66.7 329
1732641544960 71.8 330
1732641555066 73.7 331
1732641565168 55.8 332
1732641575284 59.4 333
1732641585401 63.0 334
1732641595536 68.5 335
1732641605647 94.0 336
1732641615778 51.2 337
1732641625866 57.1 338
1732641635938 63.7 339
1732641646063 69.3 340
1732641656147 93.9 341
1732641666256 50.1 342
1732641676366 54.7 343
1732641686459 57.8 344
1732641696580 61.7 345
1732641706706 65.5 346
1732641716825 71.7 347
1732641726949 73.7 348
1732641737063 73.2 349
1732641747158 53.5 350
1732641757254 57.5 351
1732641767356 63.0 352
1732641777458 69.3 353
1732641787587 76.3 354
1732641797710 53.0 355
1732641807824 58.6 356
1732641817929 62.3 357
1732641828052 59.7 358
1732641838174 67.6 359
1732641848259 65.9 360
1732641858366 73.3 361
1732641868450 75.0 362
1732641878576 54.3 363
1732641888702 55.3 364
1732641898821 61.8 365
1732641908937 65.0 366
1732641919064 67.1 367
1732641929168 72.1 368
1732641939287 75.4 369
1732641949418 52.5 370
1732641959540 58.5 371
1732641969659 64.3 372
1732641979796 70.0 373
1732641989934 72.3 374
1732642000052 57.8 375
1732642010170 56.9 376
1732642020304 59.2 377
1732642030389 61.6 378
1732642040499 64.7 379
1732642050632 71.3 380
1732642060753 72.9 381
1732642070892 60.7 382
1732642081022 57.6 383
1732642091130 62.6 384
1732642101261 64.5 385
1732642111401 67.3 386
1732642121523 70.7 387
1732642131644 79.2 388
1732642141720 74.0 389
1732642151816 53.6 390
1732642161943 57.5 391
1732642172076 60.1 392
1732642182201 68.2 393
1732642192635 69.9 394
1732642202760 71.7 395
1732642212879 49.9 396
1732642223006 53.3 397
1732642233124 56.5 398
1732642243210 60.5 399
1732642253319 64.3 400
1732642263404 70.2 401
1732642273522 74.9 402
1732642283635 47.0 403
1732642293752 55.5 404
1732642303864 59.2 405
1732642313984 61.9 406
1732642324117 64.7 407
1732642334307 69.6 408
1732642344590 73.3 409
