1732729827157 54.0 3072
1732729877425 105.0 6144
1732729923353 151.0 9216
1732729982951 210.0 12288
1732730053787 281.0 15360
1732730112396 340.0 18432
1732730182065 409.0 21504
1732730243250 471.0 24576
1732730313914 541.0 27648
1732730380456 608.0 30720
1732730460610 688.0 33792
1732730549093 776.0 36864
1732730643323 871.0 39936
1732730712514 940.0 43008
1732730795409 1023.0 46080
1732730864713 1092.0 49152
1732730928995 1156.0 52224
1732730995741 1223.0 55296
1732731051381 1279.0 58368
1732731109766 1337.0 61440
1732731174913 1402.0 64512
1732731242082 1469.0 67584
1732731287219 1515.0 70656
1732731337896 1565.0 73728
1732731392205 1620.0 76800
1732731443402 1671.0 79872
1732731511120 1738.0 82944
1732731593521 1821.0 86016
1732731661228 1889.0 89088
1732731721658 1949.0 92160
1732731779378 2007.0 95232
1732731849910 2077.0 98304
1732731933897 2161.0 101376
1732732009778 2237.0 104448
1732732070463 2298.0 107520
1732732132136 2359.0 110592
1732732187112 2414.0 113664
1732732246314 2474.0 116736
1732732302344 2530.0 119808
1732732356733 2584.0 122880
1732732410668 2638.0 125952
1732732465037 2692.0 129024
1732732518042 2745.0 132096
1732732569441 2797.0 135168
1732732624956 2852.0 138240
1732732675018 2902.0 141312
1732732723883 2951.0 144384
1732732772589 3000.0 147456
1732732820938 3048.0 150528
1732732872384 3100.0 153600
1732732932407 3160.0 156672
1732732982540 3210.0 159744
1732733045981 3273.0 162816
1732733107993 3335.0 165888
1732733175271 3403.0 168960
1732733234707 3462.0 172032
1732733293682 3521.0 175104
1732733355088 3582.0 178176
1732733419735 3647.0 181248
1732733480899 3708.0 184320
1732733545364 3773.0 187392
1732733627574 3855.0 190464
1732733699691 3927.0 193536
1732733782202 4010.0 196608
1732733853302 4081.0 199680
1732733935657 4163.0 202752
1732734012522 4240.0 205824
1732734108879 4336.0 208896
1732734181426 4409.0 211968
1732734256202 4484.0 215040
1732734349630 4577.0 218112
1732734423601 4651.0 221184
1732734497844 4725.0 224256
1732734570421 4798.0 227328
1732734638545 4866.0 230400
1732734701722 4929.0 233472
1732734768946 4996.0 236544
1732734825156 5052.0 239616
1732734904808 5132.0 242688
1732734984199 5212.0 245760
1732735045401 5273.0 248832
1732735130771 5358.0 251904
1732735206493 5434.0 254976
1732735279258 5507.0 258048
1732735346591 5574.0 261120
1732735404947 5632.0 264192
1732735483397 5711.0 267264
1732735531606 5759.0 270336
1732735594843 5822.0 273408
1732735665955 5893.0 276480
1732735730167 5957.0 279552
1732735801063 6028.0 282624
1732735869302 6097.0 285696
1732735925179 6153.0 288768
1732735990425 6218.0 291840
1732736061083 6288.0 294912
1732736122655 6350.0 297984
1732736188849 6416.0 301056
1732736247015 6474.0 304128
1732736308974 6536.0 307200
1732736373462 6601.0 310272
1732736429755 6657.0 313344
1732736489339 6717.0 316416
1732736539887 6767.0 319488
1732736619074 6846.0 322560
1732736686017 6913.0 325632
1732736751463 6979.0 328704
1732736822144 7049.0 331776
1732736882946 7110.0 334848
1732736947956 7175.0 337920
1732737009625 7237.0 340992
1732737066851 7294.0 344064
1732737129520 7357.0 347136
1732737197880 7425.0 350208
1732737263541 7491.0 353280
1732737321098 7548.0 356352
1732737385486 7613.0 359424
1732737459962 7687.0 362496
1732737520413 7748.0 365568
1732737590496 7818.0 368640
1732737642109 7869.0 371712
1732737703179 7931.0 374784
1732737763993 7991.0 377856
1732737832995 8060.0 380928
1732737887580 8115.0 384000
1732737957257 8185.0 387072
1732738017820 8245.0 390144
1732738070529 8298.0 393216
1732738135115 8362.0 396288
1732738208113 8435.0 399360
1732738265501 8493.0 402432
1732738335362 8563.0 405504
1732738391225 8619.0 408576
1732738445047 8672.0 411648
1732738508897 8736.0 414720
1732738588522 8816.0 417792
1732738659213 8887.0 420864
1732738727783 8955.0 423936
1732738791787 9019.0 427008
1732738861599 9089.0 430080
1732738919914 9147.0 433152
1732738975907 9203.0 436224
1732739038597 9266.0 439296
1732739107894 9335.0 442368
1732739164710 9392.0 445440
1732739223927 9451.0 448512
1732739280996 9508.0 451584
1732739343299 9571.0 454656
1732739402650 9630.0 457728
1732739463869 9691.0 460800
1732739530653 9758.0 463872
1732739590798 9818.0 466944
1732739658032 9885.0 470016
1732739723718 9951.0 473088
1732739787246 10015.0 476160
1732739842127 10069.0 479232
1732739901529 10129.0 482304
1732739955789 10183.0 485376
1732740010592 10238.0 488448
1732740069973 10297.0 491520
1732740141471 10369.0 494592
1732740198897 10426.0 497664
1732740263200 10491.0 500736
1732740319564 10547.0 503808
1732740389491 10617.0 506880
1732740454867 10682.0 509952
1732740511305 10739.0 513024
1732740571601 10799.0 516096
1732740633345 10861.0 519168
1732740689705 10917.0 522240
1732740743268 10971.0 525312
1732740796826 11024.0 528384
1732740856576 11084.0 531456
1732740920159 11148.0 534528
1732740974805 11202.0 537600
1732741027062 11254.0 540672
1732741082211 11310.0 543744
1732741140957 11368.0 546816
1732741194798 11422.0 549888
1732741243342 11471.0 552960
1732741297296 11525.0 556032
1732741347819 11575.0 559104
1732741400504 11628.0 562176
1732741466958 11694.0 565248
1732741535579 11763.0 568320
1732741590219 11818.0 571392
1732741648750 11876.0 574464
1732741708726 11936.0 577536
1732741770710 11998.0 580608
1732741848200 12076.0 583680
1732741907766 12135.0 586752
1732741969875 12197.0 589824
1732742028693 12256.0 592896
1732742092568 12320.0 595968
1732742156479 12384.0 599040
1732742214486 12442.0 602112
1732742277527 12505.0 605184
1732742341199 12569.0 608256
1732742402922 12630.0 611328
1732742462028 12689.0 614400
1732742533882 12761.0 617472
1732742587158 12814.0 620544
1732742645046 12872.0 623616
1732742699975 12927.0 626688
1732742760011 12987.0 629760
1732742821243 13049.0 632832
1732742878413 13106.0 635904
1732742936813 13164.0 638976
1732742997737 13225.0 642048
1732743062285 13290.0 645120
1732743125546 13353.0 648192
1732743182682 13410.0 651264
1732743241438 13469.0 654336
1732743299523 13527.0 657408
1732743361184 13589.0 660480
1732743417580 13645.0 663552
1732743480862 13708.0 666624
1732743545013 13772.0 669696
1732743604714 13832.0 672768
1732743662955 13890.0 675840
1732743717877 13945.0 678912
1732743775761 14003.0 681984
1732743833135 14060.0 685056
1732743888167 14115.0 688128
1732743945885 14173.0 691200
1732744000277 14228.0 694272
1732744058162 14286.0 697344
1732744113138 14340.0 700416
1732744165998 14393.0 703488
1732744227338 14455.0 706560
1732744281335 14509.0 709632
1732744341056 14568.0 712704
1732744397895 14625.0 715776
1732744445261 14673.0 718848
1732744495216 14723.0 721920
1732744553942 14781.0 724992
1732744615629 14843.0 728064
1732744673311 14901.0 731136
1732744727352 14955.0 734208
1732744784225 15012.0 737280
1732744842655 15070.0 740352
1732744896359 15124.0 743424
1732744960367 15188.0 746496
1732745017479 15245.0 749568
1732745078415 15306.0 752640
1732745132445 15360.0 755712
1732745198942 15426.0 758784
1732745261871 15489.0 761856
1732745319563 15547.0 764928
1732745371999 15599.0 768000
1732745433031 15660.0 771072
1732745484518 15712.0 774144
1732745555072 15782.0 777216
1732745624302 15852.0 780288
1732745695411 15923.0 783360
1732745757480 15985.0 786432
1732745818136 16045.0 789504
1732745886450 16114.0 792576
1732745944661 16172.0 795648
1732746006288 16234.0 798720
1732746065570 16293.0 801792
1732746128599 16356.0 804864
1732746185628 16413.0 807936
1732746241233 16469.0 811008
1732746299897 16527.0 814080
1732746353012 16580.0 817152
1732746403667 16631.0 820224
1732746455417 16683.0 823296
1732746506662 16734.0 826368
1732746574286 16802.0 829440
1732746625410 16853.0 832512
1732746675469 16903.0 835584
1732746727411 16955.0 838656
1732746783665 17011.0 841728
1732746845378 17073.0 844800
1732746897124 17124.0 847872
1732746951822 17179.0 850944
1732747014401 17242.0 854016
1732747073577 17301.0 857088
1732747129212 17357.0 860160
1732747189880 17417.0 863232
1732747267361 17495.0 866304
1732747324665 17552.0 869376
1732747387735 17615.0 872448
1732747448594 17676.0 875520
1732747509660 17737.0 878592
1732747576805 17804.0 881664
1732747644224 17872.0 884736
1732747708401 17936.0 887808
1732747768423 17996.0 890880
1732747824617 18052.0 893952
1732747888303 18116.0 897024
1732747944894 18172.0 900096
1732748009510 18237.0 903168
1732748081679 18309.0 906240
1732748138530 18366.0 909312
1732748193000 18420.0 912384
1732748250567 18478.0 915456
1732748307624 18535.0 918528
1732748376322 18604.0 921600
1732748439352 18667.0 924672
1732748501211 18729.0 927744
1732748562296 18790.0 930816
1732748624026 18851.0 933888
1732748682380 18910.0 936960
1732748742096 18969.0 940032
1732748804494 19032.0 943104
1732748865367 19093.0 946176
1732748922135 19149.0 949248
1732748982804 19210.0 952320
1732749044800 19272.0 955392
1732749111292 19339.0 958464
1732749167647 19395.0 961536
1732749227159 19454.0 964608
1732749292474 19520.0 967680
1732749360301 19588.0 970752
1732749420867 19648.0 973824
1732749477788 19705.0 976896
1732749539434 19767.0 979968
1732749600273 19828.0 983040
1732749656105 19883.0 986112
1732749712502 19940.0 989184
1732749766187 19994.0 992256
1732749844512 20072.0 995328
1732749900954 20128.0 998400
1732749959996 20187.0 1001472
