1732729827162 3072.0 3072
1732729877430 6144.0 6144
1732729923358 9216.0 9216
1732729982956 12288.0 12288
1732730053791 15360.0 15360
1732730112400 18432.0 18432
1732730182071 21504.0 21504
1732730243254 24576.0 24576
1732730313920 27648.0 27648
1732730380462 30720.0 30720
1732730460614 33792.0 33792
1732730549099 36864.0 36864
1732730643328 39936.0 39936
1732730712519 43008.0 43008
1732730795413 46080.0 46080
1732730864719 49152.0 49152
1732730929000 52224.0 52224
1732730995746 55296.0 55296
1732731051386 58368.0 58368
1732731109770 61440.0 61440
1732731174919 64512.0 64512
1732731242087 67584.0 67584
1732731287224 70656.0 70656
1732731337914 73728.0 73728
1732731392208 76800.0 76800
1732731443407 79872.0 79872
1732731511124 82944.0 82944
1732731593526 86016.0 86016
1732731661234 89088.0 89088
1732731721663 92160.0 92160
1732731779385 95232.0 95232
1732731849915 98304.0 98304
1732731933903 101376.0 101376
1732732009783 104448.0 104448
1732732070468 107520.0 107520
1732732132141 110592.0 110592
1732732187118 113664.0 113664
1732732246329 116736.0 116736
1732732302349 119808.0 119808
1732732356737 122880.0 122880
1732732410674 125952.0 125952
1732732465042 129024.0 129024
1732732518047 132096.0 132096
1732732569445 135168.0 135168
1732732624961 138240.0 138240
1732732675023 141312.0 141312
1732732723888 144384.0 144384
1732732772594 147456.0 147456
1732732820956 150528.0 150528
1732732872390 153600.0 153600
1732732932411 156672.0 156672
1732732982543 159744.0 159744
1732733045986 162816.0 162816
1732733107998 165888.0 165888
1732733175274 168960.0 168960
1732733234713 172032.0 172032
1732733293686 175104.0 175104
1732733355094 178176.0 178176
1732733419741 181248.0 181248
1732733480904 184320.0 184320
1732733545369 187392.0 187392
1732733627579 190464.0 190464
1732733699698 193536.0 193536
1732733782207 196608.0 196608
1732733853307 199680.0 199680
1732733935662 202752.0 202752
1732734012527 205824.0 205824
1732734108884 208896.0 208896
1732734181431 211968.0 211968
1732734256206 215040.0 215040
1732734349636 218112.0 218112
1732734423606 221184.0 221184
1732734497848 224256.0 224256
1732734570427 227328.0 227328
1732734638548 230400.0 230400
1732734701727 233472.0 233472
1732734768952 236544.0 236544
1732734825160 239616.0 239616
1732734904813 242688.0 242688
1732734984204 245760.0 245760
1732735045405 248832.0 248832
1732735130775 251904.0 251904
1732735206498 254976.0 254976
1732735279263 258048.0 258048
1732735346597 261120.0 261120
1732735404952 264192.0 264192
1732735483401 267264.0 267264
1732735531611 270336.0 270336
1732735594847 273408.0 273408
1732735665960 276480.0 276480
1732735730172 279552.0 279552
1732735801068 282624.0 282624
1732735869307 285696.0 285696
1732735925182 288768.0 288768
1732735990431 291840.0 291840
1732736061087 294912.0 294912
1732736122660 297984.0 297984
1732736188854 301056.0 301056
1732736247020 304128.0 304128
1732736308979 307200.0 307200
1732736373466 310272.0 310272
1732736429761 313344.0 313344
1732736489343 316416.0 316416
1732736539893 319488.0 319488
1732736619080 322560.0 322560
1732736686022 325632.0 325632
1732736751467 328704.0 328704
1732736822149 331776.0 331776
1732736882951 334848.0 334848
1732736947961 337920.0 337920
1732737009630 340992.0 340992
1732737066856 344064.0 344064
1732737129524 347136.0 347136
1732737197886 350208.0 350208
1732737263546 353280.0 353280
1732737321101 356352.0 356352
1732737385491 359424.0 359424
1732737459967 362496.0 362496
1732737520418 365568.0 365568
1732737590500 368640.0 368640
1732737642112 371712.0 371712
1732737703184 374784.0 374784
1732737763998 377856.0 377856
1732737832998 380928.0 380928
1732737887586 384000.0 384000
1732737957263 387072.0 387072
1732738017824 390144.0 390144
1732738070535 393216.0 393216
1732738135121 396288.0 396288
1732738208118 399360.0 399360
1732738265506 402432.0 402432
1732738335367 405504.0 405504
1732738391235 408576.0 408576
1732738445052 411648.0 411648
1732738508900 414720.0 414720
1732738588525 417792.0 417792
1732738659218 420864.0 420864
1732738727787 423936.0 423936
1732738791793 427008.0 427008
1732738861602 430080.0 430080
1732738919919 433152.0 433152
1732738975911 436224.0 436224
1732739038602 439296.0 439296
1732739107899 442368.0 442368
1732739164714 445440.0 445440
1732739223931 448512.0 448512
1732739281001 451584.0 451584
1732739343302 454656.0 454656
1732739402656 457728.0 457728
1732739463873 460800.0 460800
1732739530658 463872.0 463872
1732739590802 466944.0 466944
1732739658038 470016.0 470016
1732739723722 473088.0 473088
1732739787251 476160.0 476160
1732739842132 479232.0 479232
1732739901533 482304.0 482304
1732739955794 485376.0 485376
1732740010596 488448.0 488448
1732740069977 491520.0 491520
1732740141477 494592.0 494592
1732740198901 497664.0 497664
1732740263206 500736.0 500736
1732740319570 503808.0 503808
1732740389497 506880.0 506880
1732740454873 509952.0 509952
1732740511310 513024.0 513024
1732740571606 516096.0 516096
1732740633348 519168.0 519168
1732740689710 522240.0 522240
1732740743273 525312.0 525312
1732740796831 528384.0 528384
1732740856582 531456.0 531456
1732740920163 534528.0 534528
1732740974809 537600.0 537600
1732741027067 540672.0 540672
1732741082215 543744.0 543744
1732741140969 546816.0 546816
1732741194801 549888.0 549888
1732741243347 552960.0 552960
1732741297301 556032.0 556032
1732741347822 559104.0 559104
1732741400509 562176.0 562176
1732741466964 565248.0 565248
1732741535585 568320.0 568320
1732741590223 571392.0 571392
1732741648755 574464.0 574464
1732741708732 577536.0 577536
1732741770715 580608.0 580608
1732741848205 583680.0 583680
1732741907769 586752.0 586752
1732741969879 589824.0 589824
1732742028697 592896.0 592896
1732742092573 595968.0 595968
1732742156483 599040.0 599040
1732742214492 602112.0 602112
1732742277544 605184.0 605184
1732742341204 608256.0 608256
1732742402928 611328.0 611328
1732742462033 614400.0 614400
1732742533887 617472.0 617472
1732742587163 620544.0 620544
1732742645052 623616.0 623616
1732742699981 626688.0 626688
1732742760016 629760.0 629760
1732742821247 632832.0 632832
1732742878417 635904.0 635904
1732742936818 638976.0 638976
1732742997742 642048.0 642048
1732743062290 645120.0 645120
1732743125551 648192.0 648192
1732743182685 651264.0 651264
1732743241443 654336.0 654336
1732743299527 657408.0 657408
1732743361190 660480.0 660480
1732743417584 663552.0 663552
1732743480867 666624.0 666624
1732743545019 669696.0 669696
1732743604717 672768.0 672768
1732743662961 675840.0 675840
1732743717882 678912.0 678912
1732743775766 681984.0 681984
1732743833140 685056.0 685056
1732743888172 688128.0 688128
1732743945890 691200.0 691200
1732744000283 694272.0 694272
1732744058165 697344.0 697344
1732744113144 700416.0 700416
1732744166002 703488.0 703488
1732744227342 706560.0 706560
1732744281339 709632.0 709632
1732744341061 712704.0 712704
1732744397900 715776.0 715776
1732744445267 718848.0 718848
1732744495222 721920.0 721920
1732744553948 724992.0 724992
1732744615634 728064.0 728064
1732744673315 731136.0 731136
1732744727358 734208.0 734208
1732744784230 737280.0 737280
1732744842659 740352.0 740352
1732744896364 743424.0 743424
1732744960372 746496.0 746496
1732745017484 749568.0 749568
1732745078420 752640.0 752640
1732745132450 755712.0 755712
1732745198948 758784.0 758784
1732745261876 761856.0 761856
1732745319568 764928.0 764928
1732745372005 768000.0 768000
1732745433036 771072.0 771072
1732745484523 774144.0 774144
1732745555077 777216.0 777216
1732745624307 780288.0 780288
1732745695417 783360.0 783360
1732745757483 786432.0 786432
1732745818141 789504.0 789504
1732745886455 792576.0 792576
1732745944665 795648.0 795648
1732746006293 798720.0 798720
1732746065574 801792.0 801792
1732746128602 804864.0 804864
1732746185633 807936.0 807936
1732746241237 811008.0 811008
1732746299903 814080.0 814080
1732746353017 817152.0 817152
1732746403670 820224.0 820224
1732746455422 823296.0 823296
1732746506665 826368.0 826368
1732746574290 829440.0 829440
1732746625415 832512.0 832512
1732746675474 835584.0 835584
1732746727414 838656.0 838656
1732746783668 841728.0 841728
1732746845382 844800.0 844800
1732746897129 847872.0 847872
1732746951825 850944.0 850944
1732747014405 854016.0 854016
1732747073582 857088.0 857088
1732747129218 860160.0 860160
1732747189883 863232.0 863232
1732747267367 866304.0 866304
1732747324671 869376.0 869376
1732747387741 872448.0 872448
1732747448599 875520.0 875520
1732747509665 878592.0 878592
1732747576810 881664.0 881664
1732747644241 884736.0 884736
1732747708405 887808.0 887808
1732747768429 890880.0 890880
1732747824622 893952.0 893952
1732747888308 897024.0 897024
1732747944898 900096.0 900096
1732748009514 903168.0 903168
1732748081683 906240.0 906240
1732748138534 909312.0 909312
1732748193005 912384.0 912384
1732748250573 915456.0 915456
1732748307627 918528.0 918528
1732748376327 921600.0 921600
1732748439358 924672.0 924672
1732748501216 927744.0 927744
1732748562301 930816.0 930816
1732748624031 933888.0 933888
1732748682387 936960.0 936960
1732748742101 940032.0 940032
1732748804500 943104.0 943104
1732748865372 946176.0 946176
1732748922139 949248.0 949248
1732748982809 952320.0 952320
1732749044805 955392.0 955392
1732749111297 958464.0 958464
1732749167652 961536.0 961536
1732749227164 964608.0 964608
1732749292478 967680.0 967680
1732749360304 970752.0 970752
1732749420872 973824.0 973824
1732749477794 976896.0 976896
1732749539438 979968.0 979968
1732749600278 983040.0 983040
1732749656111 986112.0 986112
1732749712507 989184.0 989184
1732749766192 992256.0 992256
1732749844518 995328.0 995328
1732749900959 998400.0 998400
1732749960002 1001472.0 1001472
