1732638325465 0.19695872 6144
1732638403052 0.19391744000000002 9216
1732638472851 0.19087616000000002 12288
1732638533088 0.18783488 15360
1732638585459 0.1847936 18432
1732638635086 0.18175232 21504
1732638696166 0.17871104 24576
1732638758538 0.17566976 27648
1732638827710 0.17262848 30720
1732638891092 0.16958720000000002 33792
1732638954246 0.16654592000000001 36864
1732639026432 0.16350464 39936
1732639079226 0.16046336000000003 43008
1732639144434 0.15742208000000002 46080
1732639207191 0.1543808 49152
1732639269411 0.15133952 52224
1732639327927 0.14829824 55296
1732639390050 0.14525696 58368
1732639453673 0.14221568 61440
1732639508286 0.13917440000000003 64512
1732639563747 0.13613312000000002 67584
1732639620663 0.13309184000000002 70656
1732639694748 0.13005056 73728
1732639753718 0.12700928 76800
1732639815063 0.12396800000000001 79872
1732639877018 0.12092672000000002 82944
1732639932029 0.11788544000000001 86016
1732639988887 0.11484416 89088
1732640062568 0.11180288 92160
1732640127733 0.10876160000000001 95232
1732640190980 0.10572032 98304
1732640256047 0.10267904000000001 101376
1732640321883 0.09963776 104448
1732640387108 0.09659648 107520
1732640450897 0.09355520000000002 110592
1732640511833 0.09051392 113664
1732640566964 0.08747263999999999 116736
1732640637153 0.08443136000000001 119808
1732640693218 0.08139008 122880
1732640752996 0.07834880000000001 125952
1732640815249 0.07530752 129024
1732640876828 0.07226624 132096
1732640942014 0.06922496000000002 135168
1732640997098 0.06618368000000001 138240
1732641060925 0.06314239999999999 141312
1732641105551 0.06010112000000001 144384
1732641169172 0.05705984 147456
1732641226766 0.05401855999999999 150528
1732641285581 0.05097728000000001 153600
1732641354339 0.047936 156672
1732641413818 0.04489472000000001 159744
1732641480197 0.041853440000000006 162816
1732641536479 0.03881216 165888
1732641594267 0.03577088000000001 168960
1732641644887 0.032729600000000005 172032
1732641719955 0.029688319999999997 175104
1732641774686 0.02664704000000001 178176
1732641848669 0.023605760000000003 181248
1732641925641 0.02056447999999999 184320
1732641972769 0.017523200000000006 187392
1732642042107 0.014481919999999997 190464
1732642123693 0.01144063999999999 193536
1732642190295 0.008399360000000003 196608
1732642256205 0.005358079999999995 199680
1732642334319 0.002316800000000009 202752
