1732638325468 9.847935999999999 6144
1732638403058 9.695872 9216
1732638472856 9.543808 12288
1732638533093 9.391744 15360
1732638585463 9.23968 18432
1732638635102 9.087616 21504
1732638696171 8.935552 24576
1732638758542 8.783488 27648
1732638827715 8.631423999999999 30720
1732638891095 8.47936 33792
1732638954252 8.327296 36864
1732639026436 8.175232 39936
1732639079230 8.023168 43008
1732639144439 7.871104 46080
1732639207196 7.719040000000001 49152
1732639269416 7.566976 52224
1732639327931 7.414911999999999 55296
1732639390056 7.262847999999999 58368
1732639453677 7.110784 61440
1732639508290 6.9587200000000005 64512
1732639563751 6.806656 67584
1732639620668 6.654592 70656
1732639694753 6.502528 73728
1732639753722 6.350463999999999 76800
1732639815068 6.1983999999999995 79872
1732639877023 6.046336 82944
1732639932034 5.894272 86016
1732639988893 5.742208 89088
1732640062584 5.590144 92160
1732640127738 5.43808 95232
1732640190986 5.286015999999999 98304
1732640256053 5.133952 101376
1732640321887 4.981888 104448
1732640387113 4.8298239999999995 107520
1732640450900 4.67776 110592
1732640511837 4.525696 113664
1732640566969 4.373632 116736
1732640637170 4.221568 119808
1732640693224 4.069504 122880
1732640753014 3.917440000000001 125952
1732640815255 3.7653760000000003 129024
1732640876832 3.613312 132096
1732640942017 3.4612480000000008 135168
1732640997102 3.309184 138240
1732641060929 3.15712 141312
1732641105556 3.0050560000000006 144384
1732641169178 2.852992 147456
1732641226785 2.7009279999999998 150528
1732641285586 2.5488640000000005 153600
1732641354343 2.3968 156672
1732641413823 2.2447360000000005 159744
1732641480201 2.0926720000000003 162816
1732641536482 1.9406079999999999 165888
1732641594283 1.7885440000000006 168960
1732641644890 1.6364800000000002 172032
1732641719958 1.4844159999999997 175104
1732641774692 1.3323520000000004 178176
1732641848672 1.180288 181248
1732641925647 1.0282239999999996 184320
1732641972775 0.8761600000000003 187392
1732642042113 0.7240959999999999 190464
1732642123709 0.5720319999999994 193536
1732642190298 0.4199680000000001 196608
1732642256208 0.26790399999999975 199680
1732642334325 0.11584000000000046 202752
