1732638325461 0.32662760416666664 6144
1732638403047 0.11575520833333333 9216
1732638472845 0.148828125 12288
1732638533082 0.11412760416666666 15360
1732638585456 0.1380859375 18432
1732638635082 0.241796875 21504
1732638696162 0.28118489583333334 24576
1732638758535 0.04108072916666667 27648
1732638827705 0.0662109375 30720
1732638891088 0.047135416666666666 33792
1732638954241 0.024479166666666666 36864
1732639026428 0.09973958333333334 39936
1732639079221 0.020052083333333335 43008
1732639144429 0.006380208333333333 46080
1732639207185 0.016666666666666666 49152
1732639269405 0.0007161458333333333 52224
1732639327924 0.010026041666666667 55296
1732639390045 0.06953125 58368
1732639453669 0.016145833333333335 61440
1732639508282 0.0003255208333333333 64512
1732639563741 0.0 67584
1732639620658 0.0016276041666666667 70656
1732639694743 0.0 73728
1732639753713 0.0 76800
1732639815058 0.004166666666666667 79872
1732639877013 0.0 82944
1732639932023 0.0022786458333333335 86016
1732639988882 0.00013020833333333333 89088
1732640062563 0.006380208333333333 92160
1732640127728 0.0007161458333333333 95232
1732640190974 0.010807291666666666 98304
1732640256040 0.0443359375 101376
1732640321879 0.009700520833333334 104448
1732640387103 0.0021484375 107520
1732640450894 0.054427083333333334 110592
1732640511829 0.016536458333333334 113664
1732640566959 0.002864583333333333 116736
1732640637147 0.0 119808
1732640693213 0.007682291666666666 122880
1732640752991 0.0052734375 125952
1732640815244 0.0006510416666666666 129024
1732640876823 0.0009114583333333333 132096
1732640942010 0.06861979166666667 135168
1732640997094 0.03528645833333333 138240
1732641060920 0.16341145833333334 141312
1732641105547 0.020638020833333333 144384
1732641169168 0.17291666666666666 147456
1732641226763 0.07584635416666667 150528
1732641285576 0.06015625 153600
1732641354334 0.047200520833333336 156672
1732641413813 0.05455729166666667 159744
1732641480194 0.20924479166666668 162816
1732641536476 0.2623697916666667 165888
1732641594263 0.18671875 168960
1732641644884 0.24459635416666667 172032
1732641719952 0.10826822916666666 175104
1732641774680 0.237890625 178176
1732641848665 0.22434895833333332 181248
1732641925637 0.20924479166666668 184320
1732641972764 0.22174479166666666 187392
1732642042102 0.3531901041666667 190464
1732642123687 0.7284505208333333 193536
1732642190285 0.40989583333333335 196608
1732642256201 0.6502604166666667 199680
1732642334312 0.5399739583333333 202752
