1732638325472 -2.844870432217916 6144
1732638403063 -2.859122697512309 9216
1732638472861 -2.8644028584162395 12288
1732638533098 -2.8670650800069173 15360
1732638585479 -2.875062847137451 18432
1732638635106 -2.884744087855021 21504
1732638696175 -2.884801157315572 24576
1732638758546 -2.879559842745463 27648
1732638827720 -2.8842798550923665 30720
1732638891098 -2.894692134857178 33792
1732638954257 -2.898764689763387 36864
1732639026440 -2.900982634226481 39936
1732639079235 -2.903432051340739 43008
1732639144444 -2.90400284131368 46080
1732639207201 -2.9041134834289553 49152
1732639269422 -2.904167572657267 52224
1732639327935 -2.9041800101598105 55296
1732639390061 -2.9042945384979246 58368
1732639453681 -2.9043633858362834 61440
1732639508293 -2.904393688837687 64512
1732639563757 -2.9044689575831097 67584
1732639620673 -2.9045899152755736 70656
1732639694758 -2.9047165393829344 73728
1732639753740 -2.904810158411662 76800
1732639815074 -2.904806105295817 79872
1732639877028 -2.9048216342926025 82944
1732639932040 -2.9048444032669067 86016
1732639988898 -2.904862133661906 89088
1732640062589 -2.9048447450002035 92160
1732640127743 -2.9048144419988 95232
1732640190992 -2.9048580010732015 98304
1732640256059 -2.9049192984898884 101376
1732640321890 -2.9049688736597696 104448
1732640387118 -2.9050106763839723 107520
1732640450904 -2.90496883392334 110592
1732640511840 -2.90499804019928 113664
1732640566975 -2.905074882507324 116736
1732640637175 -2.905040740966797 119808
1732640693229 -2.904994169871012 122880
1732640753018 -2.904990641276042 125952
1732640815260 -2.904992945988973 129024
1732640876849 -2.9049989064534505 132096
1732640942020 -2.904985054334005 135168
1732640997107 -2.905001433690389 138240
1732641060945 -2.9049973408381145 141312
1732641105560 -2.904906328519185 144384
1732641169183 -2.9048462311426797 147456
1732641226788 -2.904761536916097 150528
1732641285598 -2.9047786792119346 153600
1732641354348 -2.9047993262608847 156672
1732641413829 -2.9048048416773478 159744
1732641480204 -2.9048267285029095 162816
1732641536485 -2.904825973510742 165888
1732641594286 -2.9048485438028973 168960
1732641644893 -2.9048519134521484 172032
1732641719961 -2.9047876993815103 175104
1732641774697 -2.9047630707422893 178176
1732641848688 -2.904780650138855 181248
1732641925653 -2.904700231552124 184320
1732641972780 -2.9046677112579347 187392
1732642042118 -2.904376252492269 190464
1732642123715 -2.9036438783009846 193536
1732642190302 -2.9035696983337402 196608
1732642256212 -2.9035645643870036 199680
1732642334331 -2.9035585800806682 202752
