1732638325475 -0.00029098987579345703 6144
1732638403069 0.00047451257705688477 9216
1732638472867 -3.635883331298828e-05 12288
1732638533104 5.0961971282958984e-05 15360
1732638585483 6.181001663208008e-05 18432
1732638635111 0.0005331039428710938 21504
1732638696180 0.0014835596084594727 24576
1732638758562 0.0004951357841491699 27648
1732638827726 0.00018990039825439453 30720
1732638891100 0.0007849931716918945 33792
1732638954262 0.002954840660095215 36864
1732639026444 0.008053302764892578 39936
1732639079240 0.027801334857940674 43008
1732639144448 0.1060907244682312 46080
1732639207218 0.07193607091903687 49152
1732639269428 0.13537859916687012 52224
1732639327939 0.15122109651565552 55296
1732639390067 0.23422092199325562 58368
1732639453685 0.3056667447090149 61440
1732639508297 0.34465688467025757 64512
1732639563775 0.24083608388900757 67584
1732639620677 0.35605329275131226 70656
1732639694763 0.35594427585601807 73728
1732639753745 0.299799382686615 76800
1732639815079 0.406604528427124 79872
1732639877034 0.27962642908096313 82944
1732639932058 0.36270445585250854 86016
1732639988903 0.4544050693511963 89088
1732640062594 0.34608519077301025 92160
1732640127748 0.41247624158859253 95232
1732640190997 0.42798227071762085 98304
1732640256066 0.4088628888130188 101376
1732640321894 0.33700478076934814 104448
1732640387123 0.23927545547485352 107520
1732640450907 0.2726948857307434 110592
1732640511844 0.3085061311721802 113664
1732640566980 0.3845304250717163 116736
1732640637181 0.3577020764350891 119808
1732640693235 0.273642361164093 122880
1732640753023 0.3928864002227783 125952
1732640815265 0.29445880651474 129024
1732640876855 0.33652186393737793 132096
1732640942023 0.3860093951225281 135168
1732640997111 0.3406331539154053 138240
1732641060949 0.44057631492614746 141312
1732641105565 0.37076348066329956 144384
1732641169188 0.7962175607681274 147456
1732641226792 0.36571091413497925 150528
1732641285604 0.3951910138130188 153600
1732641354353 0.29521578550338745 156672
1732641413834 0.43111687898635864 159744
1732641480207 0.4308931827545166 162816
1732641536488 0.31770849227905273 165888
1732641594290 0.7053545713424683 168960
1732641644896 0.3973153233528137 172032
1732641719964 0.520717442035675 175104
1732641774703 0.01729893684387207 178176
1732641848691 0.5943864583969116 181248
1732641925658 0.26126790046691895 184320
1732641972785 0.40224677324295044 187392
1732642042124 0.8114842772483826 190464
1732642123720 0.27019840478897095 193536
1732642190305 0.4311039447784424 196608
1732642256216 0.5457966923713684 199680
1732642334337 0.6079846620559692 202752
