1732638325483 0.5315054655075073 6144
1732638403080 11.076841354370117 9216
1732638472878 13.293584823608398 12288
1732638533115 8.28338623046875 15360
1732638585490 4.3295159339904785 18432
1732638635120 0.4609992504119873 21504
1732638696189 -0.0047908201813697815 24576
1732638758570 7.033435344696045 27648
1732638827736 6.610323429107666 30720
1732638891106 12.336298942565918 33792
1732638954272 5.330832004547119 36864
1732639026451 6.746367454528809 39936
1732639079249 8.170886039733887 43008
1732639144457 2.0034048557281494 46080
1732639207229 7.386270523071289 49152
1732639269439 6.154660701751709 52224
1732639327946 4.450827121734619 55296
1732639390078 3.987689733505249 58368
1732639453692 6.761302947998047 61440
1732639508304 4.951994895935059 64512
1732639563787 4.357585906982422 67584
1732639620685 1.9769335985183716 70656
1732639694773 4.907442569732666 73728
1732639753753 11.210027694702148 76800
1732639815090 7.354629039764404 79872
1732639877044 7.4132304191589355 82944
1732639932068 5.178266525268555 86016
1732639988914 6.217811584472656 89088
1732640062603 1.7071847915649414 92160
1732640127758 8.874956130981445 95232
1732640191009 8.3023042678833 98304
1732640256079 6.630565643310547 101376
1732640321902 6.196963310241699 104448
1732640387132 9.615760803222656 107520
1732640450913 4.66269063949585 110592
1732640511852 9.10983657836914 113664
1732640566991 4.860466480255127 116736
1732640637191 3.009758710861206 119808
1732640693246 5.730769634246826 122880
1732640753033 5.271663665771484 125952
1732640815276 6.359624862670898 129024
1732640876866 4.118988037109375 132096
1732640942038 5.279780387878418 135168
1732640997120 5.350356578826904 138240
1732641060956 3.145357370376587 141312
1732641105574 7.688726902008057 144384
1732641169199 0.5777378678321838 147456
1732641226799 5.618408679962158 150528
1732641285615 9.965532302856445 153600
1732641354375 5.556707382202148 156672
1732641413845 8.683197975158691 159744
1732641480215 4.398403167724609 162816
1732641536493 6.61858606338501 165888
1732641594298 2.039597988128662 168960
1732641644902 4.015563488006592 172032
1732641719970 2.135697603225708 175104
1732641774714 62.86869430541992 178176
1732641848699 1.3388813734054565 181248
1732641925669 11.938369750976562 184320
1732641972796 12.979086875915527 187392
1732642042135 0.4031982421875 190464
1732642123731 17.63100814819336 193536
1732642190312 13.16866683959961 196608
1732642256223 9.006099700927734 199680
1732642334356 12.247049331665039 202752
