1732638325486 5.0 6144
1732638403084 10.0 9216
1732638472883 15.0 12288
1732638533120 20.0 15360
1732638585494 25.0 18432
1732638635125 30.0 21504
1732638696193 35.0 24576
1732638758575 40.0 27648
1732638827742 45.0 30720
1732638891109 50.0 33792
1732638954277 55.0 36864
1732639026455 60.0 39936
1732639079254 65.0 43008
1732639144462 70.0 46080
1732639207235 75.0 49152
1732639269444 80.0 52224
1732639327950 85.0 55296
1732639390083 90.0 58368
1732639453696 95.0 61440
1732639508308 100.0 64512
1732639563793 105.0 67584
1732639620690 110.0 70656
1732639694778 115.0 73728
1732639753757 120.0 76800
1732639815095 125.0 79872
1732639877051 130.0 82944
1732639932073 135.0 86016
1732639988919 140.0 89088
1732640062607 145.0 92160
1732640127763 150.0 95232
1732640191015 155.0 98304
1732640256085 160.0 101376
1732640321905 165.0 104448
1732640387137 170.0 107520
1732640450916 175.0 110592
1732640511855 180.0 113664
1732640566996 185.0 116736
1732640637197 190.0 119808
1732640693251 195.0 122880
1732640753038 200.0 125952
1732640815281 205.0 129024
1732640876872 210.0 132096
1732640942042 215.0 135168
1732640997125 220.0 138240
1732641060960 225.0 141312
1732641105579 230.0 144384
1732641169204 235.0 147456
1732641226802 240.0 150528
1732641285620 245.0 153600
1732641354381 250.0 156672
1732641413863 255.0 159744
1732641480218 260.0 162816
1732641536496 265.0 165888
1732641594301 270.0 168960
1732641644905 275.0 172032
1732641719973 280.0 175104
1732641774720 285.0 178176
1732641848702 290.0 181248
1732641925674 295.0 184320
1732641972801 300.0 187392
1732642042140 305.0 190464
1732642123736 310.0 193536
1732642190314 315.0 196608
1732642256227 320.0 199680
1732642334360 325.0 202752
