1732638325493 1.008223533630371 6144
1732638403092 1.0128417015075684 9216
1732638472892 1.0137442350387573 12288
1732638533131 1.015984296798706 15360
1732638585501 1.0224311351776123 18432
1732638635134 1.0240364074707031 21504
1732638696202 1.0219905376434326 24576
1732638758582 1.0212457180023193 27648
1732638827764 1.026686191558838 30720
1732638891116 1.03047776222229 33792
1732638954287 1.0312821865081787 36864
1732639026462 1.0330111980438232 39936
1732639079269 1.0336120128631592 43008
1732639144471 1.0336949825286865 46080
1732639207245 1.033768892288208 49152
1732639269455 1.0337154865264893 52224
1732639327957 1.0338068008422852 55296
1732639390094 1.0338449478149414 58368
1732639453703 1.0338711738586426 61440
1732639508315 1.0338895320892334 64512
1732639563804 1.0339367389678955 67584
1732639620698 1.0340170860290527 70656
1732639694788 1.0340864658355713 73728
1732639753765 1.0340896844863892 76800
1732639815105 1.0340944528579712 79872
1732639877074 1.034105896949768 82944
1732639932084 1.034119725227356 86016
1732639988929 1.0341163873672485 89088
1732640062616 1.0341064929962158 92160
1732640127774 1.0340900421142578 95232
1732640191026 1.0341429710388184 98304
1732640256096 1.0341503620147705 101376
1732640321913 1.0342026948928833 104448
1732640387147 1.0341839790344238 107520
1732640450921 1.0341664552688599 110592
1732640511861 1.03423011302948 113664
1732640567007 1.0342271327972412 116736
1732640637208 1.0341967344284058 119808
1732640693262 1.034186840057373 122880
1732640753047 1.034188151359558 125952
1732640815292 1.0341906547546387 129024
1732640876883 1.034189224243164 132096
1732640942050 1.0341839790344238 135168
1732640997134 1.0342106819152832 138240
1732641060967 1.0341544151306152 141312
1732641105588 1.0341365337371826 144384
1732641169214 1.0340831279754639 147456
1732641226809 1.0340670347213745 150528
1732641285631 1.034090518951416 153600
1732641354392 1.0340880155563354 156672
1732641413874 1.0341013669967651 159744
1732641480239 1.034101963043213 162816
1732641536502 1.034104347229004 165888
1732641594309 1.034124493598938 168960
1732641644911 1.034098505973816 172032
1732641719979 1.0340704917907715 175104
1732641774731 1.034080982208252 178176
1732641848711 1.0340619087219238 181248
1732641925685 1.0340240001678467 184320
1732641972812 1.0340244770050049 187392
1732642042152 1.0335896015167236 190464
1732642123747 1.033465027809143 193536
1732642190320 1.0334614515304565 196608
1732642256234 1.0334575176239014 199680
1732642334370 1.03345787525177 202752
