1732638325497 2.468812865018845 6144
1732638403097 7.092977682749431 9216
1732638472896 11.03446397781372 12288
1732638533136 8.34955948193868 15360
1732638585505 4.0960930744806925 18432
1732638635139 2.0833541989326476 21504
1732638696207 0.05406158665815989 24576
1732638758586 6.154567964871725 27648
1732638827769 7.691501847902933 30720
1732638891119 7.790410240491231 33792
1732638954299 6.035746518770853 36864
1732639026467 5.866150156656901 39936
1732639079273 9.093722526232401 43008
1732639144476 2.100511246919632 46080
1732639207251 7.643123594919841 49152
1732639269461 5.86585435072581 52224
1732639327961 5.924338110287985 55296
1732639390099 6.414192406336467 58368
1732639453707 6.124750510851542 61440
1732639508319 6.393549259503683 64512
1732639563809 4.316632922490438 67584
1732639620702 4.104553373654683 70656
1732639694793 3.953554860750834 73728
1732639753769 9.39882435798645 76800
1732639815111 4.975971666971843 79872
1732639877085 6.558669956525167 82944
1732639932089 3.8885066509246826 86016
1732639988935 4.250588897864024 89088
1732640062621 3.8752485593159993 92160
1732640127778 9.847270107269287 95232
1732640191032 6.200588607788086 98304
1732640256101 5.721151328086853 101376
1732640321916 8.208234922091167 104448
1732640387152 7.473810211817423 107520
1732640450924 5.600375827153524 110592
1732640511864 7.375760205586752 113664
1732640567012 5.641432762145996 116736
1732640637213 2.3167085071404774 119808
1732640693267 7.345203812917074 122880
1732640753051 3.8791664640108743 125952
1732640815297 5.815553116798401 129024
1732640876889 5.538311799367269 132096
1732640942053 5.510036094983419 135168
1732640997138 5.7256968975067135 138240
1732641060971 3.7575451453526814 141312
1732641105592 8.035776170094808 144384
1732641169221 0.6267859250307083 147456
1732641226815 7.653546603520711 150528
1732641285637 6.028049961725871 153600
1732641354397 4.392855481306712 156672
1732641413879 7.512005345026652 159744
1732641480244 4.50831778049469 162816
1732641536505 6.068656611442566 165888
1732641594313 2.1935917774836224 168960
1732641644913 4.884153985977173 172032
1732641719982 2.4992317974567415 175104
1732641774736 146.03863677978515 178176
1732641848716 2.0951106558243433 181248
1732641925690 10.789560127258301 184320
1732641972817 11.488931814829508 187392
1732642042158 0.4891899516185125 190464
1732642123753 11.69702828725179 193536
1732642190322 14.23729887008667 196608
1732642256238 8.007031202316284 199680
1732642334374 7.9389362812042235 202752
