1732622990510 0.0 0
1732623000567 13.5 1
1732623010628 10.5 2
1732623020682 12.0 3
1732623030753 13.0 4
1732623040803 11.6 5
1732623050877 15.6 6
1732623060946 15.6 7
1732623071000 10.1 8
1732623081063 12.6 9
1732623091138 11.5 10
1732623101202 8.7 11
1732623111272 8.3 12
1732623121337 11.6 13
1732623131418 8.0 14
1732623141478 9.1 15
1732623151547 8.1 16
1732623161617 11.4 17
1732623171694 12.1 18
1732623181760 9.4 19
1732623191856 8.2 20
1732623201925 10.5 21
1732623211992 8.6 22
1732623222058 7.3 23
1732623232137 9.7 24
1732623242208 8.6 25
1732623252273 9.5 26
1732623262335 9.8 27
1732623272383 8.1 28
1732623282444 11.3 29
1732623292524 10.8 30
1732623302598 8.4 31
1732623312653 7.0 32
1732623322712 11.0 33
1732623332779 11.1 34
1732623342864 9.1 35
1732623352929 9.0 36
1732623362993 10.5 37
1732623373066 10.3 38
1732623383131 6.5 39
1732623393206 12.9 40
1732623403290 9.9 41
1732623413373 9.6 42
1732623423440 11.8 43
1732623433495 11.5 44
1732623443561 10.2 45
1732623453647 11.2 46
1732623463717 7.0 47
1732623473797 7.9 48
1732623483865 10.4 49
1732623493942 10.7 50
1732623504019 11.1 51
1732623514093 10.6 52
1732623524160 9.8 53
1732623534251 6.0 54
1732623544319 8.6 55
1732623554416 10.2 56
1732623564493 13.0 57
1732623574583 11.6 58
1732623584659 9.6 59
1732623594724 10.8 60
1732623604819 7.0 61
1732623614904 7.3 62
1732623624974 7.4 63
1732623635056 10.8 64
1732623645121 10.4 65
1732623655191 9.6 66
1732623665258 9.6 67
1732623675305 8.2 68
1732623685402 8.4 69
1732623695488 9.0 70
1732623705573 8.9 71
1732623715641 9.6 72
1732623725721 8.3 73
1732623735811 10.2 74
1732623745889 10.1 75
1732623755968 6.7 76
1732623766052 9.4 77
1732623776121 10.1 78
1732623786203 10.4 79
1732623796272 7.5 80
1732623806357 11.1 81
1732623816438 9.8 82
1732623826532 8.8 83
1732623836620 8.0 84
1732623846695 7.9 85
1732623856759 9.5 86
1732623866832 7.8 87
1732623876907 9.9 88
1732623887008 10.2 89
1732623897071 7.8 90
1732623907154 8.2 91
1732623917209 7.7 92
1732623927316 8.0 93
1732623937396 8.4 94
1732623947469 11.2 95
1732623957521 9.2 96
1732623967594 9.8 97
1732623977674 11.9 98
1732623987758 10.5 99
1732623997847 6.4 100
1732624007907 11.2 101
1732624017991 13.8 102
1732624028081 14.7 103
1732624038158 9.7 104
1732624048250 9.7 105
1732624058332 9.9 106
1732624068422 9.6 107
1732624078501 8.4 108
1732624088597 10.1 109
1732624098675 8.9 110
1732624108758 10.5 111
1732624118846 6.3 112
1732624128927 10.9 113
1732624139017 11.0 114
1732624149111 10.0 115
1732624159192 9.3 116
1732624169290 14.0 117
1732624179377 10.3 118
1732624189456 9.1 119
1732624199546 8.2 120
1732624209633 10.4 121
1732624219707 9.2 122
1732624229805 11.6 123
1732624239893 7.2 124
1732624249984 8.3 125
1732624260076 8.0 126
1732624270157 9.8 127
1732624280229 8.5 128
1732624290309 10.8 129
1732624300373 10.1 130
1732624310476 9.6 131
1732624320573 8.5 132
1732624330640 7.9 133
1732624340723 11.8 134
1732624350796 10.0 135
1732624360884 9.8 136
1732624370982 8.9 137
1732624381058 7.6 138
1732624391135 8.8 139
1732624401239 8.6 140
1732624411320 6.8 141
1732624421405 8.2 142
1732624431493 10.7 143
1732624441585 10.4 144
1732624451655 8.5 145
1732624461750 9.6 146
1732624471830 12.5 147
1732624481923 8.9 148
1732624492002 8.5 149
1732624502069 9.9 150
1732624512124 8.2 151
1732624522225 10.2 152
1732624532309 9.5 153
1732624542398 10.2 154
1732624552476 10.2 155
1732624562577 9.8 156
1732624572670 7.0 157
1732624582758 8.3 158
1732624592832 9.2 159
1732624602910 13.7 160
1732624613023 13.5 161
1732624623111 8.9 162
1732624633201 12.2 163
1732624643306 12.4 164
1732624653389 10.3 165
1732624663467 9.1 166
1732624673567 6.9 167
1732624683661 8.7 168
1732624693744 10.0 169
1732624703843 7.8 170
1732624713927 10.7 171
1732624724024 14.1 172
1732624734120 13.2 173
1732624744203 6.3 174
1732624754293 8.0 175
1732624764385 11.0 176
1732624774495 6.4 177
1732624784574 10.6 178
1732624794642 9.8 179
1732624804745 11.0 180
1732624814843 10.1 181
1732624824938 8.8 182
1732624835037 9.0 183
1732624845132 10.2 184
1732624855193 6.4 185
1732624865276 11.0 186
1732624875346 10.8 187
1732624885424 9.4 188
1732624895516 8.8 189
1732624905630 8.1 190
1732624915721 10.4 191
1732624925833 10.4 192
1732624935924 7.8 193
1732624946012 8.6 194
1732624956109 10.7 195
1732624966209 10.1 196
1732624976304 9.5 197
1732624986384 10.1 198
1732624996491 6.4 199
1732625006592 9.7 200
1732625016678 7.4 201
1732625026791 9.7 202
1732625036895 8.3 203
1732625046972 10.9 204
1732625057067 10.6 205
1732625067144 8.6 206
1732625077239 8.2 207
1732625087325 8.9 208
1732625097425 8.8 209
1732625107516 6.9 210
1732625117606 8.5 211
1732625127681 7.6 212
1732625137794 9.5 213
1732625147855 9.5 214
1732625157953 9.7 215
1732625168062 10.2 216
1732625178158 8.2 217
1732625188246 7.4 218
1732625198339 8.1 219
1732625208407 9.5 220
1732625218516 9.0 221
1732625228620 10.4 222
1732625238693 10.4 223
1732625248792 10.7 224
1732625258890 6.8 225
1732625268991 7.9 226
1732625279097 7.2 227
1732625289196 9.3 228
1732625299286 10.9 229
1732625309391 10.9 230
1732625319501 9.6 231
1732625329586 9.7 232
1732625339690 8.0 233
1732625349795 6.2 234
1732625359904 7.5 235
1732625370019 10.5 236
1732625380125 10.5 237
1732625390219 8.0 238
1732625400310 10.5 239
1732625410416 8.5 240
1732625420523 8.2 241
1732625430612 8.5 242
1732625440718 7.9 243
1732625450806 8.3 244
1732625460914 10.1 245
1732625471010 10.0 246
1732625481104 8.4 247
1732625491197 8.3 248
1732625501307 8.9 249
1732625511396 9.8 250
1732625521456 8.0 251
1732625531522 8.0 252
1732625541623 9.0 253
1732625551732 9.8 254
1732625561836 7.1 255
1732625571941 8.6 256
1732625582045 7.3 257
1732625592144 8.9 258
1732625602245 8.7 259
1732625612334 10.0 260
1732625622442 6.2 261
1732625632547 6.3 262
1732625642645 10.1 263
1732625652754 10.1 264
1732625662847 7.5 265
1732625672952 10.0 266
1732625683058 10.2 267
1732625693149 7.6 268
1732625703276 8.0 269
1732625713395 7.1 270
1732625723484 9.2 271
1732625733584 7.9 272
1732625743693 8.5 273
1732625753804 6.7 274
1732625763911 9.6 275
1732625774022 9.9 276
1732625784133 7.9 277
1732625794254 8.4 278
1732625804363 9.8 279
1732625814463 7.8 280
1732625824578 8.0 281
1732625834656 8.2 282
1732625844779 9.7 283
1732625854895 9.1 284
1732625865006 6.8 285
1732625875109 7.4 286
1732625885212 8.7 287
1732625895312 8.2 288
1732625905429 9.9 289
1732625915534 7.6 290
1732625925641 8.5 291
1732625935739 8.5 292
1732625945851 6.1 293
1732625955960 6.6 294
1732625966078 10.2 295
1732625976199 10.3 296
1732625986307 8.9 297
1732625996406 8.1 298
1732626006518 8.5 299
1732626016631 9.3 300
1732626026752 7.0 301
1732626036847 9.5 302
1732626046952 10.5 303
1732626057078 7.8 304
1732626067188 7.7 305
1732626077304 9.6 306
1732626087422 8.1 307
1732626097524 8.0 308
1732626107631 9.0 309
1732626117754 7.1 310
1732626127867 9.4 311
1732626137995 7.5 312
1732626148092 7.8 313
1732626158219 8.3 314
1732626168332 8.7 315
1732626178434 7.1 316
1732626188538 8.9 317
1732626198663 10.0 318
1732626208765 8.2 319
1732626218868 8.2 320
1732626228944 7.8 321
1732626239116 8.1 322
1732626249225 9.7 323
1732626259351 6.0 324
1732626269451 10.4 325
1732626279565 8.8 326
1732626289690 7.2 327
1732626299797 8.1 328
1732626309906 9.3 329
1732626320006 9.4 330
1732626330134 7.2 331
1732626340252 9.0 332
1732626350357 7.4 333
1732626360470 7.8 334
1732626370585 8.7 335
1732626380702 10.2 336
1732626390817 10.5 337
1732626400935 7.8 338
1732626411063 9.1 339
1732626421158 6.0 340
1732626431270 7.3 341
1732626441384 9.5 342
1732626451501 8.0 343
1732626461617 9.8 344
1732626471734 9.2 345
1732626481851 6.3 346
1732626491966 9.8 347
1732626502074 7.3 348
1732626512188 7.8 349
1732626522312 8.8 350
1732626532428 7.7 351
1732626542536 9.5 352
1732626552644 7.2 353
1732626562778 7.8 354
1732626572896 10.0 355
1732626583019 7.8 356
1732626593138 7.5 357
1732626603256 7.5 358
1732626613370 7.5 359
1732626623499 8.7 360
1732626633618 9.0 361
1732626643728 10.5 362
1732626653856 8.2 363
1732626663958 8.6 364
1732626674105 9.6 365
1732626684224 7.7 366
1732626694328 7.3 367
1732626704435 8.4 368
1732626714574 9.6 369
1732626724693 7.5 370
1732626734793 8.7 371
1732626744925 6.6 372
1732626755034 9.5 373
1732626765125 10.3 374
1732626775257 6.7 375
1732626785378 9.7 376
1732626795488 7.6 377
1732626805590 8.0 378
1732626815721 8.3 379
1732626825850 10.6 380
1732626835963 9.9 381
1732626846064 6.3 382
1732626856173 8.9 383
1732626866308 6.0 384
1732626876433 10.0 385
1732626886555 10.9 386
1732626896672 8.0 387
1732626906800 9.6 388
1732626916927 9.3 389
1732626927067 7.3 390
1732626937172 9.7 391
1732626947289 6.1 392
1732626957406 6.7 393
1732626967536 9.8 394
1732626977678 7.6 395
1732626987792 9.8 396
1732626997930 7.7 397
1732627008024 7.7 398
1732627018149 9.7 399
1732627028277 6.6 400
1732627038400 8.3 401
1732627048521 8.2 402
1732627058612 7.8 403
1732627068699 8.9 404
1732627078825 7.9 405
1732627088948 10.0 406
1732627099075 7.8 407
1732627109209 9.0 408
1732627119343 6.7 409
1732627129473 7.9 410
1732627139599 8.0 411
1732627149724 9.8 412
1732627159840 10.4 413
1732627169967 7.7 414
1732627180050 7.6 415
1732627190663 8.5 416
1732627200750 9.3 417
1732627210873 6.7 418
1732627220995 9.8 419
1732627231097 7.7 420
1732627241184 9.3 421
1732627251309 7.5 422
1732627261434 9.0 423
1732627271564 7.1 424
1732627281676 9.5 425
1732627291774 6.8 426
1732627301899 7.7 427
1732627312038 8.3 428
1732627322167 8.0 429
1732627332291 8.9 430
1732627342411 9.1 431
1732627352523 7.2 432
1732627362658 9.6 433
1732627372784 8.7 434
1732627382892 6.6 435
1732627393032 6.0 436
1732627403162 9.0 437
1732627413263 9.5 438
1732627423384 8.3 439
1732627433503 9.3 440
1732627443622 7.4 441
1732627453728 8.8 442
1732627463951 8.7 443
1732627474083 7.5 444
1732627484211 6.9 445
1732627494326 9.9 446
1732627504462 9.8 447
1732627514583 9.0 448
1732627524711 6.7 449
1732627534817 7.5 450
1732627544934 10.0 451
1732627555065 9.2 452
1732627565204 6.9 453
1732627575329 9.8 454
1732627585457 7.5 455
1732627595581 7.3 456
1732627605728 10.2 457
1732627615853 10.0 458
1732627625978 7.3 459
1732627636069 7.1 460
1732627646205 6.0 461
1732627656290 8.0 462
1732627666430 9.4 463
1732627676544 9.8 464
1732627686685 9.6 465
1732627696816 7.2 466
1732627706952 7.5 467
1732627717314 7.3 468
1732627727413 8.7 469
1732627737548 6.7 470
1732627747676 9.7 471
1732627757793 8.1 472
1732627767928 6.6 473
1732627778066 8.5 474
1732627788201 9.6 475
1732627798333 9.5 476
1732627808463 8.9 477
1732627818591 6.8 478
1732627828737 5.6 479
1732627838866 8.6 480
1732627849009 10.0 481
1732627859119 8.4 482
1732627869235 7.8 483
1732627879360 9.4 484
1732627889500 9.5 485
1732627899637 8.1 486
1732627909770 6.3 487
1732627919864 7.7 488
1732627929987 7.8 489
1732627940115 10.4 490
1732627950255 10.1 491
1732627960386 8.4 492
1732627970521 8.7 493
1732627980668 8.6 494
1732627990797 7.9 495
1732628000932 6.9 496
1732628011082 8.8 497
1732628021212 10.3 498
1732628031322 7.4 499
1732628041471 7.1 500
1732628051592 9.8 501
1732628061721 9.6 502
1732628071872 7.5 503
1732628082022 8.7 504
1732628092175 6.1 505
1732628102310 10.0 506
1732628112438 10.4 507
1732628122587 8.3 508
1732628132732 10.3 509
1732628142879 8.4 510
1732628152991 9.7 511
1732628163124 7.6 512
1732628173264 6.0 513
1732628183388 7.4 514
1732628193515 9.6 515
1732628203656 7.3 516
1732628213791 9.2 517
1732628223907 6.7 518
1732628234038 9.3 519
1732628244191 8.4 520
1732628254337 7.7 521
1732628264469 9.4 522
1732628274600 6.3 523
1732628284769 7.3 524
1732628294902 9.6 525
1732628305051 9.7 526
1732628315199 7.6 527
1732628325328 7.3 528
1732628335463 6.4 529
1732628345602 8.4 530
1732628355741 9.8 531
1732628365878 9.6 532
1732628376017 9.4 533
1732628386128 9.0 534
1732628396259 7.9 535
1732628406401 7.0 536
1732628416535 6.3 537
1732628426658 6.9 538
1732628436803 9.8 539
1732628446915 8.7 540
1732628457042 9.0 541
1732628467197 6.6 542
1732628477347 7.6 543
1732628487487 9.7 544
