1732622990510 122642.7 0
1732623000567 122642.7 1
1732623010628 122642.7 2
1732623020682 122642.7 3
1732623030753 122642.8 4
1732623040803 122642.8 5
1732623050877 122641.5 6
1732623060946 122641.7 7
1732623071000 122640.3 8
1732623081063 122640.1 9
1732623091138 122640.1 10
1732623101202 122640.2 11
1732623111272 122640.2 12
1732623121337 122640.2 13
1732623131418 122640.2 14
1732623141478 122640.3 15
1732623151547 122640.3 16
1732623161617 122640.3 17
1732623171694 122640.3 18
1732623181760 122640.3 19
1732623191856 122640.3 20
1732623201925 122640.4 21
1732623211992 122640.4 22
1732623222058 122640.4 23
1732623232137 122640.5 24
1732623242208 122640.4 25
1732623252273 122640.4 26
1732623262335 122640.4 27
1732623272383 122640.4 28
1732623282444 122640.4 29
1732623292524 122640.5 30
1732623302598 122640.5 31
1732623312653 122640.5 32
1732623322712 122640.5 33
1732623332779 122640.6 34
1732623342864 122640.6 35
1732623352929 122640.6 36
1732623362993 122640.6 37
1732623373066 122640.6 38
1732623383131 122640.6 39
1732623393206 122640.6 40
1732623403290 122640.9 41
1732623413373 122645.3 42
1732623423440 122642.7 43
1732623433495 122645.8 44
1732623443561 122645.7 45
1732623453647 122645.8 46
1732623463717 122645.9 47
1732623473797 122645.9 48
1732623483865 122645.9 49
1732623493942 122645.9 50
1732623504019 122645.9 51
1732623514093 122645.9 52
1732623524160 122646.0 53
1732623534251 122646.0 54
1732623544319 122646.0 55
1732623554416 122646.0 56
1732623564493 122646.1 57
1732623574583 122646.1 58
1732623584659 122646.1 59
1732623594724 122646.1 60
1732623604819 122646.1 61
1732623614904 122646.2 62
1732623624974 122646.2 63
1732623635056 122646.2 64
1732623645121 122646.2 65
1732623655191 122646.2 66
1732623665258 122646.2 67
1732623675305 122646.2 68
1732623685402 122646.2 69
1732623695488 122646.3 70
1732623705573 122646.3 71
1732623715641 122646.3 72
1732623725721 122646.3 73
1732623735811 122646.3 74
1732623745889 122646.3 75
1732623755968 122646.3 76
1732623766052 122646.3 77
1732623776121 122646.3 78
1732623786203 122646.4 79
1732623796272 122646.4 80
1732623806357 122646.4 81
1732623816438 122646.5 82
1732623826532 122646.5 83
1732623836620 122646.5 84
1732623846695 122646.5 85
1732623856759 122646.6 86
1732623866832 122646.6 87
1732623876907 122646.6 88
1732623887008 122646.6 89
1732623897071 122646.6 90
1732623907154 122646.7 91
1732623917209 122646.7 92
1732623927316 122646.7 93
1732623937396 122646.8 94
1732623947469 122646.8 95
1732623957521 122646.8 96
1732623967594 122646.8 97
1732623977674 122646.8 98
1732623987758 122646.8 99
1732623997847 122646.8 100
1732624007907 122646.8 101
1732624017991 122646.8 102
1732624028081 122647.0 103
1732624038158 122647.0 104
1732624048250 122647.0 105
1732624058332 122647.1 106
1732624068422 122647.1 107
1732624078501 122647.1 108
1732624088597 122647.1 109
1732624098675 122647.1 110
1732624108758 122647.1 111
1732624118846 122647.1 112
1732624128927 122647.1 113
1732624139017 122647.2 114
1732624149111 122647.2 115
1732624159192 122647.2 116
1732624169290 122647.3 117
1732624179377 122647.3 118
1732624189456 122647.5 119
1732624199546 122647.5 120
1732624209633 122647.5 121
1732624219707 122647.5 122
1732624229805 122647.6 123
1732624239893 122647.6 124
1732624249984 122647.6 125
1732624260076 122647.6 126
1732624270157 122647.6 127
1732624280229 122647.6 128
1732624290309 122638.9 129
1732624300373 122638.9 130
1732624310476 122638.9 131
1732624320573 122638.9 132
1732624330640 122639.0 133
1732624340723 122655.1 134
1732624350796 122653.3 135
1732624360884 122653.4 136
1732624370982 122653.3 137
1732624381058 122653.4 138
1732624391135 122653.4 139
1732624401239 122653.4 140
1732624411320 122653.4 141
1732624421405 122653.4 142
1732624431493 122653.4 143
1732624441585 122653.4 144
1732624451655 122653.5 145
1732624461750 122653.5 146
1732624471830 122653.5 147
1732624481923 122653.4 148
1732624492002 122653.4 149
1732624502069 122653.4 150
1732624512124 122653.5 151
1732624522225 122653.7 152
1732624532309 122653.7 153
1732624542398 122653.7 154
1732624552476 122653.7 155
1732624562577 122653.7 156
1732624572670 122653.8 157
1732624582758 122653.8 158
1732624592832 122653.8 159
1732624602910 122653.7 160
1732624613023 122655.1 161
1732624623111 122655.4 162
1732624633201 122667.1 163
1732624643306 122674.9 164
1732624653389 122646.5 165
1732624663467 122646.4 166
1732624673567 122646.5 167
1732624683661 122646.3 168
1732624693744 122646.3 169
1732624703843 122646.3 170
1732624713927 122646.4 171
1732624724024 122649.8 172
1732624734120 122652.8 173
1732624744203 122652.9 174
1732624754293 122653.1 175
1732624764385 122652.5 176
1732624774495 122652.5 177
1732624784574 122652.5 178
1732624794642 122652.6 179
1732624804745 122648.0 180
1732624814843 122648.0 181
1732624824938 122648.0 182
1732624835037 122648.0 183
1732624845132 122648.2 184
1732624855193 122648.2 185
1732624865276 122648.2 186
1732624875346 122648.0 187
1732624885424 122647.9 188
1732624895516 122648.0 189
1732624905630 122648.0 190
1732624915721 122648.2 191
1732624925833 122648.2 192
1732624935924 122648.3 193
1732624946012 122648.4 194
1732624956109 122648.4 195
1732624966209 122648.4 196
1732624976304 122648.4 197
1732624986384 122648.4 198
1732624996491 122648.4 199
1732625006592 122648.5 200
1732625016678 122648.5 201
1732625026791 122648.5 202
1732625036895 122648.5 203
1732625046972 122648.5 204
1732625057067 122648.5 205
1732625067144 122648.5 206
1732625077239 122648.6 207
1732625087325 122648.6 208
1732625097425 122648.6 209
1732625107516 122648.6 210
1732625117606 122648.6 211
1732625127681 122648.6 212
1732625137794 122648.6 213
1732625147855 122648.6 214
1732625157953 122648.6 215
1732625168062 122648.7 216
1732625178158 122648.7 217
1732625188246 122648.7 218
1732625198339 122648.8 219
1732625208407 122648.8 220
1732625218516 122648.8 221
1732625228620 122648.8 222
1732625238693 122648.8 223
1732625248792 122648.9 224
1732625258890 122648.9 225
1732625268991 122648.9 226
1732625279097 122648.9 227
1732625289196 122648.9 228
1732625299286 122649.0 229
1732625309391 122649.0 230
1732625319501 122649.0 231
1732625329586 122649.0 232
1732625339690 122649.0 233
1732625349795 122649.0 234
1732625359904 122649.0 235
1732625370019 122649.0 236
1732625380125 122649.1 237
1732625390219 122649.1 238
1732625400310 122649.1 239
1732625410416 122649.1 240
1732625420523 122649.1 241
1732625430612 122649.1 242
1732625440718 122649.1 243
1732625450806 122649.1 244
1732625460914 122649.1 245
1732625471010 122649.2 246
1732625481104 122649.2 247
1732625491197 122649.2 248
1732625501307 122649.2 249
1732625511396 122649.3 250
1732625521456 122649.3 251
1732625531522 122649.3 252
1732625541623 122649.3 253
1732625551732 122649.3 254
1732625561836 122649.3 255
1732625571941 122649.3 256
1732625582045 122649.3 257
1732625592144 122649.3 258
1732625602245 122649.4 259
1732625612334 122649.4 260
1732625622442 122649.4 261
1732625632547 122649.4 262
1732625642645 122649.4 263
1732625652754 122649.4 264
1732625662847 122649.4 265
1732625672952 122649.4 266
1732625683058 122649.4 267
1732625693149 122649.5 268
1732625703276 122649.5 269
1732625713395 122649.5 270
1732625723484 122649.5 271
1732625733584 122649.6 272
1732625743693 122649.6 273
1732625753804 122649.6 274
1732625763911 122649.6 275
1732625774022 122649.6 276
1732625784133 122649.6 277
1732625794254 122649.6 278
1732625804363 122649.6 279
1732625814463 122649.6 280
1732625824578 122649.7 281
1732625834656 122649.7 282
1732625844779 122649.8 283
1732625854895 122649.8 284
1732625865006 122649.8 285
1732625875109 122649.8 286
1732625885212 122649.8 287
1732625895312 122649.8 288
1732625905429 122649.8 289
1732625915534 122649.9 290
1732625925641 122649.9 291
1732625935739 122649.9 292
1732625945851 122649.9 293
1732625955960 122649.9 294
1732625966078 122649.9 295
1732625976199 122649.9 296
1732625986307 122649.9 297
1732625996406 122649.9 298
1732626006518 122649.9 299
1732626016631 122650.0 300
1732626026752 122650.0 301
1732626036847 122650.0 302
1732626046952 122650.0 303
1732626057078 122650.0 304
1732626067188 122650.0 305
1732626077304 122650.0 306
1732626087422 122650.1 307
1732626097524 122650.1 308
1732626107631 122650.1 309
1732626117754 122650.1 310
1732626127867 122650.1 311
1732626137995 122650.1 312
1732626148092 122650.1 313
1732626158219 122650.1 314
1732626168332 122650.2 315
1732626178434 122650.2 316
1732626188538 122650.2 317
1732626198663 122650.2 318
1732626208765 122650.3 319
1732626218868 122650.3 320
1732626228944 122650.3 321
1732626239116 122650.3 322
1732626249225 122650.3 323
1732626259351 122650.3 324
1732626269451 122650.4 325
1732626279565 122650.3 326
1732626289690 122650.4 327
1732626299797 122650.4 328
1732626309906 122650.4 329
1732626320006 122650.4 330
1732626330134 122650.4 331
1732626340252 122650.4 332
1732626350357 122650.4 333
1732626360470 122650.4 334
1732626370585 122650.5 335
1732626380702 122650.5 336
1732626390817 122650.5 337
1732626400935 122650.5 338
1732626411063 122650.5 339
1732626421158 122650.5 340
1732626431270 122650.6 341
1732626441384 122650.6 342
1732626451501 122650.6 343
1732626461617 122650.6 344
1732626471734 122650.6 345
1732626481851 122650.6 346
1732626491966 122650.7 347
1732626502074 122650.7 348
1732626512188 122650.7 349
1732626522312 122650.7 350
1732626532428 122650.8 351
1732626542536 122650.8 352
1732626552644 122650.8 353
1732626562778 122650.8 354
1732626572896 122650.8 355
1732626583019 122650.8 356
1732626593138 122650.8 357
1732626603256 122650.8 358
1732626613370 122650.9 359
1732626623499 122650.9 360
1732626633618 122650.9 361
1732626643728 122650.9 362
1732626653856 122650.9 363
1732626663958 122650.9 364
1732626674105 122650.9 365
1732626684224 122650.9 366
1732626694328 122650.9 367
1732626704435 122650.9 368
1732626714574 122651.0 369
1732626724693 122651.0 370
1732626734793 122651.0 371
1732626744925 122651.0 372
1732626755034 122651.0 373
1732626765125 122651.0 374
1732626775257 122651.0 375
1732626785378 122651.0 376
1732626795488 122651.0 377
1732626805590 122651.1 378
1732626815721 122651.1 379
1732626825850 122651.1 380
1732626835963 122651.1 381
1732626846064 122651.1 382
1732626856173 122651.1 383
1732626866308 122651.1 384
1732626876433 122651.2 385
1732626886555 122651.2 386
1732626896672 122651.2 387
1732626906800 122651.2 388
1732626916927 122651.2 389
1732626927067 122651.2 390
1732626937172 122651.2 391
1732626947289 122651.2 392
1732626957406 122651.2 393
1732626967536 122651.3 394
1732626977678 122651.3 395
1732626987792 122651.3 396
1732626997930 122651.3 397
1732627008024 122651.3 398
1732627018149 122651.3 399
1732627028277 122651.3 400
1732627038400 122651.3 401
1732627048521 122651.3 402
1732627058612 122651.4 403
1732627068699 122651.4 404
1732627078825 122651.4 405
1732627088948 122651.4 406
1732627099075 122651.4 407
1732627109209 122651.4 408
1732627119343 122651.4 409
1732627129473 122651.4 410
1732627139599 122651.5 411
1732627149724 122651.5 412
1732627159840 122651.5 413
1732627169967 122651.5 414
1732627180050 122651.5 415
1732627190663 122651.5 416
1732627200750 122651.5 417
1732627210873 122651.6 418
1732627220995 122651.6 419
1732627231097 122651.6 420
1732627241184 122651.6 421
1732627251309 122651.6 422
1732627261434 122651.6 423
1732627271564 122651.6 424
1732627281676 122651.6 425
1732627291774 122651.7 426
1732627301899 122651.7 427
1732627312038 122651.7 428
1732627322167 122651.7 429
1732627332291 122651.7 430
1732627342411 122651.7 431
1732627352523 122651.7 432
1732627362658 122651.7 433
1732627372784 122651.7 434
1732627382892 122651.8 435
1732627393032 122651.8 436
1732627403162 122651.8 437
1732627413263 122651.8 438
1732627423384 122651.8 439
1732627433503 122651.8 440
1732627443622 122651.8 441
1732627453728 122651.8 442
1732627463951 122651.8 443
1732627474083 122651.9 444
1732627484211 122651.9 445
1732627494326 122651.9 446
1732627504462 122651.9 447
1732627514583 122651.9 448
1732627524711 122651.9 449
1732627534817 122652.0 450
1732627544934 122652.0 451
1732627555065 122652.0 452
1732627565204 122652.0 453
1732627575329 122652.0 454
1732627585457 122652.0 455
1732627595581 122652.0 456
1732627605728 122652.0 457
1732627615853 122652.0 458
1732627625978 122652.1 459
1732627636069 122652.1 460
1732627646205 122652.1 461
1732627656290 122652.1 462
1732627666430 122652.1 463
1732627676544 122652.1 464
1732627686685 122652.1 465
1732627696816 122652.1 466
1732627706952 122652.1 467
1732627717314 122652.2 468
1732627727413 122652.2 469
1732627737548 122652.2 470
1732627747676 122652.2 471
1732627757793 122652.2 472
1732627767928 122652.2 473
1732627778066 122660.6 474
1732627788201 122660.7 475
1732627798333 122660.7 476
1732627808463 122660.7 477
1732627818591 122660.7 478
1732627828737 122660.7 479
1732627838866 122660.7 480
1732627849009 122660.7 481
1732627859119 122660.7 482
1732627869235 122660.7 483
1732627879360 122660.8 484
1732627889500 122660.8 485
1732627899637 122660.8 486
1732627909770 122660.8 487
1732627919864 122660.8 488
1732627929987 122660.8 489
1732627940115 122660.8 490
1732627950255 122660.8 491
1732627960386 122660.8 492
1732627970521 122660.9 493
1732627980668 122660.9 494
1732627990797 122660.9 495
1732628000932 122660.9 496
1732628011082 122660.9 497
1732628021212 122660.9 498
1732628031322 122660.9 499
1732628041471 122660.9 500
1732628051592 122661.0 501
1732628061721 122661.0 502
1732628071872 122661.0 503
1732628082022 122661.0 504
1732628092175 122661.0 505
1732628102310 122661.0 506
1732628112438 122661.0 507
1732628122587 122661.0 508
1732628132732 122661.0 509
1732628142879 122661.1 510
1732628152991 122661.1 511
1732628163124 122661.1 512
1732628173264 122661.1 513
1732628183388 122661.1 514
1732628193515 122661.1 515
1732628203656 122661.2 516
1732628213791 122661.2 517
1732628223907 122661.2 518
1732628234038 122661.2 519
1732628244191 122661.2 520
1732628254337 122661.2 521
1732628264469 122661.2 522
1732628274600 122661.2 523
1732628284769 122661.2 524
1732628294902 122661.3 525
1732628305051 122661.3 526
1732628315199 122661.3 527
1732628325328 122661.3 528
1732628335463 122661.3 529
1732628345602 122661.3 530
1732628355741 122661.3 531
1732628365878 122661.3 532
1732628376017 122661.4 533
1732628386128 122661.4 534
1732628396259 122661.4 535
1732628406401 122661.4 536
1732628416535 122661.4 537
1732628426658 122661.4 538
1732628436803 122661.4 539
1732628446915 122661.4 540
1732628457042 122661.5 541
1732628467197 122661.5 542
1732628477347 122661.5 543
1732628487487 122661.5 544
