1732622990510 46.7 0
1732623000567 46.7 1
1732623010628 46.7 2
1732623020682 46.7 3
1732623030753 46.7 4
1732623040803 46.7 5
1732623050877 46.7 6
1732623060946 46.7 7
1732623071000 46.7 8
1732623081063 46.7 9
1732623091138 46.7 10
1732623101202 46.7 11
1732623111272 46.7 12
1732623121337 46.7 13
1732623131418 46.7 14
1732623141478 46.7 15
1732623151547 46.7 16
1732623161617 46.7 17
1732623171694 46.7 18
1732623181760 46.7 19
1732623191856 46.7 20
1732623201925 46.7 21
1732623211992 46.7 22
1732623222058 46.7 23
1732623232137 46.7 24
1732623242208 46.7 25
1732623252273 46.7 26
1732623262335 46.7 27
1732623272383 46.7 28
1732623282444 46.7 29
1732623292524 46.7 30
1732623302598 46.7 31
1732623312653 46.7 32
1732623322712 46.7 33
1732623332779 46.7 34
1732623342864 46.7 35
1732623352929 46.7 36
1732623362993 46.7 37
1732623373066 46.7 38
1732623383131 46.7 39
1732623393206 46.7 40
1732623403290 46.7 41
1732623413373 46.7 42
1732623423440 46.7 43
1732623433495 46.7 44
1732623443561 46.7 45
1732623453647 46.7 46
1732623463717 46.7 47
1732623473797 46.7 48
1732623483865 46.7 49
1732623493942 46.7 50
1732623504019 46.7 51
1732623514093 46.7 52
1732623524160 46.7 53
1732623534251 46.7 54
1732623544319 46.7 55
1732623554416 46.7 56
1732623564493 46.7 57
1732623574583 46.7 58
1732623584659 46.7 59
1732623594724 46.7 60
1732623604819 46.7 61
1732623614904 46.7 62
1732623624974 46.7 63
1732623635056 46.7 64
1732623645121 46.7 65
1732623655191 46.7 66
1732623665258 46.7 67
1732623675305 46.7 68
1732623685402 46.7 69
1732623695488 46.7 70
1732623705573 46.7 71
1732623715641 46.7 72
1732623725721 46.7 73
1732623735811 46.7 74
1732623745889 46.7 75
1732623755968 46.7 76
1732623766052 46.7 77
1732623776121 46.7 78
1732623786203 46.7 79
1732623796272 46.7 80
1732623806357 46.7 81
1732623816438 46.7 82
1732623826532 46.7 83
1732623836620 46.7 84
1732623846695 46.7 85
1732623856759 46.7 86
1732623866832 46.7 87
1732623876907 46.7 88
1732623887008 46.7 89
1732623897071 46.7 90
1732623907154 46.7 91
1732623917209 46.7 92
1732623927316 46.7 93
1732623937396 46.7 94
1732623947469 46.7 95
1732623957521 46.7 96
1732623967594 46.7 97
1732623977674 46.7 98
1732623987758 46.7 99
1732623997847 46.7 100
1732624007907 46.7 101
1732624017991 46.7 102
1732624028081 46.7 103
1732624038158 46.7 104
1732624048250 46.7 105
1732624058332 46.7 106
1732624068422 46.7 107
1732624078501 46.7 108
1732624088597 46.7 109
1732624098675 46.7 110
1732624108758 46.7 111
1732624118846 46.7 112
1732624128927 46.7 113
1732624139017 46.7 114
1732624149111 46.7 115
1732624159192 46.7 116
1732624169290 46.7 117
1732624179377 46.7 118
1732624189456 46.7 119
1732624199546 46.7 120
1732624209633 46.7 121
1732624219707 46.7 122
1732624229805 46.7 123
1732624239893 46.7 124
1732624249984 46.7 125
1732624260076 46.7 126
1732624270157 46.7 127
1732624280229 46.7 128
1732624290309 46.7 129
1732624300373 46.7 130
1732624310476 46.7 131
1732624320573 46.7 132
1732624330640 46.7 133
1732624340723 46.7 134
1732624350796 46.7 135
1732624360884 46.7 136
1732624370982 46.7 137
1732624381058 46.7 138
1732624391135 46.7 139
1732624401239 46.7 140
1732624411320 46.7 141
1732624421405 46.7 142
1732624431493 46.7 143
1732624441585 46.7 144
1732624451655 46.7 145
1732624461750 46.7 146
1732624471830 46.7 147
1732624481923 46.7 148
1732624492002 46.7 149
1732624502069 46.7 150
1732624512124 46.7 151
1732624522225 46.7 152
1732624532309 46.7 153
1732624542398 46.7 154
1732624552476 46.7 155
1732624562577 46.7 156
1732624572670 46.7 157
1732624582758 46.7 158
1732624592832 46.7 159
1732624602910 46.7 160
1732624613023 46.7 161
1732624623111 46.7 162
1732624633201 46.8 163
1732624643306 46.8 164
1732624653389 46.7 165
1732624663467 46.7 166
1732624673567 46.7 167
1732624683661 46.7 168
1732624693744 46.7 169
1732624703843 46.7 170
1732624713927 46.7 171
1732624724024 46.7 172
1732624734120 46.7 173
1732624744203 46.7 174
1732624754293 46.7 175
1732624764385 46.7 176
1732624774495 46.7 177
1732624784574 46.7 178
1732624794642 46.7 179
1732624804745 46.7 180
1732624814843 46.7 181
1732624824938 46.7 182
1732624835037 46.7 183
1732624845132 46.7 184
1732624855193 46.7 185
1732624865276 46.7 186
1732624875346 46.7 187
1732624885424 46.7 188
1732624895516 46.7 189
1732624905630 46.7 190
1732624915721 46.7 191
1732624925833 46.7 192
1732624935924 46.7 193
1732624946012 46.7 194
1732624956109 46.7 195
1732624966209 46.7 196
1732624976304 46.7 197
1732624986384 46.7 198
1732624996491 46.7 199
1732625006592 46.7 200
1732625016678 46.7 201
1732625026791 46.7 202
1732625036895 46.7 203
1732625046972 46.7 204
1732625057067 46.7 205
1732625067144 46.7 206
1732625077239 46.7 207
1732625087325 46.7 208
1732625097425 46.7 209
1732625107516 46.7 210
1732625117606 46.7 211
1732625127681 46.7 212
1732625137794 46.7 213
1732625147855 46.7 214
1732625157953 46.7 215
1732625168062 46.7 216
1732625178158 46.7 217
1732625188246 46.7 218
1732625198339 46.7 219
1732625208407 46.7 220
1732625218516 46.7 221
1732625228620 46.7 222
1732625238693 46.7 223
1732625248792 46.7 224
1732625258890 46.7 225
1732625268991 46.7 226
1732625279097 46.7 227
1732625289196 46.7 228
1732625299286 46.7 229
1732625309391 46.7 230
1732625319501 46.7 231
1732625329586 46.7 232
1732625339690 46.7 233
1732625349795 46.7 234
1732625359904 46.7 235
1732625370019 46.7 236
1732625380125 46.7 237
1732625390219 46.7 238
1732625400310 46.7 239
1732625410416 46.7 240
1732625420523 46.7 241
1732625430612 46.7 242
1732625440718 46.7 243
1732625450806 46.7 244
1732625460914 46.7 245
1732625471010 46.7 246
1732625481104 46.7 247
1732625491197 46.7 248
1732625501307 46.7 249
1732625511396 46.7 250
1732625521456 46.7 251
1732625531522 46.7 252
1732625541623 46.7 253
1732625551732 46.7 254
1732625561836 46.7 255
1732625571941 46.7 256
1732625582045 46.7 257
1732625592144 46.7 258
1732625602245 46.7 259
1732625612334 46.7 260
1732625622442 46.7 261
1732625632547 46.7 262
1732625642645 46.7 263
1732625652754 46.7 264
1732625662847 46.7 265
1732625672952 46.7 266
1732625683058 46.7 267
1732625693149 46.7 268
1732625703276 46.7 269
1732625713395 46.7 270
1732625723484 46.7 271
1732625733584 46.7 272
1732625743693 46.7 273
1732625753804 46.7 274
1732625763911 46.7 275
1732625774022 46.7 276
1732625784133 46.7 277
1732625794254 46.7 278
1732625804363 46.7 279
1732625814463 46.7 280
1732625824578 46.7 281
1732625834656 46.7 282
1732625844779 46.7 283
1732625854895 46.7 284
1732625865006 46.7 285
1732625875109 46.7 286
1732625885212 46.7 287
1732625895312 46.7 288
1732625905429 46.7 289
1732625915534 46.7 290
1732625925641 46.7 291
1732625935739 46.7 292
1732625945851 46.7 293
1732625955960 46.7 294
1732625966078 46.7 295
1732625976199 46.7 296
1732625986307 46.7 297
1732625996406 46.7 298
1732626006518 46.7 299
1732626016631 46.7 300
1732626026752 46.7 301
1732626036847 46.7 302
1732626046952 46.7 303
1732626057078 46.7 304
1732626067188 46.7 305
1732626077304 46.7 306
1732626087422 46.7 307
1732626097524 46.7 308
1732626107631 46.7 309
1732626117754 46.7 310
1732626127867 46.7 311
1732626137995 46.7 312
1732626148092 46.7 313
1732626158219 46.7 314
1732626168332 46.7 315
1732626178434 46.7 316
1732626188538 46.7 317
1732626198663 46.7 318
1732626208765 46.7 319
1732626218868 46.7 320
1732626228944 46.7 321
1732626239116 46.7 322
1732626249225 46.7 323
1732626259351 46.7 324
1732626269451 46.7 325
1732626279565 46.7 326
1732626289690 46.7 327
1732626299797 46.7 328
1732626309906 46.7 329
1732626320006 46.7 330
1732626330134 46.7 331
1732626340252 46.7 332
1732626350357 46.7 333
1732626360470 46.7 334
1732626370585 46.7 335
1732626380702 46.7 336
1732626390817 46.7 337
1732626400935 46.7 338
1732626411063 46.7 339
1732626421158 46.7 340
1732626431270 46.7 341
1732626441384 46.7 342
1732626451501 46.7 343
1732626461617 46.7 344
1732626471734 46.7 345
1732626481851 46.7 346
1732626491966 46.7 347
1732626502074 46.7 348
1732626512188 46.7 349
1732626522312 46.7 350
1732626532428 46.7 351
1732626542536 46.7 352
1732626552644 46.7 353
1732626562778 46.7 354
1732626572896 46.7 355
1732626583019 46.7 356
1732626593138 46.7 357
1732626603256 46.7 358
1732626613370 46.7 359
1732626623499 46.7 360
1732626633618 46.7 361
1732626643728 46.7 362
1732626653856 46.7 363
1732626663958 46.7 364
1732626674105 46.7 365
1732626684224 46.7 366
1732626694328 46.7 367
1732626704435 46.7 368
1732626714574 46.7 369
1732626724693 46.7 370
1732626734793 46.7 371
1732626744925 46.7 372
1732626755034 46.7 373
1732626765125 46.7 374
1732626775257 46.7 375
1732626785378 46.7 376
1732626795488 46.7 377
1732626805590 46.7 378
1732626815721 46.7 379
1732626825850 46.7 380
1732626835963 46.7 381
1732626846064 46.7 382
1732626856173 46.7 383
1732626866308 46.7 384
1732626876433 46.7 385
1732626886555 46.7 386
1732626896672 46.7 387
1732626906800 46.7 388
1732626916927 46.7 389
1732626927067 46.7 390
1732626937172 46.7 391
1732626947289 46.7 392
1732626957406 46.7 393
1732626967536 46.7 394
1732626977678 46.7 395
1732626987792 46.7 396
1732626997930 46.7 397
1732627008024 46.7 398
1732627018149 46.7 399
1732627028277 46.7 400
1732627038400 46.7 401
1732627048521 46.7 402
1732627058612 46.7 403
1732627068699 46.7 404
1732627078825 46.7 405
1732627088948 46.7 406
1732627099075 46.7 407
1732627109209 46.7 408
1732627119343 46.7 409
1732627129473 46.7 410
1732627139599 46.7 411
1732627149724 46.7 412
1732627159840 46.7 413
1732627169967 46.7 414
1732627180050 46.7 415
1732627190663 46.7 416
1732627200750 46.7 417
1732627210873 46.7 418
1732627220995 46.7 419
1732627231097 46.7 420
1732627241184 46.7 421
1732627251309 46.7 422
1732627261434 46.7 423
1732627271564 46.7 424
1732627281676 46.7 425
1732627291774 46.7 426
1732627301899 46.7 427
1732627312038 46.7 428
1732627322167 46.7 429
1732627332291 46.7 430
1732627342411 46.7 431
1732627352523 46.7 432
1732627362658 46.7 433
1732627372784 46.7 434
1732627382892 46.7 435
1732627393032 46.7 436
1732627403162 46.7 437
1732627413263 46.7 438
1732627423384 46.7 439
1732627433503 46.7 440
1732627443622 46.7 441
1732627453728 46.7 442
1732627463951 46.7 443
1732627474083 46.7 444
1732627484211 46.7 445
1732627494326 46.7 446
1732627504462 46.7 447
1732627514583 46.7 448
1732627524711 46.7 449
1732627534817 46.7 450
1732627544934 46.7 451
1732627555065 46.7 452
1732627565204 46.7 453
1732627575329 46.7 454
1732627585457 46.7 455
1732627595581 46.7 456
1732627605728 46.7 457
1732627615853 46.7 458
1732627625978 46.7 459
1732627636069 46.7 460
1732627646205 46.7 461
1732627656290 46.7 462
1732627666430 46.7 463
1732627676544 46.7 464
1732627686685 46.7 465
1732627696816 46.7 466
1732627706952 46.7 467
1732627717314 46.7 468
1732627727413 46.7 469
1732627737548 46.7 470
1732627747676 46.7 471
1732627757793 46.7 472
1732627767928 46.7 473
1732627778066 46.7 474
1732627788201 46.7 475
1732627798333 46.7 476
1732627808463 46.7 477
1732627818591 46.7 478
1732627828737 46.7 479
1732627838866 46.7 480
1732627849009 46.7 481
1732627859119 46.7 482
1732627869235 46.7 483
1732627879360 46.7 484
1732627889500 46.7 485
1732627899637 46.7 486
1732627909770 46.7 487
1732627919864 46.7 488
1732627929987 46.7 489
1732627940115 46.7 490
1732627950255 46.7 491
1732627960386 46.7 492
1732627970521 46.7 493
1732627980668 46.7 494
1732627990797 46.7 495
1732628000932 46.7 496
1732628011082 46.7 497
1732628021212 46.7 498
1732628031322 46.7 499
1732628041471 46.7 500
1732628051592 46.7 501
1732628061721 46.7 502
1732628071872 46.7 503
1732628082022 46.7 504
1732628092175 46.7 505
1732628102310 46.7 506
1732628112438 46.7 507
1732628122587 46.7 508
1732628132732 46.7 509
1732628142879 46.7 510
1732628152991 46.7 511
1732628163124 46.7 512
1732628173264 46.7 513
1732628183388 46.7 514
1732628193515 46.7 515
1732628203656 46.7 516
1732628213791 46.7 517
1732628223907 46.7 518
1732628234038 46.7 519
1732628244191 46.7 520
1732628254337 46.7 521
1732628264469 46.7 522
1732628274600 46.7 523
1732628284769 46.7 524
1732628294902 46.7 525
1732628305051 46.7 526
1732628315199 46.7 527
1732628325328 46.7 528
1732628335463 46.7 529
1732628345602 46.7 530
1732628355741 46.7 531
1732628365878 46.7 532
1732628376017 46.7 533
1732628386128 46.7 534
1732628396259 46.7 535
1732628406401 46.7 536
1732628416535 46.7 537
1732628426658 46.7 538
1732628436803 46.7 539
1732628446915 46.7 540
1732628457042 46.7 541
1732628467197 46.7 542
1732628477347 46.7 543
1732628487487 46.7 544
