1732622990510 22.5 0
1732623000567 29.1 1
1732623010628 46.3 2
1732623020682 48.5 3
1732623030753 46.7 4
1732623040803 46.2 5
1732623050877 46.4 6
1732623060946 36.2 7
1732623071000 32.8 8
1732623081063 40.2 9
1732623091138 47.8 10
1732623101202 39.2 11
1732623111272 34.6 12
1732623121337 43.7 13
1732623131418 34.5 14
1732623141478 32.0 15
1732623151547 38.4 16
1732623161617 38.8 17
1732623171694 39.5 18
1732623181760 31.4 19
1732623191856 40.8 20
1732623201925 47.6 21
1732623211992 31.2 22
1732623222058 31.5 23
1732623232137 39.2 24
1732623242208 41.2 25
1732623252273 37.3 26
1732623262335 37.0 27
1732623272383 31.9 28
1732623282444 47.0 29
1732623292524 48.0 30
1732623302598 38.3 31
1732623312653 47.8 32
1732623322712 47.9 33
1732623332779 47.6 34
1732623342864 31.0 35
1732623352929 47.1 36
1732623362993 48.6 37
1732623373066 45.5 38
1732623383131 31.6 39
1732623393206 47.3 40
1732623403290 31.0 41
1732623413373 45.1 42
1732623423440 47.7 43
1732623433495 30.9 44
1732623443561 48.1 45
1732623453647 43.5 46
1732623463717 31.6 47
1732623473797 30.8 48
1732623483865 47.2 49
1732623493942 44.8 50
1732623504019 38.2 51
1732623514093 39.2 52
1732623524160 31.2 53
1732623534251 30.6 54
1732623544319 30.4 55
1732623554416 37.9 56
1732623564493 37.6 57
1732623574583 37.3 58
1732623584659 37.2 59
1732623594724 36.1 60
1732623604819 30.5 61
1732623614904 37.1 62
1732623624974 30.2 63
1732623635056 37.6 64
1732623645121 36.5 65
1732623655191 36.6 66
1732623665258 36.6 67
1732623675305 30.9 68
1732623685402 30.0 69
1732623695488 37.6 70
1732623705573 30.3 71
1732623715641 36.9 72
1732623725721 43.6 73
1732623735811 47.6 74
1732623745889 45.4 75
1732623755968 30.9 76
1732623766052 30.4 77
1732623776121 45.1 78
1732623786203 41.3 79
1732623796272 45.2 80
1732623806357 47.0 81
1732623816438 37.8 82
1732623826532 31.1 83
1732623836620 46.1 84
1732623846695 45.9 85
1732623856759 36.7 86
1732623866832 37.0 87
1732623876907 37.8 88
1732623887008 37.6 89
1732623897071 37.2 90
1732623907154 31.0 91
1732623917209 36.2 92
1732623927316 30.9 93
1732623937396 38.0 94
1732623947469 46.5 95
1732623957521 30.4 96
1732623967594 46.2 97
1732623977674 40.1 98
1732623987758 31.6 99
1732623997847 33.5 100
1732624007907 47.7 101
1732624017991 47.9 102
1732624028081 47.1 103
1732624038158 37.7 104
1732624048250 30.5 105
1732624058332 40.2 106
1732624068422 31.1 107
1732624078501 39.4 108
1732624088597 34.7 109
1732624098675 39.3 110
1732624108758 35.5 111
1732624118846 30.3 112
1732624128927 37.6 113
1732624139017 36.8 114
1732624149111 30.5 115
1732624159192 36.7 116
1732624169290 35.4 117
1732624179377 33.7 118
1732624189456 37.5 119
1732624199546 38.3 120
1732624209633 40.2 121
1732624219707 46.3 122
1732624229805 38.6 123
1732624239893 31.0 124
1732624249984 38.4 125
1732624260076 38.3 126
1732624270157 39.3 127
1732624280229 46.9 128
1732624290309 36.2 129
1732624300373 30.2 130
1732624310476 39.0 131
1732624320573 48.0 132
1732624330640 30.8 133
1732624340723 47.8 134
1732624350796 30.4 135
1732624360884 37.2 136
1732624370982 30.0 137
1732624381058 36.9 138
1732624391135 30.2 139
1732624401239 31.8 140
1732624411320 31.8 141
1732624421405 36.7 142
1732624431493 36.6 143
1732624441585 36.0 144
1732624451655 30.1 145
1732624461750 45.6 146
1732624471830 34.0 147
1732624481923 36.8 148
1732624492002 30.8 149
1732624502069 36.3 150
1732624512124 36.5 151
1732624522225 36.7 152
1732624532309 36.0 153
1732624542398 35.9 154
1732624552476 34.9 155
1732624562577 32.4 156
1732624572670 30.1 157
1732624582758 30.7 158
1732624592832 46.4 159
1732624602910 46.3 160
1732624613023 37.0 161
1732624623111 46.6 162
1732624633201 36.0 163
1732624643306 35.4 164
1732624653389 35.6 165
1732624663467 30.7 166
1732624673567 30.0 167
1732624683661 35.8 168
1732624693744 36.0 169
1732624703843 35.3 170
1732624713927 46.4 171
1732624724024 46.1 172
1732624734120 44.6 173
1732624744203 30.1 174
1732624754293 36.7 175
1732624764385 34.9 176
1732624774495 35.9 177
1732624784574 37.4 178
1732624794642 30.6 179
1732624804745 46.9 180
1732624814843 36.4 181
1732624824938 30.3 182
1732624835037 46.0 183
1732624845132 35.0 184
1732624855193 37.1 185
1732624865276 37.1 186
1732624875346 30.4 187
1732624885424 36.8 188
1732624895516 30.2 189
1732624905630 33.4 190
1732624915721 36.7 191
1732624925833 36.5 192
1732624935924 30.7 193
1732624946012 30.0 194
1732624956109 37.5 195
1732624966209 29.9 196
1732624976304 37.0 197
1732624986384 33.7 198
1732624996491 30.1 199
1732625006592 47.4 200
1732625016678 30.7 201
1732625026791 36.4 202
1732625036895 39.9 203
1732625046972 36.3 204
1732625057067 35.8 205
1732625067144 30.0 206
1732625077239 35.4 207
1732625087325 30.1 208
1732625097425 37.3 209
1732625107516 30.6 210
1732625117606 29.8 211
1732625127681 29.9 212
1732625137794 37.4 213
1732625147855 29.9 214
1732625157953 36.8 215
1732625168062 37.4 216
1732625178158 30.7 217
1732625188246 29.8 218
1732625198339 29.9 219
1732625208407 32.5 220
1732625218516 37.7 221
1732625228620 36.6 222
1732625238693 36.5 223
1732625248792 36.7 224
1732625258890 30.6 225
1732625268991 31.1 226
1732625279097 30.0 227
1732625289196 46.0 228
1732625299286 46.3 229
1732625309391 35.9 230
1732625319501 35.8 231
1732625329586 35.7 232
1732625339690 37.0 233
1732625349795 30.7 234
1732625359904 38.2 235
1732625370019 38.1 236
1732625380125 36.6 237
1732625390219 30.0 238
1732625400310 37.4 239
1732625410416 37.0 240
1732625420523 30.1 241
1732625430612 30.8 242
1732625440718 44.4 243
1732625450806 38.3 244
1732625460914 40.9 245
1732625471010 36.4 246
1732625481104 30.0 247
1732625491197 30.1 248
1732625501307 36.3 249
1732625511396 35.8 250
1732625521456 30.6 251
1732625531522 32.3 252
1732625541623 46.7 253
1732625551732 35.5 254
1732625561836 34.7 255
1732625571941 31.2 256
1732625582045 35.0 257
1732625592144 34.6 258
1732625602245 35.0 259
1732625612334 33.1 260
1732625622442 35.8 261
1732625632547 29.2 262
1732625642645 36.1 263
1732625652754 35.5 264
1732625662847 45.4 265
1732625672952 45.2 266
1732625683058 45.2 267
1732625693149 36.3 268
1732625703276 29.9 269
1732625713395 36.1 270
1732625723484 31.3 271
1732625733584 38.8 272
1732625743693 29.2 273
1732625753804 35.7 274
1732625763911 35.7 275
1732625774022 35.6 276
1732625784133 29.7 277
1732625794254 35.6 278
1732625804363 35.7 279
1732625814463 36.1 280
1732625824578 36.8 281
1732625834656 35.9 282
1732625844779 35.6 283
1732625854895 34.4 284
1732625865006 29.7 285
1732625875109 36.0 286
1732625885212 28.9 287
1732625895312 36.3 288
1732625905429 36.1 289
1732625915534 36.1 290
1732625925641 29.0 291
1732625935739 35.8 292
1732625945851 29.6 293
1732625955960 35.3 294
1732625966078 35.9 295
1732625976199 35.4 296
1732625986307 35.8 297
1732625996406 33.2 298
1732626006518 28.9 299
1732626016631 35.4 300
1732626026752 29.6 301
1732626036847 35.3 302
1732626046952 35.4 303
1732626057078 37.0 304
1732626067188 35.7 305
1732626077304 35.3 306
1732626087422 36.2 307
1732626097524 29.5 308
1732626107631 35.8 309
1732626117754 28.7 310
1732626127867 35.8 311
1732626137995 36.0 312
1732626148092 36.4 313
1732626158219 28.7 314
1732626168332 35.8 315
1732626178434 29.4 316
1732626188538 35.4 317
1732626198663 35.0 318
1732626208765 33.0 319
1732626218868 28.7 320
1732626228944 28.7 321
1732626239116 35.6 322
1732626249225 34.7 323
1732626259351 34.9 324
1732626269451 34.8 325
1732626279565 28.7 326
1732626289690 28.7 327
1732626299797 28.6 328
1732626309906 36.1 329
1732626320006 35.6 330
1732626330134 29.3 331
1732626340252 35.4 332
1732626350357 35.1 333
1732626360470 44.6 334
1732626370585 44.9 335
1732626380702 44.2 336
1732626390817 34.5 337
1732626400935 34.4 338
1732626411063 30.4 339
1732626421158 34.0 340
1732626431270 34.0 341
1732626441384 34.1 342
1732626451501 28.7 343
1732626461617 36.6 344
1732626471734 28.7 345
1732626481851 32.3 346
1732626491966 35.8 347
1732626502074 29.3 348
1732626512188 28.6 349
1732626522312 34.4 350
1732626532428 44.3 351
1732626542536 28.7 352
1732626552644 35.4 353
1732626562778 34.8 354
1732626572896 34.5 355
1732626583019 28.7 356
1732626593138 29.1 357
1732626603256 34.6 358
1732626613370 36.0 359
1732626623499 28.6 360
1732626633618 34.8 361
1732626643728 34.7 362
1732626653856 29.2 363
1732626663958 28.6 364
1732626674105 34.3 365
1732626684224 29.3 366
1732626694328 30.0 367
1732626704435 34.1 368
1732626714574 35.4 369
1732626724693 35.1 370
1732626734793 29.0 371
1732626744925 29.2 372
1732626755034 46.0 373
1732626765125 45.5 374
1732626775257 31.0 375
1732626785378 34.1 376
1732626795488 37.6 377
1732626805590 38.0 378
1732626815721 38.3 379
1732626825850 43.3 380
1732626835963 41.3 381
1732626846064 31.1 382
1732626856173 39.8 383
1732626866308 31.0 384
1732626876433 36.7 385
1732626886555 36.7 386
1732626896672 39.2 387
1732626906800 36.7 388
1732626916927 35.5 389
1732626927067 45.1 390
1732626937172 38.1 391
1732626947289 35.2 392
1732626957406 35.3 393
1732626967536 36.1 394
1732626977678 36.6 395
1732626987792 36.1 396
1732626997930 29.3 397
1732627008024 36.3 398
1732627018149 35.9 399
1732627028277 29.8 400
1732627038400 29.0 401
1732627048521 34.2 402
1732627058612 28.9 403
1732627068699 34.6 404
1732627078825 38.8 405
1732627088948 35.7 406
1732627099075 35.3 407
1732627109209 30.1 408
1732627119343 35.7 409
1732627129473 35.6 410
1732627139599 44.6 411
1732627149724 34.8 412
1732627159840 35.2 413
1732627169967 40.9 414
1732627180050 35.4 415
1732627190663 32.7 416
1732627200750 29.4 417
1732627210873 39.2 418
1732627220995 35.1 419
1732627231097 28.7 420
1732627241184 34.5 421
1732627251309 34.8 422
1732627261434 34.5 423
1732627271564 35.2 424
1732627281676 34.9 425
1732627291774 29.4 426
1732627301899 28.7 427
1732627312038 33.7 428
1732627322167 28.6 429
1732627332291 33.7 430
1732627342411 33.5 431
1732627352523 33.8 432
1732627362658 35.1 433
1732627372784 28.6 434
1732627382892 32.8 435
1732627393032 29.2 436
1732627403162 34.8 437
1732627413263 34.3 438
1732627423384 34.5 439
1732627433503 34.5 440
1732627443622 31.7 441
1732627453728 28.6 442
1732627463951 28.7 443
1732627474083 28.8 444
1732627484211 34.7 445
1732627494326 35.7 446
1732627504462 35.7 447
1732627514583 29.2 448
1732627524711 29.4 449
1732627534817 36.5 450
1732627544934 36.4 451
1732627555065 30.7 452
1732627565204 37.1 453
1732627575329 37.6 454
1732627585457 31.2 455
1732627595581 38.1 456
1732627605728 38.5 457
1732627615853 38.8 458
1732627625978 36.6 459
1732627636069 31.9 460
1732627646205 31.0 461
1732627656290 30.9 462
1732627666430 37.0 463
1732627676544 36.0 464
1732627686685 36.2 465
1732627696816 36.8 466
1732627706952 31.9 467
1732627717314 36.5 468
1732627727413 29.7 469
1732627737548 39.0 470
1732627747676 36.2 471
1732627757793 29.5 472
1732627767928 29.6 473
1732627778066 35.3 474
1732627788201 29.5 475
1732627798333 35.7 476
1732627808463 35.0 477
1732627818591 29.2 478
1732627828737 29.1 479
1732627838866 36.0 480
1732627849009 35.2 481
1732627859119 29.1 482
1732627869235 29.0 483
1732627879360 39.4 484
1732627889500 29.1 485
1732627899637 42.4 486
1732627909770 29.8 487
1732627919864 28.9 488
1732627929987 45.1 489
1732627940115 35.3 490
1732627950255 35.4 491
1732627960386 35.1 492
1732627970521 29.0 493
1732627980668 35.5 494
1732627990797 38.2 495
1732628000932 29.6 496
1732628011082 35.5 497
1732628021212 35.1 498
1732628031322 28.8 499
1732628041471 35.4 500
1732628051592 35.1 501
1732628061721 35.4 502
1732628071872 35.8 503
1732628082022 29.8 504
1732628092175 29.5 505
1732628102310 35.8 506
1732628112438 38.1 507
1732628122587 36.9 508
1732628132732 38.1 509
1732628142879 35.0 510
1732628152991 35.0 511
1732628163124 29.5 512
1732628173264 34.6 513
1732628183388 36.5 514
1732628193515 31.3 515
1732628203656 36.8 516
1732628213791 35.7 517
1732628223907 28.8 518
1732628234038 38.3 519
1732628244191 29.6 520
1732628254337 35.3 521
1732628264469 28.8 522
1732628274600 28.8 523
1732628284769 34.3 524
1732628294902 36.3 525
1732628305051 35.2 526
1732628315199 36.0 527
1732628325328 28.8 528
1732628335463 35.5 529
1732628345602 36.1 530
1732628355741 34.4 531
1732628365878 34.6 532
1732628376017 34.4 533
1732628386128 28.8 534
1732628396259 34.9 535
1732628406401 30.1 536
1732628416535 29.0 537
1732628426658 35.8 538
1732628436803 35.5 539
1732628446915 28.8 540
1732628457042 36.3 541
1732628467197 28.8 542
1732628477347 36.4 543
1732628487487 36.6 544
