1732622990510 9.8 0
1732623000567 16.9 1
1732623010628 25.8 2
1732623020682 25.8 3
1732623030753 26.0 4
1732623040803 25.8 5
1732623050877 26.1 6
1732623060946 26.1 7
1732623071000 35.7 8
1732623081063 35.7 9
1732623091138 35.7 10
1732623101202 35.7 11
1732623111272 35.7 12
1732623121337 37.0 13
1732623131418 36.9 14
1732623141478 36.9 15
1732623151547 37.0 16
1732623161617 36.9 17
1732623171694 37.0 18
1732623181760 37.0 19
1732623191856 36.8 20
1732623201925 37.0 21
1732623211992 36.8 22
1732623222058 36.8 23
1732623232137 36.8 24
1732623242208 36.7 25
1732623252273 36.7 26
1732623262335 36.7 27
1732623272383 36.7 28
1732623282444 36.8 29
1732623292524 36.5 30
1732623302598 37.0 31
1732623312653 36.9 32
1732623322712 36.7 33
1732623332779 36.7 34
1732623342864 36.7 35
1732623352929 36.6 36
1732623362993 36.6 37
1732623373066 36.6 38
1732623383131 36.6 39
1732623393206 36.8 40
1732623403290 36.9 41
1732623413373 35.8 42
1732623423440 36.0 43
1732623433495 35.8 44
1732623443561 35.7 45
1732623453647 35.7 46
1732623463717 35.5 47
1732623473797 35.5 48
1732623483865 35.5 49
1732623493942 35.6 50
1732623504019 35.6 51
1732623514093 35.6 52
1732623524160 35.6 53
1732623534251 35.5 54
1732623544319 35.5 55
1732623554416 35.8 56
1732623564493 36.1 57
1732623574583 36.6 58
1732623584659 36.6 59
1732623594724 36.6 60
1732623604819 36.5 61
1732623614904 36.5 62
1732623624974 36.5 63
1732623635056 36.5 64
1732623645121 36.5 65
1732623655191 36.5 66
1732623665258 36.5 67
1732623675305 36.5 68
1732623685402 36.5 69
1732623695488 36.5 70
1732623705573 36.5 71
1732623715641 36.5 72
1732623725721 36.5 73
1732623735811 36.5 74
1732623745889 36.5 75
1732623755968 36.5 76
1732623766052 36.5 77
1732623776121 36.5 78
1732623786203 36.5 79
1732623796272 36.5 80
1732623806357 36.5 81
1732623816438 35.3 82
1732623826532 35.3 83
1732623836620 35.3 84
1732623846695 35.3 85
1732623856759 35.3 86
1732623866832 35.3 87
1732623876907 35.3 88
1732623887008 35.3 89
1732623897071 35.3 90
1732623907154 35.3 91
1732623917209 35.3 92
1732623927316 35.3 93
1732623937396 35.3 94
1732623947469 35.3 95
1732623957521 35.3 96
1732623967594 35.8 97
1732623977674 36.5 98
1732623987758 36.5 99
1732623997847 36.5 100
1732624007907 37.4 101
1732624017991 37.5 102
1732624028081 37.6 103
1732624038158 37.3 104
1732624048250 37.3 105
1732624058332 37.6 106
1732624068422 37.1 107
1732624078501 37.4 108
1732624088597 37.2 109
1732624098675 37.4 110
1732624108758 37.4 111
1732624118846 37.3 112
1732624128927 37.3 113
1732624139017 37.3 114
1732624149111 37.3 115
1732624159192 37.3 116
1732624169290 37.4 117
1732624179377 37.4 118
1732624189456 37.2 119
1732624199546 37.2 120
1732624209633 37.2 121
1732624219707 37.4 122
1732624229805 37.2 123
1732624239893 37.2 124
1732624249984 37.3 125
1732624260076 37.3 126
1732624270157 37.2 127
1732624280229 37.1 128
1732624290309 37.2 129
1732624300373 37.4 130
1732624310476 37.3 131
1732624320573 37.3 132
1732624330640 37.1 133
1732624340723 37.4 134
1732624350796 37.3 135
1732624360884 37.2 136
1732624370982 37.3 137
1732624381058 37.1 138
1732624391135 37.1 139
1732624401239 37.1 140
1732624411320 37.1 141
1732624421405 37.1 142
1732624431493 35.8 143
1732624441585 36.2 144
1732624451655 36.3 145
1732624461750 36.3 146
1732624471830 36.2 147
1732624481923 36.5 148
1732624492002 36.4 149
1732624502069 36.2 150
1732624512124 36.3 151
1732624522225 36.4 152
1732624532309 36.2 153
1732624542398 36.0 154
1732624552476 36.0 155
1732624562577 35.6 156
1732624572670 35.6 157
1732624582758 35.5 158
1732624592832 35.5 159
1732624602910 35.4 160
1732624613023 35.5 161
1732624623111 35.4 162
1732624633201 36.9 163
1732624643306 37.3 164
1732624653389 37.2 165
1732624663467 36.4 166
1732624673567 36.4 167
1732624683661 36.4 168
1732624693744 36.4 169
1732624703843 36.4 170
1732624713927 36.5 171
1732624724024 35.6 172
1732624734120 35.9 173
1732624744203 35.7 174
1732624754293 35.8 175
1732624764385 35.5 176
1732624774495 35.5 177
1732624784574 35.5 178
1732624794642 36.0 179
1732624804745 35.6 180
1732624814843 35.5 181
1732624824938 36.7 182
1732624835037 36.8 183
1732624845132 36.6 184
1732624855193 36.6 185
1732624865276 36.6 186
1732624875346 36.5 187
1732624885424 36.4 188
1732624895516 36.3 189
1732624905630 36.9 190
1732624915721 36.8 191
1732624925833 36.5 192
1732624935924 36.4 193
1732624946012 36.1 194
1732624956109 36.6 195
1732624966209 36.6 196
1732624976304 36.6 197
1732624986384 36.6 198
1732624996491 36.6 199
1732625006592 36.6 200
1732625016678 36.6 201
1732625026791 36.6 202
1732625036895 36.6 203
1732625046972 36.6 204
1732625057067 36.6 205
1732625067144 36.6 206
1732625077239 36.6 207
1732625087325 36.6 208
1732625097425 36.6 209
1732625107516 36.6 210
1732625117606 36.2 211
1732625127681 36.2 212
1732625137794 36.2 213
1732625147855 36.2 214
1732625157953 36.2 215
1732625168062 36.2 216
1732625178158 36.2 217
1732625188246 36.2 218
1732625198339 36.2 219
1732625208407 36.2 220
1732625218516 36.1 221
1732625228620 36.1 222
1732625238693 36.1 223
1732625248792 36.1 224
1732625258890 36.1 225
1732625268991 36.1 226
1732625279097 36.1 227
1732625289196 36.1 228
1732625299286 36.1 229
1732625309391 36.1 230
1732625319501 36.1 231
1732625329586 36.1 232
1732625339690 36.0 233
1732625349795 36.0 234
1732625359904 36.0 235
1732625370019 36.0 236
1732625380125 36.0 237
1732625390219 36.0 238
1732625400310 36.0 239
1732625410416 36.0 240
1732625420523 35.6 241
1732625430612 35.6 242
1732625440718 35.6 243
1732625450806 35.6 244
1732625460914 35.6 245
1732625471010 35.6 246
1732625481104 35.6 247
1732625491197 35.6 248
1732625501307 35.6 249
1732625511396 35.6 250
1732625521456 35.6 251
1732625531522 35.6 252
1732625541623 35.6 253
1732625551732 35.6 254
1732625561836 35.5 255
1732625571941 35.5 256
1732625582045 35.5 257
1732625592144 35.5 258
1732625602245 35.5 259
1732625612334 35.5 260
1732625622442 35.5 261
1732625632547 35.5 262
1732625642645 35.5 263
1732625652754 35.5 264
1732625662847 35.5 265
1732625672952 35.5 266
1732625683058 35.5 267
1732625693149 35.5 268
1732625703276 35.5 269
1732625713395 35.5 270
1732625723484 35.5 271
1732625733584 35.5 272
1732625743693 35.5 273
1732625753804 35.5 274
1732625763911 35.5 275
1732625774022 35.5 276
1732625784133 35.5 277
1732625794254 35.5 278
1732625804363 35.5 279
1732625814463 35.5 280
1732625824578 35.5 281
1732625834656 35.5 282
1732625844779 35.5 283
1732625854895 35.5 284
1732625865006 35.5 285
1732625875109 35.5 286
1732625885212 35.5 287
1732625895312 35.5 288
1732625905429 35.5 289
1732625915534 35.5 290
1732625925641 35.5 291
1732625935739 35.5 292
1732625945851 35.5 293
1732625955960 35.5 294
1732625966078 35.5 295
1732625976199 35.5 296
1732625986307 35.5 297
1732625996406 35.5 298
1732626006518 35.5 299
1732626016631 35.5 300
1732626026752 35.5 301
1732626036847 35.5 302
1732626046952 35.5 303
1732626057078 35.5 304
1732626067188 35.5 305
1732626077304 35.5 306
1732626087422 35.5 307
1732626097524 35.5 308
1732626107631 35.5 309
1732626117754 35.5 310
1732626127867 35.5 311
1732626137995 35.5 312
1732626148092 35.6 313
1732626158219 35.5 314
1732626168332 35.5 315
1732626178434 35.5 316
1732626188538 35.5 317
1732626198663 35.5 318
1732626208765 35.6 319
1732626218868 35.6 320
1732626228944 35.5 321
1732626239116 35.5 322
1732626249225 35.5 323
1732626259351 35.5 324
1732626269451 35.6 325
1732626279565 35.5 326
1732626289690 35.5 327
1732626299797 35.6 328
1732626309906 35.6 329
1732626320006 35.6 330
1732626330134 35.6 331
1732626340252 35.6 332
1732626350357 35.6 333
1732626360470 35.6 334
1732626370585 35.6 335
1732626380702 35.6 336
1732626390817 35.6 337
1732626400935 35.6 338
1732626411063 35.6 339
1732626421158 35.6 340
1732626431270 35.6 341
1732626441384 35.6 342
1732626451501 35.6 343
1732626461617 35.6 344
1732626471734 35.6 345
1732626481851 35.6 346
1732626491966 35.6 347
1732626502074 35.6 348
1732626512188 35.6 349
1732626522312 35.6 350
1732626532428 35.6 351
1732626542536 35.6 352
1732626552644 35.6 353
1732626562778 35.6 354
1732626572896 35.6 355
1732626583019 35.6 356
1732626593138 35.6 357
1732626603256 35.6 358
1732626613370 35.6 359
1732626623499 35.6 360
1732626633618 35.6 361
1732626643728 35.6 362
1732626653856 35.6 363
1732626663958 35.6 364
1732626674105 35.6 365
1732626684224 35.6 366
1732626694328 35.6 367
1732626704435 35.6 368
1732626714574 35.6 369
1732626724693 35.6 370
1732626734793 35.6 371
1732626744925 35.6 372
1732626755034 35.6 373
1732626765125 35.6 374
1732626775257 35.6 375
1732626785378 35.6 376
1732626795488 35.6 377
1732626805590 35.6 378
1732626815721 35.6 379
1732626825850 35.6 380
1732626835963 35.6 381
1732626846064 35.6 382
1732626856173 35.6 383
1732626866308 35.6 384
1732626876433 35.6 385
1732626886555 35.6 386
1732626896672 35.6 387
1732626906800 35.6 388
1732626916927 35.6 389
1732626927067 35.6 390
1732626937172 35.6 391
1732626947289 35.6 392
1732626957406 35.6 393
1732626967536 35.6 394
1732626977678 35.6 395
1732626987792 35.6 396
1732626997930 35.6 397
1732627008024 35.6 398
1732627018149 35.6 399
1732627028277 35.6 400
1732627038400 35.6 401
1732627048521 35.6 402
1732627058612 35.6 403
1732627068699 35.6 404
1732627078825 35.6 405
1732627088948 35.6 406
1732627099075 35.6 407
1732627109209 35.6 408
1732627119343 35.6 409
1732627129473 35.6 410
1732627139599 35.6 411
1732627149724 35.6 412
1732627159840 35.6 413
1732627169967 35.6 414
1732627180050 35.6 415
1732627190663 35.6 416
1732627200750 35.6 417
1732627210873 35.6 418
1732627220995 35.6 419
1732627231097 35.6 420
1732627241184 35.6 421
1732627251309 35.6 422
1732627261434 35.6 423
1732627271564 35.6 424
1732627281676 35.6 425
1732627291774 35.6 426
1732627301899 35.6 427
1732627312038 35.6 428
1732627322167 35.6 429
1732627332291 35.6 430
1732627342411 35.6 431
1732627352523 35.6 432
1732627362658 35.6 433
1732627372784 35.6 434
1732627382892 35.6 435
1732627393032 35.6 436
1732627403162 35.6 437
1732627413263 35.6 438
1732627423384 35.6 439
1732627433503 35.6 440
1732627443622 35.6 441
1732627453728 35.6 442
1732627463951 35.6 443
1732627474083 35.6 444
1732627484211 35.6 445
1732627494326 35.6 446
1732627504462 35.6 447
1732627514583 35.6 448
1732627524711 35.6 449
1732627534817 35.6 450
1732627544934 35.6 451
1732627555065 35.6 452
1732627565204 35.6 453
1732627575329 35.6 454
1732627585457 35.6 455
1732627595581 35.6 456
1732627605728 35.6 457
1732627615853 35.6 458
1732627625978 35.6 459
1732627636069 35.6 460
1732627646205 35.6 461
1732627656290 35.6 462
1732627666430 35.6 463
1732627676544 35.6 464
1732627686685 35.6 465
1732627696816 35.6 466
1732627706952 35.6 467
1732627717314 35.6 468
1732627727413 35.6 469
1732627737548 35.6 470
1732627747676 35.6 471
1732627757793 35.6 472
1732627767928 35.6 473
1732627778066 35.6 474
1732627788201 35.6 475
1732627798333 35.6 476
1732627808463 35.6 477
1732627818591 35.6 478
1732627828737 35.6 479
1732627838866 35.6 480
1732627849009 35.6 481
1732627859119 35.6 482
1732627869235 35.6 483
1732627879360 35.6 484
1732627889500 35.6 485
1732627899637 35.6 486
1732627909770 35.6 487
1732627919864 35.6 488
1732627929987 35.6 489
1732627940115 35.6 490
1732627950255 35.6 491
1732627960386 35.6 492
1732627970521 35.6 493
1732627980668 35.6 494
1732627990797 35.6 495
1732628000932 35.6 496
1732628011082 35.6 497
1732628021212 35.6 498
1732628031322 35.6 499
1732628041471 35.6 500
1732628051592 35.6 501
1732628061721 35.6 502
1732628071872 35.6 503
1732628082022 35.6 504
1732628092175 35.6 505
1732628102310 35.6 506
1732628112438 35.6 507
1732628122587 35.6 508
1732628132732 35.6 509
1732628142879 35.6 510
1732628152991 35.6 511
1732628163124 35.6 512
1732628173264 35.6 513
1732628183388 35.6 514
1732628193515 35.6 515
1732628203656 35.6 516
1732628213791 35.6 517
1732628223907 35.6 518
1732628234038 35.6 519
1732628244191 35.6 520
1732628254337 35.6 521
1732628264469 35.6 522
1732628274600 35.6 523
1732628284769 35.6 524
1732628294902 35.6 525
1732628305051 35.6 526
1732628315199 35.6 527
1732628325328 35.6 528
1732628335463 35.6 529
1732628345602 35.6 530
1732628355741 35.6 531
1732628365878 35.6 532
1732628376017 35.6 533
1732628386128 35.6 534
1732628396259 35.6 535
1732628406401 35.6 536
1732628416535 35.6 537
1732628426658 35.6 538
1732628436803 35.6 539
1732628446915 35.6 540
1732628457042 35.6 541
1732628467197 35.6 542
1732628477347 35.6 543
1732628487487 35.6 544
