1732622990510 6.0 0
1732623000567 0.0 1
1732623010628 38.0 2
1732623020682 49.0 3
1732623030753 43.0 4
1732623040803 41.0 5
1732623050877 39.0 6
1732623060946 6.0 7
1732623071000 31.0 8
1732623081063 32.0 9
1732623091138 17.0 10
1732623101202 34.0 11
1732623111272 32.0 12
1732623121337 30.0 13
1732623131418 30.0 14
1732623141478 2.0 15
1732623151547 36.0 16
1732623161617 32.0 17
1732623171694 32.0 18
1732623181760 5.0 19
1732623191856 40.0 20
1732623201925 34.0 21
1732623211992 4.0 22
1732623222058 17.0 23
1732623232137 34.0 24
1732623242208 35.0 25
1732623252273 36.0 26
1732623262335 38.0 27
1732623272383 34.0 28
1732623282444 39.0 29
1732623292524 46.0 30
1732623302598 1.0 31
1732623312653 36.0 32
1732623322712 42.0 33
1732623332779 39.0 34
1732623342864 1.0 35
1732623352929 34.0 36
1732623362993 38.0 37
1732623373066 35.0 38
1732623383131 27.0 39
1732623393206 34.0 40
1732623403290 7.0 41
1732623413373 39.0 42
1732623423440 35.0 43
1732623433495 1.0 44
1732623443561 32.0 45
1732623453647 37.0 46
1732623463717 21.0 47
1732623473797 1.0 48
1732623483865 34.0 49
1732623493942 38.0 50
1732623504019 31.0 51
1732623514093 32.0 52
1732623524160 15.0 53
1732623534251 1.0 54
1732623544319 1.0 55
1732623554416 37.0 56
1732623564493 33.0 57
1732623574583 34.0 58
1732623584659 33.0 59
1732623594724 27.0 60
1732623604819 24.0 61
1732623614904 34.0 62
1732623624974 4.0 63
1732623635056 31.0 64
1732623645121 31.0 65
1732623655191 31.0 66
1732623665258 30.0 67
1732623675305 25.0 68
1732623685402 3.0 69
1732623695488 36.0 70
1732623705573 1.0 71
1732623715641 1.0 72
1732623725721 43.0 73
1732623735811 33.0 74
1732623745889 36.0 75
1732623755968 23.0 76
1732623766052 1.0 77
1732623776121 39.0 78
1732623786203 37.0 79
1732623796272 34.0 80
1732623806357 36.0 81
1732623816438 39.0 82
1732623826532 23.0 83
1732623836620 32.0 84
1732623846695 35.0 85
1732623856759 35.0 86
1732623866832 31.0 87
1732623876907 32.0 88
1732623887008 34.0 89
1732623897071 37.0 90
1732623907154 14.0 91
1732623917209 30.0 92
1732623927316 37.0 93
1732623937396 36.0 94
1732623947469 37.0 95
1732623957521 1.0 96
1732623967594 37.0 97
1732623977674 39.0 98
1732623987758 14.0 99
1732623997847 0.0 100
1732624007907 46.0 101
1732624017991 38.0 102
1732624028081 19.0 103
1732624038158 28.0 104
1732624048250 1.0 105
1732624058332 39.0 106
1732624068422 16.0 107
1732624078501 34.0 108
1732624088597 1.0 109
1732624098675 34.0 110
1732624108758 1.0 111
1732624118846 1.0 112
1732624128927 39.0 113
1732624139017 41.0 114
1732624149111 1.0 115
1732624159192 30.0 116
1732624169290 4.0 117
1732624179377 2.0 118
1732624189456 28.0 119
1732624199546 38.0 120
1732624209633 39.0 121
1732624219707 34.0 122
1732624229805 36.0 123
1732624239893 26.0 124
1732624249984 36.0 125
1732624260076 31.0 126
1732624270157 44.0 127
1732624280229 37.0 128
1732624290309 36.0 129
1732624300373 3.0 130
1732624310476 40.0 131
1732624320573 30.0 132
1732624330640 20.0 133
1732624340723 34.0 134
1732624350796 5.0 135
1732624360884 30.0 136
1732624370982 1.0 137
1732624381058 32.0 138
1732624391135 1.0 139
1732624401239 1.0 140
1732624411320 1.0 141
1732624421405 37.0 142
1732624431493 38.0 143
1732624441585 32.0 144
1732624451655 1.0 145
1732624461750 33.0 146
1732624471830 3.0 147
1732624481923 33.0 148
1732624492002 23.0 149
1732624502069 30.0 150
1732624512124 30.0 151
1732624522225 27.0 152
1732624532309 30.0 153
1732624542398 31.0 154
1732624552476 28.0 155
1732624562577 1.0 156
1732624572670 0.0 157
1732624582758 13.0 158
1732624592832 42.0 159
1732624602910 34.0 160
1732624613023 33.0 161
1732624623111 31.0 162
1732624633201 27.0 163
1732624643306 31.0 164
1732624653389 27.0 165
1732624663467 21.0 166
1732624673567 1.0 167
1732624683661 30.0 168
1732624693744 35.0 169
1732624703843 32.0 170
1732624713927 38.0 171
1732624724024 44.0 172
1732624734120 1.0 173
1732624744203 1.0 174
1732624754293 32.0 175
1732624764385 3.0 176
1732624774495 30.0 177
1732624784574 31.0 178
1732624794642 2.0 179
1732624804745 32.0 180
1732624814843 27.0 181
1732624824938 3.0 182
1732624835037 44.0 183
1732624845132 1.0 184
1732624855193 32.0 185
1732624865276 35.0 186
1732624875346 4.0 187
1732624885424 37.0 188
1732624895516 3.0 189
1732624905630 34.0 190
1732624915721 34.0 191
1732624925833 29.0 192
1732624935924 27.0 193
1732624946012 1.0 194
1732624956109 27.0 195
1732624966209 1.0 196
1732624976304 27.0 197
1732624986384 3.0 198
1732624996491 2.0 199
1732625006592 36.0 200
1732625016678 14.0 201
1732625026791 36.0 202
1732625036895 37.0 203
1732625046972 32.0 204
1732625057067 30.0 205
1732625067144 1.0 206
1732625077239 28.0 207
1732625087325 1.0 208
1732625097425 34.0 209
1732625107516 15.0 210
1732625117606 1.0 211
1732625127681 0.0 212
1732625137794 29.0 213
1732625147855 2.0 214
1732625157953 27.0 215
1732625168062 31.0 216
1732625178158 25.0 217
1732625188246 1.0 218
1732625198339 3.0 219
1732625208407 3.0 220
1732625218516 32.0 221
1732625228620 35.0 222
1732625238693 33.0 223
1732625248792 35.0 224
1732625258890 13.0 225
1732625268991 37.0 226
1732625279097 3.0 227
1732625289196 35.0 228
1732625299286 36.0 229
1732625309391 32.0 230
1732625319501 32.0 231
1732625329586 27.0 232
1732625339690 1.0 233
1732625349795 25.0 234
1732625359904 33.0 235
1732625370019 40.0 236
1732625380125 29.0 237
1732625390219 0.0 238
1732625400310 33.0 239
1732625410416 30.0 240
1732625420523 1.0 241
1732625430612 24.0 242
1732625440718 38.0 243
1732625450806 38.0 244
1732625460914 34.0 245
1732625471010 37.0 246
1732625481104 0.0 247
1732625491197 1.0 248
1732625501307 32.0 249
1732625511396 33.0 250
1732625521456 13.0 251
1732625531522 3.0 252
1732625541623 32.0 253
1732625551732 28.0 254
1732625561836 25.0 255
1732625571941 0.0 256
1732625582045 29.0 257
1732625592144 30.0 258
1732625602245 30.0 259
1732625612334 0.0 260
1732625622442 35.0 261
1732625632547 3.0 262
1732625642645 40.0 263
1732625652754 33.0 264
1732625662847 36.0 265
1732625672952 35.0 266
1732625683058 35.0 267
1732625693149 34.0 268
1732625703276 13.0 269
1732625713395 34.0 270
1732625723484 1.0 271
1732625733584 32.0 272
1732625743693 0.0 273
1732625753804 28.0 274
1732625763911 35.0 275
1732625774022 27.0 276
1732625784133 25.0 277
1732625794254 33.0 278
1732625804363 27.0 279
1732625814463 27.0 280
1732625824578 30.0 281
1732625834656 30.0 282
1732625844779 30.0 283
1732625854895 32.0 284
1732625865006 15.0 285
1732625875109 33.0 286
1732625885212 0.0 287
1732625895312 30.0 288
1732625905429 32.0 289
1732625915534 27.0 290
1732625925641 0.0 291
1732625935739 24.0 292
1732625945851 25.0 293
1732625955960 22.0 294
1732625966078 25.0 295
1732625976199 27.0 296
1732625986307 26.0 297
1732625996406 32.0 298
1732626006518 0.0 299
1732626016631 33.0 300
1732626026752 24.0 301
1732626036847 29.0 302
1732626046952 26.0 303
1732626057078 30.0 304
1732626067188 31.0 305
1732626077304 22.0 306
1732626087422 33.0 307
1732626097524 24.0 308
1732626107631 27.0 309
1732626117754 0.0 310
1732626127867 24.0 311
1732626137995 32.0 312
1732626148092 30.0 313
1732626158219 0.0 314
1732626168332 29.0 315
1732626178434 13.0 316
1732626188538 26.0 317
1732626198663 29.0 318
1732626208765 25.0 319
1732626218868 0.0 320
1732626228944 0.0 321
1732626239116 24.0 322
1732626249225 12.0 323
1732626259351 24.0 324
1732626269451 24.0 325
1732626279565 1.0 326
1732626289690 0.0 327
1732626299797 0.0 328
1732626309906 32.0 329
1732626320006 25.0 330
1732626330134 24.0 331
1732626340252 28.0 332
1732626350357 33.0 333
1732626360470 43.0 334
1732626370585 46.0 335
1732626380702 34.0 336
1732626390817 24.0 337
1732626400935 30.0 338
1732626411063 0.0 339
1732626421158 20.0 340
1732626431270 28.0 341
1732626441384 26.0 342
1732626451501 1.0 343
1732626461617 30.0 344
1732626471734 0.0 345
1732626481851 36.0 346
1732626491966 28.0 347
1732626502074 25.0 348
1732626512188 0.0 349
1732626522312 31.0 350
1732626532428 39.0 351
1732626542536 0.0 352
1732626552644 36.0 353
1732626562778 31.0 354
1732626572896 32.0 355
1732626583019 0.0 356
1732626593138 15.0 357
1732626603256 38.0 358
1732626613370 32.0 359
1732626623499 1.0 360
1732626633618 28.0 361
1732626643728 29.0 362
1732626653856 14.0 363
1732626663958 0.0 364
1732626674105 33.0 365
1732626684224 18.0 366
1732626694328 1.0 367
1732626704435 27.0 368
1732626714574 27.0 369
1732626724693 22.0 370
1732626734793 0.0 371
1732626744925 0.0 372
1732626755034 39.0 373
1732626765125 40.0 374
1732626775257 25.0 375
1732626785378 1.0 376
1732626795488 26.0 377
1732626805590 31.0 378
1732626815721 38.0 379
1732626825850 36.0 380
1732626835963 0.0 381
1732626846064 0.0 382
1732626856173 34.0 383
1732626866308 23.0 384
1732626876433 34.0 385
1732626886555 38.0 386
1732626896672 25.0 387
1732626906800 29.0 388
1732626916927 31.0 389
1732626927067 25.0 390
1732626937172 40.0 391
1732626947289 27.0 392
1732626957406 36.0 393
1732626967536 30.0 394
1732626977678 26.0 395
1732626987792 27.0 396
1732626997930 0.0 397
1732627008024 28.0 398
1732627018149 28.0 399
1732627028277 24.0 400
1732627038400 1.0 401
1732627048521 30.0 402
1732627058612 0.0 403
1732627068699 31.0 404
1732627078825 28.0 405
1732627088948 37.0 406
1732627099075 32.0 407
1732627109209 0.0 408
1732627119343 20.0 409
1732627129473 34.0 410
1732627139599 31.0 411
1732627149724 34.0 412
1732627159840 37.0 413
1732627169967 33.0 414
1732627180050 31.0 415
1732627190663 31.0 416
1732627200750 0.0 417
1732627210873 38.0 418
1732627220995 33.0 419
1732627231097 0.0 420
1732627241184 26.0 421
1732627251309 30.0 422
1732627261434 28.0 423
1732627271564 26.0 424
1732627281676 37.0 425
1732627291774 25.0 426
1732627301899 0.0 427
1732627312038 35.0 428
1732627322167 0.0 429
1732627332291 27.0 430
1732627342411 29.0 431
1732627352523 30.0 432
1732627362658 29.0 433
1732627372784 0.0 434
1732627382892 24.0 435
1732627393032 25.0 436
1732627403162 33.0 437
1732627413263 28.0 438
1732627423384 23.0 439
1732627433503 18.0 440
1732627443622 23.0 441
1732627453728 0.0 442
1732627463951 0.0 443
1732627474083 0.0 444
1732627484211 33.0 445
1732627494326 29.0 446
1732627504462 33.0 447
1732627514583 0.0 448
1732627524711 0.0 449
1732627534817 31.0 450
1732627544934 27.0 451
1732627555065 8.0 452
1732627565204 31.0 453
1732627575329 29.0 454
1732627585457 1.0 455
1732627595581 36.0 456
1732627605728 33.0 457
1732627615853 21.0 458
1732627625978 27.0 459
1732627636069 25.0 460
1732627646205 0.0 461
1732627656290 0.0 462
1732627666430 31.0 463
1732627676544 26.0 464
1732627686685 32.0 465
1732627696816 29.0 466
1732627706952 0.0 467
1732627717314 27.0 468
1732627727413 1.0 469
1732627737548 35.0 470
1732627747676 36.0 471
1732627757793 0.0 472
1732627767928 0.0 473
1732627778066 34.0 474
1732627788201 0.0 475
1732627798333 40.0 476
1732627808463 29.0 477
1732627818591 0.0 478
1732627828737 0.0 479
1732627838866 30.0 480
1732627849009 18.0 481
1732627859119 0.0 482
1732627869235 0.0 483
1732627879360 35.0 484
1732627889500 1.0 485
1732627899637 36.0 486
1732627909770 25.0 487
1732627919864 0.0 488
1732627929987 34.0 489
1732627940115 35.0 490
1732627950255 35.0 491
1732627960386 28.0 492
1732627970521 1.0 493
1732627980668 33.0 494
1732627990797 39.0 495
1732628000932 16.0 496
1732628011082 32.0 497
1732628021212 31.0 498
1732628031322 1.0 499
1732628041471 30.0 500
1732628051592 34.0 501
1732628061721 27.0 502
1732628071872 34.0 503
1732628082022 26.0 504
1732628092175 14.0 505
1732628102310 35.0 506
1732628112438 31.0 507
1732628122587 33.0 508
1732628132732 26.0 509
1732628142879 29.0 510
1732628152991 26.0 511
1732628163124 24.0 512
1732628173264 30.0 513
1732628183388 32.0 514
1732628193515 0.0 515
1732628203656 33.0 516
1732628213791 28.0 517
1732628223907 0.0 518
1732628234038 30.0 519
1732628244191 24.0 520
1732628254337 24.0 521
1732628264469 1.0 522
1732628274600 1.0 523
1732628284769 33.0 524
1732628294902 24.0 525
1732628305051 6.0 526
1732628315199 31.0 527
1732628325328 0.0 528
1732628335463 26.0 529
1732628345602 36.0 530
1732628355741 29.0 531
1732628365878 24.0 532
1732628376017 24.0 533
1732628386128 0.0 534
1732628396259 28.0 535
1732628406401 30.0 536
1732628416535 15.0 537
1732628426658 37.0 538
1732628436803 34.0 539
1732628446915 0.0 540
1732628457042 32.0 541
1732628467197 0.0 542
1732628477347 36.0 543
1732628487487 30.0 544
