1732622990510 83.1 0
1732623000567 107.6 1
1732623010628 171.4 2
1732623020682 179.6 3
1732623030753 172.9 4
1732623040803 170.8 5
1732623050877 171.7 6
1732623060946 133.8 7
1732623071000 121.5 8
1732623081063 148.6 9
1732623091138 176.8 10
1732623101202 145.0 11
1732623111272 128.1 12
1732623121337 161.7 13
1732623131418 127.7 14
1732623141478 118.3 15
1732623151547 142.3 16
1732623161617 143.7 17
1732623171694 146.2 18
1732623181760 116.3 19
1732623191856 151.0 20
1732623201925 176.1 21
1732623211992 115.6 22
1732623222058 116.5 23
1732623232137 144.9 24
1732623242208 152.6 25
1732623252273 138.0 26
1732623262335 137.1 27
1732623272383 118.1 28
1732623282444 173.9 29
1732623292524 177.7 30
1732623302598 141.7 31
1732623312653 177.0 32
1732623322712 177.1 33
1732623332779 175.9 34
1732623342864 114.7 35
1732623352929 174.1 36
1732623362993 179.8 37
1732623373066 168.3 38
1732623383131 116.9 39
1732623393206 175.0 40
1732623403290 114.8 41
1732623413373 166.9 42
1732623423440 176.4 43
1732623433495 114.4 44
1732623443561 177.9 45
1732623453647 160.8 46
1732623463717 117.0 47
1732623473797 114.0 48
1732623483865 174.5 49
1732623493942 165.8 50
1732623504019 141.3 51
1732623514093 145.0 52
1732623524160 115.6 53
1732623534251 113.2 54
1732623544319 112.3 55
1732623554416 140.3 56
1732623564493 139.0 57
1732623574583 137.9 58
1732623584659 137.8 59
1732623594724 133.6 60
1732623604819 112.8 61
1732623614904 137.3 62
1732623624974 111.7 63
1732623635056 139.1 64
1732623645121 135.2 65
1732623655191 135.2 66
1732623665258 135.5 67
1732623675305 114.3 68
1732623685402 111.1 69
1732623695488 139.2 70
1732623705573 112.3 71
1732623715641 136.7 72
1732623725721 161.2 73
1732623735811 176.2 74
1732623745889 168.1 75
1732623755968 114.4 76
1732623766052 112.4 77
1732623776121 166.8 78
1732623786203 152.8 79
1732623796272 167.4 80
1732623806357 173.9 81
1732623816438 139.9 82
1732623826532 115.1 83
1732623836620 170.5 84
1732623846695 169.8 85
1732623856759 135.9 86
1732623866832 136.7 87
1732623876907 139.9 88
1732623887008 139.1 89
1732623897071 137.8 90
1732623907154 114.7 91
1732623917209 133.8 92
1732623927316 114.4 93
1732623937396 140.5 94
1732623947469 172.1 95
1732623957521 112.6 96
1732623967594 171.0 97
1732623977674 148.5 98
1732623987758 117.0 99
1732623997847 123.9 100
1732624007907 176.4 101
1732624017991 177.3 102
1732624028081 174.1 103
1732624038158 139.6 104
1732624048250 112.9 105
1732624058332 148.8 106
1732624068422 115.0 107
1732624078501 145.7 108
1732624088597 128.4 109
1732624098675 145.3 110
1732624108758 131.2 111
1732624118846 112.0 112
1732624128927 139.0 113
1732624139017 136.1 114
1732624149111 112.9 115
1732624159192 135.8 116
1732624169290 131.1 117
1732624179377 124.7 118
1732624189456 138.9 119
1732624199546 141.7 120
1732624209633 148.7 121
1732624219707 171.2 122
1732624229805 142.7 123
1732624239893 114.6 124
1732624249984 142.0 125
1732624260076 141.8 126
1732624270157 145.5 127
1732624280229 173.4 128
1732624290309 134.0 129
1732624300373 111.7 130
1732624310476 144.2 131
1732624320573 177.6 132
1732624330640 113.9 133
1732624340723 176.7 134
1732624350796 112.6 135
1732624360884 137.5 136
1732624370982 111.2 137
1732624381058 136.4 138
1732624391135 111.9 139
1732624401239 117.7 140
1732624411320 117.7 141
1732624421405 135.8 142
1732624431493 135.5 143
1732624441585 133.2 144
1732624451655 111.4 145
1732624461750 168.7 146
1732624471830 125.9 147
1732624481923 136.2 148
1732624492002 114.1 149
1732624502069 134.4 150
1732624512124 134.9 151
1732624522225 135.9 152
1732624532309 133.3 153
1732624542398 132.7 154
1732624552476 129.2 155
1732624562577 119.9 156
1732624572670 111.5 157
1732624582758 113.8 158
1732624592832 171.5 159
1732624602910 171.3 160
1732624613023 137.0 161
1732624623111 172.6 162
1732624633201 133.3 163
1732624643306 131.1 164
1732624653389 131.8 165
1732624663467 113.5 166
1732624673567 110.8 167
1732624683661 132.3 168
1732624693744 133.3 169
1732624703843 130.7 170
1732624713927 171.6 171
1732624724024 170.5 172
1732624734120 165.1 173
1732624744203 111.5 174
1732624754293 135.6 175
1732624764385 129.0 176
1732624774495 132.9 177
1732624784574 138.4 178
1732624794642 113.2 179
1732624804745 173.4 180
1732624814843 134.8 181
1732624824938 112.1 182
1732624835037 170.1 183
1732624845132 129.6 184
1732624855193 137.3 185
1732624865276 137.1 186
1732624875346 112.6 187
1732624885424 136.0 188
1732624895516 111.8 189
1732624905630 123.5 190
1732624915721 135.6 191
1732624925833 135.0 192
1732624935924 113.6 193
1732624946012 111.1 194
1732624956109 138.6 195
1732624966209 110.5 196
1732624976304 137.0 197
1732624986384 124.7 198
1732624996491 111.4 199
1732625006592 175.6 200
1732625016678 113.8 201
1732625026791 134.6 202
1732625036895 147.8 203
1732625046972 134.5 204
1732625057067 132.3 205
1732625067144 110.9 206
1732625077239 131.0 207
1732625087325 111.2 208
1732625097425 137.9 209
1732625107516 113.3 210
1732625117606 110.3 211
1732625127681 110.7 212
1732625137794 138.2 213
1732625147855 110.6 214
1732625157953 136.0 215
1732625168062 138.5 216
1732625178158 113.5 217
1732625188246 110.1 218
1732625198339 110.6 219
1732625208407 120.4 220
1732625218516 139.6 221
1732625228620 135.4 222
1732625238693 135.0 223
1732625248792 135.8 224
1732625258890 113.3 225
1732625268991 115.2 226
1732625279097 111.0 227
1732625289196 170.0 228
1732625299286 171.2 229
1732625309391 132.7 230
1732625319501 132.6 231
1732625329586 132.1 232
1732625339690 136.9 233
1732625349795 113.6 234
1732625359904 141.3 235
1732625370019 140.9 236
1732625380125 135.3 237
1732625390219 110.9 238
1732625400310 138.2 239
1732625410416 136.7 240
1732625420523 111.3 241
1732625430612 114.0 242
1732625440718 164.1 243
1732625450806 141.7 244
1732625460914 151.2 245
1732625471010 134.7 246
1732625481104 111.0 247
1732625491197 111.4 248
1732625501307 134.3 249
1732625511396 132.5 250
1732625521456 113.4 251
1732625531522 119.5 252
1732625541623 172.9 253
1732625551732 131.3 254
1732625561836 128.2 255
1732625571941 115.5 256
1732625582045 129.5 257
1732625592144 128.2 258
1732625602245 129.5 259
1732625612334 122.5 260
1732625622442 132.5 261
1732625632547 107.9 262
1732625642645 133.7 263
1732625652754 131.3 264
1732625662847 168.0 265
1732625672952 167.3 266
1732625683058 167.3 267
1732625693149 134.2 268
1732625703276 110.7 269
1732625713395 133.7 270
1732625723484 115.7 271
1732625733584 143.5 272
1732625743693 108.1 273
1732625753804 132.1 274
1732625763911 132.0 275
1732625774022 131.8 276
1732625784133 109.9 277
1732625794254 131.8 278
1732625804363 132.1 279
1732625814463 133.5 280
1732625824578 136.3 281
1732625834656 132.7 282
1732625844779 131.7 283
1732625854895 127.4 284
1732625865006 110.0 285
1732625875109 133.3 286
1732625885212 107.0 287
1732625895312 134.4 288
1732625905429 133.7 289
1732625915534 133.5 290
1732625925641 107.2 291
1732625935739 132.4 292
1732625945851 109.4 293
1732625955960 130.7 294
1732625966078 132.9 295
1732625976199 131.1 296
1732625986307 132.5 297
1732625996406 122.9 298
1732626006518 106.9 299
1732626016631 130.9 300
1732626026752 109.6 301
1732626036847 130.8 302
1732626046952 131.1 303
1732626057078 136.8 304
1732626067188 132.2 305
1732626077304 130.7 306
1732626087422 134.1 307
1732626097524 109.1 308
1732626107631 132.5 309
1732626117754 106.1 310
1732626127867 132.3 311
1732626137995 133.0 312
1732626148092 134.7 313
1732626158219 106.2 314
1732626168332 132.3 315
1732626178434 108.6 316
1732626188538 131.1 317
1732626198663 129.6 318
1732626208765 121.9 319
1732626218868 106.2 320
1732626228944 106.2 321
1732626239116 131.9 322
1732626249225 128.5 323
1732626259351 129.1 324
1732626269451 128.8 325
1732626279565 106.1 326
1732626289690 106.1 327
1732626299797 105.9 328
1732626309906 133.7 329
1732626320006 131.7 330
1732626330134 108.4 331
1732626340252 131.1 332
1732626350357 129.8 333
1732626360470 165.2 334
1732626370585 166.1 335
1732626380702 163.4 336
1732626390817 127.6 337
1732626400935 127.2 338
1732626411063 112.5 339
1732626421158 125.7 340
1732626431270 125.8 341
1732626441384 126.4 342
1732626451501 106.1 343
1732626461617 135.3 344
1732626471734 106.0 345
1732626481851 119.4 346
1732626491966 132.4 347
1732626502074 108.3 348
1732626512188 105.9 349
1732626522312 127.4 350
1732626532428 163.9 351
1732626542536 106.3 352
1732626552644 130.8 353
1732626562778 128.8 354
1732626572896 127.5 355
1732626583019 106.1 356
1732626593138 107.8 357
1732626603256 128.0 358
1732626613370 133.1 359
1732626623499 106.0 360
1732626633618 128.8 361
1732626643728 128.4 362
1732626653856 108.2 363
1732626663958 105.9 364
1732626674105 127.0 365
1732626684224 108.3 366
1732626694328 111.0 367
1732626704435 126.0 368
1732626714574 131.1 369
1732626724693 129.8 370
1732626734793 107.4 371
1732626744925 108.0 372
1732626755034 170.2 373
1732626765125 168.5 374
1732626775257 114.6 375
1732626785378 126.0 376
1732626795488 139.2 377
1732626805590 140.4 378
1732626815721 141.6 379
1732626825850 160.4 380
1732626835963 152.7 381
1732626846064 114.9 382
1732626856173 147.2 383
1732626866308 114.8 384
1732626876433 135.9 385
1732626886555 135.8 386
1732626896672 145.1 387
1732626906800 135.6 388
1732626916927 131.3 389
1732626927067 166.9 390
1732626937172 141.0 391
1732626947289 130.3 392
1732626957406 130.7 393
1732626967536 133.5 394
1732626977678 135.5 395
1732626987792 133.6 396
1732626997930 108.2 397
1732627008024 134.1 398
1732627018149 132.9 399
1732627028277 110.2 400
1732627038400 107.4 401
1732627048521 126.6 402
1732627058612 106.8 403
1732627068699 128.1 404
1732627078825 143.7 405
1732627088948 132.1 406
1732627099075 130.7 407
1732627109209 111.4 408
1732627119343 132.1 409
1732627129473 131.6 410
1732627139599 164.9 411
1732627149724 128.6 412
1732627159840 130.1 413
1732627169967 151.3 414
1732627180050 131.1 415
1732627190663 121.2 416
1732627200750 108.9 417
1732627210873 144.9 418
1732627220995 130.0 419
1732627231097 106.2 420
1732627241184 127.6 421
1732627251309 128.9 422
1732627261434 127.5 423
1732627271564 130.2 424
1732627281676 129.1 425
1732627291774 108.8 426
1732627301899 106.1 427
1732627312038 124.9 428
1732627322167 105.9 429
1732627332291 124.6 430
1732627342411 124.0 431
1732627352523 125.0 432
1732627362658 130.0 433
1732627372784 106.0 434
1732627382892 121.3 435
1732627393032 108.0 436
1732627403162 128.7 437
1732627413263 127.0 438
1732627423384 127.6 439
1732627433503 127.5 440
1732627443622 117.4 441
1732627453728 106.0 442
1732627463951 106.0 443
1732627474083 106.4 444
1732627484211 128.5 445
1732627494326 132.0 446
1732627504462 132.0 447
1732627514583 108.1 448
1732627524711 108.9 449
1732627534817 135.1 450
1732627544934 134.8 451
1732627555065 113.6 452
1732627565204 137.3 453
1732627575329 139.2 454
1732627585457 115.3 455
1732627595581 141.1 456
1732627605728 142.3 457
1732627615853 143.7 458
1732627625978 135.3 459
1732627636069 117.9 460
1732627646205 114.6 461
1732627656290 114.3 462
1732627666430 136.8 463
1732627676544 133.3 464
1732627686685 133.8 465
1732627696816 136.0 466
1732627706952 117.9 467
1732627717314 135.1 468
1732627727413 109.9 469
1732627737548 144.2 470
1732627747676 134.0 471
1732627757793 109.2 472
1732627767928 109.4 473
1732627778066 130.7 474
1732627788201 109.2 475
1732627798333 132.2 476
1732627808463 129.5 477
1732627818591 108.1 478
1732627828737 107.7 479
1732627838866 133.1 480
1732627849009 130.1 481
1732627859119 107.7 482
1732627869235 107.4 483
1732627879360 145.7 484
1732627889500 107.5 485
1732627899637 156.8 486
1732627909770 110.2 487
1732627919864 107.1 488
1732627929987 166.7 489
1732627940115 130.5 490
1732627950255 130.9 491
1732627960386 130.0 492
1732627970521 107.3 493
1732627980668 131.4 494
1732627990797 141.5 495
1732628000932 109.6 496
1732628011082 131.4 497
1732628021212 129.9 498
1732628031322 106.7 499
1732628041471 131.1 500
1732628051592 130.0 501
1732628061721 131.0 502
1732628071872 132.3 503
1732628082022 110.4 504
1732628092175 109.1 505
1732628102310 132.5 506
1732628112438 140.8 507
1732628122587 136.7 508
1732628132732 141.0 509
1732628142879 129.4 510
1732628152991 129.6 511
1732628163124 109.2 512
1732628173264 127.9 513
1732628183388 135.1 514
1732628193515 115.9 515
1732628203656 136.2 516
1732628213791 132.1 517
1732628223907 106.7 518
1732628234038 141.7 519
1732628244191 109.6 520
1732628254337 130.6 521
1732628264469 106.5 522
1732628274600 106.6 523
1732628284769 126.9 524
1732628294902 134.1 525
1732628305051 130.1 526
1732628315199 133.2 527
1732628325328 106.7 528
1732628335463 131.3 529
1732628345602 133.5 530
1732628355741 127.4 531
1732628365878 128.2 532
1732628376017 127.3 533
1732628386128 106.5 534
1732628396259 129.0 535
1732628406401 111.3 536
1732628416535 107.3 537
1732628426658 132.6 538
1732628436803 131.3 539
1732628446915 106.5 540
1732628457042 134.2 541
1732628467197 106.7 542
1732628477347 134.7 543
1732628487487 135.3 544
