1732622990510 0.00034600000000040154 0
1732623000567 0.01881999999999806 1
1732623010628 0.047978999999997995 2
1732623020682 0.07442400000000049 3
1732623030753 0.2444629999999961 4
1732623040803 0.252521999999999 5
1732623050877 0.28773100000000085 6
1732623060946 0.40520499999999515 7
1732623071000 0.4535890000000009 8
1732623081063 0.4721350000000015 9
1732623091138 0.49242399999999975 10
1732623101202 0.5050339999999949 11
1732623111272 0.5201599999999971 12
1732623121337 0.5262719999999987 13
1732623131418 0.5396560000000008 14
1732623141478 0.546605999999997 15
1732623151547 0.5555049999999966 16
1732623161617 0.5627670000000009 17
1732623171694 0.573242999999998 18
1732623181760 0.5852700000000013 19
1732623191856 0.5923999999999978 20
1732623201925 0.5990559999999974 21
1732623211992 0.6079809999999952 22
1732623222058 0.6151389999999992 23
1732623232137 0.6303489999999954 24
1732623242208 0.6377710000000008 25
1732623252273 0.6447450000000003 26
1732623262335 0.6562860000000015 27
1732623272383 0.692740999999998 28
1732623282444 0.6994009999999946 29
1732623292524 0.7095909999999961 30
1732623302598 0.7171289999999999 31
1732623312653 0.7243569999999977 32
1732623322712 0.7315770000000015 33
1732623332779 0.7567779999999971 34
1732623342864 0.764095999999995 35
1732623352929 0.775976 36
1732623362993 0.7830499999999958 37
1732623373066 0.7948079999999962 38
1732623383131 0.8017639999999986 39
1732623393206 0.821356999999999 40
1732623403290 1.0229889999999955 41
1732623413373 1.2074989999999985 42
1732623423440 1.2538899999999984 43
1732623433495 1.4784409999999966 44
1732623443561 1.5013199999999998 45
1732623453647 1.5134490000000014 46
1732623463717 1.5204469999999972 47
1732623473797 1.5426369999999991 48
1732623483865 1.5496059999999972 49
1732623493942 1.566722999999996 50
1732623504019 1.575012000000001 51
1732623514093 1.5821539999999956 52
1732623524160 1.5916039999999967 53
1732623534251 1.6022940000000006 54
1732623544319 1.6102640000000008 55
1732623554416 1.6176600000000008 56
1732623564493 1.6416679999999957 57
1732623574583 1.6632849999999948 58
1732623584659 1.671092999999999 59
1732623594724 1.6834289999999967 60
1732623604819 1.6908049999999974 61
1732623614904 1.7254019999999954 62
1732623624974 1.7347449999999967 63
1732623635056 1.7417850000000001 64
1732623645121 1.7558799999999977 65
1732623655191 1.7634240000000005 66
1732623665258 1.770302000000001 67
1732623675305 1.7843189999999964 68
1732623685402 1.8119990000000001 69
1732623695488 1.8190290000000005 70
1732623705573 1.832014000000001 71
1732623715641 1.8465269999999947 72
1732623725721 1.858069999999998 73
1732623735811 1.871272999999995 74
1732623745889 1.8793119999999988 75
1732623755968 1.8862419999999958 76
1732623766052 1.8987100000000012 77
1732623776121 1.9051359999999988 78
1732623786203 1.9120659999999958 79
1732623796272 1.9248029999999972 80
1732623806357 1.9542209999999969 81
1732623816438 1.9612569999999963 82
1732623826532 1.978010999999995 83
1732623836620 1.984778999999996 84
1732623846695 1.992568999999996 85
1732623856759 2.0047099999999958 86
1732623866832 2.013892999999996 87
1732623876907 2.040830999999997 88
1732623887008 2.0512489999999985 89
1732623897071 2.0589370000000002 90
1732623907154 2.0717360000000014 91
1732623917209 2.078202999999995 92
1732623927316 2.100420999999997 93
1732623937396 2.108364999999999 94
1732623947469 2.119797999999996 95
1732623957521 2.1316229999999976 96
1732623967594 2.144158999999995 97
1732623977674 2.150493999999995 98
1732623987758 2.1649029999999954 99
1732623997847 2.173209 100
1732624007907 2.1833889999999982 101
1732624017991 2.222014999999999 102
1732624028081 2.2371160000000003 103
1732624038158 2.2437439999999995 104
1732624048250 2.265989999999995 105
1732624058332 2.2786860000000004 106
1732624068422 2.2900980000000004 107
1732624078501 2.297314 108
1732624088597 2.3107109999999977 109
1732624098675 2.317191000000001 110
1732624108758 2.331508999999997 111
1732624118846 2.3395769999999985 112
1732624128927 2.353215999999996 113
1732624139017 2.365054999999998 114
1732624149111 2.3715179999999947 115
1732624159192 2.3782519999999963 116
1732624169290 2.3997169999999954 117
1732624179377 2.4214899999999986 118
1732624189456 2.437745999999997 119
1732624199546 2.445675999999999 120
1732624209633 2.4584839999999986 121
1732624219707 2.4664179999999973 122
1732624229805 2.4749809999999997 123
1732624239893 2.481462999999998 124
1732624249984 2.5389849999999967 125
1732624260076 2.5508710000000008 126
1732624270157 2.5579819999999955 127
1732624280229 2.584865999999998 128
1732624290309 2.6228240000000014 129
1732624300373 2.6300799999999995 130
1732624310476 2.697517999999995 131
1732624320573 2.7046319999999966 132
1732624330640 2.721739999999997 133
1732624340723 2.7337789999999984 134
1732624350796 2.7425349999999966 135
1732624360884 2.749320999999995 136
1732624370982 2.760771999999996 137
1732624381058 2.7674999999999983 138
1732624391135 2.775255999999999 139
1732624401239 2.782587999999997 140
1732624411320 2.8024799999999956 141
1732624421405 2.8148769999999956 142
1732624431493 2.826673999999997 143
1732624441585 2.832979999999999 144
1732624451655 2.846238999999997 145
1732624461750 2.8529589999999985 146
1732624471830 2.880677999999996 147
1732624481923 2.895260999999998 148
1732624492002 2.9073279999999997 149
1732624502069 2.9270369999999986 150
1732624512124 2.935153999999997 151
1732624522225 2.942259 152
1732624532309 2.962465999999999 153
1732624542398 2.969853999999998 154
1732624552476 2.981268 155
1732624562577 2.9890449999999973 156
1732624572670 3.0065959999999947 157
1732624582758 3.0182689999999965 158
1732624592832 3.0332809999999952 159
1732624602910 3.2399149999999963 160
1732624613023 3.534866000000001 161
1732624623111 3.5435449999999946 162
1732624633201 3.559273999999995 163
1732624643306 3.745646999999998 164
1732624653389 4.027450999999999 165
1732624663467 4.049943999999996 166
1732624673567 4.0716329999999985 167
1732624683661 4.079104999999998 168
1732624693744 4.091619999999999 169
1732624703843 4.101481999999997 170
1732624713927 4.108908 171
1732624724024 4.371116999999998 172
1732624734120 4.483837000000001 173
1732624744203 4.4926029999999955 174
1732624754293 4.499142999999997 175
1732624764385 4.651860999999997 176
1732624774495 4.676304999999999 177
1732624784574 4.682814999999998 178
1732624794642 4.6967870000000005 179
1732624804745 4.788799999999995 180
1732624814843 4.815044999999998 181
1732624824938 4.825890000000001 182
1732624835037 4.833757999999996 183
1732624845132 4.844037999999998 184
1732624855193 4.853833999999999 185
1732624865276 4.8604819999999975 186
1732624875346 4.894974999999995 187
1732624885424 4.924126000000001 188
1732624895516 4.937860999999998 189
1732624905630 4.953865 190
1732624915721 4.963653000000001 191
1732624925833 4.972324 192
1732624935924 4.9895309999999995 193
1732624946012 5.001182 194
1732624956109 5.007653999999995 195
1732624966209 5.030743000000001 196
1732624976304 5.037360999999997 197
1732624986384 5.044771999999995 198
1732624996491 5.0532889999999995 199
1732625006592 5.074517 200
1732625016678 5.081268999999999 201
1732625026791 5.093142999999998 202
1732625036895 5.108962999999996 203
1732625046972 5.1220849999999984 204
1732625057067 5.134068999999997 205
1732625067144 5.143152999999998 206
1732625077239 5.164822999999998 207
1732625087325 5.176063999999997 208
1732625097425 5.182600000000001 209
1732625107516 5.189653999999997 210
1732625117606 5.216622000000001 211
1732625127681 5.236013 212
1732625137794 5.243341000000001 213
1732625147855 5.256217999999997 214
1732625157953 5.263376000000001 215
1732625168062 5.275869999999998 216
1732625178158 5.282970999999996 217
1732625188246 5.297789999999999 218
1732625198339 5.309961999999999 219
1732625208407 5.321182999999998 220
1732625218516 5.328078999999995 221
1732625228620 5.334803000000001 222
1732625238693 5.3417460000000005 223
1732625248792 5.3628069999999965 224
1732625258890 5.370188999999996 225
1732625268991 5.387374000000001 226
1732625279097 5.402896999999996 227
1732625289196 5.415045999999997 228
1732625299286 5.421656999999996 229
1732625309391 5.430188000000001 230
1732625319501 5.437745999999997 231
1732625329586 5.448273999999998 232
1732625339690 5.457079999999998 233
1732625349795 5.4689869999999985 234
1732625359904 5.475803999999997 235
1732625370019 5.496254999999998 236
1732625380125 5.517106999999996 237
1732625390219 5.529629999999997 238
1732625400310 5.536941999999996 239
1732625410416 5.549372999999996 240
1732625420523 5.5572659999999985 241
1732625430612 5.5697800000000015 242
1732625440718 5.576163999999999 243
1732625450806 5.587640999999998 244
1732625460914 5.594428999999998 245
1732625471010 5.601451999999995 246
1732625481104 5.616048999999997 247
1732625491197 5.6374759999999995 248
1732625501307 5.648187 249
1732625511396 5.660264999999995 250
1732625521456 5.666882999999999 251
1732625531522 5.680973999999999 252
1732625541623 5.688113999999999 253
1732625551732 5.696118999999996 254
1732625561836 5.703747999999997 255
1732625571941 5.715665999999999 256
1732625582045 5.727198999999999 257
1732625592144 5.734313999999998 258
1732625602245 5.741167999999995 259
1732625612334 5.760953999999998 260
1732625622442 5.768025999999999 261
1732625632547 5.781455999999999 262
1732625642645 5.788387999999998 263
1732625652754 5.801963999999998 264
1732625662847 5.8143519999999995 265
1732625672952 5.830497000000001 266
1732625683058 5.849803999999999 267
1732625693149 5.859210999999995 268
1732625703276 5.866821000000002 269
1732625713395 5.873860999999998 270
1732625723484 5.893704999999997 271
1732625733584 5.901388999999995 272
1732625743693 5.9203019999999995 273
1732625753804 5.934045999999995 274
1732625763911 5.940975999999999 275
1732625774022 5.952663000000001 276
1732625784133 5.961515999999996 277
1732625794254 5.974558999999999 278
1732625804363 5.982782999999998 279
1732625814463 5.996741 280
1732625824578 6.004387999999999 281
1732625834656 6.011623 282
1732625844779 6.031447 283
1732625854895 6.038818999999997 284
1732625865006 6.045378999999997 285
1732625875109 6.058631999999996 286
1732625885212 6.065944999999999 287
1732625895312 6.095872 288
1732625905429 6.104168999999999 289
1732625915534 6.111488000000001 290
1732625925641 6.1217749999999995 291
1732625935739 6.132866 292
1732625945851 6.139786000000001 293
1732625955960 6.147579 294
1732625966078 6.1667190000000005 295
1732625976199 6.192471999999995 296
1732625986307 6.205297000000002 297
1732625996406 6.213431999999997 298
1732626006518 6.220542999999999 299
1732626016631 6.233857999999998 300
1732626026752 6.242742999999997 301
1732626036847 6.2495309999999975 302
1732626046952 6.264081999999995 303
1732626057078 6.271965000000002 304
1732626067188 6.279747999999998 305
1732626077304 6.291232000000001 306
1732626087422 6.3301739999999995 307
1732626097524 6.343877999999997 308
1732626107631 6.3682719999999975 309
1732626117754 6.407018999999998 310
1732626127867 6.423054999999998 311
1732626137995 6.430599999999998 312
1732626148092 6.440339999999999 313
1732626158219 6.447520999999995 314
1732626168332 6.457644999999999 315
1732626178434 6.464917 316
1732626188538 6.471463 317
1732626198663 6.478740999999999 318
1732626208765 6.505894999999995 319
1732626218868 6.513199999999998 320
1732626228944 6.5258249999999975 321
1732626239116 6.532907000000002 322
1732626249225 6.5443560000000005 323
1732626259351 6.552242 324
1732626269451 6.560569000000001 325
1732626279565 6.5865459999999985 326
1732626289690 6.598206999999995 327
1732626299797 6.6052800000000005 328
1732626309906 6.611874 329
1732626320006 6.619541999999996 330
1732626330134 6.638371999999997 331
1732626340252 6.644897999999998 332
1732626350357 6.657730999999998 333
1732626360470 6.669544999999999 334
1732626370585 6.682961999999996 335
1732626380702 6.689411999999997 336
1732626390817 6.703531999999996 337
1732626400935 6.711807 338
1732626411063 6.721989000000001 339
1732626421158 6.728372999999998 340
1732626431270 6.742826000000001 341
1732626441384 6.753720999999999 342
1732626451501 6.7740459999999985 343
1732626461617 6.781146 344
1732626471734 6.794848999999999 345
1732626481851 6.803551999999996 346
1732626491966 6.816522999999997 347
1732626502074 6.8228949999999955 348
1732626512188 6.837053999999995 349
1732626522312 6.843978 350
1732626532428 6.854754999999997 351
1732626542536 6.862893999999997 352
1732626552644 6.869591999999997 353
1732626562778 6.877108999999997 354
1732626572896 6.902799999999999 355
1732626583019 6.9241600000000005 356
1732626593138 6.941977999999999 357
1732626603256 6.948889999999999 358
1732626613370 6.977649999999997 359
1732626623499 6.986253999999995 360
1732626633618 6.993288 361
1732626643728 7.0017700000000005 362
1732626653856 7.016872999999997 363
1732626663958 7.024609999999996 364
1732626674105 7.038285999999999 365
1732626684224 7.045169999999999 366
1732626694328 7.059202999999997 367
1732626704435 7.066314999999996 368
1732626714574 7.072873000000001 369
1732626724693 7.081171999999995 370
1732626734793 7.088965999999999 371
1732626744925 7.10069 372
1732626755034 7.107374 373
1732626765125 7.117370000000001 374
1732626775257 7.125215999999995 375
1732626785378 7.1323170000000005 376
1732626795488 7.139696000000001 377
1732626805590 7.147448999999995 378
1732626815721 7.155121999999999 379
1732626825850 7.166691 380
1732626835963 7.174056 381
1732626846064 7.182280999999996 382
1732626856173 7.188867999999999 383
1732626866308 7.19556 384
1732626876433 7.210965000000002 385
1732626886555 7.227663 386
1732626896672 7.237336999999997 387
1732626906800 7.246660999999996 388
1732626916927 7.253411999999997 389
1732626927067 7.261278999999995 390
1732626937172 7.267944999999997 391
1732626947289 7.274991 392
1732626957406 7.283014000000001 393
1732626967536 7.289361999999997 394
1732626977678 7.301563000000002 395
1732626987792 7.308883000000002 396
1732626997930 7.322451999999998 397
1732627008024 7.333382999999998 398
1732627018149 7.340748999999995 399
1732627028277 7.347580999999998 400
1732627038400 7.355696999999999 401
1732627048521 7.361978999999998 402
1732627058612 7.374642999999999 403
1732627068699 7.382221000000001 404
1732627078825 7.389294 405
1732627088948 7.396000000000001 406
1732627099075 7.4043980000000005 407
1732627109209 7.411189999999998 408
1732627119343 7.417781999999995 409
1732627129473 7.434247999999997 410
1732627139599 7.441580999999999 411
1732627149724 7.448861000000001 412
1732627159840 7.455303999999998 413
1732627169967 7.4629270000000005 414
1732627180050 7.485340999999998 415
1732627190663 7.492697999999997 416
1732627200750 7.500422 417
1732627210873 7.511122 418
1732627220995 7.517885999999997 419
1732627231097 7.526063000000001 420
1732627241184 7.532344999999999 421
1732627251309 7.542966 422
1732627261434 7.551088 423
1732627271564 7.558475000000001 424
1732627281676 7.5647069999999985 425
1732627291774 7.582356999999995 426
1732627301899 7.589509999999997 427
1732627312038 7.596105999999999 428
1732627322167 7.604115 429
1732627332291 7.610780999999996 430
1732627342411 7.618434999999998 431
1732627352523 7.6256699999999995 432
1732627362658 7.636936999999996 433
1732627372784 7.648764 434
1732627382892 7.655760999999998 435
1732627393032 7.662622999999996 436
1732627403162 7.669968999999995 437
1732627413263 7.676347 438
1732627423384 7.684956 439
1732627433503 7.691448000000001 440
1732627443622 7.703235999999997 441
1732627453728 7.711379000000001 442
1732627463951 7.718809999999998 443
1732627474083 7.725434 444
1732627484211 7.748987 445
1732627494326 7.757120999999998 446
1732627504462 7.764395 447
1732627514583 7.772619999999996 448
1732627524711 7.783743999999999 449
1732627534817 7.791652999999997 450
1732627544934 7.798583000000001 451
1732627555065 7.805219000000001 452
1732627565204 7.812014999999995 453
1732627575329 7.824793999999997 454
1732627585457 7.832822 455
1732627595581 7.851256999999997 456
1732627605728 7.860893999999995 457
1732627615853 7.8688299999999956 458
1732627625978 7.876256999999995 459
1732627636069 7.882909999999995 460
1732627646205 7.890850999999998 461
1732627656290 7.898649999999996 462
1732627666430 7.905201999999996 463
1732627676544 7.924492999999998 464
1732627686685 7.9312809999999985 465
1732627696816 7.938590999999995 466
1732627706952 7.9474189999999965 467
1732627717314 7.954840999999995 468
1732627727413 7.966352999999998 469
1732627737548 7.983685999999999 470
1732627747676 7.990493999999998 471
1732627757793 8.003516999999995 472
1732627767928 8.011047999999995 473
1732627778066 8.025624999999998 474
1732627788201 8.040050999999998 475
1732627798333 8.047089 476
1732627808463 8.053888999999998 477
1732627818591 8.061800999999996 478
1732627828737 8.06908 479
1732627838866 8.087987999999996 480
1732627849009 8.137507999999997 481
1732627859119 8.144646999999999 482
1732627869235 8.152656 483
1732627879360 8.167586999999997 484
1732627889500 8.176245999999999 485
1732627899637 8.189962999999999 486
1732627909770 8.227804999999996 487
1732627919864 8.235791999999996 488
1732627929987 8.242908 489
1732627940115 8.249708999999996 490
1732627950255 8.256841000000001 491
1732627960386 8.264564 492
1732627970521 8.275698999999996 493
1732627980668 8.282486999999996 494
1732627990797 8.295288999999997 495
1732628000932 8.303185999999997 496
1732628011082 8.310387999999996 497
1732628021212 8.316628000000001 498
1732628031322 8.324117000000001 499
1732628041471 8.33191 500
1732628051592 8.338833999999999 501
1732628061721 8.345932999999995 502
1732628071872 8.358319999999999 503
1732628082022 8.380355999999999 504
1732628092175 8.390707999999997 505
1732628102310 8.397458 506
1732628112438 8.404499999999999 507
1732628122587 8.412196000000002 508
1732628132732 8.419198000000002 509
1732628142879 8.431191999999996 510
1732628152991 8.437613999999996 511
1732628163124 8.444235999999997 512
1732628173264 8.452489 513
1732628183388 8.464954999999996 514
1732628193515 8.479163 515
1732628203656 8.487175 516
1732628213791 8.497357999999998 517
1732628223907 8.510202999999997 518
1732628234038 8.517426999999998 519
1732628244191 8.523486999999996 520
1732628254337 8.531166999999996 521
1732628264469 8.538661999999995 522
1732628274600 8.546135 523
1732628284769 8.554251999999998 524
1732628294902 8.5655 525
1732628305051 8.581029999999998 526
1732628315199 8.587725999999996 527
1732628325328 8.597577000000001 528
1732628335463 8.605995 529
1732628345602 8.61365 530
1732628355741 8.62048 531
1732628365878 8.627752000000001 532
1732628376017 8.639578 533
1732628386128 8.661466999999995 534
1732628396259 8.668462999999996 535
1732628406401 8.675289999999997 536
1732628416535 8.683827 537
1732628426658 8.690607 538
1732628436803 8.697175000000001 539
1732628446915 8.708480000000002 540
1732628457042 8.719296 541
1732628467197 8.728049999999996 542
1732628477347 8.734662 543
1732628487487 8.741388 544
