1732622990510 0.0003460000000359287 0
1732623000567 0.018992000000025655 1
1732623010628 0.04624599999999646 2
1732623020682 0.07671099999993203 3
1732623030753 0.2470299999999952 4
1732623040803 0.25522699999999077 5
1732623050877 0.5675069999999778 6
1732623060946 13.698679999999968 7
1732623071000 16.947133000000008 8
1732623081063 16.967569000000026 9
1732623091138 17.036675999999943 10
1732623101202 17.053248999999937 11
1732623111272 17.06534099999999 12
1732623121337 17.07151299999998 13
1732623131418 17.083331000000044 14
1732623141478 17.09027900000001 15
1732623151547 17.098412999999937 16
1732623161617 17.10566700000004 17
1732623171694 17.11296200000004 18
1732623181760 17.12906499999997 19
1732623191856 17.13637700000004 20
1732623201925 17.14316699999995 21
1732623211992 17.152211999999963 22
1732623222058 17.15948800000001 23
1732623232137 17.176245999999992 24
1732623242208 17.183727999999974 25
1732623252273 17.191172999999935 26
1732623262335 17.20690000000002 27
1732623272383 17.247201000000018 28
1732623282444 17.25402699999995 29
1732623292524 17.26083600000004 30
1732623302598 17.268511999999987 31
1732623312653 17.275881000000027 32
1732623322712 17.282993000000033 33
1732623332779 17.309748000000013 34
1732623342864 17.317185999999992 35
1732623352929 17.32754299999999 36
1732623362993 17.33468400000004 37
1732623373066 17.344966 38
1732623383131 17.352146999999945 39
1732623393206 17.421352999999954 40
1732623403290 17.59618599999999 41
1732623413373 18.271622999999977 42
1732623423440 18.98293000000001 43
1732623433495 20.27520000000004 44
1732623443561 20.299531 45
1732623453647 20.32001600000001 46
1732623463717 20.32684800000004 47
1732623473797 20.347462999999948 48
1732623483865 20.35457999999994 49
1732623493942 20.374678000000017 50
1732623504019 20.382886999999982 51
1732623514093 20.39052300000003 52
1732623524160 20.398736999999983 53
1732623534251 20.407846999999947 54
1732623544319 20.416172999999958 55
1732623554416 20.423873999999955 56
1732623564493 20.450207999999975 57
1732623574583 20.477597999999944 58
1732623584659 20.485472999999956 59
1732623594724 20.496283999999946 60
1732623604819 20.503624999999943 61
1732623614904 20.55120199999999 62
1732623624974 20.56061299999999 63
1732623635056 20.567827999999963 64
1732623645121 20.583688999999936 65
1732623655191 20.590373 66
1732623665258 20.597406999999976 67
1732623675305 20.612770999999952 68
1732623685402 20.68859999999995 69
1732623695488 20.695809999999938 70
1732623705573 20.70712900000001 71
1732623715641 20.718358999999964 72
1732623725721 20.73378600000001 73
1732623735811 20.744107999999983 74
1732623745889 20.752418000000034 75
1732623755968 20.759408000000008 76
1732623766052 20.768737999999985 77
1732623776121 20.775189999999952 78
1732623786203 20.78218000000004 79
1732623796272 20.79905199999996 80
1732623806357 20.82870300000002 81
1732623816438 20.835969999999975 82
1732623826532 20.859155999999984 83
1732623836620 20.86599799999999 84
1732623846695 20.873785999999996 85
1732623856759 20.884063999999967 86
1732623866832 20.893568999999957 87
1732623876907 20.930290000000014 88
1732623887008 20.93706099999997 89
1732623897071 20.94485099999997 90
1732623907154 21.014828999999963 91
1732623917209 21.021470000000022 92
1732623927316 21.04032499999994 93
1732623937396 21.04835700000001 94
1732623947469 21.058077000000026 95
1732623957521 21.073981000000003 96
1732623967594 21.084903999999938 97
1732623977674 21.091361000000006 98
1732623987758 21.156483999999978 99
1732623997847 21.165047999999956 100
1732624007907 21.171940999999947 101
1732624017991 21.234532999999942 102
1732624028081 21.252032999999983 103
1732624038158 21.259161999999947 104
1732624048250 21.27970700000003 105
1732624058332 21.292082999999934 106
1732624068422 21.30163600000003 107
1732624078501 21.308989999999994 108
1732624088597 21.32056399999999 109
1732624098675 21.327222000000006 110
1732624108758 21.345752999999945 111
1732624118846 21.353590999999938 112
1732624128927 21.369952000000012 113
1732624139017 21.381860999999958 114
1732624149111 21.388586000000032 115
1732624159192 21.395482000000015 116
1732624169290 21.41501299999993 117
1732624179377 21.442606999999953 118
1732624189456 21.461067999999955 119
1732624199546 21.46916699999997 120
1732624209633 21.47902099999999 121
1732624219707 21.486946999999986 122
1732624229805 21.496267999999986 123
1732624239893 21.502817999999934 124
1732624249984 21.56191799999999 125
1732624260076 21.57755499999996 126
1732624270157 21.58511999999996 127
1732624280229 21.63030900000001 128
1732624290309 21.777017 129
1732624300373 21.78439000000003 130
1732624310476 21.820793999999978 131
1732624320573 21.827925999999934 132
1732624330640 21.842175999999995 133
1732624340723 21.858289000000013 134
1732624350796 21.86695899999995 135
1732624360884 21.873857000000044 136
1732624370982 21.88234 137
1732624381058 21.889170000000036 138
1732624391135 21.896987999999965 139
1732624401239 21.904391000000032 140
1732624411320 21.922415 141
1732624421405 21.939152000000036 142
1732624431493 21.94909599999994 143
1732624441585 21.955521999999974 144
1732624451655 21.967184999999972 145
1732624461750 21.973994999999945 146
1732624471830 21.998729000000026 147
1732624481923 22.016482999999994 148
1732624492002 22.023293999999964 149
1732624502069 22.051102000000014 150
1732624512124 22.059354999999982 151
1732624522225 22.06669599999998 152
1732624532309 22.08515699999998 153
1732624542398 22.092525000000023 154
1732624552476 22.10217 155
1732624562577 22.110117999999943 156
1732624572670 22.12990000000002 157
1732624582758 22.145591999999965 158
1732624592832 22.21122200000002 159
1732624602910 23.01747899999998 160
1732624613023 42.19660699999997 161
1732624623111 42.205195 162
1732624633201 43.22801700000002 163
1732624643306 45.84605899999997 164
1732624653389 59.130930000000035 165
1732624663467 59.154454999999984 166
1732624673567 59.16987800000004 167
1732624683661 59.17748900000004 168
1732624693744 59.188356 169
1732624703843 59.198353 170
1732624713927 59.20603700000004 171
1732624724024 63.252521 172
1732624734120 67.839248 173
1732624744203 67.84832499999993 174
1732624754293 67.85504600000002 175
1732624764385 68.31291099999999 176
1732624774495 68.35593900000003 177
1732624784574 68.36250899999993 178
1732624794642 68.37464399999999 179
1732624804745 74.77846999999997 180
1732624814843 74.80352800000003 181
1732624824938 74.81449199999997 182
1732624835037 74.82248600000003 183
1732624845132 74.830467 184
1732624855193 74.83991300000002 185
1732624865276 74.84662100000003 186
1732624875346 74.88060899999994 187
1732624885424 74.91067099999998 188
1732624895516 74.97522100000003 189
1732624905630 74.98932500000001 190
1732624915721 74.99765400000001 191
1732624925833 75.00521600000002 192
1732624935924 75.02146500000003 193
1732624946012 75.03209100000004 194
1732624956109 75.03919899999994 195
1732624966209 75.06661599999995 196
1732624976304 75.07329400000003 197
1732624986384 75.08083699999997 198
1732624996491 75.08950900000002 199
1732625006592 75.10885399999995 200
1732625016678 75.11572899999999 201
1732625026791 75.12581699999998 202
1732625036895 75.14638200000002 203
1732625046972 75.15754100000004 204
1732625057067 75.16792699999996 205
1732625067144 75.17702899999995 206
1732625077239 75.20472399999994 207
1732625087325 75.21294699999999 208
1732625097425 75.21962799999994 209
1732625107516 75.22674199999994 210
1732625117606 75.26941699999998 211
1732625127681 75.286562 212
1732625137794 75.29389000000003 213
1732625147855 75.30518900000004 214
1732625157953 75.31247199999996 215
1732625168062 75.32334900000001 216
1732625178158 75.33050600000001 217
1732625188246 75.39581299999998 218
1732625198339 75.41202299999998 219
1732625208407 75.42039799999998 220
1732625218516 75.42742799999996 221
1732625228620 75.43420400000002 222
1732625238693 75.44123000000002 223
1732625248792 75.45891499999993 224
1732625258890 75.46652800000004 225
1732625268991 75.486043 226
1732625279097 75.50486799999999 227
1732625289196 75.51536799999997 228
1732625299286 75.52204299999994 229
1732625309391 75.530666 230
1732625319501 75.53788999999995 231
1732625329586 75.54527999999993 232
1732625339690 75.554078 233
1732625349795 75.56983200000002 234
1732625359904 75.57677100000001 235
1732625370019 75.595145 236
1732625380125 75.62159699999995 237
1732625390219 75.63236199999994 238
1732625400310 75.63980200000003 239
1732625410416 75.65060800000003 240
1732625420523 75.65864199999999 241
1732625430612 75.67524200000003 242
1732625440718 75.68181000000004 243
1732625450806 75.68991800000003 244
1732625460914 75.697137 245
1732625471010 75.70490499999994 246
1732625481104 75.72146499999997 247
1732625491197 75.79083200000002 248
1732625501307 75.80527800000004 249
1732625511396 75.815923 250
1732625521456 75.82260099999996 251
1732625531522 75.83393999999998 252
1732625541623 75.84123199999999 253
1732625551732 75.84938599999998 254
1732625561836 75.857033 255
1732625571941 75.86553500000002 256
1732625582045 75.88143000000002 257
1732625592144 75.888688 258
1732625602245 75.89662799999996 259
1732625612334 75.91446099999996 260
1732625622442 75.92159300000003 261
1732625632547 75.93327999999997 262
1732625642645 75.940428 263
1732625652754 75.95083499999998 264
1732625662847 75.96739500000001 265
1732625672952 75.98679400000003 266
1732625683058 76.01638100000002 267
1732625693149 76.023327 268
1732625703276 76.03125299999999 269
1732625713395 76.03837699999997 270
1732625723484 76.05607799999996 271
1732625733584 76.06393400000002 272
1732625743693 76.09050400000001 273
1732625753804 76.10115699999994 274
1732625763911 76.10808699999995 275
1732625774022 76.11823800000002 276
1732625784133 76.127071 277
1732625794254 76.190742 278
1732625804363 76.197495 279
1732625814463 76.21379999999999 280
1732625824578 76.221495 281
1732625834656 76.22885199999996 282
1732625844779 76.24660199999994 283
1732625854895 76.25443799999994 284
1732625865006 76.26115800000002 285
1732625875109 76.27271299999995 286
1732625885212 76.28041999999994 287
1732625895312 76.32224299999996 288
1732625905429 76.33057999999994 289
1732625915534 76.33795899999996 290
1732625925641 76.34584499999994 291
1732625935739 76.36190899999997 292
1732625945851 76.36894299999994 293
1732625955960 76.37716799999998 294
1732625966078 76.39409 295
1732625976199 76.429888 296
1732625986307 76.44104000000004 297
1732625996406 76.44939799999997 298
1732626006518 76.45656899999994 299
1732626016631 76.46723599999996 300
1732626026752 76.47616900000003 301
1732626036847 76.48313299999995 302
1732626046952 76.498335 303
1732626057078 76.50603999999998 304
1732626067188 76.51388099999997 305
1732626077304 76.52789499999994 306
1732626087422 76.58308899999997 307
1732626097524 76.64745400000004 308
1732626107631 76.65819599999998 309
1732626117754 76.66692 310
1732626127867 76.68504999999993 311
1732626137995 76.69271700000002 312
1732626148092 76.70488799999998 313
1732626158219 76.71220700000003 314
1732626168332 76.71906999999999 315
1732626178434 76.72634199999993 316
1732626188538 76.73291399999994 317
1732626198663 76.74037199999998 318
1732626208765 76.76978399999996 319
1732626218868 76.77722700000004 320
1732626228944 76.78805899999998 321
1732626239116 76.79557699999998 322
1732626249225 76.805792 323
1732626259351 76.81430899999998 324
1732626269451 76.82297199999994 325
1732626279565 76.85866199999998 326
1732626289690 76.86707999999999 327
1732626299797 76.87421299999994 328
1732626309906 76.880945 329
1732626320006 76.888912 330
1732626330134 76.90597600000001 331
1732626340252 76.91263000000004 332
1732626350357 76.92414499999995 333
1732626360470 76.94015999999999 334
1732626370585 76.95188499999995 335
1732626380702 76.958396 336
1732626390817 77.02298799999994 337
1732626400935 77.03212899999994 338
1732626411063 77.03921400000002 339
1732626421158 77.04560600000002 340
1732626431270 77.11823100000004 341
1732626441384 77.13320399999998 342
1732626451501 77.15156100000002 343
1732626461617 77.15875700000004 344
1732626471734 77.16923999999995 345
1732626481851 77.17813100000001 346
1732626491966 77.18829700000003 347
1732626502074 77.19466899999998 348
1732626512188 77.21300399999996 349
1732626522312 77.22106499999995 350
1732626532428 77.22871599999996 351
1732626542536 77.23700599999995 352
1732626552644 77.243878 353
1732626562778 77.25157300000001 354
1732626572896 77.27869399999997 355
1732626583019 77.30568500000004 356
1732626593138 77.32444199999998 357
1732626603256 77.33146599999998 358
1732626613370 77.36944700000004 359
1732626623499 77.37805100000003 360
1732626633618 77.38525100000004 361
1732626643728 77.39317299999993 362
1732626653856 77.413996 363
1732626663958 77.42175899999995 364
1732626674105 77.439166 365
1732626684224 77.44610799999998 366
1732626694328 77.510853 367
1732626704435 77.518327 368
1732626714574 77.52500799999996 369
1732626724693 77.53375700000004 370
1732626734793 77.54173500000002 371
1732626744925 77.557815 372
1732626755034 77.56460900000002 373
1732626765125 77.57216199999993 374
1732626775257 77.579388 375
1732626785378 77.58660799999996 376
1732626795488 77.59418199999993 377
1732626805590 77.60233099999994 378
1732626815721 77.61004400000002 379
1732626825850 77.62603100000001 380
1732626835963 77.63341000000003 381
1732626846064 77.64202699999998 382
1732626856173 77.64877000000001 383
1732626866308 77.65552200000002 384
1732626876433 77.67397600000004 385
1732626886555 77.690652 386
1732626896672 77.698399 387
1732626906800 77.71388300000001 388
1732626916927 77.72075599999994 389
1732626927067 77.72868299999993 390
1732626937172 77.73561799999993 391
1732626947289 77.742478 392
1732626957406 77.75064299999997 393
1732626967536 77.757069 394
1732626977678 77.77343999999994 395
1732626987792 77.78096400000004 396
1732626997930 77.84506599999997 397
1732627008024 77.85278299999993 398
1732627018149 77.86020699999995 399
1732627028277 77.86711700000001 400
1732627038400 77.87542799999994 401
1732627048521 77.88178800000003 402
1732627058612 77.89855 403
1732627068699 77.90580799999998 404
1732627078825 77.91294099999993 405
1732627088948 77.91973899999994 406
1732627099075 77.92825700000003 407
1732627109209 77.93532099999993 408
1732627119343 77.94255799999996 409
1732627129473 77.959746 410
1732627139599 77.96722199999999 411
1732627149724 77.97456199999999 412
1732627159840 77.98119699999995 413
1732627169967 77.98907399999996 414
1732627180050 78.01727900000003 415
1732627190663 78.02531999999997 416
1732627200750 78.03411800000003 417
1732627210873 78.04929400000003 418
1732627220995 78.056871 419
1732627231097 78.06570799999997 420
1732627241184 78.07266800000002 421
1732627251309 78.08004600000004 422
1732627261434 78.08862399999998 423
1732627271564 78.09600499999999 424
1732627281676 78.10236499999996 425
1732627291774 78.17459899999994 426
1732627301899 78.18188999999995 427
1732627312038 78.18852600000002 428
1732627322167 78.19653500000004 429
1732627332291 78.20342700000003 430
1732627342411 78.21114899999998 431
1732627352523 78.21844199999998 432
1732627362658 78.233791 433
1732627372784 78.24223699999993 434
1732627382892 78.24936400000001 435
1732627393032 78.25783999999999 436
1732627403162 78.26595599999996 437
1732627413263 78.272472 438
1732627423384 78.28132900000003 439
1732627433503 78.28792099999998 440
1732627443622 78.30406500000004 441
1732627453728 78.31314999999995 442
1732627463951 78.32053499999995 443
1732627474083 78.32746899999995 444
1732627484211 78.35499800000002 445
1732627494326 78.36147500000004 446
1732627504462 78.36908800000003 447
1732627514583 78.378015 448
1732627524711 78.39376200000004 449
1732627534817 78.40252899999996 450
1732627544934 78.41010800000004 451
1732627555065 78.41767600000003 452
1732627565204 78.42519200000004 453
1732627575329 78.43983000000003 454
1732627585457 78.44847200000004 455
1732627595581 78.51519799999994 456
1732627605728 78.52340700000002 457
1732627615853 78.530621 458
1732627625978 78.538186 459
1732627636069 78.54493500000001 460
1732627646205 78.55312600000002 461
1732627656290 78.561422 462
1732627666430 78.56815399999994 463
1732627676544 78.59449900000004 464
1732627686685 78.601587 465
1732627696816 78.61120700000004 466
1732627706952 78.620135 467
1732627717314 78.62745899999993 468
1732627727413 78.64366899999993 469
1732627737548 78.66595099999995 470
1732627747676 78.67302299999994 471
1732627757793 78.69039399999997 472
1732627767928 78.69808 473
1732627778066 78.71551299999999 474
1732627788201 78.73348199999998 475
1732627798333 78.74074699999994 476
1732627808463 78.74782900000002 477
1732627818591 78.755988 478
1732627828737 78.76372300000003 479
1732627838866 78.79024200000003 480
1732627849009 78.84064699999999 481
1732627859119 78.84790399999997 482
1732627869235 78.85626000000002 483
1732627879360 78.88491799999997 484
1732627889500 78.89755200000002 485
1732627899637 78.97475999999995 486
1732627909770 79.00631099999998 487
1732627919864 79.01456799999994 488
1732627929987 79.021929 489
1732627940115 79.02902499999993 490
1732627950255 79.03631099999996 491
1732627960386 79.04418499999997 492
1732627970521 79.05369299999995 493
1732627980668 79.06077500000004 494
1732627990797 79.07750199999998 495
1732628000932 79.08596 496
1732628011082 79.09329600000001 497
1732628021212 79.09961299999998 498
1732628031322 79.107436 499
1732628041471 79.11563100000001 500
1732628051592 79.122705 501
1732628061721 79.13009399999999 502
1732628071872 79.14693599999998 503
1732628082022 79.17478500000004 504
1732628092175 79.18365499999993 505
1732628102310 79.19073100000003 506
1732628112438 79.19798700000001 507
1732628122587 79.20584799999995 508
1732628132732 79.21305799999993 509
1732628142879 79.22948299999996 510
1732628152991 79.23599000000002 511
1732628163124 79.242838 512
1732628173264 79.25134700000001 513
1732628183388 79.26806199999999 514
1732628193515 79.33294699999999 515
1732628203656 79.34027500000002 516
1732628213791 79.34824900000001 517
1732628223907 79.36523 518
1732628234038 79.37296900000001 519
1732628244191 79.37929599999995 520
1732628254337 79.38717699999995 521
1732628264469 79.39475200000004 522
1732628274600 79.40249800000004 523
1732628284769 79.41083000000003 524
1732628294902 79.42604499999993 525
1732628305051 79.44528100000002 526
1732628315199 79.45222799999999 527
1732628325328 79.46119299999998 528
1732628335463 79.46899499999995 529
1732628345602 79.47685200000001 530
1732628355741 79.48402599999997 531
1732628365878 79.49152100000003 532
1732628376017 79.50798199999997 533
1732628386128 79.53584699999999 534
1732628396259 79.54311399999995 535
1732628406401 79.550162 536
1732628416535 79.55881799999997 537
1732628426658 79.56593199999998 538
1732628436803 79.57273999999995 539
1732628446915 79.58256499999993 540
1732628457042 79.59769900000003 541
1732628467197 79.60664699999995 542
1732628477347 79.61348199999998 543
1732628487487 79.620542 544
