1732562879935 0.0 0
1732562890005 13.5 1
1732562900054 10.6 2
1732562910111 11.5 3
1732562920171 11.8 4
1732562930230 11.6 5
1732562940280 8.4 6
1732562950316 6.0 7
1732562960365 7.5 8
1732562970428 10.0 9
1732562980504 9.4 10
1732562990565 5.9 11
1732563000622 7.8 12
1732563010691 10.1 13
1732563020745 7.1 14
1732563030816 8.5 15
1732563040907 10.3 16
1732563050985 6.1 17
1732563061056 9.6 18
1732563071161 9.4 19
1732563081222 8.5 20
1732563091296 8.4 21
1732563101363 10.4 22
1732563111445 8.4 23
1732563121510 8.4 24
1732563131585 10.1 25
1732563141664 7.8 26
1732563151722 9.7 27
1732563161776 6.6 28
1732563171860 10.1 29
1732563181930 8.2 30
1732563192004 8.1 31
1732563202072 8.2 32
1732563212158 7.3 33
1732563222232 10.1 34
1732563232295 10.1 35
1732563242374 7.1 36
1732563252459 9.3 37
1732563262604 8.0 38
1732563272674 6.8 39
1732563282730 7.7 40
1732563292815 11.8 41
1732563302881 12.2 42
1732563312950 10.6 43
1732563323020 11.2 44
1732563333102 9.7 45
1732563343182 8.3 46
1732563353269 9.9 47
1732563363349 11.7 48
1732563373424 10.1 49
1732563383493 10.7 50
1732563393568 12.6 51
1732563403640 13.3 52
1732563413732 9.9 53
1732563423800 9.5 54
1732563433886 10.1 55
1732563443954 9.2 56
1732563454024 8.5 57
1732563464097 9.1 58
1732563474183 11.4 59
1732563484266 9.2 60
1732563494341 7.6 61
1732563504414 7.6 62
1732563514499 10.7 63
1732563524562 8.4 64
1732563534626 7.7 65
1732563544711 9.8 66
1732563554787 8.9 67
1732563564867 6.4 68
1732563574934 8.2 69
1732563585014 9.1 70
1732563595080 9.6 71
1732563605153 11.4 72
1732563615233 11.0 73
1732563625310 10.4 74
1732563635369 8.2 75
1732563645436 8.9 76
1732563655516 7.9 77
1732563665610 7.0 78
1732563675698 10.7 79
1732563685785 7.9 80
1732563695872 8.9 81
1732563705952 8.9 82
1732563716037 6.5 83
1732563726121 6.2 84
1732563736210 8.2 85
1732563746296 10.5 86
1732563756362 8.1 87
1732563766447 6.7 88
1732563776519 8.6 89
1732563786600 10.4 90
1732563796677 6.2 91
1732563806762 6.6 92
1732563816851 8.6 93
1732563826926 8.8 94
1732563837014 8.5 95
1732563847102 9.8 96
1732563857191 8.3 97
1732563867271 8.4 98
1732563877357 8.7 99
1732563887430 6.1 100
1732563897522 9.3 101
1732563907608 8.4 102
1732563917684 8.7 103
1732563927761 8.7 104
1732563937853 6.6 105
1732563947926 8.4 106
1732563958026 7.2 107
1732563968116 6.7 108
1732563978188 11.1 109
1732563988267 9.1 110
1732563998358 11.9 111
1732564008452 10.7 112
1732564018516 12.8 113
1732564028596 7.0 114
1732564038691 8.0 115
1732564048779 10.3 116
1732564058869 7.0 117
1732564068967 10.2 118
1732564079047 10.6 119
1732564089137 11.5 120
1732564099220 9.2 121
1732564109289 6.9 122
1732564119358 12.9 123
1732564129459 10.1 124
1732564139536 9.8 125
1732564149632 11.6 126
1732564159713 10.7 127
1732564169792 7.2 128
1732564179878 8.0 129
1732564189960 7.7 130
1732564200072 9.5 131
1732564210166 8.4 132
1732564220244 9.2 133
1732564230330 9.3 134
1732564240384 10.5 135
1732564250473 9.5 136
1732564260539 10.0 137
1732564270623 11.2 138
1732564280704 9.9 139
1732564290781 10.6 140
1732564300874 10.4 141
1732564310968 10.0 142
1732564321037 8.5 143
1732564331113 9.0 144
1732564341189 7.9 145
1732564351273 10.0 146
1732564361344 10.1 147
1732564371444 8.4 148
1732564381526 9.6 149
1732564391604 6.7 150
1732564401685 6.8 151
1732564411757 8.7 152
1732564421824 8.5 153
1732564431889 6.9 154
1732564441970 9.0 155
1732564452070 9.9 156
1732564462158 8.3 157
1732564472250 8.5 158
1732564482344 9.8 159
1732564492423 9.1 160
1732564502514 10.9 161
1732564512610 10.3 162
1732564522707 8.6 163
1732564532804 9.8 164
1732564542899 6.5 165
1732564552993 7.9 166
1732564563094 7.6 167
1732564573157 9.8 168
1732564583249 8.1 169
1732564593357 7.5 170
1732564603421 9.6 171
1732564613511 6.9 172
1732564623614 7.6 173
1732564633708 8.8 174
1732564643804 8.1 175
1732564653899 8.3 176
1732564664008 7.2 177
1732564674114 7.9 178
1732564684217 7.7 179
1732564694313 7.2 180
1732564704405 7.9 181
1732564714505 9.2 182
1732564724590 8.0 183
1732564734687 10.8 184
1732564744780 10.2 185
1732564754891 9.7 186
1732564764971 9.6 187
1732564775067 9.7 188
1732564785163 7.1 189
1732564795252 9.0 190
1732564805339 10.2 191
1732564815401 9.7 192
1732564825905 7.9 193
1732564836004 9.2 194
1732564846089 7.0 195
1732564856186 10.2 196
1732564866275 6.7 197
1732564876368 9.0 198
1732564886422 7.9 199
1732564896535 10.5 200
1732564906630 7.0 201
1732564916698 8.2 202
1732564926802 10.1 203
1732564936895 13.2 204
1732564946999 11.1 205
1732564957090 11.7 206
1732564967206 9.9 207
1732564977302 8.0 208
1732564987404 8.8 209
1732564997497 13.0 210
1732565007581 8.9 211
1732565017683 8.0 212
1732565027782 12.7 213
1732565037864 11.6 214
1732565047978 10.9 215
1732565058065 8.7 216
1732565068160 8.7 217
1732565078263 7.3 218
1732565088361 10.0 219
1732565098472 7.0 220
1732565108572 10.0 221
1732565118667 7.8 222
1732565128780 7.4 223
1732565138874 7.5 224
1732565148979 9.5 225
1732565159054 11.1 226
1732565169149 7.8 227
1732565179233 8.9 228
1732565189329 11.5 229
1732565199432 9.6 230
1732565209514 7.8 231
1732565219616 9.1 232
1732565229718 11.1 233
1732565239818 10.6 234
1732565249926 9.5 235
1732565260038 10.2 236
1732565270100 8.4 237
1732565280193 8.8 238
1732565290287 12.7 239
1732565300393 12.8 240
1732565310499 7.6 241
1732565320587 9.3 242
1732565330695 10.9 243
1732565340785 10.7 244
1732565350882 8.7 245
1732565360974 9.6 246
1732565371084 10.7 247
1732565381191 11.4 248
1732565391303 6.8 249
1732565401412 11.6 250
1732565411498 9.6 251
1732565421617 10.1 252
1732565431724 9.6 253
1732565441795 9.9 254
1732565451885 9.9 255
1732565462000 8.0 256
1732565472122 9.5 257
1732565482213 9.0 258
1732565492322 8.9 259
1732565502435 8.0 260
1732565512543 10.2 261
1732565522616 7.4 262
1732565532699 9.4 263
1732565542815 9.7 264
1732565552927 9.8 265
1732565563043 7.6 266
1732565573135 8.5 267
1732565583226 9.8 268
1732565593288 9.1 269
1732565603398 5.7 270
1732565613497 8.8 271
1732565623612 10.2 272
1732565633741 7.2 273
1732565643850 7.5 274
1732565653962 8.2 275
1732565664078 10.3 276
1732565674170 7.4 277
1732565684284 8.7 278
1732565694377 10.1 279
1732565704473 7.9 280
1732565714589 9.2 281
1732565724704 7.9 282
1732565734815 8.8 283
1732565744919 9.1 284
1732565755038 9.0 285
1732565765154 7.8 286
1732565775257 8.5 287
1732565785347 8.2 288
1732565795422 8.4 289
1732565805491 7.6 290
1732565815580 9.5 291
1732565825700 8.8 292
1732565835812 8.5 293
1732565845929 8.4 294
1732565856044 7.3 295
1732565866155 10.4 296
1732565876265 10.5 297
1732565886380 8.1 298
1732565896461 7.6 299
1732565906560 10.7 300
1732565916669 8.7 301
1732565926775 8.3 302
1732565936872 7.3 303
1732565946983 8.5 304
1732565957087 10.5 305
1732565967151 8.2 306
1732565977645 8.9 307
1732565987763 8.2 308
1732565997825 8.7 309
1732566007923 11.3 310
1732566018030 8.4 311
1732566028114 9.4 312
1732566038181 11.5 313
1732566048274 11.4 314
1732566058360 9.5 315
1732566068469 9.6 316
1732566078545 8.1 317
1732566088629 8.1 318
1732566098725 13.2 319
1732566108815 9.2 320
1732566118889 9.3 321
1732566129012 8.9 322
1732566139117 8.1 323
1732566149238 6.0 324
1732566159353 8.2 325
1732566169471 9.6 326
1732566179580 9.4 327
1732566189691 10.6 328
1732566199788 12.2 329
1732566209904 7.3 330
1732566220020 10.6 331
1732566230134 9.3 332
1732566240244 11.2 333
1732566250359 9.5 334
1732566260448 9.1 335
1732566270554 8.5 336
1732566281079 7.4 337
1732566291194 8.8 338
1732566301335 7.1 339
1732566311439 10.4 340
1732566321561 8.3 341
1732566331635 7.9 342
1732566341733 9.4 343
1732566351836 5.2 344
1732566361956 8.7 345
1732566372076 6.1 346
1732566382184 6.8 347
1732566392293 8.7 348
1732566402409 7.6 349
1732566412533 8.6 350
1732566422640 9.0 351
1732566432769 6.7 352
1732566442875 8.6 353
1732566452989 8.2 354
1732566463113 8.4 355
1732566473240 8.7 356
1732566483366 8.2 357
1732566493479 8.1 358
1732566503596 9.7 359
1732566513721 8.5 360
1732566523831 6.9 361
1732566533959 8.2 362
1732566544089 8.8 363
1732566554210 8.8 364
1732566564331 8.1 365
1732566574435 7.9 366
1732566584558 8.6 367
1732566594697 7.3 368
1732566604830 7.1 369
1732566614937 8.8 370
1732566625065 9.2 371
1732566635202 8.1 372
1732566645335 8.0 373
1732566655441 10.1 374
1732566665551 6.0 375
1732566675674 6.5 376
1732566685804 5.7 377
1732566695919 10.1 378
1732566706054 8.3 379
1732566716190 8.1 380
1732566726308 10.1 381
1732566736412 8.8 382
1732566746488 7.8 383
1732566756602 9.1 384
1732566766726 10.3 385
1732566776841 10.1 386
1732566786925 8.2 387
1732566797043 8.2 388
1732566807129 7.9 389
1732566817229 7.0 390
1732566827318 8.7 391
1732566837436 8.2 392
1732566847557 8.9 393
1732566857682 7.8 394
1732566867817 9.7 395
1732566877942 8.2 396
1732566888039 6.9 397
1732566898185 8.6 398
1732566908316 7.8 399
1732566918437 8.0 400
1732566928557 7.3 401
1732566938661 9.3 402
1732566948770 8.6 403
1732566958846 6.8 404
1732566968970 6.4 405
1732566979101 5.6 406
1732566989230 8.3 407
1732566999369 10.2 408
1732567009487 10.2 409
1732567019611 7.3 410
1732567029756 5.8 411
1732567039861 8.6 412
1732567049985 8.9 413
1732567060086 8.6 414
1732567070209 8.2 415
1732567080339 7.6 416
1732567090464 7.6 417
1732567100588 6.2 418
1732567110717 7.9 419
1732567120848 8.3 420
1732567130947 7.7 421
1732567141071 7.5 422
1732567151193 6.7 423
1732567161409 7.2 424
1732567171509 8.8 425
1732567181628 6.9 426
1732567191764 9.5 427
1732567201895 6.6 428
1732567212037 9.6 429
1732567222166 7.7 430
1732567232291 8.7 431
1732567242378 6.5 432
1732567252507 7.1 433
1732567262612 9.2 434
1732567272756 8.0 435
1732567282897 8.2 436
1732567293017 10.0 437
1732567303144 7.3 438
1732567313297 6.7 439
1732567323403 7.1 440
1732567333525 8.3 441
1732567343647 7.5 442
1732567353782 7.7 443
1732567363925 8.3 444
1732567374060 9.5 445
1732567384196 7.1 446
1732567394324 5.6 447
1732567404470 6.7 448
1732567414598 9.9 449
1732567424734 4.7 450
1732567434891 8.8 451
1732567445028 7.9 452
1732567455151 8.1 453
1732567465288 8.1 454
1732567475412 6.2 455
1732567485491 8.8 456
1732567495645 5.4 457
1732567505773 9.0 458
1732567515920 8.1 459
1732567526057 7.2 460
1732567536188 10.1 461
1732567546316 6.7 462
1732567556452 8.6 463
1732567566572 7.7 464
1732567576701 7.3 465
1732567586847 9.7 466
1732567596990 6.6 467
1732567607117 9.9 468
1732567617256 6.2 469
1732567627387 7.7 470
1732567637522 6.1 471
1732567647654 9.7 472
1732567657797 8.5 473
1732567667927 8.6 474
1732567678054 7.4 475
