1732562879935 122693.7 0
1732562890005 122693.7 1
1732562900054 122693.7 2
1732562910111 122693.7 3
1732562920171 122693.7 4
1732562930230 122693.7 5
1732562940280 122693.7 6
1732562950316 122693.8 7
1732562960365 122693.8 8
1732562970428 122693.8 9
1732562980504 122693.8 10
1732562990565 122693.8 11
1732563000622 122693.8 12
1732563010691 122693.8 13
1732563020745 122693.8 14
1732563030816 122693.9 15
1732563040907 122693.9 16
1732563050985 122693.9 17
1732563061056 122693.9 18
1732563071161 122693.9 19
1732563081222 122693.9 20
1732563091296 122693.9 21
1732563101363 122694.0 22
1732563111445 122694.0 23
1732563121510 122694.0 24
1732563131585 122694.0 25
1732563141664 122694.1 26
1732563151722 122694.1 27
1732563161776 122694.1 28
1732563171860 122694.1 29
1732563181930 122694.1 30
1732563192004 122694.1 31
1732563202072 122694.2 32
1732563212158 122694.2 33
1732563222232 122694.2 34
1732563232295 122694.2 35
1732563242374 122694.2 36
1732563252459 122694.2 37
1732563262604 122694.3 38
1732563272674 122694.3 39
1732563282730 122694.3 40
1732563292815 122696.1 41
1732563302881 122698.3 42
1732563312950 122700.9 43
1732563323020 122701.5 44
1732563333102 122704.2 45
1732563343182 122704.3 46
1732563353269 122704.4 47
1732563363349 122704.8 48
1732563373424 122704.9 49
1732563383493 122705.4 50
1732563393568 122704.7 51
1732563403640 122679.7 52
1732563413732 122680.0 53
1732563423800 122680.4 54
1732563433886 122681.3 55
1732563443954 122680.4 56
1732563454024 122680.4 57
1732563464097 122680.4 58
1732563474183 122680.5 59
1732563484266 122680.6 60
1732563494341 122681.1 61
1732563504414 122681.1 62
1732563514499 122681.1 63
1732563524562 122681.0 64
1732563534626 122681.1 65
1732563544711 122681.1 66
1732563554787 122681.2 67
1732563564867 122681.2 68
1732563574934 122681.2 69
1732563585014 122681.2 70
1732563595080 122681.2 71
1732563605153 122681.2 72
1732563615233 122670.5 73
1732563625310 122670.6 74
1732563635369 122670.7 75
1732563645436 122670.7 76
1732563655516 122670.5 77
1732563665610 122670.5 78
1732563675698 122670.5 79
1732563685785 122670.5 80
1732563695872 122670.6 81
1732563705952 122670.6 82
1732563716037 122670.6 83
1732563726121 122670.6 84
1732563736210 122670.7 85
1732563746296 122670.7 86
1732563756362 122670.7 87
1732563766447 122670.7 88
1732563776519 122670.7 89
1732563786600 122670.8 90
1732563796677 122670.8 91
1732563806762 122670.8 92
1732563816851 122670.8 93
1732563826926 122670.8 94
1732563837014 122670.9 95
1732563847102 122670.9 96
1732563857191 122670.9 97
1732563867271 122670.9 98
1732563877357 122671.0 99
1732563887430 122671.0 100
1732563897522 122671.0 101
1732563907608 122671.0 102
1732563917684 122671.0 103
1732563927761 122671.1 104
1732563937853 122671.1 105
1732563947926 122671.1 106
1732563958026 122671.1 107
1732563968116 122671.1 108
1732563978188 122671.1 109
1732563988267 122671.2 110
1732563998358 122671.2 111
1732564008452 122673.3 112
1732564018516 122675.4 113
1732564028596 122675.3 114
1732564038691 122675.2 115
1732564048779 122675.3 116
1732564058869 122675.3 117
1732564068967 122675.3 118
1732564079047 122676.2 119
1732564089137 122679.5 120
1732564099220 122696.7 121
1732564109289 122697.1 122
1732564119358 122691.2 123
1732564129459 122691.2 124
1732564139536 122691.3 125
1732564149632 122689.8 126
1732564159713 122689.9 127
1732564169792 122689.9 128
1732564179878 122689.9 129
1732564189960 122690.1 130
1732564200072 122690.1 131
1732564210166 122690.2 132
1732564220244 122690.2 133
1732564230330 122690.2 134
1732564240384 122690.2 135
1732564250473 122690.3 136
1732564260539 122694.3 137
1732564270623 122684.9 138
1732564280704 122687.2 139
1732564290781 122687.2 140
1732564300874 122687.3 141
1732564310968 122688.0 142
1732564321037 122688.1 143
1732564331113 122688.2 144
1732564341189 122690.3 145
1732564351273 122690.3 146
1732564361344 122690.3 147
1732564371444 122690.3 148
1732564381526 122690.1 149
1732564391604 122690.1 150
1732564401685 122690.2 151
1732564411757 122690.2 152
1732564421824 122690.2 153
1732564431889 122690.2 154
1732564441970 122690.2 155
1732564452070 122690.2 156
1732564462158 122690.3 157
1732564472250 122690.3 158
1732564482344 122690.4 159
1732564492423 122690.4 160
1732564502514 122690.4 161
1732564512610 122690.4 162
1732564522707 122698.8 163
1732564532804 122698.8 164
1732564542899 122698.8 165
1732564552993 122698.9 166
1732564563094 122698.9 167
1732564573157 122698.9 168
1732564583249 122698.9 169
1732564593357 122698.9 170
1732564603421 122698.9 171
1732564613511 122698.9 172
1732564623614 122699.0 173
1732564633708 122699.0 174
1732564643804 122699.0 175
1732564653899 122699.0 176
1732564664008 122699.0 177
1732564674114 122699.0 178
1732564684217 122699.1 179
1732564694313 122699.1 180
1732564704405 122699.1 181
1732564714505 122699.1 182
1732564724590 122699.4 183
1732564734687 122699.3 184
1732564744780 122699.5 185
1732564754891 122699.5 186
1732564764971 122699.5 187
1732564775067 122699.6 188
1732564785163 122699.7 189
1732564795252 122699.7 190
1732564805339 122699.7 191
1732564815401 122699.7 192
1732564825905 122699.8 193
1732564836004 122699.8 194
1732564846089 122699.8 195
1732564856186 122699.8 196
1732564866275 122699.8 197
1732564876368 122699.8 198
1732564886422 122699.8 199
1732564896535 122699.8 200
1732564906630 122699.9 201
1732564916698 122699.9 202
1732564926802 122700.8 203
1732564936895 122703.4 204
1732564946999 122707.8 205
1732564957090 122678.3 206
1732564967206 122688.0 207
1732564977302 122691.5 208
1732564987404 122692.1 209
1732564997497 122692.7 210
1732565007581 122709.4 211
1732565017683 122710.7 212
1732565027782 122710.8 213
1732565037864 122710.8 214
1732565047978 122710.8 215
1732565058065 122710.9 216
1732565068160 122711.1 217
1732565078263 122711.1 218
1732565088361 122711.1 219
1732565098472 122711.2 220
1732565108572 122711.2 221
1732565118667 122711.2 222
1732565128780 122711.2 223
1732565138874 122711.3 224
1732565148979 122711.8 225
1732565159054 122712.0 226
1732565169149 122712.0 227
1732565179233 122712.0 228
1732565189329 122712.0 229
1732565199432 122712.1 230
1732565209514 122690.8 231
1732565219616 122690.8 232
1732565229718 122690.8 233
1732565239818 122690.9 234
1732565249926 122690.8 235
1732565260038 122690.9 236
1732565270100 122690.9 237
1732565280193 122681.3 238
1732565290287 122690.7 239
1732565300393 122693.9 240
1732565310499 122693.9 241
1732565320587 122700.7 242
1732565330695 122705.5 243
1732565340785 122706.4 244
1732565350882 122706.5 245
1732565360974 122706.7 246
1732565371084 122707.1 247
1732565381191 122707.3 248
1732565391303 122707.3 249
1732565401412 122710.3 250
1732565411498 122711.2 251
1732565421617 122710.8 252
1732565431724 122711.1 253
1732565441795 122711.2 254
1732565451885 122711.2 255
1732565462000 122713.2 256
1732565472122 122713.2 257
1732565482213 122713.3 258
1732565492322 122713.3 259
1732565502435 122713.4 260
1732565512543 122713.4 261
1732565522616 122713.4 262
1732565532699 122713.4 263
1732565542815 122713.4 264
1732565552927 122713.5 265
1732565563043 122713.5 266
1732565573135 122713.5 267
1732565583226 122713.5 268
1732565593288 122713.5 269
1732565603398 122713.6 270
1732565613497 122713.6 271
1732565623612 122713.6 272
1732565633741 122713.6 273
1732565643850 122713.6 274
1732565653962 122713.6 275
1732565664078 122713.6 276
1732565674170 122713.6 277
1732565684284 122713.6 278
1732565694377 122713.6 279
1732565704473 122713.7 280
1732565714589 122713.7 281
1732565724704 122713.7 282
1732565734815 122713.8 283
1732565744919 122713.8 284
1732565755038 122713.8 285
1732565765154 122713.8 286
1732565775257 122713.8 287
1732565785347 122713.8 288
1732565795422 122713.9 289
1732565805491 122713.9 290
1732565815580 122713.9 291
1732565825700 122713.9 292
1732565835812 122713.9 293
1732565845929 122713.9 294
1732565856044 122714.0 295
1732565866155 122713.9 296
1732565876265 122714.0 297
1732565886380 122714.0 298
1732565896461 122714.0 299
1732565906560 122714.0 300
1732565916669 122714.0 301
1732565926775 122714.0 302
1732565936872 122714.1 303
1732565946983 122714.1 304
1732565957087 122714.1 305
1732565967151 122714.1 306
1732565977645 122714.1 307
1732565987763 122714.1 308
1732565997825 122714.2 309
1732566007923 122714.2 310
1732566018030 122711.7 311
1732566028114 122701.8 312
1732566038181 122702.0 313
1732566048274 122702.5 314
1732566058360 122696.9 315
1732566068469 122696.9 316
1732566078545 122696.9 317
1732566088629 122697.0 318
1732566098725 122684.4 319
1732566108815 122684.6 320
1732566118889 122684.6 321
1732566129012 122686.4 322
1732566139117 122686.4 323
1732566149238 122686.4 324
1732566159353 122686.5 325
1732566169471 122688.0 326
1732566179580 122688.1 327
1732566189691 122688.1 328
1732566199788 122688.8 329
1732566209904 122688.9 330
1732566220020 122689.8 331
1732566230134 122691.0 332
1732566240244 122686.4 333
1732566250359 122687.3 334
1732566260448 122687.3 335
1732566270554 122687.3 336
1732566281079 122687.3 337
1732566291194 122687.3 338
1732566301335 122687.3 339
1732566311439 122687.3 340
1732566321561 122687.3 341
1732566331635 122687.3 342
1732566341733 122687.4 343
1732566351836 122687.4 344
1732566361956 122687.4 345
1732566372076 122687.4 346
1732566382184 122687.4 347
1732566392293 122687.4 348
1732566402409 122687.4 349
1732566412533 122687.4 350
1732566422640 122687.5 351
1732566432769 122687.4 352
1732566442875 122687.5 353
1732566452989 122687.5 354
1732566463113 122687.5 355
1732566473240 122687.5 356
1732566483366 122687.5 357
1732566493479 122687.5 358
1732566503596 122687.6 359
1732566513721 122687.6 360
1732566523831 122687.6 361
1732566533959 122687.6 362
1732566544089 122687.7 363
1732566554210 122687.7 364
1732566564331 122687.7 365
1732566574435 122687.8 366
1732566584558 122687.7 367
1732566594697 122687.8 368
1732566604830 122687.8 369
1732566614937 122687.8 370
1732566625065 122687.8 371
1732566635202 122687.8 372
1732566645335 122687.8 373
1732566655441 122687.9 374
1732566665551 122687.9 375
1732566675674 122687.9 376
1732566685804 122687.9 377
1732566695919 122687.9 378
1732566706054 122687.9 379
1732566716190 122687.9 380
1732566726308 122687.9 381
1732566736412 122687.9 382
1732566746488 122688.0 383
1732566756602 122688.0 384
1732566766726 122688.0 385
1732566776841 122688.0 386
1732566786925 122688.0 387
1732566797043 122688.0 388
1732566807129 122688.0 389
1732566817229 122688.1 390
1732566827318 122688.1 391
1732566837436 122688.1 392
1732566847557 122688.1 393
1732566857682 122688.2 394
1732566867817 122688.2 395
1732566877942 122688.2 396
1732566888039 122688.2 397
1732566898185 122688.2 398
1732566908316 122688.2 399
1732566918437 122690.1 400
1732566928557 122690.1 401
1732566938661 122690.1 402
1732566948770 122690.1 403
1732566958846 122690.1 404
1732566968970 122690.2 405
1732566979101 122690.2 406
1732566989230 122690.2 407
1732566999369 122690.2 408
1732567009487 122690.2 409
1732567019611 122690.2 410
1732567029756 122690.2 411
1732567039861 122690.2 412
1732567049985 122690.3 413
1732567060086 122690.3 414
1732567070209 122690.3 415
1732567080339 122690.3 416
1732567090464 122690.3 417
1732567100588 122690.3 418
1732567110717 122690.3 419
1732567120848 122690.3 420
1732567130947 122690.4 421
1732567141071 122690.4 422
1732567151193 122690.4 423
1732567161409 122690.4 424
1732567171509 122690.5 425
1732567181628 122623.1 426
1732567191764 122623.1 427
1732567201895 122623.1 428
1732567212037 122623.1 429
1732567222166 122623.1 430
1732567232291 122623.1 431
1732567242378 122623.1 432
1732567252507 122623.2 433
1732567262612 122623.2 434
1732567272756 122623.2 435
1732567282897 122623.2 436
1732567293017 122623.2 437
1732567303144 122623.2 438
1732567313297 122623.2 439
1732567323403 122623.2 440
1732567333525 122623.2 441
1732567343647 122623.3 442
1732567353782 122623.3 443
1732567363925 122623.3 444
1732567374060 122623.3 445
1732567384196 122623.3 446
1732567394324 122623.3 447
1732567404470 122623.3 448
1732567414598 122623.3 449
1732567424734 122623.4 450
1732567434891 122623.3 451
1732567445028 122623.4 452
1732567455151 122623.4 453
1732567465288 122623.4 454
1732567475412 122623.4 455
1732567485491 122623.4 456
1732567495645 122623.5 457
1732567505773 122623.5 458
1732567515920 122623.5 459
1732567526057 122623.5 460
1732567536188 122623.6 461
1732567546316 122623.6 462
1732567556452 122623.6 463
1732567566572 122623.6 464
1732567576701 122623.6 465
1732567586847 122623.6 466
1732567596990 122623.6 467
1732567607117 122623.6 468
1732567617256 122623.6 469
1732567627387 122623.7 470
1732567637522 122623.7 471
1732567647654 122623.7 472
1732567657797 122623.7 473
1732567667927 122623.7 474
1732567678054 122623.7 475
