1732562879935 139684.0 0
1732562890005 139684.0 1
1732562900054 139684.0 2
1732562910111 139684.0 3
1732562920171 139683.9 4
1732562930230 139683.9 5
1732562940280 139683.9 6
1732562950316 139683.9 7
1732562960365 139683.9 8
1732562970428 139683.9 9
1732562980504 139683.9 10
1732562990565 139683.9 11
1732563000622 139683.9 12
1732563010691 139683.8 13
1732563020745 139683.8 14
1732563030816 139683.8 15
1732563040907 139683.8 16
1732563050985 139683.8 17
1732563061056 139683.8 18
1732563071161 139683.8 19
1732563081222 139683.7 20
1732563091296 139683.7 21
1732563101363 139683.7 22
1732563111445 139683.7 23
1732563121510 139683.7 24
1732563131585 139683.7 25
1732563141664 139683.6 26
1732563151722 139683.6 27
1732563161776 139683.6 28
1732563171860 139683.6 29
1732563181930 139683.5 30
1732563192004 139683.5 31
1732563202072 139683.5 32
1732563212158 139683.5 33
1732563222232 139683.5 34
1732563232295 139683.5 35
1732563242374 139683.5 36
1732563252459 139683.4 37
1732563262604 139683.4 38
1732563272674 139683.4 39
1732563282730 139683.4 40
1732563292815 139681.6 41
1732563302881 139679.4 42
1732563312950 139676.7 43
1732563323020 139676.2 44
1732563333102 139673.4 45
1732563343182 139673.4 46
1732563353269 139673.3 47
1732563363349 139672.9 48
1732563373424 139672.8 49
1732563383493 139672.2 50
1732563393568 139673.0 51
1732563403640 139697.9 52
1732563413732 139697.6 53
1732563423800 139697.3 54
1732563433886 139696.4 55
1732563443954 139697.2 56
1732563454024 139697.3 57
1732563464097 139697.2 58
1732563474183 139697.2 59
1732563484266 139697.0 60
1732563494341 139696.6 61
1732563504414 139696.5 62
1732563514499 139696.6 63
1732563524562 139696.6 64
1732563534626 139696.6 65
1732563544711 139696.5 66
1732563554787 139696.5 67
1732563564867 139696.5 68
1732563574934 139696.5 69
1732563585014 139696.5 70
1732563595080 139696.4 71
1732563605153 139696.4 72
1732563615233 139707.1 73
1732563625310 139707.1 74
1732563635369 139707.0 75
1732563645436 139707.0 76
1732563655516 139707.2 77
1732563665610 139707.2 78
1732563675698 139707.2 79
1732563685785 139707.1 80
1732563695872 139707.1 81
1732563705952 139707.1 82
1732563716037 139707.1 83
1732563726121 139707.0 84
1732563736210 139707.0 85
1732563746296 139707.0 86
1732563756362 139707.0 87
1732563766447 139707.0 88
1732563776519 139706.9 89
1732563786600 139706.9 90
1732563796677 139706.9 91
1732563806762 139706.9 92
1732563816851 139706.8 93
1732563826926 139706.8 94
1732563837014 139706.8 95
1732563847102 139706.8 96
1732563857191 139706.8 97
1732563867271 139706.7 98
1732563877357 139706.7 99
1732563887430 139706.7 100
1732563897522 139706.7 101
1732563907608 139706.6 102
1732563917684 139706.6 103
1732563927761 139706.6 104
1732563937853 139706.6 105
1732563947926 139706.6 106
1732563958026 139706.6 107
1732563968116 139706.6 108
1732563978188 139706.5 109
1732563988267 139706.5 110
1732563998358 139706.5 111
1732564008452 139704.4 112
1732564018516 139702.3 113
1732564028596 139702.4 114
1732564038691 139702.4 115
1732564048779 139702.4 116
1732564058869 139702.3 117
1732564068967 139702.3 118
1732564079047 139701.5 119
1732564089137 139698.1 120
1732564099220 139680.9 121
1732564109289 139680.5 122
1732564119358 139686.4 123
1732564129459 139686.4 124
1732564139536 139686.4 125
1732564149632 139687.8 126
1732564159713 139687.8 127
1732564169792 139687.8 128
1732564179878 139687.8 129
1732564189960 139687.6 130
1732564200072 139687.6 131
1732564210166 139687.5 132
1732564220244 139687.5 133
1732564230330 139687.4 134
1732564240384 139687.4 135
1732564250473 139687.3 136
1732564260539 139683.3 137
1732564270623 139692.8 138
1732564280704 139690.4 139
1732564290781 139690.4 140
1732564300874 139690.3 141
1732564310968 139689.6 142
1732564321037 139689.5 143
1732564331113 139689.5 144
1732564341189 139687.4 145
1732564351273 139687.4 146
1732564361344 139687.4 147
1732564371444 139687.4 148
1732564381526 139687.5 149
1732564391604 139687.5 150
1732564401685 139687.5 151
1732564411757 139687.5 152
1732564421824 139687.5 153
1732564431889 139687.5 154
1732564441970 139687.4 155
1732564452070 139687.4 156
1732564462158 139687.4 157
1732564472250 139687.3 158
1732564482344 139687.3 159
1732564492423 139687.3 160
1732564502514 139687.3 161
1732564512610 139687.3 162
1732564522707 139678.9 163
1732564532804 139678.8 164
1732564542899 139678.8 165
1732564552993 139678.8 166
1732564563094 139678.8 167
1732564573157 139678.8 168
1732564583249 139678.8 169
1732564593357 139678.7 170
1732564603421 139678.7 171
1732564613511 139678.7 172
1732564623614 139678.7 173
1732564633708 139678.7 174
1732564643804 139678.7 175
1732564653899 139678.7 176
1732564664008 139678.6 177
1732564674114 139678.6 178
1732564684217 139678.6 179
1732564694313 139678.6 180
1732564704405 139678.6 181
1732564714505 139678.6 182
1732564724590 139678.3 183
1732564734687 139678.3 184
1732564744780 139678.2 185
1732564754891 139678.1 186
1732564764971 139678.1 187
1732564775067 139678.0 188
1732564785163 139678.0 189
1732564795252 139678.0 190
1732564805339 139678.0 191
1732564815401 139677.9 192
1732564825905 139677.9 193
1732564836004 139677.9 194
1732564846089 139677.9 195
1732564856186 139677.8 196
1732564866275 139677.8 197
1732564876368 139677.8 198
1732564886422 139677.8 199
1732564896535 139677.8 200
1732564906630 139677.8 201
1732564916698 139677.8 202
1732564926802 139676.8 203
1732564936895 139674.2 204
1732564946999 139669.8 205
1732564957090 139699.4 206
1732564967206 139689.7 207
1732564977302 139686.1 208
1732564987404 139685.6 209
1732564997497 139684.9 210
1732565007581 139668.2 211
1732565017683 139667.0 212
1732565027782 139666.9 213
1732565037864 139666.8 214
1732565047978 139666.8 215
1732565058065 139666.8 216
1732565068160 139666.6 217
1732565078263 139666.6 218
1732565088361 139666.6 219
1732565098472 139666.4 220
1732565108572 139666.4 221
1732565118667 139666.4 222
1732565128780 139666.4 223
1732565138874 139666.4 224
1732565148979 139665.9 225
1732565159054 139665.7 226
1732565169149 139665.6 227
1732565179233 139665.7 228
1732565189329 139665.6 229
1732565199432 139665.6 230
1732565209514 139686.8 231
1732565219616 139686.8 232
1732565229718 139686.9 233
1732565239818 139686.8 234
1732565249926 139686.8 235
1732565260038 139686.8 236
1732565270100 139686.8 237
1732565280193 139696.3 238
1732565290287 139686.9 239
1732565300393 139683.7 240
1732565310499 139683.8 241
1732565320587 139677.0 242
1732565330695 139672.1 243
1732565340785 139671.2 244
1732565350882 139671.1 245
1732565360974 139671.0 246
1732565371084 139670.5 247
1732565381191 139670.4 248
1732565391303 139670.4 249
1732565401412 139667.3 250
1732565411498 139666.5 251
1732565421617 139666.8 252
1732565431724 139666.6 253
1732565441795 139666.5 254
1732565451885 139666.4 255
1732565462000 139664.5 256
1732565472122 139664.4 257
1732565482213 139664.4 258
1732565492322 139664.3 259
1732565502435 139664.3 260
1732565512543 139664.3 261
1732565522616 139664.3 262
1732565532699 139664.2 263
1732565542815 139664.2 264
1732565552927 139664.2 265
1732565563043 139664.2 266
1732565573135 139664.2 267
1732565583226 139664.2 268
1732565593288 139664.2 269
1732565603398 139664.1 270
1732565613497 139664.1 271
1732565623612 139664.1 272
1732565633741 139664.1 273
1732565643850 139664.1 274
1732565653962 139664.1 275
1732565664078 139664.1 276
1732565674170 139664.0 277
1732565684284 139664.0 278
1732565694377 139664.0 279
1732565704473 139664.0 280
1732565714589 139664.0 281
1732565724704 139663.9 282
1732565734815 139663.9 283
1732565744919 139663.9 284
1732565755038 139663.9 285
1732565765154 139663.8 286
1732565775257 139663.8 287
1732565785347 139663.8 288
1732565795422 139663.8 289
1732565805491 139663.8 290
1732565815580 139663.8 291
1732565825700 139663.8 292
1732565835812 139663.7 293
1732565845929 139663.7 294
1732565856044 139663.7 295
1732565866155 139663.7 296
1732565876265 139663.7 297
1732565886380 139663.7 298
1732565896461 139663.7 299
1732565906560 139663.6 300
1732565916669 139663.6 301
1732565926775 139663.6 302
1732565936872 139663.6 303
1732565946983 139663.6 304
1732565957087 139663.6 305
1732565967151 139663.6 306
1732565977645 139663.6 307
1732565987763 139663.5 308
1732565997825 139663.5 309
1732566007923 139663.5 310
1732566018030 139666.0 311
1732566028114 139675.9 312
1732566038181 139675.6 313
1732566048274 139675.2 314
1732566058360 139680.7 315
1732566068469 139680.8 316
1732566078545 139680.7 317
1732566088629 139680.7 318
1732566098725 139693.2 319
1732566108815 139693.0 320
1732566118889 139693.0 321
1732566129012 139691.3 322
1732566139117 139691.3 323
1732566149238 139691.3 324
1732566159353 139691.1 325
1732566169471 139689.6 326
1732566179580 139689.6 327
1732566189691 139689.6 328
1732566199788 139688.8 329
1732566209904 139688.8 330
1732566220020 139687.8 331
1732566230134 139686.6 332
1732566240244 139691.3 333
1732566250359 139690.4 334
1732566260448 139690.3 335
1732566270554 139690.4 336
1732566281079 139690.4 337
1732566291194 139690.4 338
1732566301335 139690.4 339
1732566311439 139690.4 340
1732566321561 139690.3 341
1732566331635 139690.3 342
1732566341733 139690.3 343
1732566351836 139690.3 344
1732566361956 139690.3 345
1732566372076 139690.3 346
1732566382184 139690.3 347
1732566392293 139690.3 348
1732566402409 139690.2 349
1732566412533 139690.2 350
1732566422640 139690.2 351
1732566432769 139690.2 352
1732566442875 139690.2 353
1732566452989 139690.2 354
1732566463113 139690.1 355
1732566473240 139690.1 356
1732566483366 139690.1 357
1732566493479 139690.1 358
1732566503596 139690.1 359
1732566513721 139690.1 360
1732566523831 139690.1 361
1732566533959 139690.0 362
1732566544089 139689.9 363
1732566554210 139690.0 364
1732566564331 139689.9 365
1732566574435 139689.9 366
1732566584558 139689.9 367
1732566594697 139689.9 368
1732566604830 139689.9 369
1732566614937 139689.9 370
1732566625065 139689.8 371
1732566635202 139689.8 372
1732566645335 139689.8 373
1732566655441 139689.8 374
1732566665551 139689.8 375
1732566675674 139689.8 376
1732566685804 139689.8 377
1732566695919 139689.8 378
1732566706054 139689.8 379
1732566716190 139689.8 380
1732566726308 139689.7 381
1732566736412 139689.7 382
1732566746488 139689.7 383
1732566756602 139689.7 384
1732566766726 139689.7 385
1732566776841 139689.7 386
1732566786925 139689.7 387
1732566797043 139689.7 388
1732566807129 139689.6 389
1732566817229 139689.6 390
1732566827318 139689.6 391
1732566837436 139689.6 392
1732566847557 139689.6 393
1732566857682 139689.5 394
1732566867817 139689.5 395
1732566877942 139689.5 396
1732566888039 139689.5 397
1732566898185 139689.4 398
1732566908316 139689.4 399
1732566918437 139687.6 400
1732566928557 139687.5 401
1732566938661 139687.5 402
1732566948770 139687.5 403
1732566958846 139687.5 404
1732566968970 139687.5 405
1732566979101 139687.5 406
1732566989230 139687.5 407
1732566999369 139687.5 408
1732567009487 139687.4 409
1732567019611 139687.4 410
1732567029756 139687.4 411
1732567039861 139687.4 412
1732567049985 139687.4 413
1732567060086 139687.4 414
1732567070209 139687.4 415
1732567080339 139687.4 416
1732567090464 139687.3 417
1732567100588 139687.3 418
1732567110717 139687.3 419
1732567120848 139687.3 420
1732567130947 139687.3 421
1732567141071 139687.3 422
1732567151193 139687.3 423
1732567161409 139687.3 424
1732567171509 139687.2 425
1732567181628 139754.6 426
1732567191764 139754.6 427
1732567201895 139754.6 428
1732567212037 139754.6 429
1732567222166 139754.5 430
1732567232291 139754.5 431
1732567242378 139754.5 432
1732567252507 139754.5 433
1732567262612 139754.5 434
1732567272756 139754.5 435
1732567282897 139754.5 436
1732567293017 139754.5 437
1732567303144 139754.4 438
1732567313297 139754.4 439
1732567323403 139754.4 440
1732567333525 139754.4 441
1732567343647 139754.4 442
1732567353782 139754.4 443
1732567363925 139754.4 444
1732567374060 139754.4 445
1732567384196 139754.4 446
1732567394324 139754.3 447
1732567404470 139754.3 448
1732567414598 139754.3 449
1732567424734 139754.3 450
1732567434891 139754.3 451
1732567445028 139754.3 452
1732567455151 139754.3 453
1732567465288 139754.3 454
1732567475412 139754.3 455
1732567485491 139754.3 456
1732567495645 139754.2 457
1732567505773 139754.1 458
1732567515920 139754.1 459
1732567526057 139754.1 460
1732567536188 139754.1 461
1732567546316 139754.1 462
1732567556452 139754.1 463
1732567566572 139754.1 464
1732567576701 139754.1 465
1732567586847 139754.0 466
1732567596990 139754.0 467
1732567607117 139754.0 468
1732567617256 139754.0 469
1732567627387 139754.0 470
1732567637522 139754.0 471
1732567647654 139754.0 472
1732567657797 139754.0 473
1732567667927 139754.0 474
1732567678054 139754.0 475
