1732562879935 46.8 0
1732562890005 46.8 1
1732562900054 46.8 2
1732562910111 46.8 3
1732562920171 46.8 4
1732562930230 46.8 5
1732562940280 46.8 6
1732562950316 46.8 7
1732562960365 46.8 8
1732562970428 46.8 9
1732562980504 46.8 10
1732562990565 46.8 11
1732563000622 46.8 12
1732563010691 46.8 13
1732563020745 46.8 14
1732563030816 46.8 15
1732563040907 46.8 16
1732563050985 46.8 17
1732563061056 46.8 18
1732563071161 46.8 19
1732563081222 46.8 20
1732563091296 46.8 21
1732563101363 46.8 22
1732563111445 46.8 23
1732563121510 46.8 24
1732563131585 46.8 25
1732563141664 46.8 26
1732563151722 46.8 27
1732563161776 46.8 28
1732563171860 46.8 29
1732563181930 46.8 30
1732563192004 46.8 31
1732563202072 46.8 32
1732563212158 46.8 33
1732563222232 46.8 34
1732563232295 46.8 35
1732563242374 46.8 36
1732563252459 46.8 37
1732563262604 46.8 38
1732563272674 46.8 39
1732563282730 46.8 40
1732563292815 46.8 41
1732563302881 46.8 42
1732563312950 46.8 43
1732563323020 46.8 44
1732563333102 46.8 45
1732563343182 46.8 46
1732563353269 46.8 47
1732563363349 46.8 48
1732563373424 46.8 49
1732563383493 46.8 50
1732563393568 46.8 51
1732563403640 46.8 52
1732563413732 46.8 53
1732563423800 46.8 54
1732563433886 46.8 55
1732563443954 46.8 56
1732563454024 46.8 57
1732563464097 46.8 58
1732563474183 46.8 59
1732563484266 46.8 60
1732563494341 46.8 61
1732563504414 46.8 62
1732563514499 46.8 63
1732563524562 46.8 64
1732563534626 46.8 65
1732563544711 46.8 66
1732563554787 46.8 67
1732563564867 46.8 68
1732563574934 46.8 69
1732563585014 46.8 70
1732563595080 46.8 71
1732563605153 46.8 72
1732563615233 46.8 73
1732563625310 46.8 74
1732563635369 46.8 75
1732563645436 46.8 76
1732563655516 46.8 77
1732563665610 46.8 78
1732563675698 46.8 79
1732563685785 46.8 80
1732563695872 46.8 81
1732563705952 46.8 82
1732563716037 46.8 83
1732563726121 46.8 84
1732563736210 46.8 85
1732563746296 46.8 86
1732563756362 46.8 87
1732563766447 46.8 88
1732563776519 46.8 89
1732563786600 46.8 90
1732563796677 46.8 91
1732563806762 46.8 92
1732563816851 46.8 93
1732563826926 46.8 94
1732563837014 46.8 95
1732563847102 46.8 96
1732563857191 46.8 97
1732563867271 46.8 98
1732563877357 46.8 99
1732563887430 46.8 100
1732563897522 46.8 101
1732563907608 46.8 102
1732563917684 46.8 103
1732563927761 46.8 104
1732563937853 46.8 105
1732563947926 46.8 106
1732563958026 46.8 107
1732563968116 46.8 108
1732563978188 46.8 109
1732563988267 46.8 110
1732563998358 46.8 111
1732564008452 46.8 112
1732564018516 46.8 113
1732564028596 46.8 114
1732564038691 46.8 115
1732564048779 46.8 116
1732564058869 46.8 117
1732564068967 46.8 118
1732564079047 46.8 119
1732564089137 46.8 120
1732564099220 46.8 121
1732564109289 46.8 122
1732564119358 46.8 123
1732564129459 46.8 124
1732564139536 46.8 125
1732564149632 46.8 126
1732564159713 46.8 127
1732564169792 46.8 128
1732564179878 46.8 129
1732564189960 46.8 130
1732564200072 46.8 131
1732564210166 46.8 132
1732564220244 46.8 133
1732564230330 46.8 134
1732564240384 46.8 135
1732564250473 46.8 136
1732564260539 46.8 137
1732564270623 46.8 138
1732564280704 46.8 139
1732564290781 46.8 140
1732564300874 46.8 141
1732564310968 46.8 142
1732564321037 46.8 143
1732564331113 46.8 144
1732564341189 46.8 145
1732564351273 46.8 146
1732564361344 46.8 147
1732564371444 46.8 148
1732564381526 46.8 149
1732564391604 46.8 150
1732564401685 46.8 151
1732564411757 46.8 152
1732564421824 46.8 153
1732564431889 46.8 154
1732564441970 46.8 155
1732564452070 46.8 156
1732564462158 46.8 157
1732564472250 46.8 158
1732564482344 46.8 159
1732564492423 46.8 160
1732564502514 46.8 161
1732564512610 46.8 162
1732564522707 46.8 163
1732564532804 46.8 164
1732564542899 46.8 165
1732564552993 46.8 166
1732564563094 46.8 167
1732564573157 46.8 168
1732564583249 46.8 169
1732564593357 46.8 170
1732564603421 46.8 171
1732564613511 46.8 172
1732564623614 46.8 173
1732564633708 46.8 174
1732564643804 46.8 175
1732564653899 46.8 176
1732564664008 46.8 177
1732564674114 46.8 178
1732564684217 46.8 179
1732564694313 46.8 180
1732564704405 46.8 181
1732564714505 46.8 182
1732564724590 46.8 183
1732564734687 46.8 184
1732564744780 46.8 185
1732564754891 46.8 186
1732564764971 46.8 187
1732564775067 46.8 188
1732564785163 46.8 189
1732564795252 46.8 190
1732564805339 46.8 191
1732564815401 46.8 192
1732564825905 46.8 193
1732564836004 46.8 194
1732564846089 46.8 195
1732564856186 46.8 196
1732564866275 46.8 197
1732564876368 46.8 198
1732564886422 46.8 199
1732564896535 46.8 200
1732564906630 46.8 201
1732564916698 46.8 202
1732564926802 46.8 203
1732564936895 46.8 204
1732564946999 46.8 205
1732564957090 46.8 206
1732564967206 46.8 207
1732564977302 46.8 208
1732564987404 46.8 209
1732564997497 46.8 210
1732565007581 46.8 211
1732565017683 46.8 212
1732565027782 46.8 213
1732565037864 46.8 214
1732565047978 46.8 215
1732565058065 46.8 216
1732565068160 46.8 217
1732565078263 46.8 218
1732565088361 46.8 219
1732565098472 46.8 220
1732565108572 46.8 221
1732565118667 46.8 222
1732565128780 46.8 223
1732565138874 46.8 224
1732565148979 46.8 225
1732565159054 46.8 226
1732565169149 46.8 227
1732565179233 46.8 228
1732565189329 46.8 229
1732565199432 46.8 230
1732565209514 46.8 231
1732565219616 46.8 232
1732565229718 46.8 233
1732565239818 46.8 234
1732565249926 46.8 235
1732565260038 46.8 236
1732565270100 46.8 237
1732565280193 46.8 238
1732565290287 46.8 239
1732565300393 46.8 240
1732565310499 46.8 241
1732565320587 46.8 242
1732565330695 46.8 243
1732565340785 46.8 244
1732565350882 46.8 245
1732565360974 46.8 246
1732565371084 46.8 247
1732565381191 46.8 248
1732565391303 46.8 249
1732565401412 46.8 250
1732565411498 46.8 251
1732565421617 46.8 252
1732565431724 46.8 253
1732565441795 46.8 254
1732565451885 46.8 255
1732565462000 46.8 256
1732565472122 46.8 257
1732565482213 46.8 258
1732565492322 46.8 259
1732565502435 46.8 260
1732565512543 46.8 261
1732565522616 46.8 262
1732565532699 46.8 263
1732565542815 46.8 264
1732565552927 46.8 265
1732565563043 46.8 266
1732565573135 46.8 267
1732565583226 46.8 268
1732565593288 46.8 269
1732565603398 46.8 270
1732565613497 46.8 271
1732565623612 46.8 272
1732565633741 46.8 273
1732565643850 46.8 274
1732565653962 46.8 275
1732565664078 46.8 276
1732565674170 46.8 277
1732565684284 46.8 278
1732565694377 46.8 279
1732565704473 46.8 280
1732565714589 46.8 281
1732565724704 46.8 282
1732565734815 46.8 283
1732565744919 46.8 284
1732565755038 46.8 285
1732565765154 46.8 286
1732565775257 46.8 287
1732565785347 46.8 288
1732565795422 46.8 289
1732565805491 46.8 290
1732565815580 46.8 291
1732565825700 46.8 292
1732565835812 46.8 293
1732565845929 46.8 294
1732565856044 46.8 295
1732565866155 46.8 296
1732565876265 46.8 297
1732565886380 46.8 298
1732565896461 46.8 299
1732565906560 46.8 300
1732565916669 46.8 301
1732565926775 46.8 302
1732565936872 46.8 303
1732565946983 46.8 304
1732565957087 46.8 305
1732565967151 46.8 306
1732565977645 46.8 307
1732565987763 46.8 308
1732565997825 46.8 309
1732566007923 46.8 310
1732566018030 46.8 311
1732566028114 46.8 312
1732566038181 46.8 313
1732566048274 46.8 314
1732566058360 46.8 315
1732566068469 46.8 316
1732566078545 46.8 317
1732566088629 46.8 318
1732566098725 46.8 319
1732566108815 46.8 320
1732566118889 46.8 321
1732566129012 46.8 322
1732566139117 46.8 323
1732566149238 46.8 324
1732566159353 46.8 325
1732566169471 46.8 326
1732566179580 46.8 327
1732566189691 46.8 328
1732566199788 46.8 329
1732566209904 46.8 330
1732566220020 46.8 331
1732566230134 46.8 332
1732566240244 46.8 333
1732566250359 46.8 334
1732566260448 46.8 335
1732566270554 46.8 336
1732566281079 46.8 337
1732566291194 46.8 338
1732566301335 46.8 339
1732566311439 46.8 340
1732566321561 46.8 341
1732566331635 46.8 342
1732566341733 46.8 343
1732566351836 46.8 344
1732566361956 46.8 345
1732566372076 46.8 346
1732566382184 46.8 347
1732566392293 46.8 348
1732566402409 46.8 349
1732566412533 46.8 350
1732566422640 46.8 351
1732566432769 46.8 352
1732566442875 46.8 353
1732566452989 46.8 354
1732566463113 46.8 355
1732566473240 46.8 356
1732566483366 46.8 357
1732566493479 46.8 358
1732566503596 46.8 359
1732566513721 46.8 360
1732566523831 46.8 361
1732566533959 46.8 362
1732566544089 46.8 363
1732566554210 46.8 364
1732566564331 46.8 365
1732566574435 46.8 366
1732566584558 46.8 367
1732566594697 46.8 368
1732566604830 46.8 369
1732566614937 46.8 370
1732566625065 46.8 371
1732566635202 46.8 372
1732566645335 46.8 373
1732566655441 46.8 374
1732566665551 46.8 375
1732566675674 46.8 376
1732566685804 46.8 377
1732566695919 46.8 378
1732566706054 46.8 379
1732566716190 46.8 380
1732566726308 46.8 381
1732566736412 46.8 382
1732566746488 46.8 383
1732566756602 46.8 384
1732566766726 46.8 385
1732566776841 46.8 386
1732566786925 46.8 387
1732566797043 46.8 388
1732566807129 46.8 389
1732566817229 46.8 390
1732566827318 46.8 391
1732566837436 46.8 392
1732566847557 46.8 393
1732566857682 46.8 394
1732566867817 46.8 395
1732566877942 46.8 396
1732566888039 46.8 397
1732566898185 46.8 398
1732566908316 46.8 399
1732566918437 46.8 400
1732566928557 46.8 401
1732566938661 46.8 402
1732566948770 46.8 403
1732566958846 46.8 404
1732566968970 46.8 405
1732566979101 46.8 406
1732566989230 46.8 407
1732566999369 46.8 408
1732567009487 46.8 409
1732567019611 46.8 410
1732567029756 46.8 411
1732567039861 46.8 412
1732567049985 46.8 413
1732567060086 46.8 414
1732567070209 46.8 415
1732567080339 46.8 416
1732567090464 46.8 417
1732567100588 46.8 418
1732567110717 46.8 419
1732567120848 46.8 420
1732567130947 46.8 421
1732567141071 46.8 422
1732567151193 46.8 423
1732567161409 46.8 424
1732567171509 46.8 425
1732567181628 46.7 426
1732567191764 46.7 427
1732567201895 46.7 428
1732567212037 46.7 429
1732567222166 46.7 430
1732567232291 46.7 431
1732567242378 46.7 432
1732567252507 46.7 433
1732567262612 46.7 434
1732567272756 46.7 435
1732567282897 46.7 436
1732567293017 46.7 437
1732567303144 46.7 438
1732567313297 46.7 439
1732567323403 46.7 440
1732567333525 46.7 441
1732567343647 46.7 442
1732567353782 46.7 443
1732567363925 46.7 444
1732567374060 46.7 445
1732567384196 46.7 446
1732567394324 46.7 447
1732567404470 46.7 448
1732567414598 46.7 449
1732567424734 46.7 450
1732567434891 46.7 451
1732567445028 46.7 452
1732567455151 46.7 453
1732567465288 46.7 454
1732567475412 46.7 455
1732567485491 46.7 456
1732567495645 46.7 457
1732567505773 46.7 458
1732567515920 46.7 459
1732567526057 46.7 460
1732567536188 46.7 461
1732567546316 46.7 462
1732567556452 46.7 463
1732567566572 46.7 464
1732567576701 46.7 465
1732567586847 46.7 466
1732567596990 46.7 467
1732567607117 46.7 468
1732567617256 46.7 469
1732567627387 46.7 470
1732567637522 46.7 471
1732567647654 46.7 472
1732567657797 46.7 473
1732567667927 46.7 474
1732567678054 46.7 475
