1732562879935 2714.9 0
1732562890005 4526.0 1
1732562900054 6820.4 2
1732562910111 6848.1 3
1732562920171 6829.2 4
1732562930230 6854.9 5
1732562940280 6829.1 6
1732562950316 9305.8 7
1732562960365 9306.0 8
1732562970428 9305.8 9
1732562980504 9305.8 10
1732562990565 9310.0 11
1732563000622 9335.6 12
1732563010691 9335.6 13
1732563020745 9335.7 14
1732563030816 9335.6 15
1732563040907 9335.6 16
1732563050985 9335.6 17
1732563061056 9323.8 18
1732563071161 9320.8 19
1732563081222 9320.8 20
1732563091296 9320.8 21
1732563101363 9320.8 22
1732563111445 9257.5 23
1732563121510 9256.4 24
1732563131585 9257.9 25
1732563141664 9258.7 26
1732563151722 9258.7 27
1732563161776 9258.5 28
1732563171860 9258.5 29
1732563181930 9258.6 30
1732563192004 9258.6 31
1732563202072 9258.6 32
1732563212158 9258.6 33
1732563222232 9258.6 34
1732563232295 9258.6 35
1732563242374 9258.7 36
1732563252459 9258.7 37
1732563262604 9260.7 38
1732563272674 9272.6 39
1732563282730 9256.5 40
1732563292815 9353.6 41
1732563302881 9365.4 42
1732563312950 9349.1 43
1732563323020 9338.7 44
1732563333102 9426.4 45
1732563343182 9701.9 46
1732563353269 9634.6 47
1732563363349 9524.0 48
1732563373424 9477.9 49
1732563383493 9418.9 50
1732563393568 9233.9 51
1732563403640 9240.1 52
1732563413732 9222.4 53
1732563423800 9220.7 54
1732563433886 9216.3 55
1732563443954 9225.8 56
1732563454024 9220.8 57
1732563464097 9225.6 58
1732563474183 9574.6 59
1732563484266 9559.7 60
1732563494341 9576.4 61
1732563504414 9529.9 62
1732563514499 9529.9 63
1732563524562 9527.8 64
1732563534626 9527.8 65
1732563544711 9527.8 66
1732563554787 9539.7 67
1732563564867 9539.8 68
1732563574934 9539.8 69
1732563585014 9539.9 70
1732563595080 9537.7 71
1732563605153 9540.9 72
1732563615233 9318.4 73
1732563625310 9337.6 74
1732563635369 9318.0 75
1732563645436 9318.0 76
1732563655516 9319.0 77
1732563665610 9315.9 78
1732563675698 9310.9 79
1732563685785 9308.8 80
1732563695872 9308.7 81
1732563705952 9308.8 82
1732563716037 9308.8 83
1732563726121 9308.8 84
1732563736210 9295.0 85
1732563746296 9295.2 86
1732563756362 9294.8 87
1732563766447 9295.0 88
1732563776519 9295.0 89
1732563786600 9294.8 90
1732563796677 9295.0 91
1732563806762 9294.8 92
1732563816851 9295.0 93
1732563826926 9295.0 94
1732563837014 9294.8 95
1732563847102 9294.8 96
1732563857191 9295.1 97
1732563867271 9294.8 98
1732563877357 9294.8 99
1732563887430 9295.0 100
1732563897522 9294.8 101
1732563907608 9294.8 102
1732563917684 9295.0 103
1732563927761 9294.8 104
1732563937853 9294.8 105
1732563947926 9295.0 106
1732563958026 9294.8 107
1732563968116 9287.8 108
1732563978188 9372.2 109
1732563988267 9367.3 110
1732563998358 9467.3 111
1732564008452 9468.2 112
1732564018516 9503.1 113
1732564028596 9483.0 114
1732564038691 9440.6 115
1732564048779 9400.4 116
1732564058869 9410.4 117
1732564068967 9406.9 118
1732564079047 9407.4 119
1732564089137 9457.0 120
1732564099220 9457.8 121
1732564109289 9465.8 122
1732564119358 9414.4 123
1732564129459 9581.6 124
1732564139536 9799.6 125
1732564149632 9679.5 126
1732564159713 9669.8 127
1732564169792 9676.2 128
1732564179878 9602.6 129
1732564189960 9519.6 130
1732564200072 9532.2 131
1732564210166 9434.6 132
1732564220244 9434.2 133
1732564230330 9434.3 134
1732564240384 9440.5 135
1732564250473 9421.2 136
1732564260539 9440.0 137
1732564270623 9704.9 138
1732564280704 9769.5 139
1732564290781 9783.9 140
1732564300874 9777.5 141
1732564310968 9786.0 142
1732564321037 9774.2 143
1732564331113 9792.6 144
1732564341189 9763.6 145
1732564351273 9761.6 146
1732564361344 9761.6 147
1732564371444 9761.6 148
1732564381526 9761.7 149
1732564391604 9744.9 150
1732564401685 9744.8 151
1732564411757 9744.8 152
1732564421824 9744.9 153
1732564431889 9744.9 154
1732564441970 9744.8 155
1732564452070 9743.4 156
1732564462158 9743.6 157
1732564472250 9969.2 158
1732564482344 9956.4 159
1732564492423 10030.4 160
1732564502514 9777.3 161
1732564512610 9756.1 162
1732564522707 9770.4 163
1732564532804 9767.4 164
1732564542899 9737.6 165
1732564552993 9737.6 166
1732564563094 9674.1 167
1732564573157 9674.1 168
1732564583249 9674.1 169
1732564593357 9674.1 170
1732564603421 9674.1 171
1732564613511 9674.1 172
1732564623614 9674.1 173
1732564633708 9674.1 174
1732564643804 9674.1 175
1732564653899 9674.1 176
1732564664008 9674.1 177
1732564674114 9253.6 178
1732564684217 9253.6 179
1732564694313 9253.6 180
1732564704405 9253.5 181
1732564714505 9348.7 182
1732564724590 9286.6 183
1732564734687 9476.9 184
1732564744780 9676.7 185
1732564754891 9648.7 186
1732564764971 9690.4 187
1732564775067 9689.2 188
1732564785163 9669.6 189
1732564795252 9669.6 190
1732564805339 9669.6 191
1732564815401 9657.8 192
1732564825905 9654.1 193
1732564836004 9654.1 194
1732564846089 9655.2 195
1732564856186 9376.1 196
1732564866275 9376.1 197
1732564876368 9376.1 198
1732564886422 9376.0 199
1732564896535 9369.5 200
1732564906630 9368.1 201
1732564916698 9408.0 202
1732564926802 9296.4 203
1732564936895 9346.4 204
1732564946999 9567.9 205
1732564957090 9321.5 206
1732564967206 9363.4 207
1732564977302 9320.3 208
1732564987404 9334.7 209
1732564997497 9324.5 210
1732565007581 9317.4 211
1732565017683 9326.9 212
1732565027782 9335.5 213
1732565037864 9337.4 214
1732565047978 9316.5 215
1732565058065 9330.7 216
1732565068160 9318.1 217
1732565078263 9318.8 218
1732565088361 9307.5 219
1732565098472 9308.8 220
1732565108572 9312.5 221
1732565118667 9312.6 222
1732565128780 9312.5 223
1732565138874 9294.1 224
1732565148979 9360.2 225
1732565159054 9344.1 226
1732565169149 9342.0 227
1732565179233 9342.9 228
1732565189329 9341.7 229
1732565199432 9338.6 230
1732565209514 9274.4 231
1732565219616 9592.3 232
1732565229718 9641.3 233
1732565239818 9615.2 234
1732565249926 9518.4 235
1732565260038 9319.0 236
1732565270100 9308.7 237
1732565280193 9296.5 238
1732565290287 9296.2 239
1732565300393 9315.7 240
1732565310499 9292.9 241
1732565320587 9300.8 242
1732565330695 9323.1 243
1732565340785 9338.0 244
1732565350882 9321.2 245
1732565360974 9337.6 246
1732565371084 9378.1 247
1732565381191 9367.5 248
1732565391303 9338.2 249
1732565401412 9342.4 250
1732565411498 9342.7 251
1732565421617 9312.0 252
1732565431724 9393.5 253
1732565441795 9388.3 254
1732565451885 9386.1 255
1732565462000 9386.1 256
1732565472122 9386.1 257
1732565482213 9386.1 258
1732565492322 9386.3 259
1732565502435 9386.1 260
1732565512543 9386.1 261
1732565522616 9386.1 262
1732565532699 9386.1 263
1732565542815 9386.1 264
1732565552927 9382.1 265
1732565563043 9382.1 266
1732565573135 9381.9 267
1732565583226 9371.6 268
1732565593288 9371.6 269
1732565603398 9371.8 270
1732565613497 9371.6 271
1732565623612 9371.6 272
1732565633741 9371.8 273
1732565643850 9371.8 274
1732565653962 9373.7 275
1732565664078 9373.9 276
1732565674170 9373.7 277
1732565684284 9373.7 278
1732565694377 9366.4 279
1732565704473 9366.5 280
1732565714589 9366.4 281
1732565724704 9366.4 282
1732565734815 9367.7 283
1732565744919 9366.4 284
1732565755038 9366.4 285
1732565765154 9361.9 286
1732565775257 9356.4 287
1732565785347 9356.2 288
1732565795422 9356.2 289
1732565805491 9356.2 290
1732565815580 9362.6 291
1732565825700 9356.2 292
1732565835812 9356.2 293
1732565845929 9356.2 294
1732565856044 9356.4 295
1732565866155 9356.2 296
1732565876265 9309.5 297
1732565886380 9308.2 298
1732565896461 9309.5 299
1732565906560 9308.2 300
1732565916669 9308.3 301
1732565926775 9308.2 302
1732565936872 9308.2 303
1732565946983 9308.2 304
1732565957087 9308.3 305
1732565967151 9308.2 306
1732565977645 9308.2 307
1732565987763 9318.2 308
1732565997825 9327.9 309
1732566007923 9337.3 310
1732566018030 9507.5 311
1732566028114 9645.1 312
1732566038181 9678.4 313
1732566048274 9616.9 314
1732566058360 9622.7 315
1732566068469 9617.2 316
1732566078545 9580.8 317
1732566088629 9577.4 318
1732566098725 9419.4 319
1732566108815 9409.1 320
1732566118889 9399.0 321
1732566129012 9400.1 322
1732566139117 9399.2 323
1732566149238 9399.0 324
1732566159353 9412.5 325
1732566169471 9413.1 326
1732566179580 9412.4 327
1732566189691 9412.4 328
1732566199788 9451.8 329
1732566209904 9409.3 330
1732566220020 9433.4 331
1732566230134 9462.0 332
1732566240244 9429.3 333
1732566250359 9542.5 334
1732566260448 9542.0 335
1732566270554 9542.9 336
1732566281079 9543.4 337
1732566291194 9541.5 338
1732566301335 9541.5 339
1732566311439 9541.5 340
1732566321561 9539.2 341
1732566331635 9537.3 342
1732566341733 9537.3 343
1732566351836 9539.4 344
1732566361956 9478.1 345
1732566372076 9481.4 346
1732566382184 9481.4 347
1732566392293 9481.4 348
1732566402409 9483.3 349
1732566412533 9481.4 350
1732566422640 9481.4 351
1732566432769 9482.9 352
1732566442875 9484.7 353
1732566452989 9482.9 354
1732566463113 9482.9 355
1732566473240 9482.9 356
1732566483366 9412.0 357
1732566493479 9413.4 358
1732566503596 9413.4 359
1732566513721 9413.4 360
1732566523831 9413.4 361
1732566533959 9413.4 362
1732566544089 9404.5 363
1732566554210 9412.1 364
1732566564331 9412.1 365
1732566574435 9412.1 366
1732566584558 9412.1 367
1732566594697 9412.1 368
1732566604830 9412.1 369
1732566614937 9412.1 370
1732566625065 9412.1 371
1732566635202 9412.1 372
1732566645335 9414.2 373
1732566655441 9414.2 374
1732566665551 9414.2 375
1732566675674 9381.1 376
1732566685804 9381.1 377
1732566695919 9381.1 378
1732566706054 9381.1 379
1732566716190 9383.2 380
1732566726308 9383.2 381
1732566736412 9383.3 382
1732566746488 9383.2 383
1732566756602 9383.2 384
1732566766726 9383.2 385
1732566776841 9383.2 386
1732566786925 9374.9 387
1732566797043 9375.0 388
1732566807129 9374.9 389
1732566817229 9374.9 390
1732566827318 9374.9 391
1732566837436 9390.0 392
1732566847557 9417.7 393
1732566857682 9417.9 394
1732566867817 9417.7 395
1732566877942 9417.7 396
1732566888039 9417.7 397
1732566898185 9417.7 398
1732566908316 9417.7 399
1732566918437 9417.9 400
1732566928557 9417.7 401
1732566938661 9417.7 402
1732566948770 9417.7 403
1732566958846 9417.7 404
1732566968970 9417.7 405
1732566979101 9417.9 406
1732566989230 9417.7 407
1732566999369 9417.7 408
1732567009487 9417.7 409
1732567019611 9417.7 410
1732567029756 9417.7 411
1732567039861 9417.9 412
1732567049985 9417.7 413
1732567060086 9417.7 414
1732567070209 9417.7 415
1732567080339 9417.7 416
1732567090464 9417.7 417
1732567100588 9417.9 418
1732567110717 9417.7 419
1732567120848 9417.7 420
1732567130947 9417.9 421
1732567141071 9417.7 422
1732567151193 9417.7 423
1732567161409 9417.7 424
1732567171509 9417.7 425
1732567181628 9417.9 426
1732567191764 9417.7 427
1732567201895 9417.7 428
1732567212037 9417.7 429
1732567222166 9417.7 430
1732567232291 9417.7 431
1732567242378 9417.7 432
1732567252507 9419.0 433
1732567262612 9354.9 434
1732567272756 9354.9 435
1732567282897 9354.9 436
1732567293017 9354.9 437
1732567303144 9354.9 438
1732567313297 9354.9 439
1732567323403 9354.9 440
1732567333525 9354.9 441
1732567343647 9354.9 442
1732567353782 9354.9 443
1732567363925 9354.9 444
1732567374060 9354.9 445
1732567384196 9354.9 446
1732567394324 9354.9 447
1732567404470 9355.0 448
1732567414598 9355.0 449
1732567424734 9354.9 450
1732567434891 9355.0 451
1732567445028 9354.9 452
1732567455151 9354.9 453
1732567465288 9354.9 454
1732567475412 9354.9 455
1732567485491 9354.9 456
1732567495645 9355.0 457
1732567505773 9354.9 458
1732567515920 9354.9 459
1732567526057 9354.9 460
1732567536188 9354.9 461
1732567546316 9354.9 462
1732567556452 9354.9 463
1732567566572 9354.9 464
1732567576701 9354.9 465
1732567586847 9354.9 466
1732567596990 9357.0 467
1732567607117 9358.8 468
1732567617256 9357.0 469
1732567627387 9357.0 470
1732567637522 9357.0 471
1732567647654 9358.8 472
1732567657797 9357.0 473
1732567667927 9357.0 474
1732567678054 9357.0 475
