1732562879935 23.1 0
1732562890005 29.9 1
1732562900054 48.7 2
1732562910111 47.4 3
1732562920171 38.9 4
1732562930230 37.8 5
1732562940280 31.4 6
1732562950316 32.0 7
1732562960365 40.5 8
1732562970428 41.0 9
1732562980504 32.0 10
1732562990565 31.7 11
1732563000622 50.9 12
1732563010691 43.1 13
1732563020745 31.9 14
1732563030816 46.8 15
1732563040907 53.1 16
1732563050985 39.8 17
1732563061056 33.3 18
1732563071161 48.1 19
1732563081222 31.7 20
1732563091296 41.0 21
1732563101363 39.9 22
1732563111445 40.5 23
1732563121510 45.4 24
1732563131585 44.1 25
1732563141664 31.5 26
1732563151722 51.0 27
1732563161776 40.2 28
1732563171860 50.5 29
1732563181930 39.9 30
1732563192004 31.2 31
1732563202072 31.3 32
1732563212158 39.8 33
1732563222232 39.6 34
1732563232295 39.6 35
1732563242374 30.9 36
1732563252459 38.5 37
1732563262604 39.1 38
1732563272674 30.7 39
1732563282730 41.0 40
1732563292815 49.0 41
1732563302881 39.0 42
1732563312950 48.9 43
1732563323020 38.3 44
1732563333102 31.3 45
1732563343182 34.8 46
1732563353269 49.9 47
1732563363349 43.9 48
1732563373424 41.6 49
1732563383493 50.8 50
1732563393568 37.1 51
1732563403640 50.2 52
1732563413732 31.5 53
1732563423800 41.3 54
1732563433886 37.9 55
1732563443954 49.7 56
1732563454024 45.4 57
1732563464097 49.5 58
1732563474183 49.9 59
1732563484266 42.3 60
1732563494341 38.1 61
1732563504414 34.0 62
1732563514499 52.1 63
1732563524562 35.1 64
1732563534626 30.9 65
1732563544711 42.2 66
1732563554787 31.0 67
1732563564867 31.1 68
1732563574934 39.1 69
1732563585014 50.2 70
1732563595080 39.2 71
1732563605153 39.4 72
1732563615233 38.2 73
1732563625310 49.5 74
1732563635369 31.3 75
1732563645436 31.0 76
1732563655516 30.7 77
1732563665610 49.7 78
1732563675698 44.6 79
1732563685785 47.1 80
1732563695872 50.1 81
1732563705952 30.8 82
1732563716037 31.1 83
1732563726121 30.6 84
1732563736210 30.6 85
1732563746296 49.8 86
1732563756362 46.4 87
1732563766447 32.7 88
1732563776519 40.4 89
1732563786600 47.4 90
1732563796677 30.8 91
1732563806762 31.1 92
1732563816851 51.6 93
1732563826926 30.6 94
1732563837014 30.7 95
1732563847102 43.7 96
1732563857191 45.3 97
1732563867271 30.8 98
1732563877357 31.2 99
1732563887430 30.6 100
1732563897522 39.3 101
1732563907608 30.7 102
1732563917684 30.7 103
1732563927761 30.8 104
1732563937853 45.7 105
1732563947926 37.8 106
1732563958026 31.0 107
1732563968116 37.7 108
1732563978188 50.1 109
1732563988267 30.6 110
1732563998358 33.3 111
1732564008452 50.1 112
1732564018516 49.5 113
1732564028596 31.3 114
1732564038691 48.9 115
1732564048779 36.3 116
1732564058869 30.7 117
1732564068967 42.3 118
1732564079047 41.2 119
1732564089137 31.1 120
1732564099220 46.5 121
1732564109289 36.2 122
1732564119358 30.7 123
1732564129459 31.0 124
1732564139536 30.7 125
1732564149632 43.1 126
1732564159713 50.8 127
1732564169792 31.4 128
1732564179878 39.8 129
1732564189960 30.7 130
1732564200072 50.3 131
1732564210166 49.7 132
1732564220244 49.3 133
1732564230330 43.6 134
1732564240384 31.4 135
1732564250473 49.2 136
1732564260539 48.9 137
1732564270623 39.7 138
1732564280704 31.0 139
1732564290781 31.2 140
1732564300874 50.6 141
1732564310968 49.9 142
1732564321037 31.4 143
1732564331113 48.2 144
1732564341189 30.9 145
1732564351273 50.6 146
1732564361344 32.9 147
1732564371444 47.9 148
1732564381526 34.9 149
1732564391604 31.3 150
1732564401685 30.8 151
1732564411757 39.0 152
1732564421824 30.7 153
1732564431889 40.7 154
1732564441970 30.8 155
1732564452070 38.7 156
1732564462158 31.0 157
1732564472250 50.2 158
1732564482344 33.3 159
1732564492423 45.8 160
1732564502514 50.6 161
1732564512610 49.8 162
1732564522707 49.4 163
1732564532804 31.6 164
1732564542899 33.6 165
1732564552993 30.7 166
1732564563094 40.1 167
1732564573157 39.6 168
1732564583249 38.7 169
1732564593357 32.1 170
1732564603421 47.5 171
1732564613511 31.1 172
1732564623614 39.3 173
1732564633708 30.5 174
1732564643804 39.0 175
1732564653899 30.4 176
1732564664008 44.8 177
1732564674114 45.0 178
1732564684217 46.0 179
1732564694313 30.9 180
1732564704405 30.4 181
1732564714505 30.8 182
1732564724590 42.1 183
1732564734687 41.7 184
1732564744780 49.5 185
1732564754891 30.8 186
1732564764971 31.4 187
1732564775067 38.4 188
1732564785163 48.1 189
1732564795252 30.6 190
1732564805339 50.3 191
1732564815401 47.9 192
1732564825905 30.5 193
1732564836004 30.6 194
1732564846089 40.5 195
1732564856186 38.7 196
1732564866275 34.7 197
1732564876368 43.0 198
1732564886422 40.7 199
1732564896535 40.7 200
1732564906630 31.1 201
1732564916698 39.5 202
1732564926802 46.1 203
1732564936895 47.6 204
1732564946999 51.4 205
1732564957090 41.9 206
1732564967206 31.2 207
1732564977302 31.6 208
1732564987404 30.9 209
1732564997497 47.8 210
1732565007581 37.6 211
1732565017683 32.0 212
1732565027782 50.7 213
1732565037864 51.3 214
1732565047978 32.2 215
1732565058065 31.2 216
1732565068160 30.9 217
1732565078263 30.7 218
1732565088361 38.7 219
1732565098472 30.7 220
1732565108572 43.3 221
1732565118667 30.7 222
1732565128780 39.9 223
1732565138874 31.1 224
1732565148979 48.5 225
1732565159054 51.7 226
1732565169149 49.4 227
1732565179233 30.7 228
1732565189329 50.2 229
1732565199432 31.4 230
1732565209514 31.0 231
1732565219616 33.0 232
1732565229718 50.3 233
1732565239818 30.8 234
1732565249926 39.3 235
1732565260038 50.8 236
1732565270100 31.6 237
1732565280193 46.9 238
1732565290287 50.2 239
1732565300393 43.5 240
1732565310499 30.9 241
1732565320587 47.0 242
1732565330695 50.0 243
1732565340785 31.8 244
1732565350882 35.6 245
1732565360974 34.7 246
1732565371084 31.4 247
1732565381191 40.6 248
1732565391303 30.8 249
1732565401412 45.3 250
1732565411498 31.2 251
1732565421617 31.5 252
1732565431724 49.8 253
1732565441795 31.2 254
1732565451885 38.4 255
1732565462000 31.2 256
1732565472122 48.2 257
1732565482213 38.1 258
1732565492322 31.5 259
1732565502435 50.1 260
1732565512543 39.6 261
1732565522616 34.7 262
1732565532699 45.3 263
1732565542815 30.9 264
1732565552927 50.6 265
1732565563043 31.3 266
1732565573135 38.0 267
1732565583226 42.5 268
1732565593288 50.3 269
1732565603398 33.5 270
1732565613497 42.3 271
1732565623612 40.2 272
1732565633741 31.4 273
1732565643850 35.6 274
1732565653962 40.9 275
1732565664078 45.3 276
1732565674170 31.1 277
1732565684284 43.0 278
1732565694377 46.2 279
1732565704473 31.5 280
1732565714589 49.8 281
1732565724704 38.3 282
1732565734815 45.9 283
1732565744919 50.7 284
1732565755038 31.2 285
1732565765154 43.6 286
1732565775257 31.4 287
1732565785347 38.0 288
1732565795422 31.0 289
1732565805491 36.3 290
1732565815580 49.5 291
1732565825700 31.0 292
1732565835812 50.4 293
1732565845929 50.0 294
1732565856044 31.5 295
1732565866155 50.7 296
1732565876265 45.0 297
1732565886380 41.4 298
1732565896461 50.4 299
1732565906560 49.8 300
1732565916669 31.7 301
1732565926775 37.8 302
1732565936872 49.8 303
1732565946983 50.8 304
1732565957087 41.5 305
1732565967151 45.5 306
1732565977645 32.4 307
1732565987763 32.5 308
1732565997825 50.7 309
1732566007923 48.8 310
1732566018030 50.9 311
1732566028114 49.6 312
1732566038181 51.9 313
1732566048274 49.2 314
1732566058360 31.1 315
1732566068469 48.6 316
1732566078545 31.1 317
1732566088629 31.0 318
1732566098725 50.7 319
1732566108815 31.0 320
1732566118889 44.5 321
1732566129012 38.9 322
1732566139117 31.2 323
1732566149238 30.8 324
1732566159353 49.3 325
1732566169471 30.9 326
1732566179580 38.7 327
1732566189691 51.2 328
1732566199788 51.2 329
1732566209904 31.7 330
1732566220020 33.1 331
1732566230134 52.0 332
1732566240244 50.9 333
1732566250359 31.1 334
1732566260448 33.7 335
1732566270554 30.9 336
1732566281079 31.8 337
1732566291194 30.9 338
1732566301335 38.9 339
1732566311439 39.4 340
1732566321561 38.3 341
1732566331635 42.0 342
1732566341733 30.8 343
1732566351836 31.9 344
1732566361956 39.4 345
1732566372076 31.2 346
1732566382184 34.5 347
1732566392293 30.7 348
1732566402409 35.1 349
1732566412533 39.5 350
1732566422640 30.7 351
1732566432769 38.3 352
1732566442875 42.2 353
1732566452989 31.0 354
1732566463113 39.7 355
1732566473240 38.4 356
1732566483366 49.8 357
1732566493479 49.4 358
1732566503596 30.7 359
1732566513721 31.6 360
1732566523831 31.2 361
1732566533959 38.0 362
1732566544089 31.6 363
1732566554210 38.5 364
1732566564331 30.8 365
1732566574435 49.9 366
1732566584558 30.9 367
1732566594697 31.3 368
1732566604830 49.1 369
1732566614937 42.7 370
1732566625065 30.9 371
1732566635202 50.3 372
1732566645335 39.8 373
1732566655441 39.9 374
1732566665551 30.7 375
1732566675674 30.5 376
1732566685804 31.1 377
1732566695919 39.1 378
1732566706054 30.7 379
1732566716190 40.1 380
1732566726308 49.1 381
1732566736412 30.7 382
1732566746488 31.1 383
1732566756602 48.7 384
1732566766726 45.9 385
1732566776841 50.9 386
1732566786925 35.5 387
1732566797043 49.5 388
1732566807129 35.9 389
1732566817229 48.3 390
1732566827318 38.8 391
1732566837436 49.9 392
1732566847557 30.5 393
1732566857682 43.7 394
1732566867817 38.8 395
1732566877942 30.9 396
1732566888039 30.3 397
1732566898185 39.4 398
1732566908316 48.7 399
1732566918437 43.0 400
1732566928557 32.4 401
1732566938661 49.6 402
1732566948770 30.8 403
1732566958846 36.3 404
1732566968970 36.2 405
1732566979101 49.1 406
1732566989230 30.3 407
1732566999369 44.3 408
1732567009487 40.4 409
1732567019611 30.3 410
1732567029756 30.7 411
1732567039861 45.3 412
1732567049985 34.2 413
1732567060086 49.2 414
1732567070209 39.1 415
1732567080339 36.7 416
1732567090464 49.9 417
1732567100588 30.7 418
1732567110717 37.8 419
1732567120848 39.5 420
1732567130947 39.0 421
1732567141071 39.7 422
1732567151193 30.1 423
1732567161409 38.3 424
1732567171509 30.0 425
1732567181628 37.9 426
1732567191764 35.4 427
1732567201895 30.0 428
1732567212037 47.8 429
1732567222166 38.3 430
1732567232291 30.0 431
1732567242378 30.5 432
1732567252507 37.1 433
1732567262612 31.0 434
1732567272756 38.6 435
1732567282897 37.2 436
1732567293017 46.4 437
1732567303144 44.1 438
1732567313297 30.6 439
1732567323403 44.3 440
1732567333525 48.4 441
1732567343647 29.9 442
1732567353782 37.3 443
1732567363925 40.2 444
1732567374060 37.7 445
1732567384196 31.8 446
1732567394324 30.0 447
1732567404470 35.8 448
1732567414598 49.6 449
1732567424734 30.1 450
1732567434891 46.9 451
1732567445028 39.4 452
1732567455151 38.6 453
1732567465288 38.4 454
1732567475412 32.0 455
1732567485491 30.1 456
1732567495645 30.1 457
1732567505773 37.5 458
1732567515920 30.0 459
1732567526057 37.6 460
1732567536188 38.6 461
1732567546316 30.6 462
1732567556452 30.7 463
1732567566572 36.8 464
1732567576701 39.0 465
1732567586847 42.9 466
1732567596990 32.1 467
1732567607117 38.3 468
1732567617256 33.5 469
1732567627387 37.1 470
1732567637522 41.7 471
1732567647654 48.1 472
1732567657797 43.2 473
1732567667927 50.4 474
1732567678054 30.1 475
