1732562879935 17.0 0
1732562890005 5.0 1
1732562900054 35.0 2
1732562910111 32.0 3
1732562920171 27.0 4
1732562930230 29.0 5
1732562940280 1.0 6
1732562950316 26.0 7
1732562960365 33.0 8
1732562970428 36.0 9
1732562980504 2.0 10
1732562990565 2.0 11
1732563000622 42.0 12
1732563010691 37.0 13
1732563020745 13.0 14
1732563030816 32.0 15
1732563040907 43.0 16
1732563050985 41.0 17
1732563061056 1.0 18
1732563071161 37.0 19
1732563081222 26.0 20
1732563091296 36.0 21
1732563101363 36.0 22
1732563111445 37.0 23
1732563121510 37.0 24
1732563131585 35.0 25
1732563141664 26.0 26
1732563151722 36.0 27
1732563161776 41.0 28
1732563171860 38.0 29
1732563181930 41.0 30
1732563192004 1.0 31
1732563202072 26.0 32
1732563212158 34.0 33
1732563222232 32.0 34
1732563232295 33.0 35
1732563242374 1.0 36
1732563252459 33.0 37
1732563262604 37.0 38
1732563272674 0.0 39
1732563282730 42.0 40
1732563292815 36.0 41
1732563302881 4.0 42
1732563312950 45.0 43
1732563323020 1.0 44
1732563333102 27.0 45
1732563343182 5.0 46
1732563353269 36.0 47
1732563363349 42.0 48
1732563373424 37.0 49
1732563383493 43.0 50
1732563393568 5.0 51
1732563403640 43.0 52
1732563413732 11.0 53
1732563423800 39.0 54
1732563433886 15.0 55
1732563443954 36.0 56
1732563454024 36.0 57
1732563464097 37.0 58
1732563474183 36.0 59
1732563484266 2.0 60
1732563494341 4.0 61
1732563504414 40.0 62
1732563514499 39.0 63
1732563524562 1.0 64
1732563534626 2.0 65
1732563544711 33.0 66
1732563554787 2.0 67
1732563564867 26.0 68
1732563574934 2.0 69
1732563585014 39.0 70
1732563595080 34.0 71
1732563605153 3.0 72
1732563615233 1.0 73
1732563625310 38.0 74
1732563635369 26.0 75
1732563645436 1.0 76
1732563655516 1.0 77
1732563665610 40.0 78
1732563675698 36.0 79
1732563685785 37.0 80
1732563695872 40.0 81
1732563705952 2.0 82
1732563716037 26.0 83
1732563726121 2.0 84
1732563736210 2.0 85
1732563746296 39.0 86
1732563756362 1.0 87
1732563766447 2.0 88
1732563776519 43.0 89
1732563786600 41.0 90
1732563796677 1.0 91
1732563806762 25.0 92
1732563816851 32.0 93
1732563826926 1.0 94
1732563837014 3.0 95
1732563847102 1.0 96
1732563857191 32.0 97
1732563867271 1.0 98
1732563877357 25.0 99
1732563887430 3.0 100
1732563897522 33.0 101
1732563907608 1.0 102
1732563917684 1.0 103
1732563927761 1.0 104
1732563937853 37.0 105
1732563947926 39.0 106
1732563958026 17.0 107
1732563968116 46.0 108
1732563978188 35.0 109
1732563988267 1.0 110
1732563998358 1.0 111
1732564008452 45.0 112
1732564018516 38.0 113
1732564028596 1.0 114
1732564038691 37.0 115
1732564048779 1.0 116
1732564058869 1.0 117
1732564068967 38.0 118
1732564079047 36.0 119
1732564089137 5.0 120
1732564099220 22.0 121
1732564109289 40.0 122
1732564119358 1.0 123
1732564129459 9.0 124
1732564139536 1.0 125
1732564149632 38.0 126
1732564159713 37.0 127
1732564169792 20.0 128
1732564179878 41.0 129
1732564189960 2.0 130
1732564200072 35.0 131
1732564210166 36.0 132
1732564220244 32.0 133
1732564230330 34.0 134
1732564240384 26.0 135
1732564250473 41.0 136
1732564260539 38.0 137
1732564270623 44.0 138
1732564280704 1.0 139
1732564290781 1.0 140
1732564300874 32.0 141
1732564310968 49.0 142
1732564321037 11.0 143
1732564331113 35.0 144
1732564341189 1.0 145
1732564351273 36.0 146
1732564361344 1.0 147
1732564371444 30.0 148
1732564381526 1.0 149
1732564391604 26.0 150
1732564401685 1.0 151
1732564411757 34.0 152
1732564421824 2.0 153
1732564431889 41.0 154
1732564441970 1.0 155
1732564452070 33.0 156
1732564462158 12.0 157
1732564472250 39.0 158
1732564482344 1.0 159
1732564492423 36.0 160
1732564502514 52.0 161
1732564512610 36.0 162
1732564522707 49.0 163
1732564532804 19.0 164
1732564542899 34.0 165
1732564552993 2.0 166
1732564563094 37.0 167
1732564573157 31.0 168
1732564583249 35.0 169
1732564593357 1.0 170
1732564603421 39.0 171
1732564613511 13.0 172
1732564623614 32.0 173
1732564633708 1.0 174
1732564643804 34.0 175
1732564653899 2.0 176
1732564664008 1.0 177
1732564674114 37.0 178
1732564684217 35.0 179
1732564694313 26.0 180
1732564704405 1.0 181
1732564714505 1.0 182
1732564724590 36.0 183
1732564734687 2.0 184
1732564744780 37.0 185
1732564754891 1.0 186
1732564764971 27.0 187
1732564775067 2.0 188
1732564785163 37.0 189
1732564795252 1.0 190
1732564805339 33.0 191
1732564815401 32.0 192
1732564825905 1.0 193
1732564836004 1.0 194
1732564846089 33.0 195
1732564856186 1.0 196
1732564866275 1.0 197
1732564876368 34.0 198
1732564886422 36.0 199
1732564896535 40.0 200
1732564906630 17.0 201
1732564916698 1.0 202
1732564926802 38.0 203
1732564936895 35.0 204
1732564946999 42.0 205
1732564957090 35.0 206
1732564967206 4.0 207
1732564977302 3.0 208
1732564987404 1.0 209
1732564997497 32.0 210
1732565007581 3.0 211
1732565017683 10.0 212
1732565027782 40.0 213
1732565037864 41.0 214
1732565047978 34.0 215
1732565058065 23.0 216
1732565068160 1.0 217
1732565078263 1.0 218
1732565088361 35.0 219
1732565098472 2.0 220
1732565108572 37.0 221
1732565118667 1.0 222
1732565128780 35.0 223
1732565138874 17.0 224
1732565148979 38.0 225
1732565159054 43.0 226
1732565169149 36.0 227
1732565179233 1.0 228
1732565189329 37.0 229
1732565199432 25.0 230
1732565209514 3.0 231
1732565219616 3.0 232
1732565229718 39.0 233
1732565239818 1.0 234
1732565249926 36.0 235
1732565260038 36.0 236
1732565270100 36.0 237
1732565280193 45.0 238
1732565290287 36.0 239
1732565300393 1.0 240
1732565310499 1.0 241
1732565320587 33.0 242
1732565330695 42.0 243
1732565340785 36.0 244
1732565350882 36.0 245
1732565360974 31.0 246
1732565371084 6.0 247
1732565381191 4.0 248
1732565391303 1.0 249
1732565401412 41.0 250
1732565411498 4.0 251
1732565421617 30.0 252
1732565431724 38.0 253
1732565441795 3.0 254
1732565451885 2.0 255
1732565462000 3.0 256
1732565472122 36.0 257
1732565482213 32.0 258
1732565492322 26.0 259
1732565502435 33.0 260
1732565512543 32.0 261
1732565522616 34.0 262
1732565532699 35.0 263
1732565542815 1.0 264
1732565552927 39.0 265
1732565563043 28.0 266
1732565573135 38.0 267
1732565583226 2.0 268
1732565593288 41.0 269
1732565603398 45.0 270
1732565613497 30.0 271
1732565623612 35.0 272
1732565633741 16.0 273
1732565643850 34.0 274
1732565653962 37.0 275
1732565664078 34.0 276
1732565674170 3.0 277
1732565684284 35.0 278
1732565694377 36.0 279
1732565704473 27.0 280
1732565714589 41.0 281
1732565724704 30.0 282
1732565734815 37.0 283
1732565744919 36.0 284
1732565755038 3.0 285
1732565765154 38.0 286
1732565775257 27.0 287
1732565785347 1.0 288
1732565795422 2.0 289
1732565805491 2.0 290
1732565815580 40.0 291
1732565825700 3.0 292
1732565835812 43.0 293
1732565845929 39.0 294
1732565856044 19.0 295
1732565866155 38.0 296
1732565876265 35.0 297
1732565886380 3.0 298
1732565896461 38.0 299
1732565906560 40.0 300
1732565916669 26.0 301
1732565926775 2.0 302
1732565936872 42.0 303
1732565946983 37.0 304
1732565957087 32.0 305
1732565967151 29.0 306
1732565977645 29.0 307
1732565987763 13.0 308
1732565997825 34.0 309
1732566007923 27.0 310
1732566018030 39.0 311
1732566028114 40.0 312
1732566038181 45.0 313
1732566048274 38.0 314
1732566058360 1.0 315
1732566068469 34.0 316
1732566078545 3.0 317
1732566088629 2.0 318
1732566098725 32.0 319
1732566108815 1.0 320
1732566118889 37.0 321
1732566129012 34.0 322
1732566139117 19.0 323
1732566149238 1.0 324
1732566159353 45.0 325
1732566169471 0.0 326
1732566179580 16.0 327
1732566189691 43.0 328
1732566199788 49.0 329
1732566209904 2.0 330
1732566220020 37.0 331
1732566230134 43.0 332
1732566240244 37.0 333
1732566250359 2.0 334
1732566260448 1.0 335
1732566270554 2.0 336
1732566281079 23.0 337
1732566291194 0.0 338
1732566301335 31.0 339
1732566311439 32.0 340
1732566321561 16.0 341
1732566331635 27.0 342
1732566341733 1.0 343
1732566351836 1.0 344
1732566361956 34.0 345
1732566372076 26.0 346
1732566382184 36.0 347
1732566392293 1.0 348
1732566402409 43.0 349
1732566412533 34.0 350
1732566422640 1.0 351
1732566432769 35.0 352
1732566442875 36.0 353
1732566452989 23.0 354
1732566463113 32.0 355
1732566473240 35.0 356
1732566483366 37.0 357
1732566493479 30.0 358
1732566503596 1.0 359
1732566513721 1.0 360
1732566523831 26.0 361
1732566533959 1.0 362
1732566544089 2.0 363
1732566554210 31.0 364
1732566564331 1.0 365
1732566574435 30.0 366
1732566584558 1.0 367
1732566594697 26.0 368
1732566604830 25.0 369
1732566614937 35.0 370
1732566625065 1.0 371
1732566635202 27.0 372
1732566645335 38.0 373
1732566655441 38.0 374
1732566665551 1.0 375
1732566675674 2.0 376
1732566685804 26.0 377
1732566695919 34.0 378
1732566706054 2.0 379
1732566716190 31.0 380
1732566726308 40.0 381
1732566736412 1.0 382
1732566746488 25.0 383
1732566756602 41.0 384
1732566766726 36.0 385
1732566776841 39.0 386
1732566786925 33.0 387
1732566797043 34.0 388
1732566807129 1.0 389
1732566817229 32.0 390
1732566827318 30.0 391
1732566837436 38.0 392
1732566847557 0.0 393
1732566857682 41.0 394
1732566867817 38.0 395
1732566877942 25.0 396
1732566888039 0.0 397
1732566898185 36.0 398
1732566908316 29.0 399
1732566918437 40.0 400
1732566928557 0.0 401
1732566938661 39.0 402
1732566948770 13.0 403
1732566958846 0.0 404
1732566968970 0.0 405
1732566979101 37.0 406
1732566989230 0.0 407
1732566999369 34.0 408
1732567009487 27.0 409
1732567019611 0.0 410
1732567029756 25.0 411
1732567039861 32.0 412
1732567049985 0.0 413
1732567060086 33.0 414
1732567070209 33.0 415
1732567080339 22.0 416
1732567090464 30.0 417
1732567100588 14.0 418
1732567110717 34.0 419
1732567120848 29.0 420
1732567130947 36.0 421
1732567141071 34.0 422
1732567151193 0.0 423
1732567161409 35.0 424
1732567171509 0.0 425
1732567181628 33.0 426
1732567191764 0.0 427
1732567201895 0.0 428
1732567212037 31.0 429
1732567222166 33.0 430
1732567232291 1.0 431
1732567242378 23.0 432
1732567252507 31.0 433
1732567262612 0.0 434
1732567272756 34.0 435
1732567282897 30.0 436
1732567293017 29.0 437
1732567303144 37.0 438
1732567313297 15.0 439
1732567323403 30.0 440
1732567333525 31.0 441
1732567343647 0.0 442
1732567353782 0.0 443
1732567363925 34.0 444
1732567374060 31.0 445
1732567384196 1.0 446
1732567394324 1.0 447
1732567404470 38.0 448
1732567414598 36.0 449
1732567424734 0.0 450
1732567434891 40.0 451
1732567445028 29.0 452
1732567455151 33.0 453
1732567465288 1.0 454
1732567475412 40.0 455
1732567485491 0.0 456
1732567495645 0.0 457
1732567505773 29.0 458
1732567515920 0.0 459
1732567526057 26.0 460
1732567536188 31.0 461
1732567546316 26.0 462
1732567556452 1.0 463
1732567566572 7.0 464
1732567576701 38.0 465
1732567586847 31.0 466
1732567596990 30.0 467
1732567607117 28.0 468
1732567617256 34.0 469
1732567627387 1.0 470
1732567637522 40.0 471
1732567647654 42.0 472
1732567657797 0.0 473
1732567667927 29.0 474
1732567678054 0.0 475
