1732562879935 0.00034600000000750697 0
1732562890005 0.02587600000001089 1
1732562900054 0.06271800000001804 2
1732562910111 0.08580800000001432 3
1732562920171 0.11313200000000734 4
1732562930230 0.13480100000001016 5
1732562940280 0.1619280000000174 6
1732562950316 0.17877800000002253 7
1732562960365 0.20808600000000865 8
1732562970428 0.21950600000002396 9
1732562980504 0.24029600000000073 10
1732562990565 0.2592120000000193 11
1732563000622 0.2769320000000164 12
1732563010691 0.2996559999999988 13
1732563020745 0.3422390000000064 14
1732563030816 0.365791999999999 15
1732563040907 0.39762300000001005 16
1732563050985 0.41844300000002477 17
1732563061056 0.4387609999999995 18
1732563071161 0.4576550000000168 19
1732563081222 0.48829400000002465 20
1732563091296 0.5073040000000049 21
1732563101363 0.529106000000013 22
1732563111445 0.5493110000000172 23
1732563121510 0.5754090000000076 24
1732563131585 0.586102000000011 25
1732563141664 0.6402760000000001 26
1732563151722 0.6659530000000018 27
1732563161776 0.6935930000000212 28
1732563171860 0.7374630000000195 29
1732563181930 0.7702890000000195 30
1732563192004 0.780947000000026 31
1732563202072 0.8052570000000117 32
1732563212158 0.8368550000000141 33
1732563222232 0.8495110000000068 34
1732563232295 0.8824960000000033 35
1732563242374 0.9079600000000028 36
1732563252459 0.9187620000000152 37
1732563262604 0.9670070000000237 38
1732563272674 0.9923260000000198 39
1732563282730 1.0131840000000238 40
1732563292815 1.120127000000025 41
1732563302881 1.3273730000000228 42
1732563312950 1.4558150000000012 43
1732563323020 1.6837870000000237 44
1732563333102 1.80308500000001 45
1732563343182 1.8154370000000029 46
1732563353269 1.8354970000000037 47
1732563363349 1.9304130000000157 48
1732563373424 2.005519000000021 49
1732563383493 2.109841000000017 50
1732563393568 2.197724000000022 51
1732563403640 2.3349120000000028 52
1732563413732 2.3943990000000213 53
1732563423800 2.503690000000006 54
1732563433886 2.516770000000008 55
1732563443954 2.6675460000000157 56
1732563454024 2.690690000000018 57
1732563464097 2.7199230000000227 58
1732563474183 2.756578000000019 59
1732563484266 2.876874000000015 60
1732563494341 3.0496860000000083 61
1732563504414 3.109652000000011 62
1732563514499 3.135840999999999 63
1732563524562 3.1580260000000067 64
1732563534626 3.200361000000015 65
1732563544711 3.2189460000000167 66
1732563554787 3.250838000000016 67
1732563564867 3.2930450000000064 68
1732563574934 3.3504780000000096 69
1732563585014 3.3723430000000008 70
1732563595080 3.3948740000000157 71
1732563605153 3.4184910000000173 72
1732563615233 3.5265740000000108 73
1732563625310 3.611034000000018 74
1732563635369 3.6569040000000257 75
1732563645436 3.6798200000000065 76
1732563655516 3.806432000000001 77
1732563665610 3.8433430000000044 78
1732563675698 3.863999000000007 79
1732563685785 3.897359000000023 80
1732563695872 3.9185460000000205 81
1732563705952 3.935005000000018 82
1732563716037 3.949573000000015 83
1732563726121 3.9671880000000215 84
1732563736210 4.058602000000008 85
1732563746296 4.083672000000007 86
1732563756362 4.104743000000013 87
1732563766447 4.135527000000025 88
1732563776519 4.160906000000011 89
1732563786600 4.192894000000024 90
1732563796677 4.220643000000024 91
1732563806762 4.230267000000026 92
1732563816851 4.251138000000026 93
1732563826926 4.268783000000013 94
1732563837014 4.30487100000002 95
1732563847102 4.31481100000002 96
1732563857191 4.35748000000001 97
1732563867271 4.38203900000002 98
1732563877357 4.401966000000016 99
1732563887430 4.42813000000001 100
1732563897522 4.437635 101
1732563907608 4.467978000000016 102
1732563917684 4.489022000000006 103
1732563927761 4.5058970000000045 104
1732563937853 4.518355000000014 105
1732563947926 4.537782000000021 106
1732563958026 4.553219000000013 107
1732563968116 4.567635000000024 108
1732563978188 4.617829 109
1732563988267 4.705622000000005 110
1732563998358 4.731233000000003 111
1732564008452 5.082740999999999 112
1732564018516 5.264592000000022 113
1732564028596 5.274900000000002 114
1732564038691 5.343630000000019 115
1732564048779 5.391344000000004 116
1732564058869 5.42435500000002 117
1732564068967 5.436035000000004 118
1732564079047 5.448304000000007 119
1732564089137 5.634808000000021 120
1732564099220 5.853590000000025 121
1732564109289 5.8815600000000074 122
1732564119358 6.039219000000003 123
1732564129459 6.0699260000000095 124
1732564139536 6.092041000000023 125
1732564149632 6.141719000000023 126
1732564159713 6.1768710000000056 127
1732564169792 6.196179999999998 128
1732564179878 6.220704000000012 129
1732564189960 6.267995000000013 130
1732564200072 6.279153000000008 131
1732564210166 6.29932500000001 132
1732564220244 6.332204000000019 133
1732564230330 6.359406000000007 134
1732564240384 6.380065999999999 135
1732564250473 6.434148000000022 136
1732564260539 6.570902000000018 137
1732564270623 6.865624000000025 138
1732564280704 6.995244000000014 139
1732564290781 7.019480000000016 140
1732564300874 7.056589000000002 141
1732564310968 7.067805000000021 142
1732564321037 7.116505000000018 143
1732564331113 7.148354000000012 144
1732564341189 7.180448000000013 145
1732564351273 7.1929210000000126 146
1732564361344 7.221613000000019 147
1732564371444 7.231512000000009 148
1732564381526 7.2546350000000075 149
1732564391604 7.276562000000013 150
1732564401685 7.326960000000014 151
1732564411757 7.341048999999998 152
1732564421824 7.3546260000000245 153
1732564431889 7.365268000000015 154
1732564441970 7.377423000000022 155
1732564452070 7.391178000000025 156
1732564462158 7.462388000000004 157
1732564472250 7.481283000000019 158
1732564482344 7.507452999999998 159
1732564492423 7.5272760000000005 160
1732564502514 7.547739000000007 161
1732564512610 7.559151000000014 162
1732564522707 7.580734000000007 163
1732564532804 7.5988430000000164 164
1732564542899 7.612431000000015 165
1732564552993 7.624295000000018 166
1732564563094 7.63982900000002 167
1732564573157 7.649065000000007 168
1732564583249 7.702078 169
1732564593357 7.726500000000016 170
1732564603421 7.779945000000026 171
1732564613511 7.790326000000022 172
1732564623614 7.811329000000001 173
1732564633708 7.821784000000008 174
1732564643804 7.854053000000022 175
1732564653899 7.872293000000013 176
1732564664008 7.897666000000015 177
1732564674114 7.908010000000019 178
1732564684217 7.919530000000009 179
1732564694313 7.934989000000002 180
1732564704405 7.9704670000000135 181
1732564714505 7.9860610000000065 182
1732564724590 8.093729000000025 183
1732564734687 8.126830000000012 184
1732564744780 8.145527000000016 185
1732564754891 8.178432000000015 186
1732564764971 8.188634000000008 187
1732564775067 8.199626000000023 188
1732564785163 8.21231800000001 189
1732564795252 8.22798400000002 190
1732564805339 8.246057000000008 191
1732564815401 8.284175000000005 192
1732564825905 8.309440000000023 193
1732564836004 8.333638000000008 194
1732564846089 8.357992000000024 195
1732564856186 8.369741000000005 196
1732564866275 8.388667000000027 197
1732564876368 8.41472300000001 198
1732564886422 8.439703000000009 199
1732564896535 8.450103000000013 200
1732564906630 8.462000000000018 201
1732564916698 8.474425000000025 202
1732564926802 8.622600000000006 203
1732564936895 8.816906000000017 204
1732564946999 8.981430000000017 205
1732564957090 9.213847000000015 206
1732564967206 9.476410000000016 207
1732564977302 9.590384 208
1732564987404 9.609932000000015 209
1732564997497 9.745581000000016 210
1732565007581 9.79397400000002 211
1732565017683 9.815388000000013 212
1732565027782 9.875098000000008 213
1732565037864 9.896018000000026 214
1732565047978 9.906911000000008 215
1732565058065 9.942358000000013 216
1732565068160 9.98248000000001 217
1732565078263 10.001731000000007 218
1732565088361 10.012360999999999 219
1732565098472 10.035302000000001 220
1732565108572 10.049520000000001 221
1732565118667 10.074205000000006 222
1732565128780 10.084360000000004 223
1732565138874 10.095123999999998 224
1732565148979 10.116847000000007 225
1732565159054 10.158197000000001 226
1732565169149 10.188271000000015 227
1732565179233 10.241803000000004 228
1732565189329 10.280427000000003 229
1732565199432 10.306375000000003 230
1732565209514 10.317024000000004 231
1732565219616 10.339206000000019 232
1732565229718 10.349186000000003 233
1732565239818 10.47207400000002 234
1732565249926 10.491264000000001 235
1732565260038 10.516367000000002 236
1732565270100 10.559584000000001 237
1732565280193 10.755360000000024 238
1732565290287 11.015672000000023 239
1732565300393 11.171727000000004 240
1732565310499 11.210279000000014 241
1732565320587 11.238527000000005 242
1732565330695 11.368975000000006 243
1732565340785 11.530965000000009 244
1732565350882 11.558693000000005 245
1732565360974 11.626980000000003 246
1732565371084 11.672118000000012 247
1732565381191 11.71528600000002 248
1732565391303 11.736546000000004 249
1732565401412 11.893977000000007 250
1732565411498 12.005446000000006 251
1732565421617 12.127598000000006 252
1732565431724 12.332686000000024 253
1732565441795 12.366142000000025 254
1732565451885 12.37590400000002 255
1732565462000 12.39643000000001 256
1732565472122 12.409096000000005 257
1732565482213 12.442902000000004 258
1732565492322 12.457332000000008 259
1732565502435 12.477157000000005 260
1732565512543 12.486678000000012 261
1732565522616 12.50436000000002 262
1732565532699 12.526074000000023 263
1732565542815 12.549507000000006 264
1732565552927 12.572349000000003 265
1732565563043 12.589459000000005 266
1732565573135 12.603826000000026 267
1732565583226 12.623704000000004 268
1732565593288 12.635971000000012 269
1732565603398 12.673531000000025 270
1732565613497 12.683899000000025 271
1732565623612 12.702966000000004 272
1732565633741 12.712511000000006 273
1732565643850 12.736552000000017 274
1732565653962 12.750264000000016 275
1732565664078 12.773433000000011 276
1732565674170 12.784987999999998 277
1732565684284 12.795742000000018 278
1732565694377 12.810090000000002 279
1732565704473 12.819880000000012 280
1732565714589 12.84780600000002 281
1732565724704 12.878917000000001 282
1732565734815 12.91757100000001 283
1732565744919 12.936815000000024 284
1732565755038 12.947787000000005 285
1732565765154 12.974482000000023 286
1732565775257 12.997917000000001 287
1732565785347 13.120541000000003 288
1732565795422 13.131373000000025 289
1732565805491 13.146769000000006 290
1732565815580 13.170559000000026 291
1732565825700 13.183941000000004 292
1732565835812 13.226819000000006 293
1732565845929 13.236755000000016 294
1732565856044 13.245667000000026 295
1732565866155 13.269181000000003 296
1732565876265 13.283225000000016 297
1732565886380 13.303008000000005 298
1732565896461 13.326024000000018 299
1732565906560 13.338985000000008 300
1732565916669 13.359471000000013 301
1732565926775 13.374180000000024 302
1732565936872 13.384702000000004 303
1732565946983 13.397896000000003 304
1732565957087 13.444640000000021 305
1732565967151 13.466903000000002 306
1732565977645 13.493875000000003 307
1732565987763 13.503221000000025 308
1732565997825 13.528970000000015 309
1732566007923 13.560465000000022 310
1732566018030 13.657968000000011 311
1732566028114 13.698799000000008 312
1732566038181 13.90033600000001 313
1732566048274 14.079094000000026 314
1732566058360 14.169977000000017 315
1732566068469 14.380140000000011 316
1732566078545 14.536097000000012 317
1732566088629 14.546109999999999 318
1732566098725 14.829329000000001 319
1732566108815 14.847501000000022 320
1732566118889 14.866777000000013 321
1732566129012 14.890706000000023 322
1732566139117 14.916252000000014 323
1732566149238 14.931190000000015 324
1732566159353 14.957822000000021 325
1732566169471 14.972816000000023 326
1732566179580 14.996172999999999 327
1732566189691 15.011419000000018 328
1732566199788 15.066409000000021 329
1732566209904 15.107852000000008 330
1732566220020 15.137687 331
1732566230134 15.154561000000001 332
1732566240244 15.37724 333
1732566250359 15.408827000000002 334
1732566260448 15.44913200000002 335
1732566270554 15.481493 336
1732566281079 15.516219000000007 337
1732566291194 15.527716000000026 338
1732566301335 15.545817 339
1732566311439 15.555200000000013 340
1732566321561 15.591519000000005 341
1732566331635 15.613763000000006 342
1732566341733 15.651319 343
1732566351836 15.660413000000005 344
1732566361956 15.678651000000002 345
1732566372076 15.688632000000013 346
1732566382184 15.722023000000007 347
1732566392293 15.734073000000024 348
1732566402409 15.756407000000024 349
1732566412533 15.765874000000025 350
1732566422640 15.789980000000014 351
1732566432769 15.799613000000022 352
1732566442875 15.830962 353
1732566452989 15.840892000000025 354
1732566463113 15.884534000000002 355
1732566473240 15.894170000000003 356
1732566483366 15.913357000000019 357
1732566493479 15.928572000000003 358
1732566503596 15.966039000000023 359
1732566513721 15.976786000000004 360
1732566523831 15.998408000000012 361
1732566533959 16.00941800000001 362
1732566544089 16.028033000000022 363
1732566554210 16.037237000000005 364
1732566564331 16.07359500000001 365
1732566574435 16.09578400000001 366
1732566584558 16.118052000000006 367
1732566594697 16.12795300000002 368
1732566604830 16.154601000000014 369
1732566614937 16.17985900000002 370
1732566625065 16.204669000000024 371
1732566635202 16.233522000000022 372
1732566645335 16.267867000000024 373
1732566655441 16.282208000000026 374
1732566665551 16.301170000000013 375
1732566675674 16.322374000000025 376
1732566685804 16.343108 377
1732566695919 16.351354000000015 378
1732566706054 16.37482 379
1732566716190 16.38491300000001 380
1732566726308 16.407381000000015 381
1732566736412 16.428039000000012 382
1732566746488 16.451458000000002 383
1732566756602 16.461090000000013 384
1732566766726 16.489607000000007 385
1732566776841 16.498171000000013 386
1732566786925 16.519262000000026 387
1732566797043 16.54049500000002 388
1732566807129 16.565694000000008 389
1732566817229 16.58578 390
1732566827318 16.615357000000017 391
1732566837436 16.62500800000001 392
1732566847557 16.64441100000002 393
1732566857682 16.672735000000017 394
1732566867817 16.696787 395
1732566877942 16.70956800000002 396
1732566888039 16.73317 397
1732566898185 16.742815000000007 398
1732566908316 16.765660000000025 399
1732566918437 16.81768600000001 400
1732566928557 16.845395000000025 401
1732566938661 16.873593 402
1732566948770 16.89602500000001 403
1732566958846 16.910791000000017 404
1732566968970 16.930461000000008 405
1732566979101 16.940778000000023 406
1732566989230 16.968857000000014 407
1732566999369 16.986995000000007 408
1732567009487 17.005178 409
1732567019611 17.02775600000001 410
1732567029756 17.059275000000014 411
1732567039861 17.08014400000002 412
1732567049985 17.109701 413
1732567060086 17.122585000000015 414
1732567070209 17.14811400000002 415
1732567080339 17.202098000000007 416
1732567090464 17.22410500000001 417
1732567100588 17.233420000000024 418
1732567110717 17.267188000000004 419
1732567120848 17.276948000000004 420
1732567130947 17.306591000000026 421
1732567141071 17.316311000000013 422
1732567151193 17.35067600000002 423
1732567161409 17.364600000000024 424
1732567171509 17.384995000000004 425
1732567181628 17.394209000000018 426
1732567191764 17.41708 427
1732567201895 17.43283600000001 428
1732567212037 17.45428800000002 429
1732567222166 17.488429000000025 430
1732567232291 17.52496400000001 431
1732567242378 17.541381 432
1732567252507 17.562692 433
1732567262612 17.574202000000014 434
1732567272756 17.596709000000004 435
1732567282897 17.60826800000001 436
1732567293017 17.626134000000008 437
1732567303144 17.63527400000001 438
1732567313297 17.654075000000006 439
1732567323403 17.66418300000001 440
1732567333525 17.68284300000002 441
1732567343647 17.700789000000015 442
1732567353782 17.721322000000015 443
1732567363925 17.736921000000024 444
1732567374060 17.755133999999998 445
1732567384196 17.765694000000025 446
1732567394324 17.785121000000004 447
1732567404470 17.794378000000023 448
1732567414598 17.812491000000023 449
1732567424734 17.82726600000001 450
1732567434891 17.844776000000024 451
1732567445028 17.854468000000026 452
1732567455151 17.880828000000008 453
1732567465288 17.897937000000013 454
1732567475412 17.916433000000012 455
1732567485491 17.926155000000023 456
1732567495645 17.94748900000002 457
1732567505773 17.958736000000016 458
1732567515920 17.986520000000013 459
1732567526057 17.996114000000006 460
1732567536188 18.02854400000001 461
1732567546316 18.037936000000002 462
1732567556452 18.05728000000002 463
1732567566572 18.079128000000026 464
1732567576701 18.105613000000005 465
1732567586847 18.129085000000003 466
1732567596990 18.173974000000015 467
1732567607117 18.192150000000026 468
1732567617256 18.208504000000005 469
1732567627387 18.227915000000024 470
1732567637522 18.238267000000008 471
1732567647654 18.25641300000001 472
1732567657797 18.271492000000023 473
1732567667927 18.295963 474
1732567678054 18.306973 475
