1732562879935 0.000345999999808555 0
1732562890005 0.02679599999964921 1
1732562900054 0.06162999999969543 2
1732562910111 0.08678099999997357 3
1732562920171 0.11428599999999278 4
1732562930230 0.13563299999987066 5
1732562940280 0.16150100000004386 6
1732562950316 0.18688599999995859 7
1732562960365 0.2158199999998942 8
1732562970428 0.23367400000006455 9
1732562980504 0.25842499999998836 10
1732562990565 0.2783039999999346 11
1732563000622 0.31002799999987474 12
1732563010691 0.3402089999999589 13
1732563020745 0.37586400000009235 14
1732563030816 0.4003939999997783 15
1732563040907 0.43147399999998015 16
1732563050985 0.4528029999996761 17
1732563061056 0.4696969999999965 18
1732563071161 0.4891669999997248 19
1732563081222 0.5135029999996732 20
1732563091296 0.5447009999998045 21
1732563101363 0.5713449999998375 22
1732563111445 0.592583999999988 23
1732563121510 0.6271349999997256 24
1732563131585 0.6414759999997841 25
1732563141664 0.6817900000000918 26
1732563151722 0.7131110000000263 27
1732563161776 0.7907569999997577 28
1732563171860 0.8316749999999047 29
1732563181930 0.8661239999996724 30
1732563192004 0.8780520000000251 31
1732563202072 0.900365999999849 32
1732563212158 0.9347179999999753 33
1732563222232 0.9522039999997105 34
1732563232295 0.9919629999999415 35
1732563242374 1.0220759999997426 36
1732563252459 1.0339739999999438 37
1732563262604 1.0699429999999666 38
1732563272674 1.1012279999999919 39
1732563282730 1.1221989999999096 40
1732563292815 3.1989810000000034 41
1732563302881 4.919124000000011 42
1732563312950 5.153189999999995 43
1732563323020 5.671538999999939 44
1732563333102 6.5965729999998075 45
1732563343182 6.614240999999765 46
1732563353269 6.63487699999996 47
1732563363349 6.767399999999725 48
1732563373424 6.9380049999999756 49
1732563383493 7.07201699999996 50
1732563393568 7.156754000000092 51
1732563403640 8.10042199999998 52
1732563413732 8.2267039999997 53
1732563423800 8.38294999999971 54
1732563433886 8.41023099999984 55
1732563443954 8.589034999999967 56
1732563454024 8.658363000000008 57
1732563464097 8.79424199999994 58
1732563474183 8.838704999999663 59
1732563484266 9.038463999999749 60
1732563494341 9.15542699999969 61
1732563504414 9.208440999999766 62
1732563514499 9.236316999999872 63
1732563524562 9.25747999999976 64
1732563534626 9.295223000000078 65
1732563544711 9.310279999999693 66
1732563554787 9.344276999999693 67
1732563564867 9.383190999999897 68
1732563574934 9.420685000000049 69
1732563585014 9.438632999999754 70
1732563595080 9.458566999999675 71
1732563605153 9.474695999999767 72
1732563615233 9.54456399999981 73
1732563625310 9.626123000000007 74
1732563635369 9.671450999999706 75
1732563645436 9.68734399999994 76
1732563655516 9.815027999999984 77
1732563665610 9.842306999999892 78
1732563675698 9.874896999999692 79
1732563685785 9.89121699999987 80
1732563695872 9.915059999999812 81
1732563705952 9.928139999999985 82
1732563716037 9.950839000000087 83
1732563726121 9.96736699999974 84
1732563736210 10.029978999999912 85
1732563746296 10.050604999999905 86
1732563756362 10.073927999999796 87
1732563766447 10.147230000000036 88
1732563776519 10.171317999999701 89
1732563786600 10.19824299999982 90
1732563796677 10.222863999999845 91
1732563806762 10.232731000000058 92
1732563816851 10.255956999999853 93
1732563826926 10.270109000000048 94
1732563837014 10.30674399999998 95
1732563847102 10.31742899999972 96
1732563857191 10.356480999999803 97
1732563867271 10.37938099999974 98
1732563877357 10.401996999999938 99
1732563887430 10.419896999999764 100
1732563897522 10.430069000000003 101
1732563907608 10.460246000000097 102
1732563917684 10.482162999999673 103
1732563927761 10.494686000000002 104
1732563937853 10.514756999999918 105
1732563947926 10.537491000000045 106
1732563958026 10.548707999999806 107
1732563968116 10.56960799999979 108
1732563978188 10.619995999999901 109
1732563988267 10.666768000000047 110
1732563998358 10.695616999999856 111
1732564008452 11.430155000000013 112
1732564018516 16.587054999999964 113
1732564028596 16.59796499999993 114
1732564038691 16.6606469999997 115
1732564048779 16.695525999999973 116
1732564058869 16.77718999999979 117
1732564068967 16.79211099999975 118
1732564079047 16.80430499999966 119
1732564089137 21.20146799999975 120
1732564099220 32.777434000000085 121
1732564109289 32.7989520000001 122
1732564119358 32.916233999999804 123
1732564129459 32.95115200000009 124
1732564139536 32.96826199999987 125
1732564149632 32.99768300000005 126
1732564159713 33.03625599999987 127
1732564169792 33.05193999999983 128
1732564179878 33.081298999999944 129
1732564189960 33.24330999999984 130
1732564200072 33.25483600000007 131
1732564210166 33.272210000000086 132
1732564220244 33.3023119999998 133
1732564230330 33.324118 134
1732564240384 33.35028199999988 135
1732564250473 33.40364299999965 136
1732564260539 36.87415400000009 137
1732564270623 44.607450999999855 138
1732564280704 46.76680499999975 139
1732564290781 46.79018499999984 140
1732564300874 46.870324999999866 141
1732564310968 46.90158799999972 142
1732564321037 46.933919999999944 143
1732564331113 46.960651999999754 144
1732564341189 46.98837800000001 145
1732564351273 47.00033600000006 146
1732564361344 47.07970499999965 147
1732564371444 47.09325799999988 148
1732564381526 47.1135519999998 149
1732564391604 47.148651999999856 150
1732564401685 47.19851999999992 151
1732564411757 47.21725199999992 152
1732564421824 47.23823799999991 153
1732564431889 47.25244799999973 154
1732564441970 47.26510099999996 155
1732564452070 47.279529999999795 156
1732564462158 47.34324699999979 157
1732564472250 47.35723199999984 158
1732564482344 47.38657599999988 159
1732564492423 47.407526999999845 160
1732564502514 47.42445799999996 161
1732564512610 47.43696199999977 162
1732564522707 47.467267999999876 163
1732564532804 47.4888719999999 164
1732564542899 47.50754199999983 165
1732564552993 47.523177999999916 166
1732564563094 47.54331000000002 167
1732564573157 47.55310899999995 168
1732564583249 47.601354999999785 169
1732564593357 47.62722699999995 170
1732564603421 47.66730499999994 171
1732564613511 47.681294999999864 172
1732564623614 47.69819000000007 173
1732564633708 47.70900699999993 174
1732564643804 47.746450000000095 175
1732564653899 47.76028300000007 176
1732564664008 47.836203999999725 177
1732564674114 47.8502239999998 178
1732564684217 47.86223799999971 179
1732564694313 47.87452600000006 180
1732564704405 47.91244599999982 181
1732564714505 47.932566999999835 182
1732564724590 50.14748099999997 183
1732564734687 51.04910199999995 184
1732564744780 51.06415500000003 185
1732564754891 51.09265499999992 186
1732564764971 51.1037309999997 187
1732564775067 51.11529299999984 188
1732564785163 51.13321199999973 189
1732564795252 51.15638199999967 190
1732564805339 51.184048000000075 191
1732564815401 51.21742700000004 192
1732564825905 51.24327099999982 193
1732564836004 51.266583999999966 194
1732564846089 51.28926199999978 195
1732564856186 51.304619999999886 196
1732564866275 51.31981199999973 197
1732564876368 51.35049600000002 198
1732564886422 51.382408999999825 199
1732564896535 51.39335600000004 200
1732564906630 51.41029099999969 201
1732564916698 51.42587800000001 202
1732564926802 51.90265700000009 203
1732564936895 54.39195699999982 204
1732564946999 57.812312999999904 205
1732564957090 64.10401899999988 206
1732564967206 72.80695199999991 207
1732564977302 76.17661599999974 208
1732564987404 76.1935599999997 209
1732564997497 78.87814299999991 210
1732565007581 81.47620199999983 211
1732565017683 81.55393999999978 212
1732565027782 85.68646599999965 213
1732565037864 86.1598899999999 214
1732565047978 86.17243999999982 215
1732565058065 86.20360299999993 216
1732565068160 86.38603399999965 217
1732565078263 86.4018689999998 218
1732565088361 86.41301799999974 219
1732565098472 86.438533 220
1732565108572 86.45748400000002 221
1732565118667 86.49438199999986 222
1732565128780 86.50515199999973 223
1732565138874 86.51681499999995 224
1732565148979 86.56030800000008 225
1732565159054 86.65087300000005 226
1732565169149 86.66270299999996 227
1732565179233 86.70947999999999 228
1732565189329 86.7471099999998 229
1732565199432 86.76828299999988 230
1732565209514 86.77961800000003 231
1732565219616 86.80373599999984 232
1732565229718 86.8143399999999 233
1732565239818 86.93618199999992 234
1732565249926 86.9505409999997 235
1732565260038 87.03542900000002 236
1732565270100 87.05713699999978 237
1732565280193 95.71658499999967 238
1732565290287 105.47466399999985 239
1732565300393 108.64766800000007 240
1732565310499 108.67612599999984 241
1732565320587 108.69750699999986 242
1732565330695 108.84247699999969 243
1732565340785 109.02046900000005 244
1732565350882 109.03514399999995 245
1732565360974 109.09509799999978 246
1732565371084 109.17162400000007 247
1732565381191 109.25236399999994 248
1732565391303 109.26809099999991 249
1732565401412 109.44548099999975 250
1732565411498 110.0999069999998 251
1732565421617 110.31280199999992 252
1732565431724 110.48821599999974 253
1732565441795 110.50623499999983 254
1732565451885 110.51662600000009 255
1732565462000 110.53356799999983 256
1732565472122 110.55068799999981 257
1732565482213 110.58099300000003 258
1732565492322 110.6000610000001 259
1732565502435 110.61677099999997 260
1732565512543 110.62714199999982 261
1732565522616 110.64497600000004 262
1732565532699 110.66691999999966 263
1732565542815 110.69023100000004 264
1732565552927 110.70767099999966 265
1732565563043 110.77641199999971 266
1732565573135 110.7957120000001 267
1732565583226 110.81639199999972 268
1732565593288 110.83276399999977 269
1732565603398 110.89072799999985 270
1732565613497 110.90158900000006 271
1732565623612 110.91768699999966 272
1732565633741 110.92795799999976 273
1732565643850 110.95283699999982 274
1732565653962 110.9706470000001 275
1732565664078 110.9931059999999 276
1732565674170 111.00534599999992 277
1732565684284 111.0167879999999 278
1732565694377 111.03968799999984 279
1732565704473 111.05027100000007 280
1732565714589 111.077405 281
1732565724704 111.11604499999976 282
1732565734815 111.16033299999981 283
1732565744919 111.1770819999997 284
1732565755038 111.19497199999978 285
1732565765154 111.22633399999995 286
1732565775257 111.25478199999998 287
1732565785347 111.33646700000008 288
1732565795422 111.34768699999995 289
1732565805491 111.3674430000001 290
1732565815580 111.40419900000006 291
1732565825700 111.41741299999967 292
1732565835812 111.4600089999999 293
1732565845929 111.47089499999993 294
1732565856044 111.48298399999976 295
1732565866155 111.55422199999975 296
1732565876265 111.57268399999975 297
1732565886380 111.58855999999969 298
1732565896461 111.61560999999983 299
1732565906560 111.62577400000009 300
1732565916669 111.64120899999989 301
1732565926775 111.66414200000008 302
1732565936872 111.67516699999987 303
1732565946983 111.69334299999991 304
1732565957087 111.74689899999976 305
1732565967151 111.77292799999987 306
1732565977645 111.80003600000009 307
1732565987763 111.8107729999997 308
1732565997825 111.83299299999999 309
1732566007923 111.85286300000007 310
1732566018030 112.18037699999968 311
1732566028114 112.2089219999998 312
1732566038181 112.87553399999979 313
1732566048274 113.09394699999984 314
1732566058360 113.28671299999996 315
1732566068469 113.61021200000005 316
1732566078545 114.45745299999999 317
1732566088629 114.46774400000004 318
1732566098725 118.54297099999985 319
1732566108815 118.62498599999981 320
1732566118889 118.64034700000002 321
1732566129012 118.65202799999997 322
1732566139117 118.68198699999994 323
1732566149238 118.69399699999985 324
1732566159353 118.79471799999965 325
1732566169471 118.99526399999968 326
1732566179580 119.02851499999997 327
1732566189691 119.04854499999965 328
1732566199788 119.75903599999992 329
1732566209904 119.83262399999967 330
1732566220020 120.19386099999974 331
1732566230134 120.77364399999988 332
1732566240244 120.96271899999965 333
1732566250359 121.05450799999971 334
1732566260448 121.09770499999968 335
1732566270554 121.11188999999968 336
1732566281079 121.14159199999995 337
1732566291194 121.15211599999975 338
1732566301335 121.16600900000003 339
1732566311439 121.17647099999976 340
1732566321561 121.21164999999974 341
1732566331635 121.2348219999999 342
1732566341733 121.27396199999976 343
1732566351836 121.28356499999973 344
1732566361956 121.29794399999992 345
1732566372076 121.30860600000005 346
1732566382184 121.3396359999997 347
1732566392293 121.35040899999967 348
1732566402409 121.36738399999967 349
1732566412533 121.37718399999994 350
1732566422640 121.40081199999986 351
1732566432769 121.41099899999972 352
1732566442875 121.44217600000002 353
1732566452989 121.45245999999997 354
1732566463113 121.53883799999994 355
1732566473240 121.54920300000003 356
1732566483366 121.56444299999976 357
1732566493479 121.58557699999983 358
1732566503596 121.62030400000003 359
1732566513721 121.63057799999979 360
1732566523831 121.64644499999986 361
1732566533959 121.65780799999993 362
1732566544089 121.6725349999997 363
1732566554210 121.68210899999985 364
1732566564331 121.71630899999991 365
1732566574435 121.74605599999995 366
1732566584558 121.76604199999974 367
1732566594697 121.7764159999997 368
1732566604830 121.81250299999965 369
1732566614937 121.83692699999983 370
1732566625065 121.8579249999998 371
1732566635202 121.88888300000008 372
1732566645335 121.91794200000004 373
1732566655441 121.93665400000009 374
1732566665551 121.95142399999986 375
1732566675674 121.97305099999994 376
1732566685804 121.9934229999999 377
1732566695919 122.00209799999993 378
1732566706054 122.02091299999984 379
1732566716190 122.0314229999999 380
1732566726308 122.05384299999969 381
1732566736412 122.07497599999988 382
1732566746488 122.09440499999982 383
1732566756602 122.10437199999978 384
1732566766726 122.1778489999997 385
1732566776841 122.1883170000001 386
1732566786925 122.20464700000002 387
1732566797043 122.22638000000006 388
1732566807129 122.25477199999978 389
1732566817229 122.26939700000003 390
1732566827318 122.29940600000009 391
1732566837436 122.311287 392
1732566847557 122.32640300000003 393
1732566857682 122.3540939999998 394
1732566867817 122.37455499999987 395
1732566877942 122.39161699999977 396
1732566888039 122.40962599999966 397
1732566898185 122.41975699999966 398
1732566908316 122.44257900000002 399
1732566918437 124.45696999999973 400
1732566928557 124.48463700000002 401
1732566938661 124.5154709999997 402
1732566948770 124.53320099999974 403
1732566958846 124.55216999999993 404
1732566968970 124.5677139999998 405
1732566979101 124.58765799999992 406
1732566989230 124.6096819999998 407
1732566999369 124.62331300000005 408
1732567009487 124.63741399999981 409
1732567019611 124.66014799999994 410
1732567029756 124.68727599999966 411
1732567039861 124.70997699999998 412
1732567049985 124.75650700000006 413
1732567060086 124.76690899999994 414
1732567070209 124.83987399999978 415
1732567080339 124.88629899999978 416
1732567090464 124.91250199999968 417
1732567100588 124.92229599999973 418
1732567110717 124.96423099999993 419
1732567120848 124.97444199999973 420
1732567130947 124.99617199999966 421
1732567141071 125.00634300000002 422
1732567151193 125.02502099999992 423
1732567161409 125.03835299999992 424
1732567171509 125.05828199999996 425
1732567181628 125.06846700000006 426
1732567191764 125.0943699999998 427
1732567201895 125.11873799999967 428
1732567212037 125.13315299999977 429
1732567222166 125.16632499999969 430
1732567232291 125.19760099999985 431
1732567242378 125.21841700000004 432
1732567252507 125.23546399999987 433
1732567262612 125.24813799999993 434
1732567272756 125.2809870000001 435
1732567282897 125.293725 436
1732567293017 125.30840199999966 437
1732567303144 125.31810799999994 438
1732567313297 125.33313799999996 439
1732567323403 125.34389199999987 440
1732567333525 125.35834099999965 441
1732567343647 125.37835099999984 442
1732567353782 125.39389200000005 443
1732567363925 125.46081400000003 444
1732567374060 125.47505899999987 445
1732567384196 125.48698399999967 446
1732567394324 125.50254499999983 447
1732567404470 125.51244399999996 448
1732567414598 125.52633699999978 449
1732567424734 125.54576300000008 450
1732567434891 125.55906699999969 451
1732567445028 125.56928500000004 452
1732567455151 125.59164299999975 453
1732567465288 125.61434000000008 454
1732567475412 125.62861399999974 455
1732567485491 125.63897599999973 456
1732567495645 125.66220399999975 457
1732567505773 125.67567499999996 458
1732567515920 125.7057719999998 459
1732567526057 125.71744399999989 460
1732567536188 125.75174399999969 461
1732567546316 125.76181599999973 462
1732567556452 125.77686199999971 463
1732567566572 125.79657899999984 464
1732567576701 125.83179599999994 465
1732567586847 125.84836599999971 466
1732567596990 125.86763299999984 467
1732567607117 125.88168099999984 468
1732567617256 125.9135809999998 469
1732567627387 125.92939799999976 470
1732567637522 125.94035699999995 471
1732567647654 125.95469000000003 472
1732567657797 125.97447800000009 473
1732567667927 126.04570999999987 474
1732567678054 126.05753699999968 475
