1732562879935 12681.5 0
1732562890005 24412.7 1
1732562900054 25176.2 2
1732562910111 26819.2 3
1732562920171 28604.2 4
1732562930230 29089.6 5
1732562940280 29583.6 6
1732562950316 23485.5 7
1732562960365 16273.4 8
1732562970428 18290.8 9
1732562980504 19913.4 10
1732562990565 22144.3 11
1732563000622 23451.1 12
1732563010691 25239.9 13
1732563020745 22944.1 14
1732563030816 16500.3 15
1732563040907 18595.6 16
1732563050985 19494.1 17
1732563061056 21243.8 18
1732563071161 22745.1 19
1732563081222 23439.8 20
1732563091296 16887.8 21
1732563101363 18737.6 22
1732563111445 20011.8 23
1732563121510 21139.9 24
1732563131585 22950.1 25
1732563141664 23756.1 26
1732563151722 17505.9 27
1732563161776 18389.4 28
1732563171860 20324.7 29
1732563181930 21629.8 30
1732563192004 24399.5 31
1732563202072 24327.3 32
1732563212158 16547.2 33
1732563222232 18265.8 34
1732563232295 20193.8 35
1732563242374 21471.5 36
1732563252459 23027.4 37
1732563262604 23859.8 38
1732563272674 23332.2 39
1732563282730 15886.3 40
1732563292815 18128.5 41
1732563302881 19772.7 42
1732563312950 21050.4 43
1732563323020 21326.3 44
1732563333102 24658.9 45
1732563343182 16460.2 46
1732563353269 17087.3 47
1732563363349 18902.1 48
1732563373424 19935.7 49
1732563383493 20828.9 50
1732563393568 22419.1 51
1732563403640 23789.5 52
1732563413732 24767.6 53
1732563423800 16793.6 54
1732563433886 18531.2 55
1732563443954 19343.8 56
1732563454024 20281.0 57
1732563464097 21181.4 58
1732563474183 23299.6 59
1732563484266 29074.3 60
1732563494341 16349.5 61
1732563504414 17010.7 62
1732563514499 18699.1 63
1732563524562 19669.0 64
1732563534626 20592.9 65
1732563544711 22421.8 66
1732563554787 25099.1 67
1732563564867 23870.0 68
1732563574934 16785.1 69
1732563585014 17973.9 70
1732563595080 19792.8 71
1732563605153 20081.8 72
1732563615233 20090.3 73
1732563625310 23046.6 74
1732563635369 24695.1 75
1732563645436 16615.4 76
1732563655516 18553.7 77
1732563665610 18754.6 78
1732563675698 20673.7 79
1732563685785 21280.0 80
1732563695872 22374.6 81
1732563705952 23545.9 82
1732563716037 23381.4 83
1732563726121 16323.5 84
1732563736210 16988.3 85
1732563746296 18878.1 86
1732563756362 19679.4 87
1732563766447 20044.1 88
1732563776519 21231.8 89
1732563786600 23227.2 90
1732563796677 23627.0 91
1732563806762 24819.7 92
1732563816851 17173.0 93
1732563826926 19720.3 94
1732563837014 19708.9 95
1732563847102 21087.0 96
1732563857191 21518.8 97
1732563867271 24723.8 98
1732563877357 24062.3 99
1732563887430 16627.2 100
1732563897522 18247.5 101
1732563907608 19604.1 102
1732563917684 20585.0 103
1732563927761 21903.1 104
1732563937853 22251.1 105
1732563947926 23277.4 106
1732563958026 24956.0 107
1732563968116 16980.1 108
1732563978188 18679.7 109
1732563988267 19935.1 110
1732563998358 20584.6 111
1732564008452 22261.5 112
1732564018516 23981.3 113
1732564028596 24464.5 114
1732564038691 17165.6 115
1732564048779 18723.0 116
1732564058869 19105.3 117
1732564068967 20586.4 118
1732564079047 22403.7 119
1732564089137 24297.6 120
1732564099220 24362.8 121
1732564109289 16822.4 122
1732564119358 19957.5 123
1732564129459 18178.8 124
1732564139536 21856.6 125
1732564149632 21678.1 126
1732564159713 23592.8 127
1732564169792 24634.9 128
1732564179878 17561.8 129
1732564189960 18689.5 130
1732564200072 19642.0 131
1732564210166 20682.8 132
1732564220244 22117.6 133
1732564230330 23208.1 134
1732564240384 25415.5 135
1732564250473 17446.7 136
1732564260539 18410.4 137
1732564270623 19776.6 138
1732564280704 20695.8 139
1732564290781 22155.5 140
1732564300874 23585.8 141
1732564310968 24685.7 142
1732564321037 25530.2 143
1732564331113 17512.9 144
1732564341189 20499.1 145
1732564351273 19891.2 146
1732564361344 21287.7 147
1732564371444 22519.3 148
1732564381526 24190.7 149
1732564391604 24269.6 150
1732564401685 17097.7 151
1732564411757 18611.5 152
1732564421824 19836.9 153
1732564431889 20488.5 154
1732564441970 23651.5 155
1732564452070 23521.2 156
1732564462158 25132.9 157
1732564472250 17990.2 158
1732564482344 19677.1 159
1732564492423 21040.6 160
1732564502514 22225.2 161
1732564512610 23355.1 162
1732564522707 24268.5 163
1732564532804 25714.9 164
1732564542899 17545.7 165
1732564552993 18573.7 166
1732564563094 19486.0 167
1732564573157 21276.8 168
1732564583249 22286.4 169
1732564593357 21103.7 170
1732564603421 24328.6 171
1732564613511 24925.7 172
1732564623614 17832.9 173
1732564633708 19204.5 174
1732564643804 20463.7 175
1732564653899 21573.9 176
1732564664008 22107.1 177
1732564674114 23312.1 178
1732564684217 24278.2 179
1732564694313 25729.3 180
1732564704405 19122.5 181
1732564714505 19603.9 182
1732564724590 20182.9 183
1732564734687 21876.6 184
1732564744780 23237.4 185
1732564754891 25360.4 186
1732564764971 25678.0 187
1732564775067 17140.6 188
1732564785163 18192.3 189
1732564795252 21606.0 190
1732564805339 21522.3 191
1732564815401 22002.3 192
1732564825905 24997.2 193
1732564836004 25003.5 194
1732564846089 17515.7 195
1732564856186 19477.8 196
1732564866275 18156.5 197
1732564876368 21389.8 198
1732564886422 22386.1 199
1732564896535 24163.9 200
1732564906630 25306.1 201
1732564916698 17864.6 202
1732564926802 19234.5 203
1732564936895 21134.0 204
1732564946999 22488.7 205
1732564957090 24263.8 206
1732564967206 24233.4 207
1732564977302 18446.9 208
1732564987404 18113.0 209
1732564997497 19795.1 210
1732565007581 20960.1 211
1732565017683 20857.7 212
1732565027782 22127.8 213
1732565037864 23073.2 214
1732565047978 24463.6 215
1732565058065 25558.7 216
1732565068160 17952.3 217
1732565078263 18432.8 218
1732565088361 20082.6 219
1732565098472 20681.8 220
1732565108572 22394.8 221
1732565118667 23344.1 222
1732565128780 24031.8 223
1732565138874 24432.0 224
1732565148979 17841.2 225
1732565159054 19507.2 226
1732565169149 20447.5 227
1732565179233 21593.3 228
1732565189329 23254.6 229
1732565199432 24405.3 230
1732565209514 16788.9 231
1732565219616 18864.3 232
1732565229718 20119.5 233
1732565239818 20165.4 234
1732565249926 22753.9 235
1732565260038 24382.3 236
1732565270100 25744.9 237
1732565280193 17865.9 238
1732565290287 19599.9 239
1732565300393 21321.1 240
1732565310499 22067.6 241
1732565320587 23152.0 242
1732565330695 24581.1 243
1732565340785 25878.1 244
1732565350882 18168.9 245
1732565360974 19092.2 246
1732565371084 18542.7 247
1732565381191 21818.1 248
1732565391303 23955.3 249
1732565401412 23561.2 250
1732565411498 26508.4 251
1732565421617 25105.0 252
1732565431724 17663.2 253
1732565441795 18962.3 254
1732565451885 20458.5 255
1732565462000 20727.9 256
1732565472122 22809.4 257
1732565482213 24081.4 258
1732565492322 25047.3 259
1732565502435 17659.5 260
1732565512543 19541.8 261
1732565522616 20393.9 262
1732565532699 21195.2 263
1732565542815 24249.4 264
1732565552927 24146.1 265
1732565563043 25503.4 266
1732565573135 17878.7 267
1732565583226 19630.6 268
1732565593288 20890.5 269
1732565603398 21801.0 270
1732565613497 22788.7 271
1732565623612 24573.7 272
1732565633741 25781.6 273
1732565643850 18043.7 274
1732565653962 18983.9 275
1732565664078 20819.0 276
1732565674170 21628.1 277
1732565684284 22611.5 278
1732565694377 24221.3 279
1732565704473 25509.3 280
1732565714589 18689.0 281
1732565724704 19582.1 282
1732565734815 20429.8 283
1732565744919 21877.3 284
1732565755038 21215.5 285
1732565765154 24180.3 286
1732565775257 24776.9 287
1732565785347 16955.8 288
1732565795422 19052.6 289
1732565805491 19872.6 290
1732565815580 21301.0 291
1732565825700 23860.0 292
1732565835812 23730.4 293
1732565845929 24737.0 294
1732565856044 25333.2 295
1732565866155 18280.1 296
1732565876265 20286.8 297
1732565886380 21401.2 298
1732565896461 21977.3 299
1732565906560 23511.8 300
1732565916669 25281.5 301
1732565926775 18248.9 302
1732565936872 18434.0 303
1732565946983 19619.0 304
1732565957087 21523.6 305
1732565967151 22587.2 306
1732565977645 23618.7 307
1732565987763 24961.8 308
1732565997825 17454.6 309
1732566007923 19305.0 310
1732566018030 20130.9 311
1732566028114 21209.4 312
1732566038181 22671.6 313
1732566048274 23581.2 314
1732566058360 24106.3 315
1732566068469 16925.5 316
1732566078545 17173.7 317
1732566088629 18053.3 318
1732566098725 19961.1 319
1732566108815 21226.0 320
1732566118889 22581.5 321
1732566129012 23700.8 322
1732566139117 25204.7 323
1732566149238 17556.4 324
1732566159353 18228.6 325
1732566169471 19504.3 326
1732566179580 18976.6 327
1732566189691 21605.8 328
1732566199788 23413.3 329
1732566209904 26309.2 330
1732566220020 25643.5 331
1732566230134 17825.6 332
1732566240244 19225.4 333
1732566250359 21356.7 334
1732566260448 22979.6 335
1732566270554 22135.9 336
1732566281079 23496.7 337
1732566291194 24387.8 338
1732566301335 17413.4 339
1732566311439 19388.2 340
1732566321561 20354.7 341
1732566331635 21285.8 342
1732566341733 23148.4 343
1732566351836 23761.9 344
1732566361956 25040.6 345
1732566372076 25181.5 346
1732566382184 17637.4 347
1732566392293 18529.0 348
1732566402409 19679.5 349
1732566412533 20785.4 350
1732566422640 22151.2 351
1732566432769 22876.8 352
1732566442875 23894.0 353
1732566452989 25310.4 354
1732566463113 18035.1 355
1732566473240 19400.2 356
1732566483366 20426.5 357
1732566493479 21460.3 358
1732566503596 23444.4 359
1732566513721 22422.4 360
1732566523831 25266.1 361
1732566533959 18185.6 362
1732566544089 18816.4 363
1732566554210 20835.7 364
1732566564331 21885.5 365
1732566574435 22957.3 366
1732566584558 24363.4 367
1732566594697 25269.2 368
1732566604830 17799.9 369
1732566614937 19142.8 370
1732566625065 22203.5 371
1732566635202 21176.6 372
1732566645335 22281.9 373
1732566655441 24187.2 374
1732566665551 24384.6 375
1732566675674 24702.1 376
1732566685804 24700.3 377
1732566695919 18791.7 378
1732566706054 21155.3 379
1732566716190 21036.4 380
1732566726308 22705.2 381
1732566736412 24075.1 382
1732566746488 25465.4 383
1732566756602 17994.2 384
1732566766726 19695.9 385
1732566776841 21404.4 386
1732566786925 22588.9 387
1732566797043 23547.6 388
1732566807129 27236.0 389
1732566817229 17391.9 390
1732566827318 18452.8 391
1732566837436 19675.3 392
1732566847557 21278.4 393
1732566857682 21913.1 394
1732566867817 23700.4 395
1732566877942 24533.3 396
1732566888039 15856.0 397
1732566898185 18962.3 398
1732566908316 20152.5 399
1732566918437 21266.9 400
1732566928557 22305.8 401
1732566938661 23554.6 402
1732566948770 24695.6 403
1732566958846 18480.7 404
1732566968970 18239.2 405
1732566979101 19267.6 406
1732566989230 20655.2 407
1732566999369 22361.6 408
1732567009487 24099.1 409
1732567019611 24846.8 410
1732567029756 25695.9 411
1732567039861 18421.7 412
1732567049985 18103.5 413
1732567060086 21277.9 414
1732567070209 22684.4 415
1732567080339 23686.2 416
1732567090464 24577.6 417
1732567100588 25177.7 418
1732567110717 18343.0 419
1732567120848 19222.2 420
1732567130947 20292.9 421
1732567141071 21453.6 422
1732567151193 22820.9 423
1732567161409 23966.7 424
1732567171509 25419.8 425
1732567181628 17910.0 426
1732567191764 19722.8 427
1732567201895 20503.9 428
1732567212037 22420.7 429
1732567222166 23374.3 430
1732567232291 26536.0 431
1732567242378 25727.9 432
1732567252507 18226.6 433
1732567262612 19773.7 434
1732567272756 20875.7 435
1732567282897 22109.9 436
1732567293017 24068.2 437
1732567303144 24809.1 438
1732567313297 24686.7 439
1732567323403 18284.7 440
1732567333525 19390.1 441
1732567343647 20691.0 442
1732567353782 21551.4 443
1732567363925 22497.7 444
1732567374060 24192.2 445
1732567384196 31989.7 446
1732567394324 17044.9 447
1732567404470 17936.8 448
1732567414598 19803.3 449
1732567424734 19812.5 450
1732567434891 22221.3 451
1732567445028 23545.9 452
1732567455151 24749.9 453
1732567465288 31536.0 454
1732567475412 17267.8 455
1732567485491 19534.5 456
1732567495645 21045.0 457
1732567505773 20703.3 458
1732567515920 22695.9 459
1732567526057 22825.1 460
1732567536188 24576.9 461
1732567546316 25119.1 462
1732567556452 18890.6 463
1732567566572 20042.5 464
1732567576701 20841.5 465
1732567586847 22727.3 466
1732567596990 23222.8 467
1732567607117 24963.6 468
1732567617256 17478.9 469
1732567627387 18619.9 470
1732567637522 18978.5 471
1732567647654 20870.9 472
1732567657797 20120.6 473
1732567667927 23580.8 474
1732567678054 24745.2 475
