1732623128698 0.015758290886878967 6144
1732623204315 0.008119086734950542 9216
1732623291425 0.005927278194576502 12288
1732623363964 0.0028754528611898422 15360
1732623444960 0.006354216951876879 18432
1732623510378 0.0010556477354839444 21504
1732623591626 0.007056510541588068 24576
1732623662040 0.0025338386185467243 27648
1732623738540 0.0044080521911382675 30720
1732623812258 0.007295433431863785 33792
1732623892692 0.002115039387717843 36864
1732623975126 0.0025744319427758455 39936
1732624054473 0.0029642058070749044 43008
1732624137944 0.003636166686192155 46080
1732624221196 0.003407498821616173 49152
1732624311488 0.0013352367095649242 52224
1732624390294 0.003044149838387966 55296
1732624474933 0.0012099777814000845 58368
1732624567852 0.00038102417602203786 61440
1732624650360 4.060632272739895e-05 64512
1732624753871 3.5191962979297386e-06 67584
1732624834087 1.9686587620526552e-05 70656
1732624918828 4.850962432101369e-05 73728
1732625000295 9.204843081533909e-06 76800
1732625089975 4.060934952576645e-05 79872
1732625163095 7.199841547844699e-06 82944
1732625240762 2.301463064213749e-05 86016
1732625335534 4.004201855423162e-06 89088
1732625416698 1.1249697308812756e-05 92160
1732625506611 2.5943154469132423e-06 95232
1732625601810 1.3890191439713817e-05 98304
1732625689228 1.3155823580746073e-05 101376
1732625768834 7.129390724003315e-06 104448
1732625847373 1.2868996236647945e-05 107520
1732625927354 3.444888352532871e-05 110592
1732626008650 3.2626169286231743e-06 113664
1732626082617 1.3372628018260002e-06 116736
1732626161458 2.0651748855016194e-05 119808
1732626239124 1.891390093078371e-05 122880
1732626313186 1.2912263628095388e-05 125952
1732626400209 4.415555395098636e-06 129024
1732626485343 2.5489327981631504e-06 132096
1732626578473 4.247616743668914e-05 135168
1732626669277 1.2583564966917038e-05 138240
1732626757398 2.336862962692976e-06 141312
1732626847558 5.848899945704034e-06 144384
1732626927176 3.0833373330096947e-06 147456
1732627010760 9.34436684474349e-06 150528
1732627098204 5.809044887428172e-05 153600
1732627188461 1.2518469702627044e-05 156672
1732627274668 1.5490222722291946e-06 159744
1732627374549 1.6910993508645333e-05 162816
1732627461755 3.6579635320777015e-07 165888
1732627542531 8.734059520065784e-07 168960
1732627619540 8.651521056890488e-06 172032
1732627715515 1.981615787371993e-05 175104
1732627806449 5.861899353476474e-06 178176
1732627891204 8.56370490964764e-07 181248
1732627983565 5.006440915167332e-06 184320
1732628073552 2.3341854102909565e-06 187392
1732628148364 1.0629688631524914e-06 190464
1732628230558 9.686531257102615e-07 193536
1732628314177 4.410200347138016e-07 196608
1732628403413 6.417976692318916e-07 199680
1732628479132 3.704141420257656e-07 202752
