1732623128715 9.847935999999999 6144
1732623204329 9.695872 9216
1732623291441 9.543808 12288
1732623363980 9.391744 15360
1732623444976 9.23968 18432
1732623510393 9.087616 21504
1732623591643 8.935552 24576
1732623662052 8.783488 27648
1732623738555 8.631423999999999 30720
1732623812269 8.47936 33792
1732623892708 8.327296 36864
1732623975139 8.175232 39936
1732624054488 8.023168 43008
1732624137960 7.871104 46080
1732624221224 7.719040000000001 49152
1732624311504 7.566976 52224
1732624390304 7.414911999999999 55296
1732624474944 7.262847999999999 58368
1732624567868 7.110784 61440
1732624650384 6.9587200000000005 64512
1732624753883 6.806656 67584
1732624834098 6.654592 70656
1732624918853 6.502528 73728
1732625000305 6.350463999999999 76800
1732625089990 6.1983999999999995 79872
1732625163111 6.046336 82944
1732625240785 5.894272 86016
1732625335550 5.742208 89088
1732625416709 5.590144 92160
1732625506627 5.43808 95232
1732625601826 5.286015999999999 98304
1732625689242 5.133952 101376
1732625768862 4.981888 104448
1732625847390 4.8298239999999995 107520
1732625927370 4.67776 110592
1732626008666 4.525696 113664
1732626082633 4.373632 116736
1732626161486 4.221568 119808
1732626239139 4.069504 122880
1732626313203 3.917440000000001 125952
1732626400225 3.7653760000000003 129024
1732626485359 3.613312 132096
1732626578501 3.4612480000000008 135168
1732626669293 3.309184 138240
1732626757411 3.15712 141312
1732626847573 3.0050560000000006 144384
1732626927187 2.852992 147456
1732627010777 2.7009279999999998 150528
1732627098217 2.5488640000000005 153600
1732627188478 2.3968 156672
1732627274683 2.2447360000000005 159744
1732627374565 2.0926720000000003 162816
1732627461778 1.9406079999999999 165888
1732627542547 1.7885440000000006 168960
1732627619551 1.6364800000000002 172032
1732627715528 1.4844159999999997 175104
1732627806463 1.3323520000000004 178176
1732627891215 1.180288 181248
1732627983573 1.0282239999999996 184320
1732628073580 0.8761600000000003 187392
1732628148380 0.7240959999999999 190464
1732628230574 0.5720319999999994 193536
1732628314188 0.4199680000000001 196608
1732628403424 0.26790399999999975 199680
1732628479150 0.11584000000000046 202752
