1732623128721 -2.8481481870015464 6144
1732623204333 -2.867488479614258 9216
1732623291446 -2.8842105944951375 12288
1732623363985 -2.9044737895329793 15360
1732623444981 -2.9240634044011435 18432
1732623510397 -2.941509143511454 21504
1732623591660 -2.960914897918701 24576
1732623662056 -2.9831300576527915 27648
1732623738559 -3.002792414029439 30720
1732623812273 -3.0208668947219848 33792
1732623892721 -3.039723253250122 36864
1732623975144 -3.058606672286987 39936
1732624054493 -3.0791836023330688 43008
1732624137966 -3.097550328572591 46080
1732624221230 -3.117024302482605 49152
1732624311509 -3.136720546086629 52224
1732624390308 -3.150525705019633 55296
1732624474947 -3.158787401517232 58368
1732624567874 -3.1609280745188397 61440
1732624650388 -3.1615083694458006 64512
1732624753887 -3.1617995262145997 67584
1732624834101 -3.162147029240926 70656
1732624918857 -3.162510871887207 73728
1732625000308 -3.16283544699351 76800
1732625089995 -3.1630156437555947 79872
1732625163123 -3.1631699244181317 82944
1732625240790 -3.163315113385518 86016
1732625335555 -3.1634213368097943 89088
1732625416713 -3.1635040521621702 92160
1732625506633 -3.163648819923401 95232
1732625601831 -3.1638651688893638 98304
1732625689246 -3.1639869928359987 101376
1732625768868 -3.1641223351160686 104448
1732625847396 -3.1643224318822223 107520
1732625927375 -3.1644973436991375 110592
1732626008671 -3.164606237411499 113664
1732626082639 -3.1647010326385496 116736
1732626161491 -3.164837598800659 119808
1732626239144 -3.165025560061137 122880
1732626313208 -3.16525669892629 125952
1732626400230 -3.1654529333114625 129024
1732626485362 -3.165632422765096 132096
1732626578506 -3.165776483217875 135168
1732626669298 -3.165906381607056 138240
1732626757415 -3.165996519724528 141312
1732626847578 -3.1660868485768634 144384
1732626927190 -3.1661609649658202 147456
1732627010782 -3.1662224372227987 150528
1732627098222 -3.166363747914632 153600
1732627188483 -3.166555094718933 156672
1732627274688 -3.1667383432388307 159744
1732627374570 -3.1668880462646483 162816
1732627461783 -3.167041786511739 165888
1732627542553 -3.167121187845866 168960
1732627619555 -3.167206899325053 172032
1732627715533 -3.167294454574585 175104
1732627806468 -3.1673998912175496 178176
1732627891219 -3.1674752791722613 181248
1732627983576 -3.167540756861369 184320
1732628073585 -3.167651073137919 187392
1732628148385 -3.1677422523498535 190464
1732628230579 -3.167820612589518 193536
1732628314191 -3.1678964535395306 196608
1732628403427 -3.167936746279399 199680
1732628479155 -3.16796034971873 202752
