1732623128731 0.00039391744 6144
1732623204344 0.00038783488000000005 9216
1732623291455 0.00038175232000000004 12288
1732623363996 0.00037566976 15360
1732623444992 0.0003695872 18432
1732623510406 0.00036350464 21504
1732623591671 0.00035742208 24576
1732623662066 0.00035133952000000003 27648
1732623738569 0.00034525696 30720
1732623812280 0.00033917440000000006 33792
1732623892737 0.00033309184 36864
1732623975154 0.00032700928 39936
1732624054503 0.00032092672 43008
1732624137976 0.00031484416 46080
1732624221239 0.00030876160000000005 49152
1732624311519 0.00030267904000000004 52224
1732624390315 0.00029659648 55296
1732624474954 0.00029051392 58368
1732624567885 0.00028443136 61440
1732624650396 0.00027834880000000004 64512
1732624753895 0.00027226624000000003 67584
1732624834109 0.00026618368 70656
1732624918864 0.00026010112 73728
1732625000315 0.00025401856 76800
1732625090004 0.00024793600000000003 79872
1732625163133 0.00024185344000000002 82944
1732625240801 0.00023577088 86016
1732625335566 0.00022968832 89088
1732625416721 0.00022360575999999998 92160
1732625506643 0.0002175232 95232
1732625601842 0.00021144063999999999 98304
1732625689269 0.00020535808000000003 101376
1732625768878 0.00019927552000000001 104448
1732625847407 0.00019319295999999998 107520
1732625927386 0.00018711040000000002 110592
1732626008681 0.00018102784 113664
1732626082650 0.00017494528 116736
1732626161502 0.00016886272 119808
1732626239153 0.00016278016 122880
1732626313219 0.0001566976 125952
1732626400241 0.00015061504 129024
1732626485369 0.00014453247999999998 132096
1732626578517 0.00013844992000000003 135168
1732626669308 0.00013236736 138240
1732626757439 0.00012628479999999997 141312
1732626847588 0.00012020224000000003 144384
1732626927198 0.00011411968 147456
1732627010792 0.00010803711999999999 150528
1732627098230 0.00010195456000000002 153600
1732627188494 9.5872e-05 156672
1732627274698 8.978944000000003e-05 159744
1732627374580 8.370688000000001e-05 162816
1732627461792 7.762432e-05 165888
1732627542564 7.154176000000002e-05 168960
1732627619564 6.545920000000001e-05 172032
1732627715542 5.937663999999999e-05 175104
1732627806478 5.329408000000002e-05 178176
1732627891238 4.721152e-05 181248
1732627983582 4.112895999999999e-05 184320
1732628073596 3.504640000000002e-05 187392
1732628148396 2.8963839999999998e-05 190464
1732628230590 2.288127999999998e-05 193536
1732628314198 1.6798720000000007e-05 196608
1732628403434 1.0716159999999991e-05 199680
1732628479166 4.633600000000019e-06 202752
