1732623128737 -0.26782020926475525 6144
1732623204349 5.102286338806152 9216
1732623291460 2.8584091663360596 12288
1732623364001 1.6834290027618408 15360
1732623444997 4.405967712402344 18432
1732623510411 3.4788472652435303 21504
1732623591676 2.191450357437134 24576
1732623662070 8.953100204467773 27648
1732623738574 1.4086434841156006 30720
1732623812284 6.666092872619629 33792
1732623892742 1.487679123878479 36864
1732623975158 3.2008304595947266 39936
1732624054508 7.772377014160156 43008
1732624137982 4.10775089263916 46080
1732624221244 8.161882400512695 49152
1732624311525 5.026613235473633 52224
1732624390318 9.245465278625488 55296
1732624474957 5.732970237731934 58368
1732624567890 4.410923957824707 61440
1732624650400 11.211320877075195 64512
1732624753899 2.6230080127716064 67584
1732624834112 6.452662944793701 70656
1732624918867 5.708561420440674 73728
1732625000318 2.362637519836426 76800
1732625090021 5.300909519195557 79872
1732625163138 1.984161138534546 82944
1732625240806 3.7256546020507812 86016
1732625335571 4.432257652282715 89088
1732625416737 6.249726295471191 92160
1732625506649 6.2533087730407715 95232
1732625601847 7.423066139221191 98304
1732625689274 5.948720932006836 101376
1732625768884 5.668846130371094 104448
1732625847411 3.462325096130371 107520
1732625927391 4.316973686218262 110592
1732626008686 7.210721015930176 113664
1732626082655 6.3317108154296875 116736
1732626161507 5.508826732635498 119808
1732626239157 6.118709564208984 122880
1732626313224 4.98317813873291 125952
1732626400246 1.778607964515686 129024
1732626485372 9.734987258911133 132096
1732626578523 7.174237251281738 135168
1732626669313 5.583346366882324 138240
1732626757444 7.778458595275879 141312
1732626847592 5.285109996795654 144384
1732626927201 7.484475135803223 147456
1732627010797 3.935940980911255 150528
1732627098246 8.496875762939453 153600
1732627188500 6.096216201782227 156672
1732627274702 6.712758541107178 159744
1732627374586 5.7455973625183105 162816
1732627461796 6.599257946014404 165888
1732627542569 5.505220413208008 168960
1732627619569 3.4777889251708984 172032
1732627715546 4.158206939697266 175104
1732627806482 4.711409091949463 178176
1732627891242 6.9350738525390625 181248
1732627983585 5.290626525878906 184320
1732628073602 5.818953037261963 187392
1732628148401 6.356032371520996 190464
1732628230595 4.3505096435546875 193536
1732628314202 9.988970756530762 196608
1732628403438 10.596251487731934 199680
1732628479171 4.419250011444092 202752
