1732623128742 5.0 6144
1732623204354 10.0 9216
1732623291464 15.0 12288
1732623364007 20.0 15360
1732623445003 25.0 18432
1732623510416 30.0 21504
1732623591680 35.0 24576
1732623662075 40.0 27648
1732623738579 45.0 30720
1732623812288 50.0 33792
1732623892747 55.0 36864
1732623975163 60.0 39936
1732624054513 65.0 43008
1732624137987 70.0 46080
1732624221249 75.0 49152
1732624311530 80.0 52224
1732624390322 85.0 55296
1732624474961 90.0 58368
1732624567907 95.0 61440
1732624650403 100.0 64512
1732624753903 105.0 67584
1732624834116 110.0 70656
1732624918871 115.0 73728
1732625000322 120.0 76800
1732625090026 125.0 79872
1732625163143 130.0 82944
1732625240812 135.0 86016
1732625335576 140.0 89088
1732625416741 145.0 92160
1732625506655 150.0 95232
1732625601852 155.0 98304
1732625689279 160.0 101376
1732625768889 165.0 104448
1732625847417 170.0 107520
1732625927408 175.0 110592
1732626008691 180.0 113664
1732626082660 185.0 116736
1732626161513 190.0 119808
1732626239162 195.0 122880
1732626313239 200.0 125952
1732626400251 205.0 129024
1732626485376 210.0 132096
1732626578528 215.0 135168
1732626669319 220.0 138240
1732626757449 225.0 141312
1732626847597 230.0 144384
1732626927205 235.0 147456
1732627010803 240.0 150528
1732627098251 245.0 153600
1732627188505 250.0 156672
1732627274707 255.0 159744
1732627374591 260.0 162816
1732627461801 265.0 165888
1732627542574 270.0 168960
1732627619573 275.0 172032
1732627715551 280.0 175104
1732627806487 285.0 178176
1732627891245 290.0 181248
1732627983588 295.0 184320
1732628073607 300.0 187392
1732628148407 305.0 190464
1732628230601 310.0 193536
1732628314206 315.0 196608
1732628403453 320.0 199680
1732628479177 325.0 202752
