1732623128748 -0.023012266432245573 6144
1732623204360 -0.0021729070227593183 9216
1732623291469 -0.0005357542851318916 12288
1732623364012 -1.2902884433666865e-05 15360
1732623445008 -0.0013723031617701054 18432
1732623510421 0.0001756945780167977 21504
1732623591685 -0.0014807881011317174 24576
1732623662080 -0.0005142010437945524 27648
1732623738584 -0.0005718832990775506 30720
1732623812292 -0.0025446540986498196 33792
1732623892753 -0.0007175184786319732 36864
1732623975168 -0.0011521998637666305 39936
1732624054518 -0.00018758877801398435 43008
1732624137993 -0.0005053116008639335 46080
1732624221254 -0.0004916579152146975 49152
1732624311535 7.756647343436877e-05 52224
1732624390326 -0.0011157817672938109 55296
1732624474966 -0.0005087850149720907 58368
1732624567912 -0.0004378996634234985 61440
1732624650407 -9.561379750569662e-05 64512
1732624753907 2.566312129298846e-05 67584
1732624834120 -5.2929110825061795e-05 70656
1732624918874 -6.900982310374578e-05 73728
1732625000325 -5.8909722914298374e-06 76800
1732625090032 -8.850574182967345e-05 79872
1732625163148 -2.1716346964240074e-05 82944
1732625240817 -7.795345348616441e-05 86016
1732625335581 2.094955804447333e-05 89088
1732625416745 -8.213903444508712e-05 92160
1732625506661 3.6388402804732324e-06 95232
1732625601858 -5.455499825378259e-05 98304
1732625689284 -6.484376887480417e-05 101376
1732625768895 -3.243382088840008e-05 104448
1732625847421 -6.281187136967977e-05 107520
1732625927413 -9.53768224765857e-05 110592
1732626008696 5.544939388831456e-07 113664
1732626082666 -4.252822448809942e-06 116736
1732626161518 -8.681824741264184e-05 119808
1732626239167 -6.767761272688707e-05 122880
1732626313245 -1.6985942299167315e-05 125952
1732626400257 -1.454511657357216e-05 129024
1732626485379 1.4428049325942994e-06 132096
1732626578533 -0.00014256274638076624 135168
1732626669335 -1.4951499179005622e-05 138240
1732626757454 -2.1194876171648503e-05 141312
1732626847602 -3.823244478553534e-05 144384
1732626927209 -2.062101848423481e-05 147456
1732627010808 -3.62539974351724e-05 150528
1732627098256 -0.00018539011167983214 153600
1732627188511 5.926198015610377e-05 156672
1732627274712 -7.864708701769511e-07 159744
1732627374596 -5.397186614573002e-05 162816
1732627461805 1.3934339707096418e-05 165888
1732627542580 5.229422822594643e-06 168960
1732627619591 -2.2735260426998138e-05 172032
1732627715555 -0.00011592642404139042 175104
1732627806491 -2.680687854687373e-06 178176
1732627891249 -5.277696376045545e-06 181248
1732627983591 -3.1089441229899724e-05 184320
1732628073612 -1.1474006654073794e-05 187392
1732628148412 -9.599669526020687e-06 190464
1732628230617 1.4181869725386302e-06 193536
1732628314210 -4.95548980931441e-06 196608
1732628403458 -9.910855442285538e-06 199680
1732628479182 -7.379854408403238e-06 202752
