1732623128753 1.0109626054763794 6144
1732623204365 1.0192463397979736 9216
1732623291473 1.0293452739715576 12288
1732623364017 1.0393939018249512 15360
1732623445013 1.049398422241211 18432
1732623510425 1.0576640367507935 21504
1732623591689 1.070633888244629 24576
1732623662084 1.0806421041488647 27648
1732623738589 1.091364860534668 30720
1732623812296 1.1013509035110474 33792
1732623892758 1.1120054721832275 36864
1732623975172 1.1224021911621094 39936
1732624054523 1.1342113018035889 43008
1732624137998 1.1438113451004028 46080
1732624221258 1.1564123630523682 49152
1732624311540 1.1656774282455444 52224
1732624390330 1.1724910736083984 55296
1732624474969 1.174973964691162 58368
1732624567918 1.1755456924438477 61440
1732624650411 1.1757395267486572 64512
1732624753910 1.1759352684020996 67584
1732624834123 1.1761319637298584 70656
1732624918878 1.1763566732406616 73728
1732625000328 1.1764881610870361 76800
1732625090037 1.1765804290771484 79872
1732625163153 1.176673173904419 82944
1732625240822 1.1767504215240479 86016
1732625335587 1.1767990589141846 89088
1732625416748 1.176849603652954 92160
1732625506667 1.176984190940857 95232
1732625601863 1.1770776510238647 98304
1732625689289 1.177140712738037 101376
1732625768900 1.1772418022155762 104448
1732625847427 1.1773666143417358 107520
1732625927419 1.1774463653564453 110592
1732626008701 1.1774976253509521 113664
1732626082671 1.1775654554367065 116736
1732626161523 1.1776576042175293 119808
1732626239171 1.1777987480163574 122880
1732626313250 1.177900791168213 125952
1732626400262 1.178037166595459 129024
1732626485382 1.1781184673309326 132096
1732626578539 1.1782093048095703 135168
1732626669340 1.1782647371292114 138240
1732626757459 1.178318977355957 141312
1732626847607 1.1783709526062012 144384
1732626927212 1.1784026622772217 147456
1732627010813 1.1784634590148926 150528
1732627098261 1.1785632371902466 153600
1732627188516 1.1786863803863525 156672
1732627274717 1.178769588470459 159744
1732627374601 1.178875207901001 162816
1732627461810 1.1789348125457764 165888
1732627542585 1.1789798736572266 168960
1732627619597 1.1790266036987305 172032
1732627715560 1.1790943145751953 175104
1732627806496 1.1791447401046753 178176
1732627891253 1.1791784763336182 181248
1732627983594 1.1792361736297607 184320
1732628073618 1.1792969703674316 187392
1732628148417 1.1793460845947266 190464
1732628230622 1.1793922185897827 193536
1732628314213 1.1794272661209106 196608
1732628403462 1.179443597793579 199680
1732628479187 1.1794536113739014 202752
