1732633465660 0.0 0
1732633475716 15.7 1
1732633485782 10.0 2
1732633495826 10.8 3
1732633505889 11.9 4
1732633515936 11.4 5
1732633526005 6.4 6
1732633536074 8.1 7
1732633546133 8.7 8
1732633556194 9.5 9
1732633566263 6.6 10
1732633576335 9.3 11
1732633586409 10.3 12
1732633596468 7.3 13
1732633606520 8.8 14
1732633616567 8.2 15
1732633626629 8.3 16
1732633636705 7.0 17
1732633646786 8.6 18
1732633656860 6.6 19
1732633666935 9.1 20
1732633677011 10.3 21
1732633687088 7.4 22
1732633697152 10.1 23
1732633707225 8.7 24
1732633717291 8.1 25
1732633727361 7.9 26
1732633737459 6.3 27
1732633747540 10.2 28
1732633757608 10.2 29
1732633767681 7.9 30
1732633777760 7.9 31
1732633787828 9.3 32
1732633797904 7.7 33
1732633807986 8.2 34
1732633818059 10.2 35
1732633828130 7.1 36
1732633838215 9.4 37
1732633848292 8.3 38
1732633858346 7.6 39
1732633868425 9.0 40
1732633878492 6.3 41
1732633888575 8.5 42
1732633898659 10.4 43
1732633909255 8.7 44
1732633919327 9.5 45
1732633929390 7.4 46
1732633939463 10.0 47
1732633949546 8.0 48
1732633959617 8.0 49
1732633970329 8.8 50
1732633980408 8.7 51
1732633990474 7.2 52
1732634000552 9.3 53
1732634010638 9.3 54
1732634020699 10.3 55
1732634030766 7.1 56
1732634040834 8.5 57
1732634050914 7.6 58
1732634060974 8.2 59
1732634071071 10.2 60
1732634081135 10.2 61
1732634091232 8.7 62
1732634101310 7.9 63
1732634111393 8.7 64
1732634121472 8.6 65
1732634131533 9.3 66
1732634141608 8.5 67
1732634151691 9.6 68
1732634161774 6.6 69
1732634171860 9.0 70
1732634181942 8.7 71
1732634192022 9.4 72
1732634202108 8.4 73
1732634212188 7.9 74
1732634222268 7.5 75
1732634232352 10.1 76
1732634242448 10.1 77
1732634252515 10.3 78
1732634262584 7.6 79
1732634272670 9.1 80
1732634282756 7.5 81
1732634292833 9.0 82
1732634302922 10.0 83
1732634313006 8.2 84
1732634323092 8.3 85
1732634333174 10.0 86
1732634343241 9.9 87
1732634353308 9.8 88
1732634363371 6.8 89
1732634373463 8.5 90
1732634383544 10.5 91
1732634393633 10.4 92
1732634403731 8.3 93
1732634413807 7.2 94
1732634423892 9.7 95
1732634433982 8.7 96
1732634444637 10.5 97
1732634454711 9.5 98
1732634464788 7.0 99
1732634474883 10.2 100
1732634484976 7.9 101
1732634495069 9.9 102
1732634505148 9.9 103
1732634515235 7.5 104
1732634525321 7.9 105
1732634535400 8.6 106
1732634545497 8.6 107
1732634555575 8.1 108
1732634565673 10.2 109
1732634575752 6.7 110
1732634585846 9.9 111
1732634595935 10.0 112
1732634606021 10.5 113
1732634616113 8.1 114
1732634626201 8.1 115
1732634636303 9.0 116
1732634646383 10.0 117
1732634656472 8.3 118
1732634666547 9.5 119
1732634676626 6.8 120
1732634686719 8.3 121
1732634696812 8.0 122
1732634706885 9.7 123
1732634716952 7.7 124
1732634727038 8.2 125
1732634737128 8.1 126
1732634747215 8.3 127
1732634757304 6.5 128
1732634767368 7.1 129
1732634777440 10.1 130
1732634787518 9.8 131
1732634797610 6.3 132
1732634807690 8.7 133
1732634817824 5.9 134
1732634827905 8.1 135
1732634837984 7.9 136
1732634848085 8.7 137
1732634858175 8.0 138
1732634868257 9.2 139
1732634878340 8.5 140
1732634888446 7.5 141
1732634898533 7.9 142
1732634908634 8.5 143
1732634918712 6.9 144
1732634928797 10.1 145
1732634938877 8.9 146
1732634948971 7.1 147
1732634959061 7.9 148
1732634969152 7.1 149
1732634979229 9.4 150
1732634989334 8.3 151
1732634999426 6.8 152
1732635009533 8.8 153
1732635019620 7.3 154
1732635029708 8.2 155
1732635039796 6.8 156
1732635049891 7.0 157
1732635059985 9.5 158
1732635070043 7.3 159
1732635080120 8.8 160
1732635090218 8.7 161
1732635100319 9.2 162
1732635110402 7.6 163
1732635120493 8.0 164
1732635130580 7.8 165
1732635140693 8.3 166
1732635150778 8.8 167
1732635160864 8.1 168
1732635170965 8.7 169
1732635181071 7.7 170
1732635191129 6.9 171
1732635201212 7.8 172
1732635211292 10.2 173
1732635221399 6.2 174
1732635231498 8.9 175
1732635241581 7.7 176
1732635251685 9.8 177
1732635261782 7.0 178
1732635271878 8.0 179
1732635281979 7.4 180
1732635292075 6.1 181
1732635302171 9.9 182
1732635312268 7.6 183
1732635322352 6.8 184
1732635332466 8.6 185
1732635342556 8.0 186
1732635352659 8.8 187
1732635362743 8.3 188
1732635372838 7.8 189
1732635382943 9.7 190
1732635393034 10.3 191
1732635403141 6.5 192
1732635413240 9.8 193
1732635423322 6.5 194
1732635433423 8.6 195
1732635443504 8.7 196
1732635453601 7.8 197
1732635463717 8.8 198
1732635473826 6.8 199
1732635483934 10.0 200
1732635494035 8.2 201
1732635504127 7.2 202
1732635514245 10.1 203
1732635524333 8.3 204
1732635534419 6.5 205
1732635544506 8.3 206
1732635554600 10.4 207
1732635564694 9.6 208
1732635574798 7.3 209
1732635584909 7.7 210
1732635595015 7.2 211
1732635605118 7.1 212
1732635615217 8.3 213
1732635625316 7.7 214
1732635635432 8.7 215
1732635645545 10.2 216
1732635655649 8.8 217
1732635665738 6.4 218
1732635675848 7.5 219
1732635685937 8.9 220
1732635696048 9.1 221
1732635706134 8.7 222
1732635716246 8.1 223
1732635726344 8.5 224
1732635736443 6.7 225
1732635746542 9.0 226
1732635756645 8.9 227
1732635766738 9.2 228
1732635776846 8.0 229
1732635786931 8.9 230
1732635797035 7.2 231
1732635807138 7.1 232
1732635817242 8.1 233
1732635827330 10.0 234
1732635837451 9.3 235
1732635847540 8.4 236
1732635857642 8.7 237
1732635867743 8.3 238
1732635877848 8.2 239
1732635887951 8.3 240
1732635898055 9.2 241
1732635908175 9.4 242
1732635918259 8.4 243
1732635928370 7.1 244
1732635938483 10.4 245
1732635948599 8.6 246
1732635958692 10.3 247
1732635968797 7.6 248
1732635978858 7.5 249
1732635988977 7.6 250
1732635999082 7.9 251
1732636009181 8.6 252
1732636019289 7.9 253
1732636029393 7.5 254
1732636039499 7.6 255
1732636049600 8.5 256
1732636059702 9.4 257
1732636069810 7.6 258
1732636079913 8.7 259
1732636090010 8.9 260
1732636100094 8.0 261
1732636110208 10.5 262
1732636120278 8.6 263
1732636130388 6.6 264
1732636140487 10.1 265
1732636150600 7.0 266
1732636160719 8.4 267
1732636170837 10.4 268
1732636180948 10.5 269
1732636191053 6.8 270
1732636201163 8.0 271
1732636211270 7.8 272
1732636221392 6.6 273
1732636231501 10.1 274
1732636241611 8.8 275
1732636251728 8.8 276
1732636261847 7.9 277
1732636271941 6.7 278
1732636282048 7.1 279
1732636292166 9.4 280
1732636302285 8.0 281
1732636312393 7.9 282
1732636322505 8.8 283
1732636332606 8.9 284
1732636342726 9.6 285
1732636352828 6.5 286
1732636362932 9.9 287
1732636373035 6.9 288
1732636383140 8.1 289
1732636393274 8.5 290
1732636403384 9.5 291
1732636413497 9.1 292
1732636423604 7.3 293
1732636433709 8.7 294
1732636443813 7.9 295
1732636453924 7.6 296
1732636464020 9.7 297
1732636474130 7.0 298
1732636484249 9.1 299
1732636494355 8.3 300
1732636504458 6.8 301
1732636514572 8.6 302
1732636524700 7.8 303
1732636534813 7.8 304
1732636544931 9.5 305
1732636555041 10.4 306
1732636565144 6.5 307
1732636575257 6.7 308
1732636585370 7.7 309
1732636595478 8.8 310
1732636605584 8.6 311
1732636615701 7.9 312
1732636625794 8.5 313
1732636635908 8.0 314
1732636645996 7.1 315
1732636656109 9.7 316
1732636666218 6.8 317
1732636676313 9.8 318
1732636686401 6.8 319
1732636696510 8.7 320
1732636706609 8.0 321
1732636716741 7.6 322
1732636726859 9.3 323
1732636736976 8.4 324
1732636747088 8.0 325
1732636757211 7.9 326
1732636767339 8.7 327
1732636777442 7.7 328
1732636787571 7.7 329
1732636797690 8.0 330
1732636807762 8.5 331
1732636817866 7.4 332
1732636827937 8.4 333
1732636838043 10.2 334
1732636848160 8.9 335
1732636858255 6.2 336
1732636868361 8.6 337
1732636878473 7.6 338
1732636888590 10.1 339
1732636898700 8.7 340
1732636908804 9.2 341
1732636918918 9.5 342
1732636929005 7.2 343
1732636939104 7.9 344
1732636949224 8.7 345
1732636959358 9.5 346
1732636969504 9.9 347
1732636979618 8.6 348
1732636989729 6.5 349
1732636999864 8.2 350
1732637009987 8.0 351
1732637020090 8.5 352
1732637030221 9.2 353
1732637040341 9.5 354
1732637050459 8.7 355
1732637060581 7.0 356
1732637070691 6.4 357
1732637080817 10.4 358
1732637090930 9.2 359
1732637101057 7.6 360
1732637111175 10.1 361
1732637121289 7.9 362
1732637131413 7.5 363
1732637141534 8.5 364
1732637151658 9.4 365
1732637161774 6.6 366
1732637171880 6.5 367
1732637181968 9.1 368
1732637192098 8.6 369
1732637202216 8.2 370
1732637212336 5.9 371
1732637222461 9.2 372
1732637232584 8.3 373
1732637242700 8.8 374
1732637252809 8.4 375
1732637262952 9.3 376
1732637273056 7.7 377
1732637283166 7.5 378
1732637293280 6.9 379
1732637303389 8.4 380
1732637313509 8.6 381
1732637323598 7.5 382
1732637333692 9.5 383
1732637343814 8.4 384
1732637353932 7.6 385
1732637364056 6.2 386
1732637374152 8.0 387
1732637384265 10.3 388
1732637394406 7.4 389
1732637404542 8.3 390
1732637414648 7.7 391
1732637424779 8.8 392
1732637434892 7.7 393
1732637445003 7.4 394
1732637455140 9.1 395
1732637465248 6.7 396
1732637475378 10.0 397
1732637485502 8.8 398
1732637495630 8.7 399
1732637505744 6.7 400
1732637515853 7.6 401
1732637525987 8.7 402
1732637536103 6.7 403
1732637546228 7.4 404
1732637556349 9.7 405
1732637566467 8.1 406
1732637576607 7.8 407
1732637586685 6.6 408
1732637596793 8.5 409
1732637606922 7.8 410
1732637617047 8.5 411
1732637627180 6.9 412
1732637637303 8.3 413
1732637647421 9.3 414
1732637657548 8.1 415
1732637667671 7.8 416
1732637677785 6.2 417
1732637687926 9.7 418
1732637698063 8.6 419
1732637708178 8.3 420
1732637718315 9.6 421
1732637728449 6.8 422
1732637738572 6.7 423
1732637748702 8.3 424
1732637758840 7.9 425
1732637768959 9.3 426
1732637779078 8.5 427
1732637789209 9.0 428
1732637799331 6.7 429
1732637809448 8.3 430
1732637819543 5.8 431
1732637829670 9.0 432
1732637839784 8.9 433
1732637849902 7.6 434
1732637860026 9.3 435
1732637870157 9.8 436
