1732633465660 122653.0 0
1732633475716 122653.0 1
1732633485782 122653.0 2
1732633495826 122653.1 3
1732633505889 122653.1 4
1732633515936 122653.1 5
1732633526005 122653.1 6
1732633536074 122653.2 7
1732633546133 122653.2 8
1732633556194 122653.2 9
1732633566263 122653.2 10
1732633576335 122653.2 11
1732633586409 122653.2 12
1732633596468 122653.2 13
1732633606520 122653.2 14
1732633616567 122653.3 15
1732633626629 122653.3 16
1732633636705 122653.3 17
1732633646786 122661.7 18
1732633656860 122661.7 19
1732633666935 122665.4 20
1732633677011 122665.4 21
1732633687088 122665.4 22
1732633697152 122665.4 23
1732633707225 122665.5 24
1732633717291 122665.5 25
1732633727361 122665.5 26
1732633737459 122665.5 27
1732633747540 122665.5 28
1732633757608 122665.5 29
1732633767681 122665.6 30
1732633777760 122665.6 31
1732633787828 122665.6 32
1732633797904 122665.6 33
1732633807986 122665.6 34
1732633818059 122665.6 35
1732633828130 122665.7 36
1732633838215 122665.7 37
1732633848292 122665.7 38
1732633858346 122665.7 39
1732633868425 122665.7 40
1732633878492 122665.7 41
1732633888575 122665.7 42
1732633898659 122665.7 43
1732633909255 122665.8 44
1732633919327 122665.8 45
1732633929390 122665.8 46
1732633939463 122665.8 47
1732633949546 122665.8 48
1732633959617 122665.8 49
1732633970329 122665.8 50
1732633980408 122665.8 51
1732633990474 122665.8 52
1732634000552 122665.9 53
1732634010638 122665.9 54
1732634020699 122665.9 55
1732634030766 122665.9 56
1732634040834 122665.9 57
1732634050914 122665.9 58
1732634060974 122665.9 59
1732634071071 122665.9 60
1732634081135 122665.9 61
1732634091232 122666.0 62
1732634101310 122666.0 63
1732634111393 122666.0 64
1732634121472 122666.0 65
1732634131533 122666.0 66
1732634141608 122666.0 67
1732634151691 122666.0 68
1732634161774 122666.0 69
1732634171860 122666.1 70
1732634181942 122666.1 71
1732634192022 122666.1 72
1732634202108 122666.1 73
1732634212188 122666.1 74
1732634222268 122666.1 75
1732634232352 122666.1 76
1732634242448 122666.1 77
1732634252515 122666.2 78
1732634262584 122666.2 79
1732634272670 122666.2 80
1732634282756 122666.2 81
1732634292833 122666.2 82
1732634302922 122666.3 83
1732634313006 122666.3 84
1732634323092 122666.3 85
1732634333174 122666.3 86
1732634343241 122666.3 87
1732634353308 122666.3 88
1732634363371 122666.3 89
1732634373463 122666.4 90
1732634383544 122666.4 91
1732634393633 122666.4 92
1732634403731 122666.4 93
1732634413807 122666.4 94
1732634423892 122666.4 95
1732634433982 122666.5 96
1732634444637 122666.5 97
1732634454711 122666.5 98
1732634464788 122666.5 99
1732634474883 122666.5 100
1732634484976 122666.5 101
1732634495069 122666.5 102
1732634505148 122666.5 103
1732634515235 122666.5 104
1732634525321 122666.5 105
1732634535400 122666.6 106
1732634545497 122666.6 107
1732634555575 122666.6 108
1732634565673 122666.6 109
1732634575752 122666.6 110
1732634585846 122666.6 111
1732634595935 122666.6 112
1732634606021 122666.7 113
1732634616113 122666.7 114
1732634626201 122666.7 115
1732634636303 122666.7 116
1732634646383 122666.7 117
1732634656472 122666.7 118
1732634666547 122666.7 119
1732634676626 122666.7 120
1732634686719 122666.7 121
1732634696812 122666.7 122
1732634706885 122666.8 123
1732634716952 122666.8 124
1732634727038 122666.8 125
1732634737128 122666.9 126
1732634747215 122666.9 127
1732634757304 122666.9 128
1732634767368 122666.9 129
1732634777440 122666.9 130
1732634787518 122666.9 131
1732634797610 122666.9 132
1732634807690 122666.9 133
1732634817824 122666.9 134
1732634827905 122667.0 135
1732634837984 122667.0 136
1732634848085 122667.0 137
1732634858175 122667.0 138
1732634868257 122667.0 139
1732634878340 122667.0 140
1732634888446 122667.0 141
1732634898533 122667.0 142
1732634908634 122667.0 143
1732634918712 122667.0 144
1732634928797 122667.1 145
1732634938877 122667.1 146
1732634948971 122667.1 147
1732634959061 122667.1 148
1732634969152 122667.1 149
1732634979229 122667.2 150
1732634989334 122667.2 151
1732634999426 122667.2 152
1732635009533 122667.2 153
1732635019620 122667.2 154
1732635029708 122667.2 155
1732635039796 122667.2 156
1732635049891 122667.2 157
1732635059985 122667.2 158
1732635070043 122667.2 159
1732635080120 122667.3 160
1732635090218 122667.3 161
1732635100319 122667.3 162
1732635110402 122667.3 163
1732635120493 122667.3 164
1732635130580 122667.3 165
1732635140693 122667.3 166
1732635150778 122667.3 167
1732635160864 122667.3 168
1732635170965 122667.4 169
1732635181071 122667.4 170
1732635191129 122667.4 171
1732635201212 122667.4 172
1732635211292 122667.5 173
1732635221399 122667.5 174
1732635231498 122667.5 175
1732635241581 122667.5 176
1732635251685 122667.5 177
1732635261782 122667.5 178
1732635271878 122667.5 179
1732635281979 122667.5 180
1732635292075 122667.5 181
1732635302171 122667.6 182
1732635312268 122667.6 183
1732635322352 122667.6 184
1732635332466 122667.6 185
1732635342556 122667.6 186
1732635352659 122667.6 187
1732635362743 122667.6 188
1732635372838 122667.7 189
1732635382943 122667.7 190
1732635393034 122667.7 191
1732635403141 122667.7 192
1732635413240 122667.7 193
1732635423322 122667.7 194
1732635433423 122667.7 195
1732635443504 122667.7 196
1732635453601 122667.7 197
1732635463717 122667.7 198
1732635473826 122667.8 199
1732635483934 122667.8 200
1732635494035 122667.8 201
1732635504127 122667.8 202
1732635514245 122667.8 203
1732635524333 122667.8 204
1732635534419 122667.8 205
1732635544506 122667.9 206
1732635554600 122667.9 207
1732635564694 122667.9 208
1732635574798 122667.9 209
1732635584909 122667.9 210
1732635595015 122667.9 211
1732635605118 122667.9 212
1732635615217 122667.9 213
1732635625316 122667.9 214
1732635635432 122667.9 215
1732635645545 122668.0 216
1732635655649 122668.0 217
1732635665738 122668.0 218
1732635675848 122668.0 219
1732635685937 122668.0 220
1732635696048 122668.1 221
1732635706134 122668.1 222
1732635716246 122668.1 223
1732635726344 122668.1 224
1732635736443 122668.2 225
1732635746542 122668.2 226
1732635756645 122668.2 227
1732635766738 122668.2 228
1732635776846 122668.2 229
1732635786931 122668.2 230
1732635797035 122668.3 231
1732635807138 122668.3 232
1732635817242 122668.3 233
1732635827330 122668.3 234
1732635837451 122668.3 235
1732635847540 122668.3 236
1732635857642 122668.3 237
1732635867743 122668.3 238
1732635877848 122668.4 239
1732635887951 122668.4 240
1732635898055 122668.4 241
1732635908175 122668.4 242
1732635918259 122668.4 243
1732635928370 122668.4 244
1732635938483 122668.4 245
1732635948599 122668.4 246
1732635958692 122668.4 247
1732635968797 122668.5 248
1732635978858 122668.5 249
1732635988977 122668.5 250
1732635999082 122668.5 251
1732636009181 122668.5 252
1732636019289 122668.5 253
1732636029393 122668.5 254
1732636039499 122668.5 255
1732636049600 122668.6 256
1732636059702 122668.6 257
1732636069810 122668.7 258
1732636079913 122668.7 259
1732636090010 122668.7 260
1732636100094 122668.7 261
1732636110208 122668.7 262
1732636120278 122668.7 263
1732636130388 122668.7 264
1732636140487 122668.8 265
1732636150600 122668.8 266
1732636160719 122668.8 267
1732636170837 122668.8 268
1732636180948 122668.9 269
1732636191053 122668.9 270
1732636201163 122668.9 271
1732636211270 122668.9 272
1732636221392 122668.9 273
1732636231501 122668.9 274
1732636241611 122668.9 275
1732636251728 122668.9 276
1732636261847 122668.9 277
1732636271941 122668.9 278
1732636282048 122669.0 279
1732636292166 122669.0 280
1732636302285 122669.0 281
1732636312393 122669.0 282
1732636322505 122669.0 283
1732636332606 122669.0 284
1732636342726 122669.0 285
1732636352828 122669.1 286
1732636362932 122669.1 287
1732636373035 122669.1 288
1732636383140 122669.1 289
1732636393274 122669.1 290
1732636403384 122669.2 291
1732636413497 122669.2 292
1732636423604 122669.2 293
1732636433709 122669.2 294
1732636443813 122669.2 295
1732636453924 122669.2 296
1732636464020 122669.2 297
1732636474130 122669.2 298
1732636484249 122669.3 299
1732636494355 122669.3 300
1732636504458 122669.3 301
1732636514572 122669.3 302
1732636524700 122669.3 303
1732636534813 122669.3 304
1732636544931 122669.3 305
1732636555041 122669.3 306
1732636565144 122669.3 307
1732636575257 122669.4 308
1732636585370 122669.4 309
1732636595478 122669.4 310
1732636605584 122669.4 311
1732636615701 122669.4 312
1732636625794 122669.4 313
1732636635908 122669.4 314
1732636645996 122669.4 315
1732636656109 122669.5 316
1732636666218 122669.5 317
1732636676313 122669.5 318
1732636686401 122669.5 319
1732636696510 122669.6 320
1732636706609 122669.6 321
1732636716741 122669.6 322
1732636726859 122669.7 323
1732636736976 122669.7 324
1732636747088 122669.7 325
1732636757211 122669.7 326
1732636767339 122669.7 327
1732636777442 122669.7 328
1732636787571 122669.7 329
1732636797690 122669.8 330
1732636807762 122669.8 331
1732636817866 122669.8 332
1732636827937 122669.8 333
1732636838043 122669.8 334
1732636848160 122669.8 335
1732636858255 122669.8 336
1732636868361 122669.8 337
1732636878473 122669.8 338
1732636888590 122669.9 339
1732636898700 122669.9 340
1732636908804 122669.9 341
1732636918918 122669.9 342
1732636929005 122669.9 343
1732636939104 122669.9 344
1732636949224 122669.9 345
1732636959358 122669.9 346
1732636969504 122669.9 347
1732636979618 122670.0 348
1732636989729 122670.0 349
1732636999864 122670.0 350
1732637009987 122670.0 351
1732637020090 122670.0 352
1732637030221 122670.0 353
1732637040341 122670.0 354
1732637050459 122670.1 355
1732637060581 122670.1 356
1732637070691 122670.1 357
1732637080817 122670.1 358
1732637090930 122670.1 359
1732637101057 122670.1 360
1732637111175 122670.1 361
1732637121289 122670.1 362
1732637131413 122670.1 363
1732637141534 122670.2 364
1732637151658 122670.2 365
1732637161774 122670.2 366
1732637171880 122670.2 367
1732637181968 122670.2 368
1732637192098 122670.2 369
1732637202216 122670.2 370
1732637212336 122670.2 371
1732637222461 122670.3 372
1732637232584 122670.3 373
1732637242700 122670.3 374
1732637252809 122670.3 375
1732637262952 122670.3 376
1732637273056 122670.3 377
1732637283166 122670.3 378
1732637293280 122670.3 379
1732637303389 122670.3 380
1732637313509 122670.4 381
1732637323598 122670.4 382
1732637333692 122670.4 383
1732637343814 122670.4 384
1732637353932 122670.4 385
1732637364056 122670.4 386
1732637374152 122670.4 387
1732637384265 122670.4 388
1732637394406 122670.5 389
1732637404542 122670.5 390
1732637414648 122670.5 391
1732637424779 122670.5 392
1732637434892 122670.5 393
1732637445003 122670.5 394
1732637455140 122670.5 395
1732637465248 122670.6 396
1732637475378 122670.6 397
1732637485502 122670.6 398
1732637495630 122670.6 399
1732637505744 122670.6 400
1732637515853 122670.6 401
1732637525987 122670.6 402
1732637536103 122670.6 403
1732637546228 122670.7 404
1732637556349 122670.7 405
1732637566467 122670.7 406
1732637576607 122670.7 407
1732637586685 122670.7 408
1732637596793 122670.7 409
1732637606922 122670.7 410
1732637617047 122670.7 411
1732637627180 122670.7 412
1732637637303 122670.8 413
1732637647421 122670.8 414
1732637657548 122670.8 415
1732637667671 122670.8 416
1732637677785 122670.8 417
1732637687926 122670.8 418
1732637698063 122670.8 419
1732637708178 122670.8 420
1732637718315 122670.9 421
1732637728449 122670.9 422
1732637738572 122670.9 423
1732637748702 122670.9 424
1732637758840 122670.9 425
1732637768959 122670.9 426
1732637779078 122670.9 427
1732637789209 122670.9 428
1732637799331 122670.9 429
1732637809448 122671.0 430
1732637819543 122671.0 431
1732637829670 122671.0 432
1732637839784 122671.0 433
1732637849902 122671.0 434
1732637860026 122671.0 435
1732637870157 122671.0 436
