1732633465660 46.7 0
1732633475716 46.7 1
1732633485782 46.7 2
1732633495826 46.7 3
1732633505889 46.7 4
1732633515936 46.7 5
1732633526005 46.7 6
1732633536074 46.7 7
1732633546133 46.7 8
1732633556194 46.7 9
1732633566263 46.7 10
1732633576335 46.7 11
1732633586409 46.7 12
1732633596468 46.7 13
1732633606520 46.7 14
1732633616567 46.7 15
1732633626629 46.7 16
1732633636705 46.7 17
1732633646786 46.8 18
1732633656860 46.8 19
1732633666935 46.8 20
1732633677011 46.8 21
1732633687088 46.8 22
1732633697152 46.8 23
1732633707225 46.8 24
1732633717291 46.8 25
1732633727361 46.8 26
1732633737459 46.8 27
1732633747540 46.8 28
1732633757608 46.8 29
1732633767681 46.8 30
1732633777760 46.8 31
1732633787828 46.8 32
1732633797904 46.8 33
1732633807986 46.8 34
1732633818059 46.8 35
1732633828130 46.8 36
1732633838215 46.8 37
1732633848292 46.8 38
1732633858346 46.8 39
1732633868425 46.8 40
1732633878492 46.8 41
1732633888575 46.8 42
1732633898659 46.8 43
1732633909255 46.8 44
1732633919327 46.8 45
1732633929390 46.8 46
1732633939463 46.8 47
1732633949546 46.8 48
1732633959617 46.8 49
1732633970329 46.8 50
1732633980408 46.8 51
1732633990474 46.8 52
1732634000552 46.8 53
1732634010638 46.8 54
1732634020699 46.8 55
1732634030766 46.8 56
1732634040834 46.8 57
1732634050914 46.8 58
1732634060974 46.8 59
1732634071071 46.8 60
1732634081135 46.8 61
1732634091232 46.8 62
1732634101310 46.8 63
1732634111393 46.8 64
1732634121472 46.8 65
1732634131533 46.8 66
1732634141608 46.8 67
1732634151691 46.8 68
1732634161774 46.8 69
1732634171860 46.8 70
1732634181942 46.8 71
1732634192022 46.8 72
1732634202108 46.8 73
1732634212188 46.8 74
1732634222268 46.8 75
1732634232352 46.8 76
1732634242448 46.8 77
1732634252515 46.8 78
1732634262584 46.8 79
1732634272670 46.8 80
1732634282756 46.8 81
1732634292833 46.8 82
1732634302922 46.8 83
1732634313006 46.8 84
1732634323092 46.8 85
1732634333174 46.8 86
1732634343241 46.8 87
1732634353308 46.8 88
1732634363371 46.8 89
1732634373463 46.8 90
1732634383544 46.8 91
1732634393633 46.8 92
1732634403731 46.8 93
1732634413807 46.8 94
1732634423892 46.8 95
1732634433982 46.8 96
1732634444637 46.8 97
1732634454711 46.8 98
1732634464788 46.8 99
1732634474883 46.8 100
1732634484976 46.8 101
1732634495069 46.8 102
1732634505148 46.8 103
1732634515235 46.8 104
1732634525321 46.8 105
1732634535400 46.8 106
1732634545497 46.8 107
1732634555575 46.8 108
1732634565673 46.8 109
1732634575752 46.8 110
1732634585846 46.8 111
1732634595935 46.8 112
1732634606021 46.8 113
1732634616113 46.8 114
1732634626201 46.8 115
1732634636303 46.8 116
1732634646383 46.8 117
1732634656472 46.8 118
1732634666547 46.8 119
1732634676626 46.8 120
1732634686719 46.8 121
1732634696812 46.8 122
1732634706885 46.8 123
1732634716952 46.8 124
1732634727038 46.8 125
1732634737128 46.8 126
1732634747215 46.8 127
1732634757304 46.8 128
1732634767368 46.8 129
1732634777440 46.8 130
1732634787518 46.8 131
1732634797610 46.8 132
1732634807690 46.8 133
1732634817824 46.8 134
1732634827905 46.8 135
1732634837984 46.8 136
1732634848085 46.8 137
1732634858175 46.8 138
1732634868257 46.8 139
1732634878340 46.8 140
1732634888446 46.8 141
1732634898533 46.8 142
1732634908634 46.8 143
1732634918712 46.8 144
1732634928797 46.8 145
1732634938877 46.8 146
1732634948971 46.8 147
1732634959061 46.8 148
1732634969152 46.8 149
1732634979229 46.8 150
1732634989334 46.8 151
1732634999426 46.8 152
1732635009533 46.8 153
1732635019620 46.8 154
1732635029708 46.8 155
1732635039796 46.8 156
1732635049891 46.8 157
1732635059985 46.8 158
1732635070043 46.8 159
1732635080120 46.8 160
1732635090218 46.8 161
1732635100319 46.8 162
1732635110402 46.8 163
1732635120493 46.8 164
1732635130580 46.8 165
1732635140693 46.8 166
1732635150778 46.8 167
1732635160864 46.8 168
1732635170965 46.8 169
1732635181071 46.8 170
1732635191129 46.8 171
1732635201212 46.8 172
1732635211292 46.8 173
1732635221399 46.8 174
1732635231498 46.8 175
1732635241581 46.8 176
1732635251685 46.8 177
1732635261782 46.8 178
1732635271878 46.8 179
1732635281979 46.8 180
1732635292075 46.8 181
1732635302171 46.8 182
1732635312268 46.8 183
1732635322352 46.8 184
1732635332466 46.8 185
1732635342556 46.8 186
1732635352659 46.8 187
1732635362743 46.8 188
1732635372838 46.8 189
1732635382943 46.8 190
1732635393034 46.8 191
1732635403141 46.8 192
1732635413240 46.8 193
1732635423322 46.8 194
1732635433423 46.8 195
1732635443504 46.8 196
1732635453601 46.8 197
1732635463717 46.8 198
1732635473826 46.8 199
1732635483934 46.8 200
1732635494035 46.8 201
1732635504127 46.8 202
1732635514245 46.8 203
1732635524333 46.8 204
1732635534419 46.8 205
1732635544506 46.8 206
1732635554600 46.8 207
1732635564694 46.8 208
1732635574798 46.8 209
1732635584909 46.8 210
1732635595015 46.8 211
1732635605118 46.8 212
1732635615217 46.8 213
1732635625316 46.8 214
1732635635432 46.8 215
1732635645545 46.8 216
1732635655649 46.8 217
1732635665738 46.8 218
1732635675848 46.8 219
1732635685937 46.8 220
1732635696048 46.8 221
1732635706134 46.8 222
1732635716246 46.8 223
1732635726344 46.8 224
1732635736443 46.8 225
1732635746542 46.8 226
1732635756645 46.8 227
1732635766738 46.8 228
1732635776846 46.8 229
1732635786931 46.8 230
1732635797035 46.8 231
1732635807138 46.8 232
1732635817242 46.8 233
1732635827330 46.8 234
1732635837451 46.8 235
1732635847540 46.8 236
1732635857642 46.8 237
1732635867743 46.8 238
1732635877848 46.8 239
1732635887951 46.8 240
1732635898055 46.8 241
1732635908175 46.8 242
1732635918259 46.8 243
1732635928370 46.8 244
1732635938483 46.8 245
1732635948599 46.8 246
1732635958692 46.8 247
1732635968797 46.8 248
1732635978858 46.8 249
1732635988977 46.8 250
1732635999082 46.8 251
1732636009181 46.8 252
1732636019289 46.8 253
1732636029393 46.8 254
1732636039499 46.8 255
1732636049600 46.8 256
1732636059702 46.8 257
1732636069810 46.8 258
1732636079913 46.8 259
1732636090010 46.8 260
1732636100094 46.8 261
1732636110208 46.8 262
1732636120278 46.8 263
1732636130388 46.8 264
1732636140487 46.8 265
1732636150600 46.8 266
1732636160719 46.8 267
1732636170837 46.8 268
1732636180948 46.8 269
1732636191053 46.8 270
1732636201163 46.8 271
1732636211270 46.8 272
1732636221392 46.8 273
1732636231501 46.8 274
1732636241611 46.8 275
1732636251728 46.8 276
1732636261847 46.8 277
1732636271941 46.8 278
1732636282048 46.8 279
1732636292166 46.8 280
1732636302285 46.8 281
1732636312393 46.8 282
1732636322505 46.8 283
1732636332606 46.8 284
1732636342726 46.8 285
1732636352828 46.8 286
1732636362932 46.8 287
1732636373035 46.8 288
1732636383140 46.8 289
1732636393274 46.8 290
1732636403384 46.8 291
1732636413497 46.8 292
1732636423604 46.8 293
1732636433709 46.8 294
1732636443813 46.8 295
1732636453924 46.8 296
1732636464020 46.8 297
1732636474130 46.8 298
1732636484249 46.8 299
1732636494355 46.8 300
1732636504458 46.8 301
1732636514572 46.8 302
1732636524700 46.8 303
1732636534813 46.8 304
1732636544931 46.8 305
1732636555041 46.8 306
1732636565144 46.8 307
1732636575257 46.8 308
1732636585370 46.8 309
1732636595478 46.8 310
1732636605584 46.8 311
1732636615701 46.8 312
1732636625794 46.8 313
1732636635908 46.8 314
1732636645996 46.8 315
1732636656109 46.8 316
1732636666218 46.8 317
1732636676313 46.8 318
1732636686401 46.8 319
1732636696510 46.8 320
1732636706609 46.8 321
1732636716741 46.8 322
1732636726859 46.8 323
1732636736976 46.8 324
1732636747088 46.8 325
1732636757211 46.8 326
1732636767339 46.8 327
1732636777442 46.8 328
1732636787571 46.8 329
1732636797690 46.8 330
1732636807762 46.8 331
1732636817866 46.8 332
1732636827937 46.8 333
1732636838043 46.8 334
1732636848160 46.8 335
1732636858255 46.8 336
1732636868361 46.8 337
1732636878473 46.8 338
1732636888590 46.8 339
1732636898700 46.8 340
1732636908804 46.8 341
1732636918918 46.8 342
1732636929005 46.8 343
1732636939104 46.8 344
1732636949224 46.8 345
1732636959358 46.8 346
1732636969504 46.8 347
1732636979618 46.8 348
1732636989729 46.8 349
1732636999864 46.8 350
1732637009987 46.8 351
1732637020090 46.8 352
1732637030221 46.8 353
1732637040341 46.8 354
1732637050459 46.8 355
1732637060581 46.8 356
1732637070691 46.8 357
1732637080817 46.8 358
1732637090930 46.8 359
1732637101057 46.8 360
1732637111175 46.8 361
1732637121289 46.8 362
1732637131413 46.8 363
1732637141534 46.8 364
1732637151658 46.8 365
1732637161774 46.8 366
1732637171880 46.8 367
1732637181968 46.8 368
1732637192098 46.8 369
1732637202216 46.8 370
1732637212336 46.8 371
1732637222461 46.8 372
1732637232584 46.8 373
1732637242700 46.8 374
1732637252809 46.8 375
1732637262952 46.8 376
1732637273056 46.8 377
1732637283166 46.8 378
1732637293280 46.8 379
1732637303389 46.8 380
1732637313509 46.8 381
1732637323598 46.8 382
1732637333692 46.8 383
1732637343814 46.8 384
1732637353932 46.8 385
1732637364056 46.8 386
1732637374152 46.8 387
1732637384265 46.8 388
1732637394406 46.8 389
1732637404542 46.8 390
1732637414648 46.8 391
1732637424779 46.8 392
1732637434892 46.8 393
1732637445003 46.8 394
1732637455140 46.8 395
1732637465248 46.8 396
1732637475378 46.8 397
1732637485502 46.8 398
1732637495630 46.8 399
1732637505744 46.8 400
1732637515853 46.8 401
1732637525987 46.8 402
1732637536103 46.8 403
1732637546228 46.8 404
1732637556349 46.8 405
1732637566467 46.8 406
1732637576607 46.8 407
1732637586685 46.8 408
1732637596793 46.8 409
1732637606922 46.8 410
1732637617047 46.8 411
1732637627180 46.8 412
1732637637303 46.8 413
1732637647421 46.8 414
1732637657548 46.8 415
1732637667671 46.8 416
1732637677785 46.8 417
1732637687926 46.8 418
1732637698063 46.8 419
1732637708178 46.8 420
1732637718315 46.8 421
1732637728449 46.8 422
1732637738572 46.8 423
1732637748702 46.8 424
1732637758840 46.8 425
1732637768959 46.8 426
1732637779078 46.8 427
1732637789209 46.8 428
1732637799331 46.8 429
1732637809448 46.8 430
1732637819543 46.8 431
1732637829670 46.8 432
1732637839784 46.8 433
1732637849902 46.8 434
1732637860026 46.8 435
1732637870157 46.8 436
