1732633465660 139724.6 0
1732633475716 139724.6 1
1732633485782 139724.6 2
1732633495826 139724.6 3
1732633505889 139724.6 4
1732633515936 139724.6 5
1732633526005 139724.5 6
1732633536074 139724.5 7
1732633546133 139724.5 8
1732633556194 139724.5 9
1732633566263 139724.5 10
1732633576335 139724.4 11
1732633586409 139724.4 12
1732633596468 139724.4 13
1732633606520 139724.4 14
1732633616567 139724.4 15
1732633626629 139724.4 16
1732633636705 139724.4 17
1732633646786 139716.0 18
1732633656860 139716.0 19
1732633666935 139712.2 20
1732633677011 139712.2 21
1732633687088 139712.2 22
1732633697152 139712.2 23
1732633707225 139712.2 24
1732633717291 139712.2 25
1732633727361 139712.2 26
1732633737459 139712.2 27
1732633747540 139712.2 28
1732633757608 139712.2 29
1732633767681 139712.1 30
1732633777760 139712.1 31
1732633787828 139712.0 32
1732633797904 139712.1 33
1732633807986 139712.0 34
1732633818059 139712.0 35
1732633828130 139712.0 36
1732633838215 139712.0 37
1732633848292 139712.0 38
1732633858346 139712.0 39
1732633868425 139712.0 40
1732633878492 139712.0 41
1732633888575 139711.9 42
1732633898659 139711.9 43
1732633909255 139711.9 44
1732633919327 139711.9 45
1732633929390 139711.9 46
1732633939463 139711.9 47
1732633949546 139711.9 48
1732633959617 139711.9 49
1732633970329 139711.8 50
1732633980408 139711.8 51
1732633990474 139711.8 52
1732634000552 139711.8 53
1732634010638 139711.8 54
1732634020699 139711.8 55
1732634030766 139711.8 56
1732634040834 139711.8 57
1732634050914 139711.7 58
1732634060974 139711.7 59
1732634071071 139711.7 60
1732634081135 139711.7 61
1732634091232 139711.7 62
1732634101310 139711.7 63
1732634111393 139711.7 64
1732634121472 139711.7 65
1732634131533 139711.6 66
1732634141608 139711.6 67
1732634151691 139711.6 68
1732634161774 139711.6 69
1732634171860 139711.6 70
1732634181942 139711.6 71
1732634192022 139711.6 72
1732634202108 139711.6 73
1732634212188 139711.6 74
1732634222268 139711.6 75
1732634232352 139711.5 76
1732634242448 139711.5 77
1732634252515 139711.5 78
1732634262584 139711.4 79
1732634272670 139711.4 80
1732634282756 139711.4 81
1732634292833 139711.4 82
1732634302922 139711.4 83
1732634313006 139711.4 84
1732634323092 139711.4 85
1732634333174 139711.4 86
1732634343241 139711.4 87
1732634353308 139711.4 88
1732634363371 139711.3 89
1732634373463 139711.3 90
1732634383544 139711.3 91
1732634393633 139711.3 92
1732634403731 139711.3 93
1732634413807 139711.2 94
1732634423892 139711.2 95
1732634433982 139711.2 96
1732634444637 139711.2 97
1732634454711 139711.2 98
1732634464788 139711.2 99
1732634474883 139711.2 100
1732634484976 139711.1 101
1732634495069 139711.1 102
1732634505148 139711.1 103
1732634515235 139711.1 104
1732634525321 139711.1 105
1732634535400 139711.1 106
1732634545497 139711.1 107
1732634555575 139711.1 108
1732634565673 139711.1 109
1732634575752 139711.1 110
1732634585846 139711.0 111
1732634595935 139711.0 112
1732634606021 139711.0 113
1732634616113 139711.0 114
1732634626201 139711.0 115
1732634636303 139711.0 116
1732634646383 139711.0 117
1732634656472 139711.0 118
1732634666547 139710.9 119
1732634676626 139710.9 120
1732634686719 139710.9 121
1732634696812 139710.9 122
1732634706885 139710.9 123
1732634716952 139710.9 124
1732634727038 139710.8 125
1732634737128 139710.8 126
1732634747215 139710.8 127
1732634757304 139710.8 128
1732634767368 139710.8 129
1732634777440 139710.8 130
1732634787518 139710.7 131
1732634797610 139710.7 132
1732634807690 139710.7 133
1732634817824 139710.7 134
1732634827905 139710.7 135
1732634837984 139710.7 136
1732634848085 139710.7 137
1732634858175 139710.7 138
1732634868257 139710.7 139
1732634878340 139710.6 140
1732634888446 139710.6 141
1732634898533 139710.6 142
1732634908634 139710.6 143
1732634918712 139710.6 144
1732634928797 139710.6 145
1732634938877 139710.6 146
1732634948971 139710.6 147
1732634959061 139710.6 148
1732634969152 139710.5 149
1732634979229 139710.5 150
1732634989334 139710.5 151
1732634999426 139710.5 152
1732635009533 139710.5 153
1732635019620 139710.5 154
1732635029708 139710.4 155
1732635039796 139710.4 156
1732635049891 139710.4 157
1732635059985 139710.4 158
1732635070043 139710.4 159
1732635080120 139710.4 160
1732635090218 139710.4 161
1732635100319 139710.4 162
1732635110402 139710.4 163
1732635120493 139710.4 164
1732635130580 139710.3 165
1732635140693 139710.3 166
1732635150778 139710.3 167
1732635160864 139710.3 168
1732635170965 139710.3 169
1732635181071 139710.3 170
1732635191129 139710.3 171
1732635201212 139710.3 172
1732635211292 139710.2 173
1732635221399 139710.2 174
1732635231498 139710.2 175
1732635241581 139710.2 176
1732635251685 139710.1 177
1732635261782 139710.1 178
1732635271878 139710.1 179
1732635281979 139710.1 180
1732635292075 139710.1 181
1732635302171 139710.1 182
1732635312268 139710.1 183
1732635322352 139710.1 184
1732635332466 139710.0 185
1732635342556 139710.0 186
1732635352659 139710.0 187
1732635362743 139710.0 188
1732635372838 139710.0 189
1732635382943 139710.0 190
1732635393034 139710.0 191
1732635403141 139710.0 192
1732635413240 139710.0 193
1732635423322 139709.9 194
1732635433423 139709.9 195
1732635443504 139709.9 196
1732635453601 139709.9 197
1732635463717 139709.9 198
1732635473826 139709.9 199
1732635483934 139709.9 200
1732635494035 139709.9 201
1732635504127 139709.9 202
1732635514245 139709.9 203
1732635524333 139709.8 204
1732635534419 139709.8 205
1732635544506 139709.8 206
1732635554600 139709.8 207
1732635564694 139709.8 208
1732635574798 139709.8 209
1732635584909 139709.8 210
1732635595015 139709.8 211
1732635605118 139709.7 212
1732635615217 139709.7 213
1732635625316 139709.7 214
1732635635432 139709.7 215
1732635645545 139709.7 216
1732635655649 139709.7 217
1732635665738 139709.7 218
1732635675848 139709.7 219
1732635685937 139709.6 220
1732635696048 139709.6 221
1732635706134 139709.6 222
1732635716246 139709.6 223
1732635726344 139709.6 224
1732635736443 139709.5 225
1732635746542 139709.4 226
1732635756645 139709.4 227
1732635766738 139709.4 228
1732635776846 139709.4 229
1732635786931 139709.4 230
1732635797035 139709.4 231
1732635807138 139709.4 232
1732635817242 139709.4 233
1732635827330 139709.3 234
1732635837451 139709.3 235
1732635847540 139709.3 236
1732635857642 139709.3 237
1732635867743 139709.3 238
1732635877848 139709.3 239
1732635887951 139709.3 240
1732635898055 139709.3 241
1732635908175 139709.3 242
1732635918259 139709.3 243
1732635928370 139709.2 244
1732635938483 139709.2 245
1732635948599 139709.2 246
1732635958692 139709.2 247
1732635968797 139709.2 248
1732635978858 139709.2 249
1732635988977 139709.2 250
1732635999082 139709.2 251
1732636009181 139709.2 252
1732636019289 139709.1 253
1732636029393 139709.1 254
1732636039499 139709.1 255
1732636049600 139709.1 256
1732636059702 139709.1 257
1732636069810 139709.0 258
1732636079913 139709.0 259
1732636090010 139709.0 260
1732636100094 139709.0 261
1732636110208 139708.9 262
1732636120278 139708.9 263
1732636130388 139708.9 264
1732636140487 139708.9 265
1732636150600 139708.9 266
1732636160719 139708.9 267
1732636170837 139708.9 268
1732636180948 139708.8 269
1732636191053 139708.8 270
1732636201163 139708.8 271
1732636211270 139708.8 272
1732636221392 139708.8 273
1732636231501 139708.7 274
1732636241611 139708.7 275
1732636251728 139708.7 276
1732636261847 139708.7 277
1732636271941 139708.7 278
1732636282048 139708.7 279
1732636292166 139708.7 280
1732636302285 139708.7 281
1732636312393 139708.6 282
1732636322505 139708.6 283
1732636332606 139708.6 284
1732636342726 139708.6 285
1732636352828 139708.6 286
1732636362932 139708.6 287
1732636373035 139708.6 288
1732636383140 139708.6 289
1732636393274 139708.6 290
1732636403384 139708.5 291
1732636413497 139708.5 292
1732636423604 139708.5 293
1732636433709 139708.5 294
1732636443813 139708.4 295
1732636453924 139708.4 296
1732636464020 139708.4 297
1732636474130 139708.4 298
1732636484249 139708.4 299
1732636494355 139708.4 300
1732636504458 139708.4 301
1732636514572 139708.4 302
1732636524700 139708.3 303
1732636534813 139708.3 304
1732636544931 139708.3 305
1732636555041 139708.3 306
1732636565144 139708.3 307
1732636575257 139708.3 308
1732636585370 139708.3 309
1732636595478 139708.3 310
1732636605584 139708.3 311
1732636615701 139708.3 312
1732636625794 139708.3 313
1732636635908 139708.2 314
1732636645996 139708.2 315
1732636656109 139708.1 316
1732636666218 139708.1 317
1732636676313 139708.1 318
1732636686401 139708.1 319
1732636696510 139708.1 320
1732636706609 139708.1 321
1732636716741 139708.1 322
1732636726859 139708.0 323
1732636736976 139708.0 324
1732636747088 139708.0 325
1732636757211 139707.9 326
1732636767339 139708.0 327
1732636777442 139707.9 328
1732636787571 139707.9 329
1732636797690 139707.9 330
1732636807762 139707.9 331
1732636817866 139707.9 332
1732636827937 139707.9 333
1732636838043 139707.9 334
1732636848160 139707.9 335
1732636858255 139707.9 336
1732636868361 139707.8 337
1732636878473 139707.8 338
1732636888590 139707.8 339
1732636898700 139707.8 340
1732636908804 139707.8 341
1732636918918 139707.8 342
1732636929005 139707.7 343
1732636939104 139707.7 344
1732636949224 139707.7 345
1732636959358 139707.7 346
1732636969504 139707.7 347
1732636979618 139707.7 348
1732636989729 139707.7 349
1732636999864 139707.7 350
1732637009987 139707.7 351
1732637020090 139707.7 352
1732637030221 139707.6 353
1732637040341 139707.6 354
1732637050459 139707.6 355
1732637060581 139707.6 356
1732637070691 139707.6 357
1732637080817 139707.6 358
1732637090930 139707.6 359
1732637101057 139707.5 360
1732637111175 139707.5 361
1732637121289 139707.5 362
1732637131413 139707.5 363
1732637141534 139707.5 364
1732637151658 139707.5 365
1732637161774 139707.5 366
1732637171880 139707.5 367
1732637181968 139707.5 368
1732637192098 139707.4 369
1732637202216 139707.4 370
1732637212336 139707.4 371
1732637222461 139707.4 372
1732637232584 139707.4 373
1732637242700 139707.4 374
1732637252809 139707.4 375
1732637262952 139707.4 376
1732637273056 139707.4 377
1732637283166 139707.3 378
1732637293280 139707.3 379
1732637303389 139707.3 380
1732637313509 139707.3 381
1732637323598 139707.3 382
1732637333692 139707.3 383
1732637343814 139707.3 384
1732637353932 139707.3 385
1732637364056 139707.2 386
1732637374152 139707.2 387
1732637384265 139707.2 388
1732637394406 139707.2 389
1732637404542 139707.2 390
1732637414648 139707.2 391
1732637424779 139707.1 392
1732637434892 139707.1 393
1732637445003 139707.1 394
1732637455140 139707.1 395
1732637465248 139707.1 396
1732637475378 139707.1 397
1732637485502 139707.1 398
1732637495630 139707.1 399
1732637505744 139707.1 400
1732637515853 139707.0 401
1732637525987 139707.0 402
1732637536103 139707.0 403
1732637546228 139707.0 404
1732637556349 139707.0 405
1732637566467 139707.0 406
1732637576607 139707.0 407
1732637586685 139707.0 408
1732637596793 139706.9 409
1732637606922 139706.9 410
1732637617047 139706.9 411
1732637627180 139706.9 412
1732637637303 139706.9 413
1732637647421 139706.9 414
1732637657548 139706.9 415
1732637667671 139706.9 416
1732637677785 139706.9 417
1732637687926 139706.8 418
1732637698063 139706.8 419
1732637708178 139706.8 420
1732637718315 139706.8 421
1732637728449 139706.8 422
1732637738572 139706.8 423
1732637748702 139706.8 424
1732637758840 139706.8 425
1732637768959 139706.7 426
1732637779078 139706.7 427
1732637789209 139706.7 428
1732637799331 139706.7 429
1732637809448 139706.7 430
1732637819543 139706.7 431
1732637829670 139706.7 432
1732637839784 139706.7 433
1732637849902 139706.7 434
1732637860026 139706.6 435
1732637870157 139706.6 436
