1732633465660 5.0 0
1732633475716 6.0 1
1732633485782 40.0 2
1732633495826 50.0 3
1732633505889 48.0 4
1732633515936 1.0 5
1732633526005 19.0 6
1732633536074 44.0 7
1732633546133 0.0 8
1732633556194 44.0 9
1732633566263 0.0 10
1732633576335 35.0 11
1732633586409 34.0 12
1732633596468 25.0 13
1732633606520 40.0 14
1732633616567 2.0 15
1732633626629 0.0 16
1732633636705 0.0 17
1732633646786 0.0 18
1732633656860 40.0 19
1732633666935 11.0 20
1732633677011 38.0 21
1732633687088 2.0 22
1732633697152 47.0 23
1732633707225 39.0 24
1732633717291 1.0 25
1732633727361 1.0 26
1732633737459 44.0 27
1732633747540 36.0 28
1732633757608 40.0 29
1732633767681 39.0 30
1732633777760 37.0 31
1732633787828 0.0 32
1732633797904 24.0 33
1732633807986 39.0 34
1732633818059 0.0 35
1732633828130 0.0 36
1732633838215 39.0 37
1732633848292 38.0 38
1732633858346 17.0 39
1732633868425 28.0 40
1732633878492 47.0 41
1732633888575 44.0 42
1732633898659 0.0 43
1732633909255 44.0 44
1732633919327 0.0 45
1732633929390 39.0 46
1732633939463 37.0 47
1732633949546 32.0 48
1732633959617 37.0 49
1732633970329 0.0 50
1732633980408 0.0 51
1732633990474 36.0 52
1732634000552 1.0 53
1732634010638 34.0 54
1732634020699 0.0 55
1732634030766 1.0 56
1732634040834 26.0 57
1732634050914 21.0 58
1732634060974 35.0 59
1732634071071 42.0 60
1732634081135 36.0 61
1732634091232 35.0 62
1732634101310 25.0 63
1732634111393 41.0 64
1732634121472 37.0 65
1732634131533 1.0 66
1732634141608 0.0 67
1732634151691 13.0 68
1732634161774 36.0 69
1732634171860 0.0 70
1732634181942 33.0 71
1732634192022 0.0 72
1732634202108 0.0 73
1732634212188 13.0 74
1732634222268 38.0 75
1732634232352 34.0 76
1732634242448 34.0 77
1732634252515 31.0 78
1732634262584 20.0 79
1732634272670 37.0 80
1732634282756 0.0 81
1732634292833 44.0 82
1732634302922 32.0 83
1732634313006 25.0 84
1732634323092 34.0 85
1732634333174 32.0 86
1732634343241 33.0 87
1732634353308 1.0 88
1732634363371 32.0 89
1732634373463 36.0 90
1732634383544 36.0 91
1732634393633 37.0 92
1732634403731 0.0 93
1732634413807 25.0 94
1732634423892 0.0 95
1732634433982 33.0 96
1732634444637 35.0 97
1732634454711 0.0 98
1732634464788 33.0 99
1732634474883 38.0 100
1732634484976 37.0 101
1732634495069 30.0 102
1732634505148 16.0 103
1732634515235 36.0 104
1732634525321 39.0 105
1732634535400 13.0 106
1732634545497 37.0 107
1732634555575 41.0 108
1732634565673 39.0 109
1732634575752 41.0 110
1732634585846 35.0 111
1732634595935 34.0 112
1732634606021 36.0 113
1732634616113 9.0 114
1732634626201 0.0 115
1732634636303 36.0 116
1732634646383 37.0 117
1732634656472 0.0 118
1732634666547 0.0 119
1732634676626 20.0 120
1732634686719 34.0 121
1732634696812 36.0 122
1732634706885 34.0 123
1732634716952 0.0 124
1732634727038 35.0 125
1732634737128 12.0 126
1732634747215 0.0 127
1732634757304 0.0 128
1732634767368 40.0 129
1732634777440 31.0 130
1732634787518 23.0 131
1732634797610 0.0 132
1732634807690 35.0 133
1732634817824 24.0 134
1732634827905 34.0 135
1732634837984 31.0 136
1732634848085 40.0 137
1732634858175 0.0 138
1732634868257 0.0 139
1732634878340 0.0 140
1732634888446 25.0 141
1732634898533 38.0 142
1732634908634 0.0 143
1732634918712 0.0 144
1732634928797 35.0 145
1732634938877 36.0 146
1732634948971 38.0 147
1732634959061 9.0 148
1732634969152 37.0 149
1732634979229 0.0 150
1732634989334 37.0 151
1732634999426 0.0 152
1732635009533 35.0 153
1732635019620 36.0 154
1732635029708 0.0 155
1732635039796 25.0 156
1732635049891 0.0 157
1732635059985 39.0 158
1732635070043 0.0 159
1732635080120 42.0 160
1732635090218 36.0 161
1732635100319 0.0 162
1732635110402 25.0 163
1732635120493 0.0 164
1732635130580 37.0 165
1732635140693 36.0 166
1732635150778 35.0 167
1732635160864 0.0 168
1732635170965 43.0 169
1732635181071 14.0 170
1732635191129 0.0 171
1732635201212 40.0 172
1732635211292 7.0 173
1732635221399 45.0 174
1732635231498 1.0 175
1732635241581 41.0 176
1732635251685 0.0 177
1732635261782 37.0 178
1732635271878 0.0 179
1732635281979 6.0 180
1732635292075 34.0 181
1732635302171 39.0 182
1732635312268 0.0 183
1732635322352 38.0 184
1732635332466 1.0 185
1732635342556 13.0 186
1732635352659 36.0 187
1732635362743 41.0 188
1732635372838 34.0 189
1732635382943 33.0 190
1732635393034 32.0 191
1732635403141 36.0 192
1732635413240 0.0 193
1732635423322 40.0 194
1732635433423 32.0 195
1732635443504 0.0 196
1732635453601 34.0 197
1732635463717 40.0 198
1732635473826 40.0 199
1732635483934 36.0 200
1732635494035 34.0 201
1732635504127 0.0 202
1732635514245 33.0 203
1732635524333 25.0 204
1732635534419 0.0 205
1732635544506 39.0 206
1732635554600 36.0 207
1732635564694 1.0 208
1732635574798 36.0 209
1732635584909 0.0 210
1732635595015 25.0 211
1732635605118 0.0 212
1732635615217 0.0 213
1732635625316 0.0 214
1732635635432 32.0 215
1732635645545 32.0 216
1732635655649 35.0 217
1732635665738 32.0 218
1732635675848 0.0 219
1732635685937 0.0 220
1732635696048 0.0 221
1732635706134 0.0 222
1732635716246 0.0 223
1732635726344 36.0 224
1732635736443 33.0 225
1732635746542 0.0 226
1732635756645 0.0 227
1732635766738 34.0 228
1732635776846 36.0 229
1732635786931 0.0 230
1732635797035 0.0 231
1732635807138 37.0 232
1732635817242 38.0 233
1732635827330 0.0 234
1732635837451 37.0 235
1732635847540 31.0 236
1732635857642 10.0 237
1732635867743 35.0 238
1732635877848 30.0 239
1732635887951 36.0 240
1732635898055 0.0 241
1732635908175 36.0 242
1732635918259 0.0 243
1732635928370 45.0 244
1732635938483 27.0 245
1732635948599 39.0 246
1732635958692 34.0 247
1732635968797 39.0 248
1732635978858 36.0 249
1732635988977 12.0 250
1732635999082 34.0 251
1732636009181 0.0 252
1732636019289 34.0 253
1732636029393 38.0 254
1732636039499 0.0 255
1732636049600 42.0 256
1732636059702 0.0 257
1732636069810 33.0 258
1732636079913 37.0 259
1732636090010 34.0 260
1732636100094 35.0 261
1732636110208 36.0 262
1732636120278 0.0 263
1732636130388 42.0 264
1732636140487 34.0 265
1732636150600 37.0 266
1732636160719 36.0 267
1732636170837 34.0 268
1732636180948 39.0 269
1732636191053 25.0 270
1732636201163 39.0 271
1732636211270 37.0 272
1732636221392 36.0 273
1732636231501 0.0 274
1732636241611 0.0 275
1732636251728 35.0 276
1732636261847 39.0 277
1732636271941 37.0 278
1732636282048 0.0 279
1732636292166 34.0 280
1732636302285 40.0 281
1732636312393 0.0 282
1732636322505 39.0 283
1732636332606 36.0 284
1732636342726 0.0 285
1732636352828 42.0 286
1732636362932 0.0 287
1732636373035 0.0 288
1732636383140 0.0 289
1732636393274 36.0 290
1732636403384 0.0 291
1732636413497 44.0 292
1732636423604 13.0 293
1732636433709 37.0 294
1732636443813 0.0 295
1732636453924 0.0 296
1732636464020 37.0 297
1732636474130 0.0 298
1732636484249 0.0 299
1732636494355 21.0 300
1732636504458 0.0 301
1732636514572 34.0 302
1732636524700 0.0 303
1732636534813 37.0 304
1732636544931 0.0 305
1732636555041 36.0 306
1732636565144 35.0 307
1732636575257 0.0 308
1732636585370 39.0 309
1732636595478 29.0 310
1732636605584 37.0 311
1732636615701 35.0 312
1732636625794 40.0 313
1732636635908 38.0 314
1732636645996 18.0 315
1732636656109 0.0 316
1732636666218 39.0 317
1732636676313 6.0 318
1732636686401 35.0 319
1732636696510 34.0 320
1732636706609 38.0 321
1732636716741 19.0 322
1732636726859 30.0 323
1732636736976 34.0 324
1732636747088 36.0 325
1732636757211 0.0 326
1732636767339 34.0 327
1732636777442 32.0 328
1732636787571 16.0 329
1732636797690 42.0 330
1732636807762 32.0 331
1732636817866 0.0 332
1732636827937 0.0 333
1732636838043 39.0 334
1732636848160 0.0 335
1732636858255 21.0 336
1732636868361 39.0 337
1732636878473 0.0 338
1732636888590 28.0 339
1732636898700 36.0 340
1732636908804 0.0 341
1732636918918 16.0 342
1732636929005 42.0 343
1732636939104 37.0 344
1732636949224 35.0 345
1732636959358 0.0 346
1732636969504 38.0 347
1732636979618 33.0 348
1732636989729 15.0 349
1732636999864 0.0 350
1732637009987 37.0 351
1732637020090 39.0 352
1732637030221 0.0 353
1732637040341 35.0 354
1732637050459 0.0 355
1732637060581 25.0 356
1732637070691 38.0 357
1732637080817 40.0 358
1732637090930 31.0 359
1732637101057 37.0 360
1732637111175 41.0 361
1732637121289 38.0 362
1732637131413 25.0 363
1732637141534 0.0 364
1732637151658 38.0 365
1732637161774 0.0 366
1732637171880 0.0 367
1732637181968 36.0 368
1732637192098 0.0 369
1732637202216 0.0 370
1732637212336 0.0 371
1732637222461 41.0 372
1732637232584 41.0 373
1732637242700 36.0 374
1732637252809 0.0 375
1732637262952 0.0 376
1732637273056 39.0 377
1732637283166 11.0 378
1732637293280 35.0 379
1732637303389 38.0 380
1732637313509 0.0 381
1732637323598 0.0 382
1732637333692 38.0 383
1732637343814 33.0 384
1732637353932 34.0 385
1732637364056 11.0 386
1732637374152 40.0 387
1732637384265 6.0 388
1732637394406 36.0 389
1732637404542 41.0 390
1732637414648 32.0 391
1732637424779 0.0 392
1732637434892 25.0 393
1732637445003 0.0 394
1732637455140 40.0 395
1732637465248 36.0 396
1732637475378 36.0 397
1732637485502 43.0 398
1732637495630 30.0 399
1732637505744 34.0 400
1732637515853 38.0 401
1732637525987 0.0 402
1732637536103 35.0 403
1732637546228 0.0 404
1732637556349 44.0 405
1732637566467 0.0 406
1732637576607 0.0 407
1732637586685 22.0 408
1732637596793 34.0 409
1732637606922 0.0 410
1732637617047 39.0 411
1732637627180 0.0 412
1732637637303 37.0 413
1732637647421 0.0 414
1732637657548 22.0 415
1732637667671 37.0 416
1732637677785 0.0 417
1732637687926 35.0 418
1732637698063 37.0 419
1732637708178 33.0 420
1732637718315 0.0 421
1732637728449 40.0 422
1732637738572 30.0 423
1732637748702 37.0 424
1732637758840 47.0 425
1732637768959 0.0 426
1732637779078 0.0 427
1732637789209 44.0 428
1732637799331 25.0 429
1732637809448 0.0 430
1732637819543 0.0 431
1732637829670 41.0 432
1732637839784 38.0 433
1732637849902 0.0 434
1732637860026 48.0 435
1732637870157 42.0 436
