1732633465660 22.6 0
1732633475716 29.6 1
1732633485782 50.5 2
1732633495826 51.3 3
1732633505889 52.2 4
1732633515936 34.9 5
1732633526005 32.3 6
1732633536074 53.0 7
1732633546133 32.1 8
1732633556194 51.9 9
1732633566263 31.4 10
1732633576335 47.5 11
1732633586409 43.6 12
1732633596468 31.3 13
1732633606520 53.1 14
1732633616567 30.9 15
1732633626629 30.8 16
1732633636705 30.7 17
1732633646786 37.7 18
1732633656860 51.2 19
1732633666935 31.2 20
1732633677011 41.4 21
1732633687088 30.3 22
1732633697152 51.2 23
1732633707225 50.6 24
1732633717291 46.4 25
1732633727361 41.5 26
1732633737459 35.4 27
1732633747540 49.0 28
1732633757608 49.0 29
1732633767681 50.4 30
1732633777760 50.0 31
1732633787828 30.7 32
1732633797904 31.2 33
1732633807986 48.9 34
1732633818059 45.0 35
1732633828130 30.7 36
1732633838215 51.5 37
1732633848292 41.2 38
1732633858346 31.1 39
1732633868425 48.6 40
1732633878492 32.4 41
1732633888575 50.8 42
1732633898659 37.9 43
1732633909255 50.2 44
1732633919327 30.9 45
1732633929390 45.3 46
1732633939463 39.7 47
1732633949546 41.6 48
1732633959617 51.2 49
1732633970329 30.5 50
1732633980408 31.1 51
1732633990474 50.8 52
1732634000552 30.5 53
1732634010638 47.1 54
1732634020699 36.7 55
1732634030766 30.4 56
1732634040834 31.1 57
1732634050914 49.9 58
1732634060974 48.9 59
1732634071071 48.8 60
1732634081135 49.3 61
1732634091232 33.5 62
1732634101310 31.0 63
1732634111393 43.3 64
1732634121472 51.2 65
1732634131533 30.3 66
1732634141608 30.0 67
1732634151691 39.1 68
1732634161774 44.3 69
1732634171860 30.2 70
1732634181942 39.6 71
1732634192022 30.1 72
1732634202108 31.7 73
1732634212188 32.4 74
1732634222268 49.8 75
1732634232352 47.7 76
1732634242448 41.6 77
1732634252515 48.3 78
1732634262584 30.8 79
1732634272670 47.4 80
1732634282756 30.2 81
1732634292833 51.1 82
1732634302922 39.4 83
1732634313006 30.7 84
1732634323092 50.2 85
1732634333174 44.2 86
1732634343241 50.2 87
1732634353308 35.2 88
1732634363371 42.5 89
1732634373463 48.9 90
1732634383544 45.0 91
1732634393633 41.4 92
1732634403731 30.0 93
1732634413807 30.5 94
1732634423892 30.0 95
1732634433982 40.1 96
1732634444637 43.0 97
1732634454711 29.9 98
1732634464788 39.6 99
1732634474883 40.6 100
1732634484976 39.8 101
1732634495069 39.0 102
1732634505148 30.2 103
1732634515235 39.5 104
1732634525321 39.2 105
1732634535400 37.5 106
1732634545497 39.5 107
1732634555575 40.1 108
1732634565673 40.4 109
1732634575752 33.5 110
1732634585846 39.3 111
1732634595935 47.0 112
1732634606021 50.2 113
1732634616113 30.6 114
1732634626201 29.9 115
1732634636303 50.2 116
1732634646383 50.0 117
1732634656472 30.2 118
1732634666547 43.8 119
1732634676626 30.7 120
1732634686719 49.1 121
1732634696812 48.7 122
1732634706885 39.2 123
1732634716952 30.1 124
1732634727038 39.1 125
1732634737128 30.7 126
1732634747215 34.0 127
1732634757304 29.8 128
1732634767368 35.6 129
1732634777440 49.2 130
1732634787518 40.3 131
1732634797610 31.7 132
1732634807690 39.2 133
1732634817824 30.5 134
1732634827905 34.0 135
1732634837984 48.8 136
1732634848085 49.0 137
1732634858175 29.8 138
1732634868257 29.8 139
1732634878340 30.8 140
1732634888446 30.4 141
1732634898533 39.3 142
1732634908634 33.9 143
1732634918712 29.4 144
1732634928797 41.1 145
1732634938877 49.3 146
1732634948971 33.9 147
1732634959061 33.3 148
1732634969152 39.0 149
1732634979229 29.4 150
1732634989334 38.6 151
1732634999426 29.3 152
1732635009533 39.4 153
1732635019620 37.0 154
1732635029708 29.3 155
1732635039796 30.1 156
1732635049891 29.3 157
1732635059985 47.2 158
1732635070043 29.5 159
1732635080120 49.6 160
1732635090218 42.9 161
1732635100319 30.3 162
1732635110402 30.3 163
1732635120493 46.0 164
1732635130580 47.8 165
1732635140693 39.2 166
1732635150778 49.2 167
1732635160864 29.5 168
1732635170965 43.1 169
1732635181071 30.4 170
1732635191129 29.6 171
1732635201212 43.3 172
1732635211292 47.6 173
1732635221399 34.6 174
1732635231498 29.6 175
1732635241581 39.7 176
1732635251685 29.7 177
1732635261782 39.6 178
1732635271878 29.6 179
1732635281979 36.6 180
1732635292075 38.2 181
1732635302171 46.9 182
1732635312268 30.2 183
1732635322352 48.0 184
1732635332466 29.5 185
1732635342556 30.2 186
1732635352659 48.9 187
1732635362743 48.8 188
1732635372838 40.4 189
1732635382943 38.7 190
1732635393034 38.8 191
1732635403141 32.9 192
1732635413240 33.5 193
1732635423322 32.7 194
1732635433423 49.8 195
1732635443504 29.5 196
1732635453601 48.8 197
1732635463717 46.1 198
1732635473826 34.6 199
1732635483934 46.4 200
1732635494035 38.5 201
1732635504127 29.3 202
1732635514245 39.3 203
1732635524333 30.2 204
1732635534419 29.4 205
1732635544506 39.7 206
1732635554600 39.6 207
1732635564694 29.4 208
1732635574798 38.7 209
1732635584909 29.2 210
1732635595015 30.1 211
1732635605118 29.2 212
1732635615217 29.3 213
1732635625316 29.2 214
1732635635432 42.6 215
1732635645545 38.6 216
1732635655649 42.1 217
1732635665738 38.2 218
1732635675848 29.1 219
1732635685937 29.1 220
1732635696048 39.9 221
1732635706134 29.3 222
1732635716246 32.3 223
1732635726344 41.9 224
1732635736443 34.9 225
1732635746542 29.1 226
1732635756645 31.9 227
1732635766738 40.7 228
1732635776846 35.4 229
1732635786931 29.2 230
1732635797035 36.4 231
1732635807138 48.6 232
1732635817242 38.3 233
1732635827330 35.7 234
1732635837451 39.5 235
1732635847540 40.7 236
1732635857642 30.0 237
1732635867743 44.5 238
1732635877848 40.0 239
1732635887951 46.6 240
1732635898055 30.1 241
1732635908175 48.3 242
1732635918259 36.7 243
1732635928370 49.2 244
1732635938483 45.3 245
1732635948599 49.2 246
1732635958692 38.3 247
1732635968797 34.7 248
1732635978858 47.8 249
1732635988977 30.2 250
1732635999082 47.6 251
1732636009181 29.4 252
1732636019289 33.6 253
1732636029393 49.3 254
1732636039499 34.2 255
1732636049600 50.3 256
1732636059702 29.9 257
1732636069810 44.0 258
1732636079913 38.9 259
1732636090010 39.4 260
1732636100094 50.4 261
1732636110208 47.3 262
1732636120278 41.2 263
1732636130388 41.5 264
1732636140487 38.1 265
1732636150600 41.4 266
1732636160719 40.7 267
1732636170837 42.0 268
1732636180948 48.1 269
1732636191053 30.3 270
1732636201163 49.2 271
1732636211270 40.0 272
1732636221392 42.7 273
1732636231501 36.7 274
1732636241611 29.5 275
1732636251728 47.3 276
1732636261847 48.6 277
1732636271941 35.7 278
1732636282048 33.3 279
1732636292166 38.8 280
1732636302285 51.2 281
1732636312393 29.3 282
1732636322505 48.5 283
1732636332606 49.7 284
1732636342726 29.7 285
1732636352828 32.5 286
1732636362932 34.8 287
1732636373035 29.5 288
1732636383140 31.7 289
1732636393274 48.8 290
1732636403384 31.9 291
1732636413497 49.5 292
1732636423604 30.4 293
1732636433709 49.9 294
1732636443813 32.2 295
1732636453924 29.6 296
1732636464020 39.0 297
1732636474130 29.6 298
1732636484249 29.6 299
1732636494355 29.9 300
1732636504458 37.9 301
1732636514572 39.5 302
1732636524700 33.6 303
1732636534813 38.5 304
1732636544931 29.5 305
1732636555041 39.1 306
1732636565144 32.2 307
1732636575257 29.4 308
1732636585370 49.1 309
1732636595478 33.0 310
1732636605584 38.3 311
1732636615701 38.6 312
1732636625794 39.7 313
1732636635908 49.6 314
1732636645996 30.1 315
1732636656109 31.5 316
1732636666218 34.2 317
1732636676313 36.2 318
1732636686401 37.5 319
1732636696510 39.4 320
1732636706609 38.6 321
1732636716741 30.0 322
1732636726859 38.6 323
1732636736976 32.5 324
1732636747088 38.9 325
1732636757211 33.0 326
1732636767339 43.3 327
1732636777442 33.2 328
1732636787571 29.9 329
1732636797690 39.2 330
1732636807762 40.0 331
1732636817866 34.4 332
1732636827937 29.1 333
1732636838043 48.5 334
1732636848160 29.3 335
1732636858255 30.1 336
1732636868361 43.3 337
1732636878473 29.1 338
1732636888590 48.8 339
1732636898700 38.2 340
1732636908804 29.5 341
1732636918918 43.2 342
1732636929005 35.7 343
1732636939104 45.7 344
1732636949224 38.7 345
1732636959358 35.4 346
1732636969504 45.5 347
1732636979618 48.9 348
1732636989729 30.0 349
1732636999864 36.7 350
1732637009987 49.2 351
1732637020090 41.9 352
1732637030221 29.7 353
1732637040341 48.8 354
1732637050459 29.6 355
1732637060581 30.2 356
1732637070691 43.9 357
1732637080817 48.9 358
1732637090930 46.5 359
1732637101057 48.5 360
1732637111175 41.3 361
1732637121289 48.9 362
1732637131413 30.5 363
1732637141534 33.2 364
1732637151658 49.4 365
1732637161774 29.8 366
1732637171880 29.6 367
1732637181968 38.9 368
1732637192098 29.5 369
1732637202216 43.2 370
1732637212336 34.1 371
1732637222461 48.4 372
1732637232584 48.3 373
1732637242700 49.4 374
1732637252809 29.6 375
1732637262952 31.9 376
1732637273056 49.3 377
1732637283166 30.6 378
1732637293280 45.8 379
1732637303389 39.8 380
1732637313509 42.5 381
1732637323598 35.0 382
1732637333692 38.9 383
1732637343814 39.0 384
1732637353932 49.0 385
1732637364056 30.0 386
1732637374152 43.5 387
1732637384265 37.2 388
1732637394406 44.4 389
1732637404542 33.9 390
1732637414648 48.2 391
1732637424779 29.5 392
1732637434892 30.2 393
1732637445003 31.5 394
1732637455140 48.8 395
1732637465248 30.4 396
1732637475378 39.2 397
1732637485502 41.4 398
1732637495630 38.9 399
1732637505744 32.5 400
1732637515853 39.2 401
1732637525987 29.5 402
1732637536103 47.0 403
1732637546228 36.7 404
1732637556349 49.0 405
1732637566467 29.5 406
1732637576607 29.5 407
1732637586685 30.2 408
1732637596793 38.9 409
1732637606922 37.5 410
1732637617047 49.0 411
1732637627180 29.4 412
1732637637303 42.3 413
1732637647421 29.4 414
1732637657548 30.1 415
1732637667671 38.6 416
1732637677785 29.3 417
1732637687926 40.2 418
1732637698063 38.9 419
1732637708178 49.5 420
1732637718315 34.9 421
1732637728449 48.6 422
1732637738572 33.7 423
1732637748702 38.3 424
1732637758840 31.8 425
1732637768959 29.5 426
1732637779078 30.9 427
1732637789209 47.6 428
1732637799331 30.1 429
1732637809448 41.0 430
1732637819543 29.2 431
1732637829670 43.6 432
1732637839784 47.7 433
1732637849902 30.0 434
1732637860026 50.6 435
1732637870157 33.4 436
