1732633465660 10.8 0
1732633475716 19.7 1
1732633485782 27.9 2
1732633495826 28.2 3
1732633505889 28.4 4
1732633515936 28.3 5
1732633526005 37.8 6
1732633536074 37.8 7
1732633546133 37.8 8
1732633556194 37.8 9
1732633566263 37.8 10
1732633576335 37.8 11
1732633586409 37.8 12
1732633596468 37.8 13
1732633606520 37.8 14
1732633616567 37.9 15
1732633626629 37.9 16
1732633636705 37.9 17
1732633646786 37.9 18
1732633656860 37.9 19
1732633666935 37.9 20
1732633677011 37.9 21
1732633687088 37.9 22
1732633697152 37.9 23
1732633707225 37.9 24
1732633717291 37.9 25
1732633727361 37.9 26
1732633737459 37.9 27
1732633747540 37.9 28
1732633757608 37.9 29
1732633767681 37.9 30
1732633777760 37.9 31
1732633787828 37.9 32
1732633797904 37.9 33
1732633807986 37.9 34
1732633818059 37.9 35
1732633828130 37.9 36
1732633838215 37.9 37
1732633848292 37.9 38
1732633858346 37.9 39
1732633868425 37.9 40
1732633878492 37.9 41
1732633888575 37.9 42
1732633898659 37.9 43
1732633909255 37.9 44
1732633919327 37.9 45
1732633929390 35.6 46
1732633939463 35.6 47
1732633949546 35.6 48
1732633959617 35.6 49
1732633970329 35.6 50
1732633980408 35.6 51
1732633990474 35.6 52
1732634000552 35.6 53
1732634010638 35.6 54
1732634020699 35.6 55
1732634030766 35.6 56
1732634040834 35.6 57
1732634050914 35.6 58
1732634060974 35.6 59
1732634071071 35.6 60
1732634081135 35.6 61
1732634091232 35.6 62
1732634101310 35.6 63
1732634111393 35.6 64
1732634121472 35.4 65
1732634131533 35.4 66
1732634141608 35.4 67
1732634151691 35.4 68
1732634161774 35.4 69
1732634171860 35.4 70
1732634181942 35.4 71
1732634192022 35.4 72
1732634202108 35.4 73
1732634212188 35.4 74
1732634222268 35.4 75
1732634232352 35.3 76
1732634242448 35.3 77
1732634252515 35.3 78
1732634262584 35.3 79
1732634272670 35.3 80
1732634282756 35.3 81
1732634292833 35.3 82
1732634302922 35.3 83
1732634313006 35.3 84
1732634323092 35.3 85
1732634333174 35.3 86
1732634343241 35.3 87
1732634353308 35.3 88
1732634363371 35.3 89
1732634373463 35.3 90
1732634383544 35.3 91
1732634393633 35.3 92
1732634403731 35.3 93
1732634413807 35.3 94
1732634423892 35.9 95
1732634433982 35.9 96
1732634444637 35.9 97
1732634454711 35.9 98
1732634464788 35.9 99
1732634474883 35.9 100
1732634484976 35.9 101
1732634495069 35.9 102
1732634505148 35.9 103
1732634515235 35.9 104
1732634525321 35.9 105
1732634535400 35.9 106
1732634545497 35.9 107
1732634555575 35.9 108
1732634565673 35.9 109
1732634575752 35.9 110
1732634585846 35.9 111
1732634595935 35.9 112
1732634606021 35.9 113
1732634616113 35.9 114
1732634626201 35.9 115
1732634636303 35.9 116
1732634646383 35.9 117
1732634656472 35.9 118
1732634666547 35.9 119
1732634676626 35.9 120
1732634686719 35.9 121
1732634696812 35.9 122
1732634706885 35.9 123
1732634716952 35.9 124
1732634727038 35.9 125
1732634737128 35.9 126
1732634747215 35.9 127
1732634757304 35.9 128
1732634767368 35.9 129
1732634777440 35.9 130
1732634787518 35.9 131
1732634797610 35.9 132
1732634807690 35.9 133
1732634817824 35.9 134
1732634827905 35.9 135
1732634837984 35.9 136
1732634848085 35.9 137
1732634858175 35.9 138
1732634868257 35.9 139
1732634878340 35.9 140
1732634888446 35.9 141
1732634898533 35.9 142
1732634908634 35.9 143
1732634918712 35.9 144
1732634928797 35.9 145
1732634938877 35.8 146
1732634948971 35.8 147
1732634959061 35.8 148
1732634969152 35.8 149
1732634979229 35.8 150
1732634989334 35.8 151
1732634999426 35.8 152
1732635009533 35.8 153
1732635019620 35.6 154
1732635029708 35.6 155
1732635039796 35.6 156
1732635049891 35.6 157
1732635059985 35.6 158
1732635070043 35.6 159
1732635080120 35.6 160
1732635090218 35.6 161
1732635100319 35.6 162
1732635110402 35.6 163
1732635120493 35.6 164
1732635130580 35.6 165
1732635140693 35.6 166
1732635150778 35.6 167
1732635160864 35.6 168
1732635170965 35.6 169
1732635181071 35.6 170
1732635191129 35.6 171
1732635201212 35.6 172
1732635211292 35.6 173
1732635221399 35.6 174
1732635231498 35.6 175
1732635241581 35.6 176
1732635251685 35.6 177
1732635261782 35.6 178
1732635271878 35.6 179
1732635281979 35.6 180
1732635292075 35.6 181
1732635302171 35.6 182
1732635312268 35.6 183
1732635322352 35.6 184
1732635332466 35.6 185
1732635342556 35.6 186
1732635352659 35.6 187
1732635362743 35.6 188
1732635372838 35.6 189
1732635382943 35.6 190
1732635393034 35.6 191
1732635403141 35.6 192
1732635413240 35.6 193
1732635423322 35.6 194
1732635433423 35.6 195
1732635443504 35.6 196
1732635453601 35.6 197
1732635463717 35.6 198
1732635473826 35.6 199
1732635483934 35.6 200
1732635494035 35.6 201
1732635504127 35.6 202
1732635514245 35.6 203
1732635524333 35.6 204
1732635534419 35.6 205
1732635544506 35.6 206
1732635554600 35.6 207
1732635564694 35.6 208
1732635574798 35.6 209
1732635584909 35.6 210
1732635595015 35.6 211
1732635605118 35.6 212
1732635615217 35.6 213
1732635625316 35.6 214
1732635635432 35.6 215
1732635645545 35.6 216
1732635655649 35.6 217
1732635665738 35.6 218
1732635675848 35.6 219
1732635685937 35.6 220
1732635696048 35.6 221
1732635706134 35.6 222
1732635716246 35.6 223
1732635726344 35.6 224
1732635736443 35.6 225
1732635746542 35.6 226
1732635756645 35.6 227
1732635766738 35.6 228
1732635776846 35.6 229
1732635786931 35.6 230
1732635797035 35.6 231
1732635807138 35.6 232
1732635817242 35.6 233
1732635827330 35.6 234
1732635837451 35.6 235
1732635847540 35.6 236
1732635857642 35.6 237
1732635867743 35.6 238
1732635877848 35.6 239
1732635887951 35.6 240
1732635898055 35.6 241
1732635908175 35.6 242
1732635918259 35.6 243
1732635928370 35.6 244
1732635938483 35.6 245
1732635948599 35.6 246
1732635958692 35.6 247
1732635968797 35.6 248
1732635978858 35.6 249
1732635988977 35.6 250
1732635999082 35.6 251
1732636009181 35.6 252
1732636019289 35.6 253
1732636029393 35.6 254
1732636039499 35.6 255
1732636049600 35.6 256
1732636059702 35.6 257
1732636069810 35.6 258
1732636079913 35.6 259
1732636090010 35.6 260
1732636100094 35.6 261
1732636110208 35.6 262
1732636120278 35.6 263
1732636130388 35.6 264
1732636140487 35.6 265
1732636150600 35.6 266
1732636160719 35.6 267
1732636170837 35.6 268
1732636180948 35.6 269
1732636191053 35.6 270
1732636201163 35.6 271
1732636211270 35.6 272
1732636221392 35.6 273
1732636231501 35.6 274
1732636241611 35.6 275
1732636251728 35.6 276
1732636261847 35.6 277
1732636271941 35.6 278
1732636282048 35.6 279
1732636292166 35.6 280
1732636302285 35.6 281
1732636312393 35.6 282
1732636322505 35.6 283
1732636332606 35.6 284
1732636342726 35.6 285
1732636352828 35.6 286
1732636362932 35.6 287
1732636373035 35.6 288
1732636383140 35.6 289
1732636393274 35.6 290
1732636403384 35.6 291
1732636413497 35.6 292
1732636423604 35.6 293
1732636433709 35.6 294
1732636443813 35.6 295
1732636453924 35.6 296
1732636464020 35.6 297
1732636474130 35.6 298
1732636484249 35.6 299
1732636494355 35.6 300
1732636504458 35.6 301
1732636514572 35.6 302
1732636524700 35.6 303
1732636534813 35.6 304
1732636544931 35.6 305
1732636555041 35.6 306
1732636565144 35.6 307
1732636575257 35.6 308
1732636585370 35.6 309
1732636595478 35.6 310
1732636605584 35.6 311
1732636615701 35.6 312
1732636625794 35.6 313
1732636635908 35.6 314
1732636645996 35.6 315
1732636656109 35.6 316
1732636666218 35.6 317
1732636676313 35.6 318
1732636686401 35.6 319
1732636696510 35.6 320
1732636706609 35.6 321
1732636716741 35.6 322
1732636726859 35.6 323
1732636736976 35.6 324
1732636747088 35.6 325
1732636757211 35.6 326
1732636767339 35.6 327
1732636777442 35.6 328
1732636787571 35.6 329
1732636797690 35.6 330
1732636807762 35.6 331
1732636817866 35.6 332
1732636827937 35.6 333
1732636838043 35.6 334
1732636848160 35.6 335
1732636858255 35.6 336
1732636868361 35.6 337
1732636878473 35.6 338
1732636888590 35.6 339
1732636898700 35.6 340
1732636908804 35.6 341
1732636918918 35.6 342
1732636929005 35.6 343
1732636939104 35.6 344
1732636949224 35.6 345
1732636959358 35.6 346
1732636969504 35.6 347
1732636979618 35.6 348
1732636989729 35.6 349
1732636999864 35.6 350
1732637009987 35.6 351
1732637020090 35.6 352
1732637030221 35.6 353
1732637040341 35.6 354
1732637050459 35.6 355
1732637060581 35.6 356
1732637070691 35.6 357
1732637080817 35.6 358
1732637090930 35.6 359
1732637101057 35.6 360
1732637111175 35.6 361
1732637121289 35.6 362
1732637131413 35.6 363
1732637141534 35.6 364
1732637151658 35.6 365
1732637161774 35.6 366
1732637171880 35.6 367
1732637181968 35.6 368
1732637192098 35.6 369
1732637202216 35.6 370
1732637212336 35.6 371
1732637222461 35.6 372
1732637232584 35.6 373
1732637242700 35.6 374
1732637252809 35.6 375
1732637262952 35.6 376
1732637273056 35.6 377
1732637283166 35.6 378
1732637293280 35.6 379
1732637303389 35.6 380
1732637313509 35.6 381
1732637323598 35.6 382
1732637333692 35.6 383
1732637343814 35.6 384
1732637353932 35.6 385
1732637364056 35.6 386
1732637374152 35.6 387
1732637384265 35.6 388
1732637394406 35.6 389
1732637404542 35.6 390
1732637414648 35.6 391
1732637424779 35.6 392
1732637434892 35.6 393
1732637445003 35.6 394
1732637455140 35.6 395
1732637465248 35.6 396
1732637475378 35.6 397
1732637485502 35.6 398
1732637495630 35.6 399
1732637505744 35.6 400
1732637515853 35.6 401
1732637525987 35.6 402
1732637536103 35.6 403
1732637546228 35.6 404
1732637556349 35.6 405
1732637566467 35.6 406
1732637576607 35.6 407
1732637586685 35.6 408
1732637596793 35.6 409
1732637606922 35.6 410
1732637617047 35.6 411
1732637627180 35.6 412
1732637637303 35.6 413
1732637647421 35.6 414
1732637657548 35.6 415
1732637667671 35.6 416
1732637677785 35.6 417
1732637687926 35.6 418
1732637698063 35.6 419
1732637708178 35.6 420
1732637718315 35.6 421
1732637728449 35.6 422
1732637738572 35.7 423
1732637748702 35.7 424
1732637758840 35.7 425
1732637768959 35.7 426
1732637779078 35.7 427
1732637789209 35.7 428
1732637799331 35.7 429
1732637809448 35.7 430
1732637819543 35.7 431
1732637829670 35.4 432
1732637839784 35.5 433
1732637849902 35.5 434
1732637860026 35.8 435
1732637870157 35.6 436
