1732633465660 83.8 0
1732633475716 109.5 1
1732633485782 186.7 2
1732633495826 189.8 3
1732633505889 193.0 4
1732633515936 129.2 5
1732633526005 119.4 6
1732633536074 196.0 7
1732633546133 118.6 8
1732633556194 192.1 9
1732633566263 116.0 10
1732633576335 175.8 11
1732633586409 161.2 12
1732633596468 115.7 13
1732633606520 196.4 14
1732633616567 114.3 15
1732633626629 114.0 16
1732633636705 113.6 17
1732633646786 139.7 18
1732633656860 189.4 19
1732633666935 115.3 20
1732633677011 153.1 21
1732633687088 112.3 22
1732633697152 189.4 23
1732633707225 187.1 24
1732633717291 171.7 25
1732633727361 153.5 26
1732633737459 131.2 27
1732633747540 181.4 28
1732633757608 181.2 29
1732633767681 186.5 30
1732633777760 185.1 31
1732633787828 113.6 32
1732633797904 115.3 33
1732633807986 180.8 34
1732633818059 166.5 35
1732633828130 113.6 36
1732633838215 190.6 37
1732633848292 152.5 38
1732633858346 115.2 39
1732633868425 179.9 40
1732633878492 120.0 41
1732633888575 187.9 42
1732633898659 140.2 43
1732633909255 185.6 44
1732633919327 114.4 45
1732633929390 167.7 46
1732633939463 147.1 47
1732633949546 153.9 48
1732633959617 189.4 49
1732633970329 112.8 50
1732633980408 115.1 51
1732633990474 187.9 52
1732634000552 112.9 53
1732634010638 174.2 54
1732634020699 135.8 55
1732634030766 112.4 56
1732634040834 115.0 57
1732634050914 184.8 58
1732634060974 180.9 59
1732634071071 180.5 60
1732634081135 182.4 61
1732634091232 124.0 62
1732634101310 114.8 63
1732634111393 160.3 64
1732634121472 189.3 65
1732634131533 112.0 66
1732634141608 111.1 67
1732634151691 144.5 68
1732634161774 163.7 69
1732634171860 111.6 70
1732634181942 146.5 71
1732634192022 111.3 72
1732634202108 117.4 73
1732634212188 119.9 74
1732634222268 184.1 75
1732634232352 176.7 76
1732634242448 154.1 77
1732634252515 178.6 78
1732634262584 113.8 79
1732634272670 175.4 80
1732634282756 111.7 81
1732634292833 189.0 82
1732634302922 145.9 83
1732634313006 113.7 84
1732634323092 185.7 85
1732634333174 163.4 86
1732634343241 185.8 87
1732634353308 130.4 88
1732634363371 157.2 89
1732634373463 180.8 90
1732634383544 166.5 91
1732634393633 153.1 92
1732634403731 111.1 93
1732634413807 112.8 94
1732634423892 111.1 95
1732634433982 148.5 96
1732634444637 159.1 97
1732634454711 110.6 98
1732634464788 146.7 99
1732634474883 150.1 100
1732634484976 147.3 101
1732634495069 144.1 102
1732634505148 111.6 103
1732634515235 146.1 104
1732634525321 145.1 105
1732634535400 138.9 106
1732634545497 146.0 107
1732634555575 148.5 108
1732634565673 149.4 109
1732634575752 123.9 110
1732634585846 145.5 111
1732634595935 174.1 112
1732634606021 185.6 113
1732634616113 113.1 114
1732634626201 110.5 115
1732634636303 185.6 116
1732634646383 184.8 117
1732634656472 111.7 118
1732634666547 162.2 119
1732634676626 113.7 120
1732634686719 181.5 121
1732634696812 180.3 122
1732634706885 145.2 123
1732634716952 111.2 124
1732634727038 144.5 125
1732634737128 113.6 126
1732634747215 125.8 127
1732634757304 110.4 128
1732634767368 131.7 129
1732634777440 181.9 130
1732634787518 149.2 131
1732634797610 117.2 132
1732634807690 144.9 133
1732634817824 113.0 134
1732634827905 125.9 135
1732634837984 180.6 136
1732634848085 181.4 137
1732634858175 110.2 138
1732634868257 110.1 139
1732634878340 113.9 140
1732634888446 112.6 141
1732634898533 145.5 142
1732634908634 125.5 143
1732634918712 108.7 144
1732634928797 152.2 145
1732634938877 182.6 146
1732634948971 125.5 147
1732634959061 123.1 148
1732634969152 144.4 149
1732634979229 108.6 150
1732634989334 142.7 151
1732634999426 108.5 152
1732635009533 145.8 153
1732635019620 136.9 154
1732635029708 108.2 155
1732635039796 111.3 156
1732635049891 108.3 157
1732635059985 174.8 158
1732635070043 109.0 159
1732635080120 183.6 160
1732635090218 158.8 161
1732635100319 112.1 162
1732635110402 112.2 163
1732635120493 170.3 164
1732635130580 177.0 165
1732635140693 145.1 166
1732635150778 182.0 167
1732635160864 109.0 168
1732635170965 159.4 169
1732635181071 112.4 170
1732635191129 109.4 171
1732635201212 160.3 172
1732635211292 176.3 173
1732635221399 128.1 174
1732635231498 109.7 175
1732635241581 147.0 176
1732635251685 109.9 177
1732635261782 146.6 178
1732635271878 109.5 179
1732635281979 135.5 180
1732635292075 141.4 181
1732635302171 173.7 182
1732635312268 111.8 183
1732635322352 177.7 184
1732635332466 109.1 185
1732635342556 111.7 186
1732635352659 180.9 187
1732635362743 180.5 188
1732635372838 149.3 189
1732635382943 143.1 190
1732635393034 143.6 191
1732635403141 121.9 192
1732635413240 124.1 193
1732635423322 120.8 194
1732635433423 184.2 195
1732635443504 109.0 196
1732635453601 180.4 197
1732635463717 170.6 198
1732635473826 127.9 199
1732635483934 171.5 200
1732635494035 142.5 201
1732635504127 108.3 202
1732635514245 145.4 203
1732635524333 111.7 204
1732635534419 108.8 205
1732635544506 147.1 206
1732635554600 146.4 207
1732635564694 108.6 208
1732635574798 143.1 209
1732635584909 108.2 210
1732635595015 111.2 211
1732635605118 108.1 212
1732635615217 108.5 213
1732635625316 108.0 214
1732635635432 157.8 215
1732635645545 142.7 216
1732635655649 155.7 217
1732635665738 141.4 218
1732635675848 107.7 219
1732635685937 107.8 220
1732635696048 147.7 221
1732635706134 108.2 222
1732635716246 119.5 223
1732635726344 154.9 224
1732635736443 129.1 225
1732635746542 107.7 226
1732635756645 117.9 227
1732635766738 150.6 228
1732635776846 130.9 229
1732635786931 108.0 230
1732635797035 134.5 231
1732635807138 179.8 232
1732635817242 141.7 233
1732635827330 132.0 234
1732635837451 146.0 235
1732635847540 150.7 236
1732635857642 111.1 237
1732635867743 164.7 238
1732635877848 148.1 239
1732635887951 172.5 240
1732635898055 111.5 241
1732635908175 178.8 242
1732635918259 135.9 243
1732635928370 181.9 244
1732635938483 167.7 245
1732635948599 182.1 246
1732635958692 141.6 247
1732635968797 128.5 248
1732635978858 176.9 249
1732635988977 111.7 250
1732635999082 176.2 251
1732636009181 108.9 252
1732636019289 124.4 253
1732636029393 182.3 254
1732636039499 126.7 255
1732636049600 186.0 256
1732636059702 110.5 257
1732636069810 162.9 258
1732636079913 143.9 259
1732636090010 145.6 260
1732636100094 186.3 261
1732636110208 175.0 262
1732636120278 152.5 263
1732636130388 153.7 264
1732636140487 140.9 265
1732636150600 153.1 266
1732636160719 150.6 267
1732636170837 155.6 268
1732636180948 177.9 269
1732636191053 112.2 270
1732636201163 182.2 271
1732636211270 148.2 272
1732636221392 158.0 273
1732636231501 136.0 274
1732636241611 109.2 275
1732636251728 175.2 276
1732636261847 179.8 277
1732636271941 132.0 278
1732636282048 123.4 279
1732636292166 143.5 280
1732636302285 189.5 281
1732636312393 108.5 282
1732636322505 179.4 283
1732636332606 183.9 284
1732636342726 109.8 285
1732636352828 120.1 286
1732636362932 128.6 287
1732636373035 109.1 288
1732636383140 117.3 289
1732636393274 180.7 290
1732636403384 118.1 291
1732636413497 183.2 292
1732636423604 112.6 293
1732636433709 184.6 294
1732636443813 119.0 295
1732636453924 109.5 296
1732636464020 144.5 297
1732636474130 109.7 298
1732636484249 109.3 299
1732636494355 110.6 300
1732636504458 140.4 301
1732636514572 146.2 302
1732636524700 124.2 303
1732636534813 142.6 304
1732636544931 109.3 305
1732636555041 144.9 306
1732636565144 119.1 307
1732636575257 108.8 308
1732636585370 181.6 309
1732636595478 122.2 310
1732636605584 141.5 311
1732636615701 142.7 312
1732636625794 147.1 313
1732636635908 183.6 314
1732636645996 111.3 315
1732636656109 116.6 316
1732636666218 126.5 317
1732636676313 133.9 318
1732636686401 138.7 319
1732636696510 145.8 320
1732636706609 142.9 321
1732636716741 111.0 322
1732636726859 142.8 323
1732636736976 120.2 324
1732636747088 143.9 325
1732636757211 122.2 326
1732636767339 160.1 327
1732636777442 123.0 328
1732636787571 110.6 329
1732636797690 145.1 330
1732636807762 148.1 331
1732636817866 127.2 332
1732636827937 107.7 333
1732636838043 179.4 334
1732636848160 108.6 335
1732636858255 111.5 336
1732636868361 160.4 337
1732636878473 107.7 338
1732636888590 180.5 339
1732636898700 141.5 340
1732636908804 109.1 341
1732636918918 159.8 342
1732636929005 132.0 343
1732636939104 169.0 344
1732636949224 143.4 345
1732636959358 130.9 346
1732636969504 168.5 347
1732636979618 180.8 348
1732636989729 111.1 349
1732636999864 135.7 350
1732637009987 182.2 351
1732637020090 155.0 352
1732637030221 109.7 353
1732637040341 180.7 354
1732637050459 109.4 355
1732637060581 111.8 356
1732637070691 162.6 357
1732637080817 180.8 358
1732637090930 172.1 359
1732637101057 179.5 360
1732637111175 152.8 361
1732637121289 181.1 362
1732637131413 112.7 363
1732637141534 123.0 364
1732637151658 182.9 365
1732637161774 110.3 366
1732637171880 109.5 367
1732637181968 144.1 368
1732637192098 109.3 369
1732637202216 159.9 370
1732637212336 126.3 371
1732637222461 179.2 372
1732637232584 178.6 373
1732637242700 182.8 374
1732637252809 109.5 375
1732637262952 118.1 376
1732637273056 182.4 377
1732637283166 113.1 378
1732637293280 169.4 379
1732637303389 147.2 380
1732637313509 157.3 381
1732637323598 129.6 382
1732637333692 144.0 383
1732637343814 144.3 384
1732637353932 181.4 385
1732637364056 110.9 386
1732637374152 160.9 387
1732637384265 137.7 388
1732637394406 164.1 389
1732637404542 125.4 390
1732637414648 178.4 391
1732637424779 109.0 392
1732637434892 111.9 393
1732637445003 116.7 394
1732637455140 180.7 395
1732637465248 112.6 396
1732637475378 144.9 397
1732637485502 153.3 398
1732637495630 143.8 399
1732637505744 120.4 400
1732637515853 145.1 401
1732637525987 109.0 402
1732637536103 173.8 403
1732637546228 136.0 404
1732637556349 181.4 405
1732637566467 109.1 406
1732637576607 109.1 407
1732637586685 111.6 408
1732637596793 143.8 409
1732637606922 138.7 410
1732637617047 181.2 411
1732637627180 108.6 412
1732637637303 156.4 413
1732637647421 108.9 414
1732637657548 111.5 415
1732637667671 142.9 416
1732637677785 108.5 417
1732637687926 148.6 418
1732637698063 144.0 419
1732637708178 183.1 420
1732637718315 129.1 421
1732637728449 179.7 422
1732637738572 124.7 423
1732637748702 141.6 424
1732637758840 117.5 425
1732637768959 109.1 426
1732637779078 114.3 427
1732637789209 176.2 428
1732637799331 111.2 429
1732637809448 151.8 430
1732637819543 108.1 431
1732637829670 161.4 432
1732637839784 176.7 433
1732637849902 110.9 434
1732637860026 187.4 435
1732637870157 123.5 436
