1732633465660 0.0003460000000359287 0
1732633475716 0.02197599999999511 1
1732633485782 0.033009999999990214 2
1732633495826 0.049218999999993684 3
1732633505889 0.05944699999997738 4
1732633515936 0.06831199999999171 5
1732633526005 0.08747700000003533 6
1732633536074 0.0948359999999866 7
1732633546133 0.10696999999993295 8
1732633556194 0.11437399999999798 9
1732633566263 0.12581199999999626 10
1732633576335 0.15223900000000867 11
1732633586409 0.16857800000002499 12
1732633596468 0.23219299999993837 13
1732633606520 0.24306699999999637 14
1732633616567 0.25113999999996395 15
1732633626629 0.25931200000002264 16
1732633636705 0.2787349999999833 17
1732633646786 0.3352869999999939 18
1732633656860 0.3515149999999494 19
1732633666935 3.7143839999999955 20
1732633677011 3.7224169999999503 21
1732633687088 3.7297029999999722 22
1732633697152 3.740791999999942 23
1732633707225 3.759588000000008 24
1732633717291 3.7689080000000104 25
1732633727361 3.807829999999967 26
1732633737459 3.815249999999992 27
1732633747540 3.822848000000022 28
1732633757608 3.8306119999999737 29
1732633767681 3.8610099999999647 30
1732633777760 3.8698970000000372 31
1732633787828 3.8820719999999937 32
1732633797904 3.889014999999972 33
1732633807986 3.907752999999957 34
1732633818059 3.9157639999999674 35
1732633828130 3.934374999999932 36
1732633838215 3.9424430000000257 37
1732633848292 3.952209000000039 38
1732633858346 3.959261999999967 39
1732633868425 3.968029999999999 40
1732633878492 3.9759199999999737 41
1732633888575 4.01084400000002 42
1732633898659 4.076283999999987 43
1732633909255 4.08949199999995 44
1732633919327 4.096889000000033 45
1732633929390 4.107026000000019 46
1732633939463 4.114004000000023 47
1732633949546 4.133570999999961 48
1732633959617 4.149761000000012 49
1732633970329 4.159062999999946 50
1732633980408 4.169630999999981 51
1732633990474 4.177094000000011 52
1732634000552 4.1856070000000045 53
1732634010638 4.213109000000031 54
1732634020699 4.22060399999998 55
1732634030766 4.252700000000004 56
1732634040834 4.284190999999964 57
1732634050914 4.294713000000002 58
1732634060974 4.302394999999933 59
1732634071071 4.320020999999997 60
1732634081135 4.327150999999958 61
1732634091232 4.33764199999996 62
1732634101310 4.344537999999943 63
1732634111393 4.3514920000000075 64
1732634121472 4.368043999999941 65
1732634131533 4.394604999999956 66
1732634141608 4.402770000000032 67
1732634151691 4.413781999999969 68
1732634161774 4.420522000000005 69
1732634171860 4.431684000000018 70
1732634181942 4.438595999999961 71
1732634192022 4.465506000000005 72
1732634202108 4.540045999999961 73
1732634212188 4.547960999999987 74
1732634222268 4.554726999999957 75
1732634232352 4.571929999999952 76
1732634242448 4.578798000000006 77
1732634252515 4.601599999999962 78
1732634262584 4.608677999999941 79
1732634272670 4.6277919999999995 80
1732634282756 4.636532999999986 81
1732634292833 4.646431000000007 82
1732634302922 4.653419999999983 83
1732634313006 4.671130999999946 84
1732634323092 4.6788589999999886 85
1732634333174 4.7071469999999636 86
1732634343241 4.715809000000036 87
1732634353308 4.732317999999964 88
1732634363371 4.747012000000041 89
1732634373463 4.768258999999944 90
1732634383544 4.775441999999998 91
1732634393633 4.785523000000012 92
1732634403731 4.794450999999981 93
1732634413807 4.80471 94
1732634423892 4.822070999999937 95
1732634433982 4.85692599999993 96
1732634444637 4.864520999999968 97
1732634454711 4.8734249999999975 98
1732634464788 4.88014899999996 99
1732634474883 4.8870299999999816 100
1732634484976 4.914879000000042 101
1732634495069 4.921310999999946 102
1732634505148 4.99346700000001 103
1732634515235 5.004978999999935 104
1732634525321 5.0116429999999355 105
1732634535400 5.024405000000002 106
1732634545497 5.042153999999982 107
1732634555575 5.049573000000009 108
1732634565673 5.05838499999993 109
1732634575752 5.079067000000009 110
1732634585846 5.094030999999973 111
1732634595935 5.102279999999951 112
1732634606021 5.131230999999957 113
1732634616113 5.1386589999999615 114
1732634626201 5.159697999999935 115
1732634636303 5.176923999999985 116
1732634646383 5.183357999999998 117
1732634656472 5.204155000000014 118
1732634666547 5.2352919999999585 119
1732634676626 5.24212399999999 120
1732634686719 5.252483999999981 121
1732634696812 5.263386999999966 122
1732634706885 5.270962999999938 123
1732634716952 5.279843000000028 124
1732634727038 5.30656799999997 125
1732634737128 5.322430999999938 126
1732634747215 5.333362999999963 127
1732634757304 5.340832999999975 128
1732634767368 5.352395999999999 129
1732634777440 5.360173000000032 130
1732634787518 5.378151000000003 131
1732634797610 5.443410999999969 132
1732634807690 5.4525409999999965 133
1732634817824 5.4681659999999965 134
1732634827905 5.47638900000004 135
1732634837984 5.493505000000027 136
1732634848085 5.516414999999938 137
1732634858175 5.525127999999995 138
1732634868257 5.535963000000038 139
1732634878340 5.54364099999998 140
1732634888446 5.554211000000009 141
1732634898533 5.579917000000023 142
1732634908634 5.599165999999968 143
1732634918712 5.607342000000017 144
1732634928797 5.628035999999952 145
1732634938877 5.65814499999999 146
1732634948971 5.666870000000017 147
1732634959061 5.674135999999976 148
1732634969152 5.717907999999966 149
1732634979229 5.72659699999997 150
1732634989334 5.736090999999988 151
1732634999426 5.760639999999967 152
1732635009533 5.770844000000011 153
1732635019620 5.778589000000011 154
1732635029708 5.798617000000036 155
1732635039796 5.805767999999944 156
1732635049891 5.867539999999963 157
1732635059985 5.876566000000025 158
1732635070043 5.8846790000000055 159
1732635080120 5.914870999999948 160
1732635090218 5.942855000000009 161
1732635100319 6.007678999999939 162
1732635110402 6.040451999999959 163
1732635120493 6.048316 164
1732635130580 6.066817000000015 165
1732635140693 6.0747729999999365 166
1732635150778 6.093184999999949 167
1732635160864 6.10163799999998 168
1732635170965 6.111440000000016 169
1732635181071 6.118470000000002 170
1732635191129 6.1266429999999445 171
1732635201212 6.144672000000014 172
1732635211292 6.174189999999953 173
1732635221399 6.181153999999992 174
1732635231498 6.205243999999993 175
1732635241581 6.213027000000011 176
1732635251685 6.223263999999972 177
1732635261782 6.2432739999999285 178
1732635271878 6.2612309999999525 179
1732635281979 6.278995000000009 180
1732635292075 6.288190999999983 181
1732635302171 6.294584999999984 182
1732635312268 6.303428999999937 183
1732635322352 6.311362000000031 184
1732635332466 6.337595999999962 185
1732635342556 6.345348999999942 186
1732635352659 6.3557630000000245 187
1732635362743 6.372172999999975 188
1732635372838 6.38316599999996 189
1732635382943 6.399655999999936 190
1732635393034 6.418164999999931 191
1732635403141 6.4823880000000145 192
1732635413240 6.491971000000035 193
1732635423322 6.499701999999957 194
1732635433423 6.523631000000023 195
1732635443504 6.554113000000029 196
1732635453601 6.571803999999929 197
1732635463717 6.579630999999949 198
1732635473826 6.589863000000037 199
1732635483934 6.597513999999933 200
1732635494035 6.608113000000003 201
1732635504127 6.627431999999999 202
1732635514245 6.643460000000005 203
1732635524333 6.651209999999992 204
1732635534419 6.680238000000031 205
1732635544506 6.687942000000021 206
1732635554600 6.69687399999998 207
1732635564694 6.733921000000009 208
1732635574798 6.743772000000035 209
1732635584909 6.75196399999993 210
1732635595015 6.771163000000001 211
1732635605118 6.778427999999963 212
1732635615217 6.789266999999995 213
1732635625316 6.808662000000027 214
1732635635432 6.81564400000002 215
1732635645545 6.825454000000036 216
1732635655649 6.833940999999982 217
1732635665738 6.849830999999995 218
1732635675848 6.858294999999998 219
1732635685937 6.886393999999996 220
1732635696048 6.89391599999999 221
1732635706134 6.9624639999999545 222
1732635716246 6.97019899999998 223
1732635726344 6.976888000000031 224
1732635736443 6.987707 225
1732635746542 7.015020999999933 226
1732635756645 7.023793999999953 227
1732635766738 7.033615999999938 228
1732635776846 7.040755999999988 229
1732635786931 7.049272999999971 230
1732635797035 7.057709999999929 231
1732635807138 7.085194999999999 232
1732635817242 7.0929760000000215 233
1732635827330 7.1132539999999835 234
1732635837451 7.139620000000036 235
1732635847540 7.151044999999954 236
1732635857642 7.158100999999988 237
1732635867743 7.175382000000013 238
1732635877848 7.183670000000006 239
1732635887951 7.194203000000016 240
1732635898055 7.210251999999969 241
1732635908175 7.2168759999999565 242
1732635918259 7.225265000000036 243
1732635928370 7.252518000000009 244
1732635938483 7.259678000000008 245
1732635948599 7.2710120000000416 246
1732635958692 7.278385999999955 247
1732635968797 7.289871999999946 248
1732635978858 7.305543999999941 249
1732635988977 7.323443999999995 250
1732635999082 7.387509000000023 251
1732636009181 7.397290999999996 252
1732636019289 7.405195999999933 253
1732636029393 7.413364000000001 254
1732636039499 7.4301020000000335 255
1732636049600 7.457803000000013 256
1732636059702 7.4910919999999805 257
1732636069810 7.501220999999987 258
1732636079913 7.508933999999954 259
1732636090010 7.520326999999952 260
1732636100094 7.528413999999998 261
1732636110208 7.546461000000022 262
1732636120278 7.553863999999976 263
1732636130388 7.58624599999996 264
1732636140487 7.603185999999937 265
1732636150600 7.610647999999969 266
1732636160719 7.619293999999968 267
1732636170837 7.6740089999999554 268
1732636180948 7.682589000000007 269
1732636191053 7.69241599999998 270
1732636201163 7.701474999999959 271
1732636211270 7.7204439999999295 272
1732636221392 7.728712999999971 273
1732636231501 7.747528999999986 274
1732636241611 7.7559629999999515 275
1732636251728 7.764206999999942 276
1732636261847 7.772456000000034 277
1732636271941 7.780291000000034 278
1732636282048 7.788452000000007 279
1732636292166 7.823721999999975 280
1732636302285 7.888283999999999 281
1732636312393 7.9013009999999895 282
1732636322505 7.908614999999941 283
1732636332606 7.921742999999992 284
1732636342726 7.930133999999953 285
1732636352828 7.948226999999974 286
1732636362932 7.970191 287
1732636373035 7.990507999999977 288
1732636383140 7.9996099999999615 289
1732636393274 8.006239999999934 290
1732636403384 8.022199999999998 291
1732636413497 8.049440000000004 292
1732636423604 8.05635899999993 293
1732636433709 8.087109999999939 294
1732636443813 8.107868999999937 295
1732636453924 8.118624999999952 296
1732636464020 8.127408999999943 297
1732636474130 8.145036000000005 298
1732636484249 8.154096999999979 299
1732636494355 8.163140999999996 300
1732636504458 8.17086699999993 301
1732636514572 8.177851000000032 302
1732636524700 8.214670999999953 303
1732636534813 8.221512999999959 304
1732636544931 8.229837999999972 305
1732636555041 8.240170000000035 306
1732636565144 8.247299999999996 307
1732636575257 8.261784000000034 308
1732636585370 8.281405999999947 309
1732636595478 8.297320000000013 310
1732636605584 8.363683000000037 311
1732636615701 8.37159399999996 312
1732636625794 8.379233 313
1732636635908 8.38755100000003 314
1732636645996 8.419338000000039 315
1732636656109 8.427390999999943 316
1732636666218 8.438582999999994 317
1732636676313 8.45499099999995 318
1732636686401 8.463371999999936 319
1732636696510 8.47427700000003 320
1732636706609 8.492524000000003 321
1732636716741 8.500540999999998 322
1732636726859 8.50924299999997 323
1732636736976 8.545481999999993 324
1732636747088 8.55504099999996 325
1732636757211 8.571131000000037 326
1732636767339 8.597248000000036 327
1732636777442 8.606094999999982 328
1732636787571 8.616372999999953 329
1732636797690 8.625724999999989 330
1732636807762 8.636623999999983 331
1732636817866 8.64494400000001 332
1732636827937 8.672496000000024 333
1732636838043 8.679597999999942 334
1732636848160 8.688065999999935 335
1732636858255 8.696129000000042 336
1732636868361 8.702872999999954 337
1732636878473 8.731795000000034 338
1732636888590 8.771908999999937 339
1732636898700 8.779300000000035 340
1732636908804 8.86020899999994 341
1732636918918 8.87025099999994 342
1732636929005 8.881982999999991 343
1732636939104 8.890508999999952 344
1732636949224 8.909041000000002 345
1732636959358 8.916936999999962 346
1732636969504 8.926513 347
1732636979618 8.942675000000008 348
1732636989729 8.953494999999975 349
1732636999864 8.962489000000005 350
1732637009987 8.981622000000016 351
1732637020090 8.990103999999974 352
1732637030221 9.01099499999998 353
1732637040341 9.027712999999949 354
1732637050459 9.039834000000042 355
1732637060581 9.056871000000001 356
1732637070691 9.064395999999988 357
1732637080817 9.072929999999928 358
1732637090930 9.082955999999967 359
1732637101057 9.090889999999945 360
1732637111175 9.099291999999991 361
1732637121289 9.106567000000041 362
1732637131413 9.114197999999988 363
1732637141534 9.130942000000005 364
1732637151658 9.13878699999998 365
1732637161774 9.147378000000003 366
1732637171880 9.154724999999985 367
1732637181968 9.161958000000027 368
1732637192098 9.17016000000001 369
1732637202216 9.235438999999928 370
1732637212336 9.252565000000004 371
1732637222461 9.260428999999931 372
1732637232584 9.269105999999965 373
1732637242700 9.277371000000016 374
1732637252809 9.285354999999981 375
1732637262952 9.293541000000005 376
1732637273056 9.301897999999937 377
1732637283166 9.30856099999994 378
1732637293280 9.32519400000001 379
1732637303389 9.333658000000014 380
1732637313509 9.34193300000004 381
1732637323598 9.350543000000016 382
1732637333692 9.380052999999975 383
1732637343814 9.387711999999965 384
1732637353932 9.39676899999995 385
1732637364056 9.403765000000021 386
1732637374152 9.42042600000002 387
1732637384265 9.428919999999948 388
1732637394406 9.436636000000021 389
1732637404542 9.444339000000014 390
1732637414648 9.453273999999965 391
1732637424779 9.461697999999956 392
1732637434892 9.46899099999996 393
1732637445003 9.498423000000003 394
1732637455140 9.51750800000002 395
1732637465248 9.527344999999968 396
1732637475378 9.535225999999966 397
1732637485502 9.548558999999955 398
1732637495630 9.557106999999974 399
1732637505744 9.62248999999997 400
1732637515853 9.629877999999962 401
1732637525987 9.64780799999994 402
1732637536103 9.655774999999949 403
1732637546228 9.663795999999934 404
1732637556349 9.672101999999995 405
1732637566467 9.681884999999966 406
1732637576607 9.690778000000023 407
1732637586685 9.698204000000032 408
1732637596793 9.704687000000035 409
1732637606922 9.722707000000014 410
1732637617047 9.730281999999988 411
1732637627180 9.737897999999973 412
1732637637303 9.77678800000001 413
1732637647421 9.79010900000003 414
1732637657548 9.796861000000035 415
1732637667671 9.805117999999993 416
1732637677785 9.820861000000036 417
1732637687926 9.831534000000033 418
1732637698063 9.839199000000008 419
1732637708178 9.846862999999985 420
1732637718315 9.854204999999979 421
1732637728449 9.861257000000023 422
1732637738572 9.871441000000004 423
1732637748702 9.879910999999993 424
1732637758840 9.897920999999997 425
1732637768959 9.906843999999978 426
1732637779078 9.915280999999936 427
1732637789209 9.922064999999975 428
1732637799331 9.929300000000012 429
1732637809448 9.99654099999998 430
1732637819543 10.003325000000018 431
1732637829670 10.011213999999995 432
1732637839784 10.027401999999938 433
1732637849902 10.036252999999988 434
1732637860026 10.058868999999959 435
1732637870157 10.09726999999998 436
