1732633465660 0.0003459999999932961 0
1732633475716 0.02301599999999837 1
1732633485782 0.03436099999998987 2
1732633495826 0.046343999999990615 3
1732633505889 0.057825999999991495 4
1732633515936 0.06582999999999117 5
1732633526005 0.08635699999999247 6
1732633536074 0.09286699999999826 7
1732633546133 0.10641599999999585 8
1732633556194 0.11317799999999067 9
1732633566263 0.12605699999998876 10
1732633576335 0.14422199999999918 11
1732633586409 0.15999799999998743 12
1732633596468 0.1720629999999943 13
1732633606520 0.18355499999999836 14
1732633616567 0.19089299999998843 15
1732633626629 0.19818300000000022 16
1732633636705 0.2156049999999965 17
1732633646786 0.26304599999998857 18
1732633656860 0.27450699999999983 19
1732633666935 0.36127299999999707 20
1732633677011 0.36795899999999904 21
1732633687088 0.3750309999999928 22
1732633697152 0.38777499999999065 23
1732633707225 0.4061319999999995 24
1732633717291 0.41415800000000047 25
1732633727361 0.4440039999999925 26
1732633737459 0.45105999999999824 27
1732633747540 0.45757399999999393 28
1732633757608 0.4647539999999992 29
1732633767681 0.5310559999999924 30
1732633777760 0.5391899999999907 31
1732633787828 0.5522220000000004 32
1732633797904 0.5584619999999916 33
1732633807986 0.5749899999999997 34
1732633818059 0.5826119999999975 35
1732633828130 0.6009559999999965 36
1732633838215 0.6081319999999977 37
1732633848292 0.6189879999999874 38
1732633858346 0.6256519999999881 39
1732633868425 0.6343859999999921 40
1732633878492 0.6414959999999894 41
1732633888575 0.6752219999999909 42
1732633898659 0.689399999999992 43
1732633909255 0.7011449999999968 44
1732633919327 0.7082649999999973 45
1732633929390 0.7202389999999923 46
1732633939463 0.7269349999999974 47
1732633949546 0.7455199999999991 48
1732633959617 0.7575459999999907 49
1732633970329 0.7685439999999915 50
1732633980408 0.7759319999999974 51
1732633990474 0.7828679999999935 52
1732634000552 0.7905119999999926 53
1732634010638 0.8200769999999977 54
1732634020699 0.8272689999999869 55
1732634030766 0.8545400000000001 56
1732634040834 0.865951999999993 57
1732634050914 0.8780560000000008 58
1732634060974 0.8854709999999955 59
1732634071071 0.9026829999999961 60
1732634081135 0.909442999999996 61
1732634091232 0.9212649999999911 62
1732634101310 0.9279989999999998 63
1732634111393 0.9346989999999948 64
1732634121472 0.9473579999999941 65
1732634131533 0.9757749999999987 66
1732634141608 0.9832289999999944 67
1732634151691 0.995601999999991 68
1732634161774 1.0020600000000002 69
1732634171860 1.014768999999987 70
1732634181942 1.0214819999999918 71
1732634192022 1.0442659999999933 72
1732634202108 1.065185999999997 73
1732634212188 1.0752299999999906 74
1732634222268 1.0817819999999898 75
1732634232352 1.097213999999994 76
1732634242448 1.1037119999999874 77
1732634252515 1.1286799999999886 78
1732634262584 1.1355859999999893 79
1732634272670 1.152231999999998 80
1732634282756 1.1607879999999966 81
1732634292833 1.172401999999991 82
1732634302922 1.1789739999999966 83
1732634313006 1.1966079999999977 84
1732634323092 1.2043819999999954 85
1732634333174 1.2279009999999886 86
1732634343241 1.2354909999999961 87
1732634353308 1.247005999999999 88
1732634363371 1.2662929999999903 89
1732634373463 1.284317999999999 90
1732634383544 1.2911399999999986 91
1732634393633 1.3038669999999968 92
1732634403731 1.3125249999999937 93
1732634413807 1.3239499999999964 94
1732634423892 1.336987999999991 95
1732634433982 1.3644039999999933 96
1732634444637 1.3724739999999969 97
1732634454711 1.3818279999999987 98
1732634464788 1.3882879999999886 99
1732634474883 1.3949719999999957 100
1732634484976 1.4247029999999938 101
1732634495069 1.4308429999999959 102
1732634505148 1.448305999999988 103
1732634515235 1.461359999999999 104
1732634525321 1.4677099999999967 105
1732634535400 1.4817589999999967 106
1732634545497 1.4992239999999981 107
1732634555575 1.5062409999999886 108
1732634565673 1.5159649999999942 109
1732634575752 1.5286509999999964 110
1732634585846 1.5395699999999977 111
1732634595935 1.5470479999999895 112
1732634606021 1.577221999999992 113
1732634616113 1.5836599999999947 114
1732634626201 1.6037639999999982 115
1732634636303 1.6173419999999936 116
1732634646383 1.6235639999999876 117
1732634656472 1.6418059999999883 118
1732634666547 1.6642209999999977 119
1732634676626 1.670766999999998 120
1732634686719 1.6824089999999927 121
1732634696812 1.6897109999999884 122
1732634706885 1.6968009999999936 123
1732634716952 1.7054669999999987 124
1732634727038 1.7340859999999907 125
1732634737128 1.7455049999999943 126
1732634747215 1.758066999999997 127
1732634757304 1.765283999999994 128
1732634767368 1.7784009999999881 129
1732634777440 1.7854229999999944 130
1732634787518 1.8032019999999989 131
1732634797610 1.8179879999999997 132
1732634807690 1.828243999999998 133
1732634817824 1.8390999999999877 134
1732634827905 1.847108999999989 135
1732634837984 1.8624679999999927 136
1732634848085 1.8871849999999881 137
1732634858175 1.895696000000001 138
1732634868257 1.9091959999999943 139
1732634878340 1.9166609999999906 140
1732634888446 1.9288039999999995 141
1732634898533 1.9466599999999943 142
1732634908634 1.9656329999999969 143
1732634918712 1.974039999999988 144
1732634928797 1.9947769999999991 145
1732634938877 2.0139919999999876 146
1732634948971 2.02252 147
1732634959061 2.029392999999999 148
1732634969152 2.0703339999999884 149
1732634979229 2.078600999999992 150
1732634989334 2.089630999999997 151
1732634999426 2.106049999999996 152
1732635009533 2.1178059999999874 153
1732635019620 2.1253909999999934 154
1732635029708 2.1443089999999927 155
1732635039796 2.150846999999999 156
1732635049891 2.2081909999999993 157
1732635059985 2.215733 158
1732635070043 2.2232609999999937 159
1732635080120 2.2389229999999998 160
1732635090218 2.268554999999992 161
1732635100319 2.282595999999998 162
1732635110402 2.3073399999999964 163
1732635120493 2.3147989999999936 164
1732635130580 2.331226000000001 165
1732635140693 2.3389099999999985 166
1732635150778 2.3569239999999922 167
1732635160864 2.365079999999992 168
1732635170965 2.3760639999999995 169
1732635181071 2.382805999999988 170
1732635191129 2.3905889999999914 171
1732635201212 2.4034739999999886 172
1732635211292 2.434556999999998 173
1732635221399 2.4411989999999975 174
1732635231498 2.464870999999988 175
1732635241581 2.4722679999999997 176
1732635251685 2.484173999999996 177
1732635261782 2.4960430000000002 178
1732635271878 2.513805999999988 179
1732635281979 2.52709999999999 180
1732635292075 2.5376199999999898 181
1732635302171 2.543859999999995 182
1732635312268 2.552509999999998 183
1732635322352 2.560157999999987 184
1732635332466 2.5896789999999896 185
1732635342556 2.5970650000000006 186
1732635352659 2.610287999999997 187
1732635362743 2.6221919999999983 188
1732635372838 2.6348199999999906 189
1732635382943 2.6468659999999886 190
1732635393034 2.664439999999999 191
1732635403141 2.6782949999999914 192
1732635413240 2.6897809999999964 193
1732635423322 2.697269999999989 194
1732635433423 2.716303999999994 195
1732635443504 2.744530999999995 196
1732635453601 2.7619100000000003 197
1732635463717 2.769486999999998 198
1732635473826 2.782529999999994 199
1732635483934 2.789989999999989 200
1732635494035 2.802261999999999 201
1732635504127 2.8213469999999887 202
1732635514245 2.8330819999999903 203
1732635524333 2.841305999999989 204
1732635534419 2.865163999999993 205
1732635544506 2.872614999999996 206
1732635554600 2.8791809999999884 207
1732635564694 2.9242519999999956 208
1732635574798 2.9389129999999994 209
1732635584909 2.9469220000000007 210
1732635595015 2.963932 211
1732635605118 2.9710429999999945 212
1732635615217 2.983465999999993 213
1732635625316 3.0024449999999945 214
1732635635432 3.0090489999999903 215
1732635645545 3.0187509999999946 216
1732635655649 3.0272219999999948 217
1732635665738 3.0379349999999903 218
1732635675848 3.045811999999998 219
1732635685937 3.07585499999999 220
1732635696048 3.083035999999993 221
1732635706134 3.1024689999999993 222
1732635716246 3.1099899999999963 223
1732635726344 3.1164819999999906 224
1732635736443 3.128869999999992 225
1732635746542 3.1512619999999885 226
1732635756645 3.1591009999999926 227
1732635766738 3.1697289999999896 228
1732635776846 3.176635999999988 229
1732635786931 3.1846149999999938 230
1732635797035 3.1922739999999976 231
1732635807138 3.2216199999999873 232
1732635817242 3.22919499999999 233
1732635827330 3.246888999999996 234
1732635837451 3.267350999999991 235
1732635847540 3.28031 236
1732635857642 3.2870319999999964 237
1732635867743 3.3040539999999936 238
1732635877848 3.3121249999999947 239
1732635887951 3.3238219999999927 240
1732635898055 3.335731999999993 241
1732635908175 3.3421419999999955 242
1732635918259 3.349630999999988 243
1732635928370 3.3790969999999874 244
1732635938483 3.385922999999991 245
1732635948599 3.398627999999988 246
1732635958692 3.405559999999994 247
1732635968797 3.4185820000000007 248
1732635978858 3.4299639999999982 249
1732635988977 3.4475279999999913 250
1732635999082 3.461209999999994 251
1732636009181 3.4721249999999912 252
1732636019289 3.4797559999999947 253
1732636029393 3.487626999999989 254
1732636039499 3.503809999999987 255
1732636049600 3.533209999999997 256
1732636059702 3.5556489999999883 257
1732636069810 3.568624 258
1732636079913 3.576012999999989 259
1732636090010 3.5891189999999966 260
1732636100094 3.597133999999997 261
1732636110208 3.6148449999999883 262
1732636120278 3.621959999999987 263
1732636130388 3.6496509999999915 264
1732636140487 3.6633119999999906 265
1732636150600 3.6705169999999896 266
1732636160719 3.6782559999999904 267
1732636170837 3.7235749999999967 268
1732636180948 3.7312009999999987 269
1732636191053 3.7428019999999975 270
1732636201163 3.7513979999999947 271
1732636211270 3.767696000000001 272
1732636221392 3.775829999999999 273
1732636231501 3.7943779999999947 274
1732636241611 3.802074999999988 275
1732636251728 3.811762999999999 276
1732636261847 3.8196379999999976 277
1732636271941 3.8270239999999944 278
1732636282048 3.8349739999999883 279
1732636292166 3.8687009999999873 280
1732636302285 3.8825199999999995 281
1732636312393 3.895619999999994 282
1732636322505 3.902881999999991 283
1732636332606 3.917250999999993 284
1732636342726 3.9256449999999887 285
1732636352828 3.943401999999992 286
1732636362932 3.960930999999988 287
1732636373035 3.9757729999999896 288
1732636383140 3.984273999999999 289
1732636393274 3.9907499999999914 290
1732636403384 4.011878999999993 291
1732636413497 4.0342939999999885 292
1732636423604 4.04088999999999 293
1732636433709 4.067751999999999 294
1732636443813 4.0828929999999986 295
1732636453924 4.09499799999999 296
1732636464020 4.103690999999998 297
1732636474130 4.12122699999999 298
1732636484249 4.130621999999988 299
1732636494355 4.13997599999999 300
1732636504458 4.147627 301
1732636514572 4.153694999999999 302
1732636524700 4.1898339999999905 303
1732636534813 4.19635199999999 304
1732636544931 4.2044409999999885 305
1732636555041 4.216131999999988 306
1732636565144 4.222988000000001 307
1732636575257 4.236657999999991 308
1732636585370 4.254694000000001 309
1732636595478 4.266013999999998 310
1732636605584 4.2835759999999965 311
1732636615701 4.291274999999999 312
1732636625794 4.298779999999994 313
1732636635908 4.307002999999995 314
1732636645996 4.340395000000001 315
1732636656109 4.3480539999999905 316
1732636666218 4.360812999999993 317
1732636676313 4.3729569999999995 318
1732636686401 4.38100399999999 319
1732636696510 4.393237999999997 320
1732636706609 4.411122999999989 321
1732636716741 4.4188410000000005 322
1732636726859 4.428894999999997 323
1732636736976 4.453520999999995 324
1732636747088 4.464641 325
1732636757211 4.474643999999998 326
1732636767339 4.503137999999993 327
1732636777442 4.511812999999989 328
1732636787571 4.523469999999989 329
1732636797690 4.532798999999997 330
1732636807762 4.545192 331
1732636817866 4.552851999999987 332
1732636827937 4.576032999999995 333
1732636838043 4.582960999999997 334
1732636848160 4.59326999999999 335
1732636858255 4.600823999999989 336
1732636868361 4.607317999999992 337
1732636878473 4.622614999999996 338
1732636888590 4.659821999999991 339
1732636898700 4.66699899999999 340
1732636908804 4.690597999999994 341
1732636918918 4.700780999999992 342
1732636929005 4.714407999999992 343
1732636939104 4.722646999999995 344
1732636949224 4.740829999999988 345
1732636959358 4.748408999999995 346
1732636969504 4.759464999999992 347
1732636979618 4.770649999999989 348
1732636989729 4.781189999999995 349
1732636999864 4.790029999999987 350
1732637009987 4.810929999999999 351
1732637020090 4.818816999999996 352
1732637030221 4.840198000000001 353
1732637040341 4.853589999999997 354
1732637050459 4.8664249999999925 355
1732637060581 4.8782700000000006 356
1732637070691 4.885450999999989 357
1732637080817 4.893135000000001 358
1732637090930 4.904343999999995 359
1732637101057 4.911513999999997 360
1732637111175 4.919035999999991 361
1732637121289 4.926226 362
1732637131413 4.93341199999999 363
1732637141534 4.945522999999994 364
1732637151658 4.952074999999994 365
1732637161774 4.96026599999999 366
1732637171880 4.967446999999993 367
1732637181968 4.974562999999989 368
1732637192098 4.982385999999991 369
1732637202216 4.996748999999994 370
1732637212336 5.0115089999999896 371
1732637222461 5.018930999999995 372
1732637232584 5.0264179999999925 373
1732637242700 5.034053 374
1732637252809 5.041496999999993 375
1732637262952 5.049371999999991 376
1732637273056 5.057182999999995 377
1732637283166 5.063554999999994 378
1732637293280 5.075915999999992 379
1732637303389 5.084322 380
1732637313509 5.092577999999989 381
1732637323598 5.101135999999997 382
1732637333692 5.1260269999999934 383
1732637343814 5.133574999999993 384
1732637353932 5.14181099999999 385
1732637364056 5.148263 386
1732637374152 5.160821999999996 387
1732637384265 5.168955999999994 388
1732637394406 5.176357999999993 389
1732637404542 5.183365999999992 390
1732637414648 5.191661999999994 391
1732637424779 5.19914 392
1732637434892 5.206255999999996 393
1732637445003 5.2245459999999895 394
1732637455140 5.240172999999999 395
1732637465248 5.24895699999999 396
1732637475378 5.256166999999991 397
1732637485502 5.2685109999999895 398
1732637495630 5.276691 399
1732637505744 5.291008999999988 400
1732637515853 5.298203000000001 401
1732637525987 5.310933999999989 402
1732637536103 5.318337999999997 403
1732637546228 5.326070999999999 404
1732637556349 5.334122999999991 405
1732637566467 5.345338999999996 406
1732637576607 5.353279000000001 407
1732637586685 5.360540999999998 408
1732637596793 5.366828999999996 409
1732637606922 5.380375000000001 410
1732637617047 5.3873709999999875 411
1732637627180 5.394832999999991 412
1732637637303 5.41757299999999 413
1732637647421 5.425202999999996 414
1732637657548 5.4314389999999975 415
1732637667671 5.439153999999988 416
1732637677785 5.450569999999999 417
1732637687926 5.462168999999989 418
1732637698063 5.46973899999999 419
1732637708178 5.477122999999992 420
1732637718315 5.484118999999993 421
1732637728449 5.490971999999999 422
1732637738572 5.499559999999988 423
1732637748702 5.507815999999991 424
1732637758840 5.520612 425
1732637768959 5.528633999999997 426
1732637779078 5.536775999999989 427
1732637789209 5.543280999999993 428
1732637799331 5.550440999999992 429
1732637809448 5.568701999999988 430
1732637819543 5.575471999999991 431
1732637829670 5.582613999999992 432
1732637839784 5.594926999999998 433
1732637849902 5.603493 434
1732637860026 5.624079999999992 435
1732637870157 5.652124999999998 436
