1732633465660 24.4 0
1732633475716 57.0 1
1732633485782 62.8 2
1732633495826 69.2 3
1732633505889 75.0 4
1732633515936 91.9 5
1732633526005 75.4 6
1732633536074 53.3 7
1732633546133 55.0 8
1732633556194 60.9 9
1732633566263 61.6 10
1732633576335 66.5 11
1732633586409 70.4 12
1732633596468 73.9 13
1732633606520 52.3 14
1732633616567 57.0 15
1732633626629 58.0 16
1732633636705 64.4 17
1732633646786 68.4 18
1732633656860 71.9 19
1732633666935 75.5 20
1732633677011 54.3 21
1732633687088 57.8 22
1732633697152 63.1 23
1732633707225 66.9 24
1732633717291 70.4 25
1732633727361 89.3 26
1732633737459 48.9 27
1732633747540 54.3 28
1732633757608 59.7 29
1732633767681 62.6 30
1732633777760 65.2 31
1732633787828 69.6 32
1732633797904 74.5 33
1732633807986 52.5 34
1732633818059 59.0 35
1732633828130 59.1 36
1732633838215 66.1 37
1732633848292 69.7 38
1732633858346 73.9 39
1732633868425 53.8 40
1732633878492 55.5 41
1732633888575 58.3 42
1732633898659 63.0 43
1732633909255 66.9 44
1732633919327 73.0 45
1732633929390 51.7 46
1732633939463 57.6 47
1732633949546 60.5 48
1732633959617 63.4 49
1732633970329 69.8 50
1732633980408 72.4 51
1732633990474 51.3 52
1732634000552 52.5 53
1732634010638 61.5 54
1732634020699 67.7 55
1732634030766 68.9 56
1732634040834 75.3 57
1732634050914 52.3 58
1732634060974 55.3 59
1732634071071 60.8 60
1732634081135 65.9 61
1732634091232 69.9 62
1732634101310 74.7 63
1732634111393 53.2 64
1732634121472 57.6 65
1732634131533 67.0 66
1732634141608 72.6 67
1732634151691 74.2 68
1732634161774 50.0 69
1732634171860 50.4 70
1732634181942 59.8 71
1732634192022 59.1 72
1732634202108 66.3 73
1732634212188 75.1 74
1732634222268 51.6 75
1732634232352 57.7 76
1732634242448 63.5 77
1732634252515 69.5 78
1732634262584 75.1 79
1732634272670 54.1 80
1732634282756 54.6 81
1732634292833 62.3 82
1732634302922 68.4 83
1732634313006 74.5 84
1732634323092 52.7 85
1732634333174 59.1 86
1732634343241 65.5 87
1732634353308 82.1 88
1732634363371 50.0 89
1732634373463 54.5 90
1732634383544 60.7 91
1732634393633 67.0 92
1732634403731 71.5 93
1732634413807 74.3 94
1732634423892 54.5 95
1732634433982 59.3 96
1732634444637 65.6 97
1732634454711 72.3 98
1732634464788 50.7 99
1732634474883 57.3 100
1732634484976 60.3 101
1732634495069 65.9 102
1732634505148 72.3 103
1732634515235 50.7 104
1732634525321 53.9 105
1732634535400 58.3 106
1732634545497 62.0 107
1732634555575 65.3 108
1732634565673 71.1 109
1732634575752 49.3 110
1732634585846 55.2 111
1732634595935 61.4 112
1732634606021 67.9 113
1732634616113 71.3 114
1732634626201 51.3 115
1732634636303 55.3 116
1732634646383 61.2 117
1732634656472 69.5 118
1732634666547 70.1 119
1732634676626 74.4 120
1732634686719 51.4 121
1732634696812 55.2 122
1732634706885 61.2 123
1732634716952 64.1 124
1732634727038 67.6 125
1732634737128 72.6 126
1732634747215 51.6 127
1732634757304 50.4 128
1732634767368 55.3 129
1732634777440 60.5 130
1732634787518 66.4 131
1732634797610 68.1 132
1732634807690 71.2 133
1732634817824 49.0 134
1732634827905 52.6 135
1732634837984 55.6 136
1732634848085 59.3 137
1732634858175 57.9 138
1732634868257 62.4 139
1732634878340 66.5 140
1732634888446 74.1 141
1732634898533 51.0 142
1732634908634 55.0 143
1732634918712 56.5 144
1732634928797 62.0 145
1732634938877 66.6 146
1732634948971 68.5 147
1732634959061 74.7 148
1732634969152 49.6 149
1732634979229 54.7 150
1732634989334 58.6 151
1732634999426 59.3 152
1732635009533 65.2 153
1732635019620 67.6 154
1732635029708 71.1 155
1732635039796 74.8 156
1732635049891 53.9 157
1732635059985 55.3 158
1732635070043 58.0 159
1732635080120 62.0 160
1732635090218 65.2 161
1732635100319 68.0 162
1732635110402 74.9 163
1732635120493 52.2 164
1732635130580 55.1 165
1732635140693 58.2 166
1732635150778 62.3 167
1732635160864 66.0 168
1732635170965 70.0 169
1732635181071 75.6 170
1732635191129 52.3 171
1732635201212 55.0 172
1732635211292 60.2 173
1732635221399 61.0 174
1732635231498 71.0 175
1732635241581 68.0 176
1732635251685 74.7 177
1732635261782 51.6 178
1732635271878 57.4 179
1732635281979 57.3 180
1732635292075 58.0 181
1732635302171 63.7 182
1732635312268 66.2 183
1732635322352 68.0 184
1732635332466 70.7 185
1732635342556 73.3 186
1732635352659 53.6 187
1732635362743 57.3 188
1732635372838 60.2 189
1732635382943 66.1 190
1732635393034 72.2 191
1732635403141 50.6 192
1732635413240 56.3 193
1732635423322 58.1 194
1732635433423 62.0 195
1732635443504 70.0 196
1732635453601 69.2 197
1732635463717 73.0 198
1732635473826 51.3 199
1732635483934 57.9 200
1732635494035 61.5 201
1732635504127 63.5 202
1732635514245 69.3 203
1732635524333 76.5 204
1732635534419 52.0 205
1732635544506 55.7 206
1732635554600 62.3 207
1732635564694 67.8 208
1732635574798 69.2 209
1732635584909 72.1 210
1732635595015 73.9 211
1732635605118 57.6 212
1732635615217 55.8 213
1732635625316 58.6 214
1732635635432 62.8 215
1732635645545 68.9 216
1732635655649 73.6 217
1732635665738 51.4 218
1732635675848 55.2 219
1732635685937 64.4 220
1732635696048 63.7 221
1732635706134 65.9 222
1732635716246 69.6 223
1732635726344 73.6 224
1732635736443 51.7 225
1732635746542 56.5 226
1732635756645 57.4 227
1732635766738 64.6 228
1732635776846 68.2 229
1732635786931 76.2 230
1732635797035 93.8 231
1732635807138 52.0 232
1732635817242 55.4 233
1732635827330 56.7 234
1732635837451 65.4 235
1732635847540 69.3 236
1732635857642 75.1 237
1732635867743 53.8 238
1732635877848 57.5 239
1732635887951 60.6 240
1732635898055 68.0 241
1732635908175 70.3 242
1732635918259 94.1 243
1732635928370 51.6 244
1732635938483 57.5 245
1732635948599 60.6 246
1732635958692 66.2 247
1732635968797 69.0 248
1732635978858 71.8 249
1732635988977 74.0 250
1732635999082 52.5 251
1732636009181 56.2 252
1732636019289 59.6 253
1732636029393 61.9 254
1732636039499 64.4 255
1732636049600 68.1 256
1732636059702 76.3 257
1732636069810 52.4 258
1732636079913 56.8 259
1732636090010 61.1 260
1732636100094 64.0 261
1732636110208 69.6 262
1732636120278 86.6 263
1732636130388 50.7 264
1732636140487 56.1 265
1732636150600 58.2 266
1732636160719 61.0 267
1732636170837 66.1 268
1732636180948 71.3 269
1732636191053 76.4 270
1732636201163 53.6 271
1732636211270 56.0 272
1732636221392 57.7 273
1732636231501 63.1 274
1732636241611 66.4 275
1732636251728 70.3 276
1732636261847 73.2 277
1732636271941 51.8 278
1732636282048 48.8 279
1732636292166 57.7 280
1732636302285 60.3 281
1732636312393 63.0 282
1732636322505 66.8 283
1732636332606 71.1 284
1732636342726 74.4 285
1732636352828 52.2 286
1732636362932 56.7 287
1732636373035 54.3 288
1732636383140 61.5 289
1732636393274 64.9 290
1732636403384 69.7 291
1732636413497 73.6 292
1732636423604 74.4 293
1732636433709 55.0 294
1732636443813 54.1 295
1732636453924 64.8 296
1732636464020 66.3 297
1732636474130 68.5 298
1732636484249 66.0 299
1732636494355 74.7 300
1732636504458 53.1 301
1732636514572 57.4 302
1732636524700 60.0 303
1732636534813 62.9 304
1732636544931 74.1 305
1732636555041 73.6 306
1732636565144 52.3 307
1732636575257 52.3 308
1732636585370 56.4 309
1732636595478 60.5 310
1732636605584 64.1 311
1732636615701 67.5 312
1732636625794 71.1 313
1732636635908 73.7 314
1732636645996 77.8 315
1732636656109 57.1 316
1732636666218 58.6 317
1732636676313 63.8 318
1732636686401 65.3 319
1732636696510 69.9 320
1732636706609 72.7 321
1732636716741 74.4 322
1732636726859 56.4 323
1732636736976 60.7 324
1732636747088 64.0 325
1732636757211 66.9 326
1732636767339 70.5 327
1732636777442 73.0 328
1732636787571 77.3 329
1732636797690 55.7 330
1732636807762 59.6 331
1732636817866 65.0 332
1732636827937 65.2 333
1732636838043 70.0 334
1732636848160 73.8 335
1732636858255 75.1 336
1732636868361 55.3 337
1732636878473 62.6 338
1732636888590 62.5 339
1732636898700 66.5 340
1732636908804 70.1 341
1732636918918 78.6 342
1732636929005 52.2 343
1732636939104 54.6 344
1732636949224 58.9 345
1732636959358 65.7 346
1732636969504 69.3 347
1732636979618 73.5 348
1732636989729 76.9 349
1732636999864 54.6 350
1732637009987 57.0 351
1732637020090 60.8 352
1732637030221 60.6 353
1732637040341 69.4 354
1732637050459 78.7 355
1732637060581 76.8 356
1732637070691 52.8 357
1732637080817 58.7 358
1732637090930 61.8 359
1732637101057 64.3 360
1732637111175 69.6 361
1732637121289 72.5 362
1732637131413 77.2 363
1732637141534 56.2 364
1732637151658 59.6 365
1732637161774 61.3 366
1732637171880 59.1 367
1732637181968 67.7 368
1732637192098 72.2 369
1732637202216 86.2 370
1732637212336 51.8 371
1732637222461 55.4 372
1732637232584 58.5 373
1732637242700 62.5 374
1732637252809 70.0 375
1732637262952 70.0 376
1732637273056 72.9 377
1732637283166 74.7 378
1732637293280 53.4 379
1732637303389 56.3 380
1732637313509 60.3 381
1732637323598 66.3 382
1732637333692 67.2 383
1732637343814 70.9 384
1732637353932 73.9 385
1732637364056 77.3 386
1732637374152 55.2 387
1732637384265 60.8 388
1732637394406 63.0 389
1732637404542 66.5 390
1732637414648 69.2 391
1732637424779 72.7 392
1732637434892 77.6 393
1732637445003 47.8 394
1732637455140 57.8 395
1732637465248 59.9 396
1732637475378 65.3 397
1732637485502 70.3 398
1732637495630 74.4 399
1732637505744 52.8 400
1732637515853 55.4 401
1732637525987 54.1 402
1732637536103 62.5 403
1732637546228 63.2 404
1732637556349 68.8 405
1732637566467 70.5 406
1732637576607 79.7 407
1732637586685 74.8 408
1732637596793 56.0 409
1732637606922 58.9 410
1732637617047 62.1 411
1732637627180 67.8 412
1732637637303 66.3 413
1732637647421 76.6 414
1732637657548 77.6 415
1732637667671 54.7 416
1732637677785 61.5 417
1732637687926 61.7 418
1732637698063 65.6 419
1732637708178 69.4 420
1732637718315 96.2 421
1732637728449 53.6 422
1732637738572 55.7 423
1732637748702 58.8 424
1732637758840 62.0 425
1732637768959 60.8 426
1732637779078 70.0 427
1732637789209 74.5 428
1732637799331 77.6 429
1732637809448 55.3 430
1732637819543 55.1 431
1732637829670 58.5 432
1732637839784 62.6 433
1732637849902 65.9 434
1732637860026 68.8 435
1732637870157 72.4 436
