1730998454533 141128.5 0
1730998464600 141128.4 1
1730998474650 141128.4 2
1730998484715 141128.4 3
1730998494768 141128.4 4
1730998504831 141128.4 5
1730998514891 141128.4 6
1730998524942 141128.4 7
1730998534993 141128.3 8
1730998545058 141128.3 9
1730998555113 141128.3 10
1730998565179 141128.3 11
1730998575247 141128.3 12
1730998585313 141128.3 13
1730998595385 141128.3 14
1730998605462 141128.3 15
1730998615525 141128.3 16
1730998625596 141128.2 17
1730998635676 141128.2 18
1730998645749 141128.3 19
1730998655819 141128.2 20
1730998665917 141128.2 21
1730998675994 141128.1 22
1730998686052 141128.1 23
1730998696127 141128.4 24
1730998706191 141128.3 25
1730998716252 141128.3 26
1730998726318 141128.3 27
1730998736385 141128.3 28
1730998746450 141128.3 29
1730998756503 141128.3 30
1730998766564 141128.3 31
1730998776622 141128.3 32
1730998786684 141128.3 33
1730998796734 141128.2 34
1730998806794 141128.2 35
1730998816853 141128.2 36
1730998826900 141128.2 37
1730998836968 141128.2 38
1730998847041 141128.2 39
1730998857105 141128.5 40
1730998867171 141128.4 41
1730998877229 141128.4 42
1730998887283 141128.4 43
1730998897351 141128.4 44
1730998907420 141128.4 45
1730998917480 141128.4 46
1730998927555 141128.4 47
1730998937636 141128.4 48
1730998947704 141128.4 49
1730998957791 141128.3 50
1730998967853 141128.3 51
1730998977943 141128.3 52
1730998988013 141128.3 53
1730998998089 141128.3 54
1730999008149 141128.3 55
1730999018210 141128.3 56
1730999028279 141128.2 57
1730999038357 141128.1 58
1730999048434 141127.9 59
1730999058490 141127.9 60
1730999068557 141127.8 61
1730999078612 141127.2 62
1730999088682 141126.8 63
1730999098747 141126.6 64
1730999108818 141126.6 65
1730999118890 141126.8 66
1730999128945 141126.6 67
1730999139008 141126.7 68
1730999149093 141126.7 69
1730999159170 141126.5 70
1730999169252 141126.6 71
1730999179317 141126.6 72
1730999189387 141126.6 73
1730999199457 141126.6 74
1730999209523 141126.5 75
1730999219601 141126.5 76
1730999229687 141126.5 77
1730999239753 141126.5 78
1730999249816 141126.5 79
1730999259876 141126.5 80
1730999269931 141126.5 81
1730999280006 141126.4 82
1730999290080 141126.4 83
1730999300165 141126.4 84
1730999310240 141126.4 85
1730999320328 141126.4 86
1730999330398 141126.4 87
1730999340480 141126.4 88
1730999350566 141126.3 89
1730999360649 141126.3 90
1730999370736 141126.3 91
1730999380810 141126.3 92
1730999390878 141126.3 93
1730999400965 141126.3 94
1730999411056 141126.3 95
1730999421126 141126.3 96
1730999431212 141126.3 97
1730999441285 141126.2 98
1730999451378 141126.2 99
1730999461451 141126.2 100
1730999471541 141126.2 101
1730999481625 141126.2 102
1730999491699 141126.2 103
1730999501787 141126.2 104
1730999511871 141126.1 105
1730999521931 141126.1 106
1730999531999 141126.1 107
1730999542081 141126.1 108
1730999552151 141126.1 109
1730999562235 141126.1 110
1730999572320 141126.1 111
1730999582390 141126.1 112
1730999592456 141126.0 113
1730999602538 141126.0 114
1730999612621 141126.0 115
1730999622700 141126.0 116
1730999632789 141126.0 117
1730999642868 141126.0 118
1730999652955 141126.0 119
1730999663043 141126.0 120
1730999673130 141126.0 121
1730999683220 141125.9 122
1730999693301 141125.9 123
1730999703388 141125.9 124
1730999713463 141125.9 125
1730999723551 141125.9 126
1730999733639 141125.9 127
1730999743723 141125.9 128
1730999753805 141125.9 129
1730999763888 141125.8 130
1730999773953 141125.8 131
1730999784042 141125.8 132
1730999794101 141125.8 133
1730999804190 141125.8 134
1730999814283 141125.8 135
1730999824355 141125.8 136
1730999834437 141125.8 137
1730999844520 141125.5 138
1730999854586 141125.5 139
1730999864678 141125.5 140
1730999874767 141125.5 141
1730999884850 141125.5 142
1730999894930 141125.5 143
1730999905022 141125.5 144
1730999915085 141125.4 145
1730999925166 141125.4 146
1730999935244 141122.2 147
1730999945690 141122.3 148
1730999955771 141122.2 149
1730999965848 141122.2 150
1730999975935 141122.1 151
1730999986015 141122.1 152
1730999996122 141122.1 153
1731000006204 141122.1 154
1731000016283 141122.1 155
1731000026391 141113.7 156
1731000036489 141113.7 157
1731000046585 141113.7 158
1731000056676 141113.6 159
1731000066748 141113.6 160
1731000076824 141113.6 161
1731000086903 141113.6 162
1731000096998 141113.6 163
1731000107107 141113.6 164
1731000117192 141113.6 165
1731000127258 141113.5 166
1731000137356 141113.5 167
1731000147438 141113.5 168
1731000157536 141113.5 169
1731000167632 141113.5 170
1731000177726 141113.5 171
1731000187819 141113.5 172
1731000197896 141113.5 173
1731000207976 141113.5 174
1731000218070 141113.4 175
1731000228167 141113.4 176
1731000238267 141113.4 177
1731000248347 141113.4 178
1731000258435 141113.4 179
1731000268515 141113.4 180
1731000278595 141113.4 181
1731000288684 141113.4 182
1731000298740 141113.4 183
1731000308814 141113.3 184
1731000318902 141113.3 185
1731000328996 141113.3 186
1731000339056 141113.3 187
1731000349129 141113.3 188
1731000359221 141113.3 189
1731000369315 141113.3 190
1731000379401 141113.3 191
1731000389484 141113.3 192
1731000399584 141113.2 193
1731000409674 141113.2 194
1731000419773 141113.2 195
1731000429868 141113.2 196
1731000439938 141113.2 197
1731000450014 141113.2 198
1731000460110 141113.2 199
1731000470201 141113.1 200
1731000480285 141113.1 201
1731000490369 141113.1 202
1731000500467 141113.1 203
1731000510562 141113.1 204
1731000520646 141113.1 205
1731000530762 141113.1 206
1731000540847 141113.1 207
1731000550932 141113.0 208
1731000561028 141113.0 209
1731000571124 141113.0 210
1731000581216 141113.0 211
1731000591309 141113.0 212
1731000601408 141113.0 213
1731000611498 141113.0 214
1731000621599 141113.0 215
1731000631696 141112.9 216
1731000641782 141112.9 217
1731000651883 141112.9 218
1731000661979 141112.9 219
1731000672094 141112.9 220
1731000682193 141112.9 221
1731000692279 141112.9 222
1731000702389 141121.1 223
1731000712483 141120.9 224
1731000722584 141120.9 225
1731000732700 141120.9 226
1731000742793 141120.8 227
1731000752887 141120.8 228
1731000762984 141120.8 229
1731000773086 141106.3 230
1731000783175 141106.3 231
1731000793289 141106.3 232
1731000803380 141106.3 233
1731000813491 141106.3 234
1731000823597 141106.3 235
1731000833684 141106.3 236
1731000843765 141106.3 237
1731000853841 141106.2 238
1731000863929 141106.2 239
1731000874027 141106.2 240
1731000884109 141106.2 241
1731000894214 141106.2 242
1731000904317 141106.2 243
1731000914418 141106.0 244
1731000924513 141106.1 245
1731000934611 141106.1 246
1731000944684 141106.1 247
1731000954751 141106.1 248
1731000964827 141106.1 249
1731000974922 141106.1 250
1731000985014 141106.0 251
1731000995112 141106.0 252
1731001005217 141106.0 253
1731001015339 141106.0 254
1731001025446 141106.0 255
1731001035531 141106.0 256
1731001045624 141106.0 257
1731001055716 141106.0 258
1731001065824 141105.9 259
1731001075937 141105.9 260
1731001086028 141105.9 261
1731001096124 141105.9 262
1731001106194 141105.9 263
1731001116309 141105.9 264
1731001126410 141105.9 265
1731001136522 141105.9 266
1731001146590 141105.8 267
1731001156652 141105.8 268
1731001166767 141105.8 269
1731001176871 141105.8 270
1731001186976 141105.8 271
1731001197089 141105.8 272
1731001207184 141105.8 273
1731001217285 141105.8 274
1731001227360 141105.8 275
1731001237444 141105.7 276
1731001247552 141105.7 277
1731001257647 141105.7 278
1731001267745 141105.7 279
1731001277850 141105.7 280
1731001287928 141105.7 281
1731001298018 141105.7 282
1731001308137 141105.7 283
1731001318241 141105.6 284
1731001328350 141105.6 285
1731001338450 141105.6 286
1731001348554 141105.6 287
1731001358616 141105.6 288
1731001368675 141105.6 289
1731001378783 141105.6 290
1731001388897 141105.6 291
1731001399006 141105.6 292
1731001409109 141105.5 293
1731001419214 141105.5 294
1731001429324 141105.5 295
1731001439437 141105.5 296
1731001449550 141105.5 297
1731001459663 141105.5 298
1731001469766 141105.5 299
1731001479872 141105.5 300
1731001489967 141105.5 301
1731001500078 141105.4 302
1731001510189 141105.4 303
1731001520300 141105.4 304
1731001530416 141105.4 305
1731001540513 141105.4 306
1731001550639 141105.4 307
1731001560750 141105.4 308
1731001570850 141105.4 309
1731001580970 141105.3 310
1731001591075 141105.3 311
1731001601182 141105.3 312
1731001611297 141105.3 313
1731001621398 141105.3 314
1731001631502 141105.3 315
1731001641623 141105.3 316
1731001651713 141105.3 317
1731001661828 141105.3 318
1731001671956 141105.2 319
1731001682034 141105.2 320
1731001692206 141105.2 321
1731001702305 141105.2 322
1731001712413 141105.2 323
1731001722527 141105.2 324
1731001732629 141105.2 325
1731001742740 141105.2 326
1731001752839 141105.2 327
1731001762948 141105.1 328
1731001773062 141105.1 329
1731001783174 141105.1 330
1731001793284 141105.1 331
1731001803397 141105.1 332
1731001813511 141105.1 333
1731001823625 141105.1 334
1731001833740 141105.0 335
1731001843855 141105.0 336
1731001853962 141105.0 337
1731001864049 141105.0 338
1731001874121 141105.0 339
1731001884221 141105.0 340
1731001894327 141105.0 341
1731001904440 141105.0 342
1731001914558 141105.0 343
1731001924686 141105.0 344
1731001934808 141104.9 345
1731001944921 141104.9 346
1731001955036 141104.8 347
1731001965154 141104.8 348
1731001975271 141104.8 349
1731001985391 141104.8 350
1731001995509 141104.8 351
1731002005594 141104.8 352
1731002015707 141104.8 353
1731002025814 141104.8 354
1731002035931 141104.7 355
1731002046048 141104.7 356
1731002056164 141104.7 357
1731002066281 141104.7 358
1731002076397 141104.7 359
1731002086517 141104.7 360
1731002096637 141104.7 361
1731002106749 141104.7 362
1731002116834 141104.7 363
1731002126941 141104.6 364
1731002137058 141104.6 365
1731002147190 141104.6 366
1731002157320 141104.6 367
1731002167439 141104.6 368
1731002177531 141104.6 369
1731002187616 141104.6 370
1731002197714 141104.6 371
1731002207817 141104.5 372
1731002217933 141104.5 373
1731002228055 141104.5 374
1731002238163 141104.5 375
1731002248263 141104.5 376
1731002258382 141104.5 377
1731002268477 141104.5 378
1731002278586 141104.5 379
1731002288697 141104.4 380
1731002298802 141104.4 381
1731002308926 141104.4 382
1731002319043 141104.4 383
1731002329143 141104.4 384
1731002339271 141104.4 385
1731002349374 141104.4 386
1731002359496 141104.4 387
1731002369603 141104.4 388
1731002379721 141104.3 389
1731002389842 141104.3 390
1731002399962 141104.3 391
1731002410045 141104.3 392
1731002420127 141104.3 393
1731002430217 141104.3 394
1731002440326 141104.3 395
1731002450448 141097.5 396
1731002460574 141104.2 397
1731002470699 141104.2 398
1731002480810 141104.2 399
1731002490941 141104.2 400
1731002501060 141104.2 401
1731002511185 141104.2 402
1731002521304 141104.2 403
1731002531398 141104.2 404
1731002541476 141104.2 405
1731002551592 141104.1 406
1731002561928 141104.1 407
1731002572043 141104.1 408
1731002582145 141104.1 409
1731002592269 141104.1 410
1731002602394 141104.1 411
1731002612514 141104.1 412
1731002623066 141104.1 413
1731002633189 141104.1 414
1731002643308 141104.0 415
1731002653433 141104.0 416
1731002663554 141104.0 417
1731002673684 141104.0 418
1731002683813 141104.0 419
1731002693955 141104.0 420
1731002704054 141104.0 421
1731002714167 141104.0 422
1731002724284 141103.9 423
1731002734371 141103.9 424
1731002744490 141103.9 425
1731002754590 141103.9 426
1731002764718 141103.9 427
1731002774838 141103.9 428
1731002784961 141103.9 429
1731002795084 141103.8 430
1731002805191 141103.8 431
1731002815307 141103.8 432
1731002825408 141103.8 433
1731002835480 141103.8 434
1731002845602 141103.8 435
1731002855713 141103.8 436
1731002865825 141103.8 437
1731002875960 141103.8 438
1731002886085 141103.7 439
1731002896200 141103.7 440
1731002906324 141103.7 441
1731002916436 141103.7 442
1731002926556 141103.7 443
1731002936647 141103.7 444
1731002946770 141103.7 445
1731002956900 141103.7 446
1731002967025 141103.6 447
1731002977105 141103.6 448
1731002987223 141103.6 449
1731002997349 141103.6 450
1731003007473 141103.6 451
1731003017600 141103.6 452
