1730998454533 121249.2 0
1730998464600 121249.2 1
1730998474650 121249.2 2
1730998484715 121249.2 3
1730998494768 121249.3 4
1730998504831 121249.3 5
1730998514891 121249.3 6
1730998524942 121249.3 7
1730998534993 121249.3 8
1730998545058 121249.3 9
1730998555113 121249.3 10
1730998565179 121249.3 11
1730998575247 121249.4 12
1730998585313 121249.4 13
1730998595385 121249.4 14
1730998605462 121249.4 15
1730998615525 121249.4 16
1730998625596 121249.4 17
1730998635676 121249.4 18
1730998645749 121249.4 19
1730998655819 121249.5 20
1730998665917 121249.5 21
1730998675994 121249.5 22
1730998686052 121249.5 23
1730998696127 121249.3 24
1730998706191 121249.3 25
1730998716252 121249.3 26
1730998726318 121249.3 27
1730998736385 121249.3 28
1730998746450 121249.4 29
1730998756503 121249.4 30
1730998766564 121249.4 31
1730998776622 121249.4 32
1730998786684 121249.4 33
1730998796734 121249.4 34
1730998806794 121249.4 35
1730998816853 121249.4 36
1730998826900 121249.4 37
1730998836968 121249.5 38
1730998847041 121249.5 39
1730998857105 121249.2 40
1730998867171 121249.2 41
1730998877229 121249.2 42
1730998887283 121249.2 43
1730998897351 121249.2 44
1730998907420 121249.3 45
1730998917480 121249.3 46
1730998927555 121249.3 47
1730998937636 121249.3 48
1730998947704 121249.3 49
1730998957791 121249.3 50
1730998967853 121249.3 51
1730998977943 121249.3 52
1730998988013 121249.4 53
1730998998089 121249.4 54
1730999008149 121249.4 55
1730999018210 121249.4 56
1730999028279 121249.4 57
1730999038357 121249.5 58
1730999048434 121249.8 59
1730999058490 121249.8 60
1730999068557 121249.8 61
1730999078612 121250.4 62
1730999088682 121250.8 63
1730999098747 121251.1 64
1730999108818 121251.1 65
1730999118890 121250.8 66
1730999128945 121251.1 67
1730999139008 121251.0 68
1730999149093 121250.9 69
1730999159170 121251.1 70
1730999169252 121251.0 71
1730999179317 121251.0 72
1730999189387 121251.1 73
1730999199457 121251.1 74
1730999209523 121251.1 75
1730999219601 121251.1 76
1730999229687 121251.2 77
1730999239753 121251.2 78
1730999249816 121251.2 79
1730999259876 121251.2 80
1730999269931 121251.2 81
1730999280006 121251.2 82
1730999290080 121251.2 83
1730999300165 121251.2 84
1730999310240 121251.3 85
1730999320328 121251.3 86
1730999330398 121251.3 87
1730999340480 121251.3 88
1730999350566 121251.3 89
1730999360649 121251.3 90
1730999370736 121251.3 91
1730999380810 121251.3 92
1730999390878 121251.4 93
1730999400965 121251.4 94
1730999411056 121251.4 95
1730999421126 121251.4 96
1730999431212 121251.4 97
1730999441285 121251.4 98
1730999451378 121251.4 99
1730999461451 121251.5 100
1730999471541 121251.5 101
1730999481625 121251.5 102
1730999491699 121251.5 103
1730999501787 121251.5 104
1730999511871 121251.5 105
1730999521931 121251.5 106
1730999531999 121251.6 107
1730999542081 121251.6 108
1730999552151 121251.6 109
1730999562235 121251.6 110
1730999572320 121251.6 111
1730999582390 121251.6 112
1730999592456 121251.6 113
1730999602538 121251.6 114
1730999612621 121251.6 115
1730999622700 121251.7 116
1730999632789 121251.7 117
1730999642868 121251.7 118
1730999652955 121251.7 119
1730999663043 121251.7 120
1730999673130 121251.7 121
1730999683220 121251.7 122
1730999693301 121251.7 123
1730999703388 121251.7 124
1730999713463 121251.8 125
1730999723551 121251.8 126
1730999733639 121251.8 127
1730999743723 121251.8 128
1730999753805 121251.8 129
1730999763888 121251.8 130
1730999773953 121251.8 131
1730999784042 121251.8 132
1730999794101 121251.9 133
1730999804190 121251.9 134
1730999814283 121251.9 135
1730999824355 121251.9 136
1730999834437 121251.9 137
1730999844520 121252.1 138
1730999854586 121252.2 139
1730999864678 121252.2 140
1730999874767 121252.2 141
1730999884850 121252.2 142
1730999894930 121252.2 143
1730999905022 121252.2 144
1730999915085 121252.2 145
1730999925166 121252.2 146
1730999935244 121255.4 147
1730999945690 121255.4 148
1730999955771 121255.4 149
1730999965848 121255.4 150
1730999975935 121255.5 151
1730999986015 121255.5 152
1730999996122 121255.6 153
1731000006204 121255.6 154
1731000016283 121255.6 155
1731000026391 121264.0 156
1731000036489 121264.0 157
1731000046585 121264.0 158
1731000056676 121264.0 159
1731000066748 121264.0 160
1731000076824 121264.1 161
1731000086903 121264.1 162
1731000096998 121264.1 163
1731000107107 121264.1 164
1731000117192 121264.1 165
1731000127258 121264.1 166
1731000137356 121264.1 167
1731000147438 121264.1 168
1731000157536 121264.1 169
1731000167632 121264.2 170
1731000177726 121264.2 171
1731000187819 121264.2 172
1731000197896 121264.2 173
1731000207976 121264.2 174
1731000218070 121264.2 175
1731000228167 121264.2 176
1731000238267 121264.2 177
1731000248347 121264.2 178
1731000258435 121264.3 179
1731000268515 121264.3 180
1731000278595 121264.3 181
1731000288684 121264.3 182
1731000298740 121264.3 183
1731000308814 121264.3 184
1731000318902 121264.3 185
1731000328996 121264.3 186
1731000339056 121264.3 187
1731000349129 121264.4 188
1731000359221 121264.4 189
1731000369315 121264.4 190
1731000379401 121264.4 191
1731000389484 121264.4 192
1731000399584 121264.4 193
1731000409674 121264.4 194
1731000419773 121264.4 195
1731000429868 121264.5 196
1731000439938 121264.5 197
1731000450014 121264.5 198
1731000460110 121264.5 199
1731000470201 121264.5 200
1731000480285 121264.5 201
1731000490369 121264.5 202
1731000500467 121264.6 203
1731000510562 121264.6 204
1731000520646 121264.6 205
1731000530762 121264.6 206
1731000540847 121264.6 207
1731000550932 121264.6 208
1731000561028 121264.6 209
1731000571124 121264.6 210
1731000581216 121264.6 211
1731000591309 121264.7 212
1731000601408 121264.7 213
1731000611498 121264.7 214
1731000621599 121264.7 215
1731000631696 121264.7 216
1731000641782 121264.7 217
1731000651883 121264.7 218
1731000661979 121264.7 219
1731000672094 121264.8 220
1731000682193 121264.8 221
1731000692279 121264.8 222
1731000702389 121256.5 223
1731000712483 121256.8 224
1731000722584 121256.8 225
1731000732700 121256.8 226
1731000742793 121256.8 227
1731000752887 121256.8 228
1731000762984 121256.8 229
1731000773086 121271.3 230
1731000783175 121271.3 231
1731000793289 121271.3 232
1731000803380 121271.3 233
1731000813491 121271.4 234
1731000823597 121271.4 235
1731000833684 121271.4 236
1731000843765 121271.4 237
1731000853841 121271.4 238
1731000863929 121271.4 239
1731000874027 121271.4 240
1731000884109 121271.4 241
1731000894214 121271.5 242
1731000904317 121271.5 243
1731000914418 121271.7 244
1731000924513 121271.5 245
1731000934611 121271.6 246
1731000944684 121271.6 247
1731000954751 121271.6 248
1731000964827 121271.6 249
1731000974922 121271.6 250
1731000985014 121271.6 251
1731000995112 121271.6 252
1731001005217 121271.6 253
1731001015339 121271.7 254
1731001025446 121271.7 255
1731001035531 121271.7 256
1731001045624 121271.7 257
1731001055716 121271.7 258
1731001065824 121271.7 259
1731001075937 121271.7 260
1731001086028 121271.7 261
1731001096124 121271.8 262
1731001106194 121271.8 263
1731001116309 121271.8 264
1731001126410 121271.8 265
1731001136522 121271.8 266
1731001146590 121271.8 267
1731001156652 121271.8 268
1731001166767 121271.9 269
1731001176871 121271.9 270
1731001186976 121271.9 271
1731001197089 121271.9 272
1731001207184 121271.9 273
1731001217285 121271.9 274
1731001227360 121271.9 275
1731001237444 121271.9 276
1731001247552 121271.9 277
1731001257647 121271.9 278
1731001267745 121272.0 279
1731001277850 121272.0 280
1731001287928 121272.0 281
1731001298018 121272.0 282
1731001308137 121272.0 283
1731001318241 121272.0 284
1731001328350 121272.0 285
1731001338450 121272.0 286
1731001348554 121272.0 287
1731001358616 121272.1 288
1731001368675 121272.1 289
1731001378783 121272.1 290
1731001388897 121272.1 291
1731001399006 121272.1 292
1731001409109 121272.1 293
1731001419214 121272.1 294
1731001429324 121272.1 295
1731001439437 121272.2 296
1731001449550 121272.2 297
1731001459663 121272.2 298
1731001469766 121272.2 299
1731001479872 121272.2 300
1731001489967 121272.2 301
1731001500078 121272.2 302
1731001510189 121272.2 303
1731001520300 121272.3 304
1731001530416 121272.3 305
1731001540513 121272.3 306
1731001550639 121272.3 307
1731001560750 121272.3 308
1731001570850 121272.3 309
1731001580970 121272.3 310
1731001591075 121272.3 311
1731001601182 121272.3 312
1731001611297 121272.3 313
1731001621398 121272.4 314
1731001631502 121272.4 315
1731001641623 121272.4 316
1731001651713 121272.4 317
1731001661828 121272.4 318
1731001671956 121272.4 319
1731001682034 121272.4 320
1731001692206 121272.4 321
1731001702305 121272.5 322
1731001712413 121272.5 323
1731001722527 121272.5 324
1731001732629 121272.5 325
1731001742740 121272.5 326
1731001752839 121272.5 327
1731001762948 121272.5 328
1731001773062 121272.5 329
1731001783174 121272.5 330
1731001793284 121272.6 331
1731001803397 121272.6 332
1731001813511 121272.6 333
1731001823625 121272.6 334
1731001833740 121272.6 335
1731001843855 121272.6 336
1731001853962 121272.6 337
1731001864049 121272.6 338
1731001874121 121272.7 339
1731001884221 121272.7 340
1731001894327 121272.7 341
1731001904440 121272.7 342
1731001914558 121272.7 343
1731001924686 121272.7 344
1731001934808 121272.7 345
1731001944921 121272.7 346
1731001955036 121272.8 347
1731001965154 121272.8 348
1731001975271 121272.8 349
1731001985391 121272.9 350
1731001995509 121272.9 351
1731002005594 121272.9 352
1731002015707 121272.9 353
1731002025814 121272.9 354
1731002035931 121272.9 355
1731002046048 121272.9 356
1731002056164 121272.9 357
1731002066281 121273.0 358
1731002076397 121273.0 359
1731002086517 121273.0 360
1731002096637 121273.0 361
1731002106749 121273.0 362
1731002116834 121273.0 363
1731002126941 121273.0 364
1731002137058 121273.0 365
1731002147190 121273.0 366
1731002157320 121273.1 367
1731002167439 121273.1 368
1731002177531 121273.1 369
1731002187616 121273.1 370
1731002197714 121273.1 371
1731002207817 121273.1 372
1731002217933 121273.1 373
1731002228055 121273.1 374
1731002238163 121273.1 375
1731002248263 121273.2 376
1731002258382 121273.2 377
1731002268477 121273.2 378
1731002278586 121273.2 379
1731002288697 121273.2 380
1731002298802 121273.2 381
1731002308926 121273.2 382
1731002319043 121273.2 383
1731002329143 121273.3 384
1731002339271 121273.3 385
1731002349374 121273.3 386
1731002359496 121273.3 387
1731002369603 121273.3 388
1731002379721 121273.3 389
1731002389842 121273.3 390
1731002399962 121273.3 391
1731002410045 121273.3 392
1731002420127 121273.4 393
1731002430217 121273.4 394
1731002440326 121273.4 395
1731002450448 121280.2 396
1731002460574 121273.4 397
1731002470699 121273.4 398
1731002480810 121273.4 399
1731002490941 121273.5 400
1731002501060 121273.5 401
1731002511185 121273.5 402
1731002521304 121273.5 403
1731002531398 121273.5 404
1731002541476 121273.5 405
1731002551592 121273.5 406
1731002561928 121273.5 407
1731002572043 121273.5 408
1731002582145 121273.6 409
1731002592269 121273.6 410
1731002602394 121273.6 411
1731002612514 121273.6 412
1731002623066 121273.6 413
1731002633189 121273.6 414
1731002643308 121273.6 415
1731002653433 121273.6 416
1731002663554 121273.6 417
1731002673684 121273.7 418
1731002683813 121273.7 419
1731002693955 121273.7 420
1731002704054 121273.7 421
1731002714167 121273.7 422
1731002724284 121273.7 423
1731002734371 121273.7 424
1731002744490 121273.7 425
1731002754590 121273.8 426
1731002764718 121273.8 427
1731002774838 121273.8 428
1731002784961 121273.8 429
1731002795084 121273.8 430
1731002805191 121273.8 431
1731002815307 121273.9 432
1731002825408 121273.9 433
1731002835480 121273.9 434
1731002845602 121273.9 435
1731002855713 121273.9 436
1731002865825 121273.9 437
1731002875960 121273.9 438
1731002886085 121273.9 439
1731002896200 121273.9 440
1731002906324 121273.9 441
1731002916436 121274.0 442
1731002926556 121274.0 443
1731002936647 121274.0 444
1731002946770 121274.0 445
1731002956900 121274.0 446
1731002967025 121274.0 447
1731002977105 121274.0 448
1731002987223 121274.0 449
1731002997349 121274.0 450
1731003007473 121274.1 451
1731003017600 121274.1 452
