1730998454533 17.7 0
1730998464600 31.9 1
1730998474650 72.1 2
1730998484715 73.6 3
1730998494768 74.2 4
1730998504831 76.3 5
1730998514891 37.2 6
1730998524942 72.8 7
1730998534993 72.6 8
1730998545058 72.9 9
1730998555113 71.8 10
1730998565179 73.7 11
1730998575247 46.3 12
1730998585313 73.5 13
1730998595385 72.5 14
1730998605462 74.4 15
1730998615525 61.0 16
1730998625596 73.4 17
1730998635676 70.3 18
1730998645749 74.1 19
1730998655819 73.3 20
1730998665917 73.1 21
1730998675994 73.4 22
1730998686052 39.8 23
1730998696127 70.9 24
1730998706191 72.7 25
1730998716252 74.0 26
1730998726318 72.4 27
1730998736385 73.6 28
1730998746450 73.2 29
1730998756503 76.4 30
1730998766564 38.9 31
1730998776622 74.1 32
1730998786684 74.0 33
1730998796734 66.6 34
1730998806794 74.7 35
1730998816853 73.8 36
1730998826900 74.0 37
1730998836968 73.1 38
1730998847041 75.0 39
1730998857105 75.0 40
1730998867171 75.9 41
1730998877229 39.5 42
1730998887283 75.3 43
1730998897351 76.9 44
1730998907420 78.1 45
1730998917480 36.8 46
1730998927555 77.0 47
1730998937636 76.3 48
1730998947704 75.2 49
1730998957791 74.0 50
1730998967853 74.7 51
1730998977943 62.2 52
1730998988013 73.9 53
1730998998089 42.4 54
1730999008149 71.2 55
1730999018210 74.9 56
1730999028279 73.7 57
1730999038357 76.6 58
1730999048434 32.3 59
1730999058490 37.0 60
1730999068557 33.3 61
1730999078612 75.6 62
1730999088682 32.1 63
1730999098747 38.6 64
1730999108818 74.6 65
1730999118890 32.1 66
1730999128945 78.1 67
1730999139008 52.6 68
1730999149093 75.1 69
1730999159170 32.1 70
1730999169252 41.9 71
1730999179317 78.2 72
1730999189387 79.2 73
1730999199457 33.6 74
1730999209523 32.4 75
1730999219601 74.8 76
1730999229687 63.8 77
1730999239753 73.3 78
1730999249816 74.9 79
1730999259876 32.2 80
1730999269931 32.3 81
1730999280006 32.2 82
1730999290080 31.7 83
1730999300165 63.9 84
1730999310240 79.1 85
1730999320328 60.0 86
1730999330398 32.4 87
1730999340480 77.0 88
1730999350566 76.0 89
1730999360649 76.6 90
1730999370736 32.5 91
1730999380810 74.9 92
1730999390878 58.9 93
1730999400965 78.4 94
1730999411056 75.5 95
1730999421126 76.5 96
1730999431212 73.0 97
1730999441285 74.9 98
1730999451378 74.4 99
1730999461451 79.3 100
1730999471541 77.1 101
1730999481625 76.6 102
1730999491699 37.8 103
1730999501787 32.6 104
1730999511871 36.3 105
1730999521931 32.3 106
1730999531999 76.0 107
1730999542081 39.4 108
1730999552151 33.5 109
1730999562235 79.8 110
1730999572320 76.5 111
1730999582390 33.2 112
1730999592456 32.0 113
1730999602538 35.1 114
1730999612621 31.6 115
1730999622700 77.0 116
1730999632789 33.0 117
1730999642868 32.4 118
1730999652955 76.7 119
1730999663043 34.6 120
1730999673130 31.8 121
1730999683220 69.1 122
1730999693301 64.2 123
1730999703388 78.9 124
1730999713463 79.7 125
1730999723551 69.1 126
1730999733639 65.8 127
1730999743723 78.5 128
1730999753805 65.8 129
1730999763888 77.9 130
1730999773953 31.9 131
1730999784042 76.6 132
1730999794101 38.6 133
1730999804190 76.5 134
1730999814283 77.9 135
1730999824355 43.2 136
1730999834437 37.0 137
1730999844520 32.3 138
1730999854586 76.6 139
1730999864678 77.5 140
1730999874767 78.6 141
1730999884850 74.3 142
1730999894930 76.0 143
1730999905022 32.3 144
1730999915085 77.8 145
1730999925166 57.3 146
1730999935244 32.5 147
1730999945690 76.6 148
1730999955771 40.7 149
1730999965848 36.2 150
1730999975935 67.3 151
1730999986015 32.9 152
1730999996122 36.9 153
1731000006204 75.6 154
1731000016283 72.2 155
1731000026391 37.8 156
1731000036489 75.2 157
1731000046585 52.5 158
1731000056676 32.2 159
1731000066748 32.1 160
1731000076824 39.2 161
1731000086903 76.6 162
1731000096998 55.9 163
1731000107107 49.4 164
1731000117192 77.8 165
1731000127258 73.4 166
1731000137356 74.2 167
1731000147438 75.5 168
1731000157536 75.4 169
1731000167632 75.9 170
1731000177726 32.8 171
1731000187819 75.7 172
1731000197896 38.7 173
1731000207976 48.2 174
1731000218070 78.0 175
1731000228167 75.1 176
1731000238267 54.7 177
1731000248347 36.0 178
1731000258435 73.1 179
1731000268515 75.3 180
1731000278595 76.2 181
1731000288684 74.8 182
1731000298740 49.1 183
1731000308814 39.0 184
1731000318902 32.0 185
1731000328996 46.7 186
1731000339056 38.9 187
1731000349129 74.7 188
1731000359221 34.4 189
1731000369315 46.0 190
1731000379401 76.2 191
1731000389484 34.6 192
1731000399584 39.2 193
1731000409674 75.2 194
1731000419773 72.3 195
1731000429868 74.6 196
1731000439938 77.0 197
1731000450014 40.9 198
1731000460110 35.8 199
1731000470201 77.0 200
1731000480285 35.6 201
1731000490369 44.8 202
1731000500467 55.2 203
1731000510562 72.5 204
1731000520646 74.2 205
1731000530762 72.9 206
1731000540847 73.5 207
1731000550932 39.2 208
1731000561028 78.5 209
1731000571124 77.4 210
1731000581216 32.6 211
1731000591309 75.8 212
1731000601408 41.5 213
1731000611498 76.1 214
1731000621599 74.1 215
1731000631696 65.0 216
1731000641782 32.1 217
1731000651883 32.0 218
1731000661979 76.8 219
1731000672094 76.3 220
1731000682193 36.9 221
1731000692279 37.1 222
1731000702389 75.8 223
1731000712483 31.8 224
1731000722584 74.2 225
1731000732700 72.9 226
1731000742793 76.7 227
1731000752887 73.9 228
1731000762984 31.8 229
1731000773086 77.5 230
1731000783175 76.6 231
1731000793289 31.9 232
1731000803380 77.2 233
1731000813491 72.7 234
1731000823597 34.9 235
1731000833684 71.4 236
1731000843765 32.3 237
1731000853841 31.7 238
1731000863929 77.6 239
1731000874027 71.4 240
1731000884109 37.5 241
1731000894214 71.3 242
1731000904317 75.0 243
1731000914418 62.1 244
1731000924513 79.3 245
1731000934611 75.8 246
1731000944684 73.1 247
1731000954751 35.4 248
1731000964827 76.1 249
1731000974922 64.1 250
1731000985014 75.7 251
1731000995112 32.1 252
1731001005217 32.1 253
1731001015339 76.4 254
1731001025446 75.0 255
1731001035531 38.1 256
1731001045624 32.5 257
1731001055716 53.3 258
1731001065824 33.5 259
1731001075937 75.7 260
1731001086028 74.6 261
1731001096124 75.0 262
1731001106194 32.4 263
1731001116309 36.8 264
1731001126410 73.2 265
1731001136522 39.4 266
1731001146590 75.9 267
1731001156652 41.5 268
1731001166767 76.5 269
1731001176871 32.7 270
1731001186976 42.3 271
1731001197089 33.7 272
1731001207184 39.3 273
1731001217285 74.7 274
1731001227360 74.7 275
1731001237444 33.0 276
1731001247552 78.2 277
1731001257647 37.6 278
1731001267745 76.9 279
1731001277850 32.1 280
1731001287928 48.0 281
1731001298018 56.7 282
1731001308137 73.0 283
1731001318241 61.8 284
1731001328350 72.9 285
1731001338450 37.3 286
1731001348554 32.5 287
1731001358616 32.4 288
1731001368675 75.4 289
1731001378783 77.2 290
1731001388897 75.9 291
1731001399006 42.2 292
1731001409109 33.2 293
1731001419214 39.3 294
1731001429324 74.5 295
1731001439437 64.4 296
1731001449550 35.2 297
1731001459663 74.7 298
1731001469766 45.1 299
1731001479872 39.4 300
1731001489967 32.5 301
1731001500078 70.4 302
1731001510189 37.5 303
1731001520300 74.3 304
1731001530416 32.4 305
1731001540513 71.1 306
1731001550639 73.0 307
1731001560750 41.9 308
1731001570850 74.9 309
1731001580970 31.8 310
1731001591075 73.1 311
1731001601182 32.0 312
1731001611297 74.3 313
1731001621398 77.9 314
1731001631502 34.8 315
1731001641623 38.4 316
1731001651713 72.1 317
1731001661828 72.4 318
1731001671956 72.4 319
1731001682034 73.2 320
1731001692206 40.9 321
1731001702305 74.2 322
1731001712413 75.3 323
1731001722527 67.6 324
1731001732629 71.3 325
1731001742740 73.3 326
1731001752839 72.4 327
1731001762948 72.3 328
1731001773062 37.0 329
1731001783174 74.4 330
1731001793284 71.8 331
1731001803397 32.0 332
1731001813511 77.1 333
1731001823625 36.9 334
1731001833740 76.0 335
1731001843855 71.5 336
1731001853962 36.3 337
1731001864049 74.5 338
1731001874121 74.7 339
1731001884221 75.2 340
1731001894327 70.8 341
1731001904440 41.6 342
1731001914558 74.1 343
1731001924686 68.6 344
1731001934808 69.2 345
1731001944921 70.2 346
1731001955036 78.0 347
1731001965154 32.2 348
1731001975271 37.0 349
1731001985391 70.6 350
1731001995509 67.1 351
1731002005594 32.0 352
1731002015707 75.8 353
1731002025814 75.0 354
1731002035931 63.4 355
1731002046048 76.6 356
1731002056164 73.9 357
1731002066281 70.7 358
1731002076397 40.8 359
1731002086517 36.4 360
1731002096637 71.4 361
1731002106749 72.3 362
1731002116834 75.7 363
1731002126941 75.1 364
1731002137058 72.0 365
1731002147190 57.1 366
1731002157320 48.2 367
1731002167439 36.4 368
1731002177531 71.7 369
1731002187616 73.1 370
1731002197714 76.1 371
1731002207817 75.1 372
1731002217933 72.7 373
1731002228055 72.0 374
1731002238163 72.2 375
1731002248263 72.0 376
1731002258382 38.8 377
1731002268477 73.2 378
1731002278586 72.8 379
1731002288697 36.6 380
1731002298802 71.9 381
1731002308926 32.5 382
1731002319043 71.9 383
1731002329143 32.1 384
1731002339271 33.5 385
1731002349374 31.8 386
1731002359496 35.5 387
1731002369603 35.8 388
1731002379721 31.4 389
1731002389842 31.0 390
1731002399962 73.0 391
1731002410045 33.9 392
1731002420127 74.1 393
1731002430217 71.2 394
1731002440326 31.5 395
1731002450448 61.7 396
1731002460574 69.0 397
1731002470699 73.7 398
1731002480810 73.1 399
1731002490941 64.9 400
1731002501060 76.1 401
1731002511185 75.0 402
1731002521304 74.5 403
1731002531398 72.2 404
1731002541476 74.6 405
1731002551592 31.8 406
1731002561928 74.1 407
1731002572043 37.2 408
1731002582145 71.4 409
1731002592269 73.2 410
1731002602394 72.0 411
1731002612514 37.6 412
1731002623066 74.2 413
1731002633189 38.4 414
1731002643308 70.0 415
1731002653433 75.2 416
1731002663554 74.4 417
1731002673684 31.9 418
1731002683813 37.9 419
1731002693955 76.0 420
1731002704054 73.2 421
1731002714167 37.8 422
1731002724284 34.8 423
1731002734371 75.4 424
1731002744490 38.5 425
1731002754590 40.2 426
1731002764718 76.6 427
1731002774838 73.4 428
1731002784961 50.7 429
1731002795084 38.4 430
1731002805191 73.7 431
1731002815307 73.1 432
1731002825408 31.9 433
1731002835480 36.8 434
1731002845602 70.8 435
1731002855713 35.0 436
1731002865825 72.6 437
1731002875960 74.8 438
1731002886085 32.3 439
1731002896200 71.9 440
1731002906324 77.1 441
1731002916436 73.0 442
1731002926556 71.0 443
1731002936647 32.0 444
1731002946770 72.8 445
1731002956900 73.2 446
1731002967025 72.4 447
1731002977105 38.1 448
1731002987223 70.9 449
1731002997349 72.6 450
1731003007473 74.4 451
1731003017600 76.3 452
