1730998454533 20.0 0
1730998464600 14.0 1
1730998474650 65.0 2
1730998484715 59.0 3
1730998494768 66.0 4
1730998504831 63.0 5
1730998514891 8.0 6
1730998524942 60.0 7
1730998534993 55.0 8
1730998545058 62.0 9
1730998555113 57.0 10
1730998565179 57.0 11
1730998575247 58.0 12
1730998585313 55.0 13
1730998595385 58.0 14
1730998605462 59.0 15
1730998615525 9.0 16
1730998625596 56.0 17
1730998635676 46.0 18
1730998645749 58.0 19
1730998655819 57.0 20
1730998665917 59.0 21
1730998675994 57.0 22
1730998686052 28.0 23
1730998696127 55.0 24
1730998706191 55.0 25
1730998716252 55.0 26
1730998726318 54.0 27
1730998736385 54.0 28
1730998746450 54.0 29
1730998756503 57.0 30
1730998766564 9.0 31
1730998776622 54.0 32
1730998786684 54.0 33
1730998796734 20.0 34
1730998806794 60.0 35
1730998816853 54.0 36
1730998826900 55.0 37
1730998836968 57.0 38
1730998847041 55.0 39
1730998857105 61.0 40
1730998867171 51.0 41
1730998877229 2.0 42
1730998887283 57.0 43
1730998897351 54.0 44
1730998907420 54.0 45
1730998917480 24.0 46
1730998927555 55.0 47
1730998937636 59.0 48
1730998947704 57.0 49
1730998957791 61.0 50
1730998967853 60.0 51
1730998977943 2.0 52
1730998988013 57.0 53
1730998998089 59.0 54
1730999008149 56.0 55
1730999018210 56.0 56
1730999028279 52.0 57
1730999038357 59.0 58
1730999048434 2.0 59
1730999058490 24.0 60
1730999068557 9.0 61
1730999078612 51.0 62
1730999088682 2.0 63
1730999098747 1.0 64
1730999108818 48.0 65
1730999118890 1.0 66
1730999128945 54.0 67
1730999139008 1.0 68
1730999149093 51.0 69
1730999159170 2.0 70
1730999169252 65.0 71
1730999179317 52.0 72
1730999189387 50.0 73
1730999199457 4.0 74
1730999209523 1.0 75
1730999219601 55.0 76
1730999229687 6.0 77
1730999239753 57.0 78
1730999249816 55.0 79
1730999259876 0.0 80
1730999269931 0.0 81
1730999280006 0.0 82
1730999290080 1.0 83
1730999300165 50.0 84
1730999310240 57.0 85
1730999320328 1.0 86
1730999330398 1.0 87
1730999340480 53.0 88
1730999350566 50.0 89
1730999360649 44.0 90
1730999370736 1.0 91
1730999380810 47.0 92
1730999390878 56.0 93
1730999400965 53.0 94
1730999411056 53.0 95
1730999421126 53.0 96
1730999431212 49.0 97
1730999441285 54.0 98
1730999451378 53.0 99
1730999461451 59.0 100
1730999471541 55.0 101
1730999481625 50.0 102
1730999491699 24.0 103
1730999501787 1.0 104
1730999511871 1.0 105
1730999521931 1.0 106
1730999531999 52.0 107
1730999542081 1.0 108
1730999552151 1.0 109
1730999562235 57.0 110
1730999572320 50.0 111
1730999582390 0.0 112
1730999592456 0.0 113
1730999602538 1.0 114
1730999612621 1.0 115
1730999622700 51.0 116
1730999632789 1.0 117
1730999642868 1.0 118
1730999652955 52.0 119
1730999663043 0.0 120
1730999673130 1.0 121
1730999683220 12.0 122
1730999693301 1.0 123
1730999703388 56.0 124
1730999713463 55.0 125
1730999723551 50.0 126
1730999733639 1.0 127
1730999743723 51.0 128
1730999753805 32.0 129
1730999763888 55.0 130
1730999773953 0.0 131
1730999784042 52.0 132
1730999794101 1.0 133
1730999804190 56.0 134
1730999814283 56.0 135
1730999824355 0.0 136
1730999834437 30.0 137
1730999844520 1.0 138
1730999854586 52.0 139
1730999864678 50.0 140
1730999874767 52.0 141
1730999884850 52.0 142
1730999894930 56.0 143
1730999905022 0.0 144
1730999915085 53.0 145
1730999925166 51.0 146
1730999935244 1.0 147
1730999945690 50.0 148
1730999955771 0.0 149
1730999965848 56.0 150
1730999975935 42.0 151
1730999986015 2.0 152
1730999996122 1.0 153
1731000006204 54.0 154
1731000016283 52.0 155
1731000026391 29.0 156
1731000036489 49.0 157
1731000046585 50.0 158
1731000056676 2.0 159
1731000066748 1.0 160
1731000076824 2.0 161
1731000086903 51.0 162
1731000096998 1.0 163
1731000107107 50.0 164
1731000117192 50.0 165
1731000127258 55.0 166
1731000137356 51.0 167
1731000147438 51.0 168
1731000157536 49.0 169
1731000167632 45.0 170
1731000177726 1.0 171
1731000187819 51.0 172
1731000197896 2.0 173
1731000207976 1.0 174
1731000218070 55.0 175
1731000228167 49.0 176
1731000238267 1.0 177
1731000248347 25.0 178
1731000258435 55.0 179
1731000268515 55.0 180
1731000278595 54.0 181
1731000288684 49.0 182
1731000298740 2.0 183
1731000308814 2.0 184
1731000318902 2.0 185
1731000328996 1.0 186
1731000339056 1.0 187
1731000349129 51.0 188
1731000359221 1.0 189
1731000369315 1.0 190
1731000379401 56.0 191
1731000389484 27.0 192
1731000399584 1.0 193
1731000409674 58.0 194
1731000419773 50.0 195
1731000429868 50.0 196
1731000439938 54.0 197
1731000450014 55.0 198
1731000460110 1.0 199
1731000470201 56.0 200
1731000480285 1.0 201
1731000490369 61.0 202
1731000500467 1.0 203
1731000510562 45.0 204
1731000520646 49.0 205
1731000530762 57.0 206
1731000540847 51.0 207
1731000550932 1.0 208
1731000561028 51.0 209
1731000571124 49.0 210
1731000581216 1.0 211
1731000591309 57.0 212
1731000601408 22.0 213
1731000611498 59.0 214
1731000621599 52.0 215
1731000631696 52.0 216
1731000641782 1.0 217
1731000651883 0.0 218
1731000661979 51.0 219
1731000672094 51.0 220
1731000682193 28.0 221
1731000692279 0.0 222
1731000702389 50.0 223
1731000712483 1.0 224
1731000722584 48.0 225
1731000732700 37.0 226
1731000742793 53.0 227
1731000752887 51.0 228
1731000762984 0.0 229
1731000773086 57.0 230
1731000783175 53.0 231
1731000793289 1.0 232
1731000803380 53.0 233
1731000813491 50.0 234
1731000823597 23.0 235
1731000833684 55.0 236
1731000843765 1.0 237
1731000853841 0.0 238
1731000863929 50.0 239
1731000874027 53.0 240
1731000884109 33.0 241
1731000894214 37.0 242
1731000904317 47.0 243
1731000914418 1.0 244
1731000924513 53.0 245
1731000934611 53.0 246
1731000944684 48.0 247
1731000954751 24.0 248
1731000964827 50.0 249
1731000974922 52.0 250
1731000985014 30.0 251
1731000995112 2.0 252
1731001005217 2.0 253
1731001015339 45.0 254
1731001025446 55.0 255
1731001035531 24.0 256
1731001045624 2.0 257
1731001055716 53.0 258
1731001065824 3.0 259
1731001075937 51.0 260
1731001086028 51.0 261
1731001096124 49.0 262
1731001106194 2.0 263
1731001116309 28.0 264
1731001126410 53.0 265
1731001136522 2.0 266
1731001146590 55.0 267
1731001156652 44.0 268
1731001166767 54.0 269
1731001176871 3.0 270
1731001186976 24.0 271
1731001197089 39.0 272
1731001207184 2.0 273
1731001217285 50.0 274
1731001227360 58.0 275
1731001237444 2.0 276
1731001247552 49.0 277
1731001257647 1.0 278
1731001267745 54.0 279
1731001277850 3.0 280
1731001287928 2.0 281
1731001298018 52.0 282
1731001308137 52.0 283
1731001318241 2.0 284
1731001328350 56.0 285
1731001338450 23.0 286
1731001348554 3.0 287
1731001358616 2.0 288
1731001368675 55.0 289
1731001378783 54.0 290
1731001388897 48.0 291
1731001399006 34.0 292
1731001409109 2.0 293
1731001419214 2.0 294
1731001429324 51.0 295
1731001439437 53.0 296
1731001449550 2.0 297
1731001459663 44.0 298
1731001469766 1.0 299
1731001479872 3.0 300
1731001489967 3.0 301
1731001500078 1.0 302
1731001510189 2.0 303
1731001520300 47.0 304
1731001530416 2.0 305
1731001540513 54.0 306
1731001550639 45.0 307
1731001560750 23.0 308
1731001570850 49.0 309
1731001580970 0.0 310
1731001591075 53.0 311
1731001601182 0.0 312
1731001611297 50.0 313
1731001621398 54.0 314
1731001631502 34.0 315
1731001641623 0.0 316
1731001651713 46.0 317
1731001661828 56.0 318
1731001671956 46.0 319
1731001682034 46.0 320
1731001692206 0.0 321
1731001702305 50.0 322
1731001712413 56.0 323
1731001722527 45.0 324
1731001732629 54.0 325
1731001742740 50.0 326
1731001752839 51.0 327
1731001762948 40.0 328
1731001773062 30.0 329
1731001783174 52.0 330
1731001793284 46.0 331
1731001803397 0.0 332
1731001813511 48.0 333
1731001823625 0.0 334
1731001833740 42.0 335
1731001843855 50.0 336
1731001853962 0.0 337
1731001864049 50.0 338
1731001874121 45.0 339
1731001884221 48.0 340
1731001894327 43.0 341
1731001904440 45.0 342
1731001914558 47.0 343
1731001924686 48.0 344
1731001934808 51.0 345
1731001944921 51.0 346
1731001955036 56.0 347
1731001965154 0.0 348
1731001975271 22.0 349
1731001985391 57.0 350
1731001995509 50.0 351
1731002005594 0.0 352
1731002015707 53.0 353
1731002025814 51.0 354
1731002035931 56.0 355
1731002046048 44.0 356
1731002056164 48.0 357
1731002066281 49.0 358
1731002076397 55.0 359
1731002086517 0.0 360
1731002096637 43.0 361
1731002106749 49.0 362
1731002116834 51.0 363
1731002126941 54.0 364
1731002137058 51.0 365
1731002147190 50.0 366
1731002157320 52.0 367
1731002167439 22.0 368
1731002177531 56.0 369
1731002187616 53.0 370
1731002197714 47.0 371
1731002207817 46.0 372
1731002217933 48.0 373
1731002228055 46.0 374
1731002238163 49.0 375
1731002248263 48.0 376
1731002258382 0.0 377
1731002268477 54.0 378
1731002278586 51.0 379
1731002288697 28.0 380
1731002298802 54.0 381
1731002308926 1.0 382
1731002319043 52.0 383
1731002329143 0.0 384
1731002339271 0.0 385
1731002349374 0.0 386
1731002359496 0.0 387
1731002369603 0.0 388
1731002379721 0.0 389
1731002389842 1.0 390
1731002399962 51.0 391
1731002410045 0.0 392
1731002420127 53.0 393
1731002430217 48.0 394
1731002440326 0.0 395
1731002450448 50.0 396
1731002460574 42.0 397
1731002470699 53.0 398
1731002480810 49.0 399
1731002490941 45.0 400
1731002501060 52.0 401
1731002511185 53.0 402
1731002521304 43.0 403
1731002531398 49.0 404
1731002541476 52.0 405
1731002551592 0.0 406
1731002561928 41.0 407
1731002572043 1.0 408
1731002582145 48.0 409
1731002592269 52.0 410
1731002602394 54.0 411
1731002612514 0.0 412
1731002623066 46.0 413
1731002633189 0.0 414
1731002643308 45.0 415
1731002653433 53.0 416
1731002663554 50.0 417
1731002673684 0.0 418
1731002683813 0.0 419
1731002693955 49.0 420
1731002704054 43.0 421
1731002714167 0.0 422
1731002724284 0.0 423
1731002734371 55.0 424
1731002744490 0.0 425
1731002754590 0.0 426
1731002764718 53.0 427
1731002774838 40.0 428
1731002784961 1.0 429
1731002795084 0.0 430
1731002805191 41.0 431
1731002815307 50.0 432
1731002825408 0.0 433
1731002835480 0.0 434
1731002845602 53.0 435
1731002855713 22.0 436
1731002865825 48.0 437
1731002875960 48.0 438
1731002886085 0.0 439
1731002896200 41.0 440
1731002906324 52.0 441
1731002916436 43.0 442
1731002926556 54.0 443
1731002936647 0.0 444
1731002946770 52.0 445
1731002956900 49.0 446
1731002967025 48.0 447
1731002977105 0.0 448
1731002987223 43.0 449
1731002997349 46.0 450
1731003007473 45.0 451
1731003017600 46.0 452
