1730998454533 0.00034600000026330235 0
1730998464600 1.4063519999999698 1
1730998474650 2.661880999999994 2
1730998484715 3.6778870000002826 3
1730998494768 6.092992000000322 4
1730998504831 7.588345000000118 5
1730998514891 8.684613000000354 6
1730998524942 10.084679000000051 7
1730998534993 11.312188000000333 8
1730998545058 12.350957000000108 9
1730998555113 13.69574300000022 10
1730998565179 14.796061000000009 11
1730998575247 16.10105999999996 12
1730998585313 17.3759570000002 13
1730998595385 18.375233000000208 14
1730998605462 19.36940000000004 15
1730998615525 20.774139000000105 16
1730998625596 21.848688999999922 17
1730998635676 22.861178999999993 18
1730998645749 24.113144000000375 19
1730998655819 25.125190000000202 20
1730998665917 26.45048399999996 21
1730998675994 28.391089000000193 22
1730998686052 29.63085000000001 23
1730998696127 31.35512000000017 24
1730998706191 32.99065300000029 25
1730998716252 34.444130000000314 26
1730998726318 35.57593600000018 27
1730998736385 37.2874240000001 28
1730998746450 38.593593000000055 29
1730998756503 39.689964000000145 30
1730998766564 42.46958700000005 31
1730998776622 45.60975899999994 32
1730998786684 48.80500800000027 33
1730998796734 51.66065500000013 34
1730998806794 54.852334000000155 35
1730998816853 58.05912800000033 36
1730998826900 61.281461000000036 37
1730998836968 64.43285800000012 38
1730998847041 66.1321240000002 39
1730998857105 66.16930500000035 40
1730998867171 66.18369500000017 41
1730998877229 66.20391100000006 42
1730998887283 66.21401300000025 43
1730998897351 66.22571800000014 44
1730998907420 66.23345599999993 45
1730998917480 66.24139300000024 46
1730998927555 66.27031699999998 47
1730998937636 66.28068100000019 48
1730998947704 66.29979100000037 49
1730998957791 66.33554100000038 50
1730998967853 66.34341700000004 51
1730998977943 66.35098600000038 52
1730998988013 66.41336700000011 53
1730998998089 66.42455100000006 54
1730999008149 66.43753800000013 55
1730999018210 66.4448940000002 56
1730999028279 66.46131100000002 57
1730999038357 66.50480700000026 58
1730999048434 66.53154100000029 59
1730999058490 66.54154199999994 60
1730999068557 66.62425100000019 61
1730999078612 66.9049970000001 62
1730999088682 68.10390800000005 63
1730999098747 68.26675100000011 64
1730999108818 68.29098599999998 65
1730999118890 68.32005200000003 66
1730999128945 68.37575400000014 67
1730999139008 68.38647300000002 68
1730999149093 68.46584600000006 69
1730999159170 68.58117600000014 70
1730999169252 68.59661800000003 71
1730999179317 68.61254899999994 72
1730999189387 68.63255000000026 73
1730999199457 68.64228700000012 74
1730999209523 68.69882400000006 75
1730999219601 68.72089800000003 76
1730999229687 68.74223800000027 77
1730999239753 68.7549140000001 78
1730999249816 68.77948500000002 79
1730999259876 68.80808100000013 80
1730999269931 68.81874300000027 81
1730999280006 68.88651500000014 82
1730999290080 68.89396699999998 83
1730999300165 68.90616100000034 84
1730999310240 68.91439000000037 85
1730999320328 68.92545900000005 86
1730999330398 68.93905600000016 87
1730999340480 68.95531200000005 88
1730999350566 68.96542100000033 89
1730999360649 68.97304500000018 90
1730999370736 68.98169800000005 91
1730999380810 68.99111399999992 92
1730999390878 69.0017740000003 93
1730999400965 69.01093300000002 94
1730999411056 69.01880600000004 95
1730999421126 69.03460300000006 96
1730999431212 69.04587200000014 97
1730999441285 69.05365000000029 98
1730999451378 69.06090799999993 99
1730999461451 69.076008 100
1730999471541 69.08618500000011 101
1730999481625 69.09346900000037 102
1730999491699 69.10864300000003 103
1730999501787 69.11832200000026 104
1730999511871 69.1276670000002 105
1730999521931 69.13940900000034 106
1730999531999 69.15866000000005 107
1730999542081 69.18432200000007 108
1730999552151 69.19457499999999 109
1730999562235 69.2040350000002 110
1730999572320 69.22130100000004 111
1730999582390 69.28785600000037 112
1730999592456 69.2976520000002 113
1730999602538 69.31278900000007 114
1730999612621 69.32397100000026 115
1730999622700 69.333259 116
1730999632789 69.35372400000006 117
1730999642868 69.36634400000003 118
1730999652955 69.3932090000003 119
1730999663043 69.40137800000002 120
1730999673130 69.41317300000037 121
1730999683220 69.42548699999998 122
1730999693301 69.43633900000032 123
1730999703388 69.44688700000006 124
1730999713463 69.4575490000002 125
1730999723551 69.47907299999997 126
1730999733639 69.49237300000004 127
1730999743723 69.50224100000014 128
1730999753805 69.51068900000018 129
1730999763888 69.5207260000002 130
1730999773953 69.52998200000002 131
1730999784042 69.54229200000009 132
1730999794101 69.55452300000024 133
1730999804190 69.57312100000036 134
1730999814283 69.58064700000023 135
1730999824355 69.5920570000003 136
1730999834437 69.62191200000007 137
1730999844520 69.63004300000011 138
1730999854586 69.63970500000005 139
1730999864678 69.64735900000005 140
1730999874767 69.65771600000016 141
1730999884850 69.72992000000022 142
1730999894930 69.73723900000005 143
1730999905022 69.74548600000026 144
1730999915085 69.75847300000032 145
1730999925166 69.77824800000008 146
1730999935244 69.83395599999994 147
1730999945690 69.89438300000029 148
1730999955771 69.92326600000024 149
1730999965848 69.94248000000016 150
1730999975935 69.94958200000019 151
1730999986015 69.95824200000015 152
1730999996122 69.9686200000001 153
1731000006204 70.0157720000002 154
1731000016283 70.02731500000027 155
1731000026391 70.03468800000019 156
1731000036489 70.05415700000003 157
1731000046585 70.06466100000034 158
1731000056676 70.07437800000025 159
1731000066748 70.09217200000012 160
1731000076824 70.10113000000001 161
1731000086903 70.11204500000031 162
1731000096998 70.11898900000006 163
1731000107107 70.12912700000015 164
1731000117192 70.14594100000022 165
1731000127258 70.15343500000017 166
1731000137356 70.18390700000009 167
1731000147438 70.19195300000001 168
1731000157536 70.20360500000015 169
1731000167632 70.21101500000032 170
1731000177726 70.22395800000004 171
1731000187819 70.2906640000001 172
1731000197896 70.30689100000018 173
1731000207976 70.31747900000028 174
1731000218070 70.3305190000001 175
1731000228167 70.3409730000003 176
1731000238267 70.35316499999999 177
1731000248347 70.36267799999996 178
1731000258435 70.3700960000001 179
1731000268515 70.38981600000034 180
1731000278595 70.40082900000016 181
1731000288684 70.4079670000001 182
1731000298740 70.42230199999995 183
1731000308814 70.43359899999996 184
1731000318902 70.44459300000017 185
1731000328996 70.45407100000011 186
1731000339056 70.46208400000023 187
1731000349129 70.47967700000027 188
1731000359221 70.49276000000009 189
1731000369315 70.50786100000005 190
1731000379401 70.51721700000007 191
1731000389484 70.52797600000031 192
1731000399584 70.53609000000006 193
1731000409674 70.54913600000009 194
1731000419773 70.55650400000013 195
1731000429868 70.57569200000034 196
1731000439938 70.612615 197
1731000450014 70.6228000000001 198
1731000460110 70.63105399999995 199
1731000470201 70.64094999999998 200
1731000480285 70.65776800000003 201
1731000490369 70.71994500000028 202
1731000500467 70.72752100000025 203
1731000510562 70.74851000000035 204
1731000520646 70.75570800000014 205
1731000530762 70.76656000000003 206
1731000540847 70.77380700000003 207
1731000550932 70.78194699999995 208
1731000561028 70.79241400000001 209
1731000571124 70.80043300000034 210
1731000581216 70.80933700000014 211
1731000591309 70.82741600000008 212
1731000601408 70.8357030000002 213
1731000611498 70.84291200000007 214
1731000621599 70.85351200000014 215
1731000631696 70.86938800000007 216
1731000641782 70.87732800000003 217
1731000651883 70.88923599999998 218
1731000661979 70.97281000000021 219
1731000672094 70.99823100000003 220
1731000682193 71.00558100000035 221
1731000692279 71.0167550000001 222
1731000702389 71.04134400000021 223
1731000712483 71.157197 224
1731000722584 71.17946100000017 225
1731000732700 71.18802800000003 226
1731000742793 71.23268000000007 227
1731000752887 71.2400520000001 228
1731000762984 71.27579600000035 229
1731000773086 71.28899200000023 230
1731000783175 71.35613899999998 231
1731000793289 71.36860500000012 232
1731000803380 71.3800970000002 233
1731000813491 71.38834300000008 234
1731000823597 71.40710200000012 235
1731000833684 71.41448200000013 236
1731000843765 71.42527800000016 237
1731000853841 71.43394699999999 238
1731000863929 71.44330300000001 239
1731000874027 71.4513780000002 240
1731000884109 71.47189100000014 241
1731000894214 71.48004700000001 242
1731000904317 71.49854600000026 243
1731000914418 71.57187599999997 244
1731000924513 71.63142800000014 245
1731000934611 71.66244700000016 246
1731000944684 71.69640300000037 247
1731000954751 71.71440500000017 248
1731000964827 71.72838600000023 249
1731000974922 71.75108799999998 250
1731000985014 71.76166000000012 251
1731000995112 71.77216200000021 252
1731001005217 71.78251799999998 253
1731001015339 71.79575400000022 254
1731001025446 71.80397900000025 255
1731001035531 71.81293099999994 256
1731001045624 71.82207500000004 257
1731001055716 71.85226000000011 258
1731001065824 71.86320999999998 259
1731001075937 71.87352400000009 260
1731001086028 71.93688199999997 261
1731001096124 71.94792300000017 262
1731001106194 71.95586900000035 263
1731001116309 71.96601899999996 264
1731001126410 71.97300300000006 265
1731001136522 71.99394200000006 266
1731001146590 72.0045070000001 267
1731001156652 72.01417300000003 268
1731001166767 72.02198500000031 269
1731001176871 72.03002900000001 270
1731001186976 72.04288600000018 271
1731001197089 72.05365600000005 272
1731001207184 72.07039299999997 273
1731001217285 72.08054700000002 274
1731001227360 72.08827700000029 275
1731001237444 72.09591300000011 276
1731001247552 72.10533299999997 277
1731001257647 72.11377399999992 278
1731001267745 72.15176199999996 279
1731001277850 72.163994 280
1731001287928 72.18108900000016 281
1731001298018 72.1946710000002 282
1731001308137 72.20283199999994 283
1731001318241 72.21444700000029 284
1731001328350 72.23043800000005 285
1731001338450 72.23803799999996 286
1731001348554 72.24738000000025 287
1731001358616 72.25636200000008 288
1731001368675 72.27470300000004 289
1731001378783 72.28501600000027 290
1731001388897 72.348164 291
1731001399006 72.3586620000001 292
1731001409109 72.36671999999999 293
1731001419214 72.37714300000016 294
1731001429324 72.3908550000001 295
1731001439437 72.40876500000013 296
1731001449550 72.41771599999993 297
1731001459663 72.42741999999998 298
1731001469766 72.4345900000003 299
1731001479872 72.44229200000018 300
1731001489967 72.45431800000006 301
1731001500078 72.46341900000016 302
1731001510189 72.47449000000006 303
1731001520300 72.50673700000016 304
1731001530416 72.51425300000028 305
1731001540513 72.52423700000008 306
1731001550639 72.53458900000032 307
1731001560750 72.54505800000015 308
1731001570850 72.57277700000031 309
1731001580970 72.58169600000019 310
1731001591075 72.59072400000014 311
1731001601182 72.60942900000009 312
1731001611297 72.61933100000033 313
1731001621398 72.630224 314
1731001631502 72.64040599999998 315
1731001641623 72.64889800000037 316
1731001651713 72.66159400000015 317
1731001661828 72.66951300000028 318
1731001671956 72.68731700000035 319
1731001682034 72.69762700000001 320
1731001692206 72.76382100000001 321
1731001702305 72.77388400000018 322
1731001712413 72.7817970000001 323
1731001722527 72.79332999999997 324
1731001732629 72.80297999999993 325
1731001742740 72.81007600000021 326
1731001752839 72.8260150000001 327
1731001762948 72.83658000000014 328
1731001773062 72.84338800000023 329
1731001783174 72.85064000000011 330
1731001793284 72.86149700000033 331
1731001803397 72.87071000000014 332
1731001813511 72.87901600000032 333
1731001823625 72.89068799999995 334
1731001833740 72.90912600000001 335
1731001843855 72.916334 336
1731001853962 72.92498599999999 337
1731001864049 72.9345760000001 338
1731001874121 72.96540600000026 339
1731001884221 72.97243800000024 340
1731001894327 72.97949800000015 341
1731001904440 72.99601800000028 342
1731001914558 73.0028970000003 343
1731001924686 73.01040700000021 344
1731001934808 73.02084100000002 345
1731001944921 73.02756100000033 346
1731001955036 73.03862900000013 347
1731001965154 73.04979000000003 348
1731001975271 73.05962700000009 349
1731001985391 73.13021500000013 350
1731001995509 73.14034100000026 351
1731002005594 73.14846100000022 352
1731002015707 73.1582900000003 353
1731002025814 73.16531600000008 354
1731002035931 73.17330500000025 355
1731002046048 73.18396500000017 356
1731002056164 73.19110100000034 357
1731002066281 73.20955900000035 358
1731002076397 73.21985300000006 359
1731002086517 73.22839000000022 360
1731002096637 73.23777999999993 361
1731002106749 73.24525200000016 362
1731002116834 73.25303000000031 363
1731002126941 73.26104000000032 364
1731002137058 73.28005200000007 365
1731002147190 73.30610400000023 366
1731002157320 73.31622800000014 367
1731002167439 73.32825400000002 368
1731002177531 73.3600120000001 369
1731002187616 73.36681200000021 370
1731002197714 73.37809400000015 371
1731002207817 73.38492399999996 372
1731002217933 73.401159 373
1731002228055 73.40879300000006 374
1731002238163 73.4157210000003 375
1731002248263 73.42237400000022 376
1731002258382 73.43461900000011 377
1731002268477 73.44806000000017 378
1731002278586 73.45499700000028 379
1731002288697 73.51885100000027 380
1731002298802 73.53439400000025 381
1731002308926 73.54449599999998 382
1731002319043 73.55243999999993 383
1731002329143 73.56496000000016 384
1731002339271 73.57468199999994 385
1731002349374 73.58577200000036 386
1731002359496 73.59612300000026 387
1731002369603 73.61527000000024 388
1731002379721 73.62714700000015 389
1731002389842 73.63681700000006 390
1731002399962 73.64961300000004 391
1731002410045 73.65803099999994 392
1731002420127 73.66764300000023 393
1731002430217 73.67935500000021 394
1731002440326 73.68734500000028 395
1731002450448 75.4365230000003 396
1731002460574 77.61838400000033 397
1731002470699 77.63938400000006 398
1731002480810 77.65714700000035 399
1731002490941 77.66719700000021 400
1731002501060 77.67781100000002 401
1731002511185 77.68676800000003 402
1731002521304 77.71948999999995 403
1731002531398 77.73494600000004 404
1731002541476 77.7551410000001 405
1731002551592 77.7663190000003 406
1731002561928 77.80014100000017 407
1731002572043 77.81117799999993 408
1731002582145 77.81887300000017 409
1731002592269 77.88056200000028 410
1731002602394 77.89970300000004 411
1731002612514 77.91067999999996 412
1731002623066 77.92106600000034 413
1731002633189 77.928316 414
1731002643308 77.96527400000014 415
1731002653433 77.97555800000009 416
1731002663554 77.98282400000016 417
1731002673684 77.99462399999993 418
1731002683813 78.013778 419
1731002693955 78.02306399999998 420
1731002704054 78.03390800000034 421
1731002714167 78.04264700000022 422
1731002724284 78.05364499999996 423
1731002734371 78.06338700000015 424
1731002744490 78.07078300000012 425
1731002754590 78.09122700000034 426
1731002764718 78.10092600000007 427
1731002774838 78.13767700000017 428
1731002784961 78.14587699999993 429
1731002795084 78.16828900000019 430
1731002805191 78.17794100000037 431
1731002815307 78.18562999999995 432
1731002825408 78.19352800000024 433
1731002835480 78.21492400000034 434
1731002845602 78.22807600000033 435
1731002855713 78.23496999999998 436
1731002865825 78.25179600000001 437
1731002875960 78.25900000000001 438
1731002886085 78.32428500000015 439
1731002896200 78.33303599999999 440
1731002906324 78.3406 441
1731002916436 78.355681 442
1731002926556 78.36678299999994 443
1731002936647 78.37496800000008 444
1731002946770 78.38503700000001 445
1731002956900 78.39331100000027 446
1731002967025 78.40062900000021 447
1731002977105 78.40834900000027 448
1731002987223 78.42662900000005 449
1731002997349 78.43399799999997 450
1731003007473 78.44493600000033 451
1731003017600 78.45278499999995 452
