1730998454533 26.4 0
1730998464600 52.9 1
1730998474650 61.3 2
1730998484715 64.2 3
1730998494768 67.4 4
1730998504831 70.8 5
1730998514891 86.9 6
1730998524942 59.9 7
1730998534993 63.4 8
1730998545058 66.3 9
1730998555113 69.2 10
1730998565179 72.3 11
1730998575247 59.4 12
1730998585313 62.3 13
1730998595385 65.1 14
1730998605462 68.3 15
1730998615525 71.2 16
1730998625596 73.1 17
1730998635676 60.0 18
1730998645749 63.1 19
1730998655819 65.9 20
1730998665917 69.2 21
1730998675994 72.3 22
1730998686052 75.9 23
1730998696127 61.5 24
1730998706191 64.4 25
1730998716252 67.5 26
1730998726318 70.5 27
1730998736385 73.4 28
1730998746450 60.0 29
1730998756503 63.2 30
1730998766564 65.3 31
1730998776622 67.3 32
1730998786684 70.5 33
1730998796734 77.7 34
1730998806794 60.2 35
1730998816853 63.2 36
1730998826900 66.2 37
1730998836968 69.1 38
1730998847041 72.2 39
1730998857105 58.0 40
1730998867171 61.5 41
1730998877229 62.7 42
1730998887283 64.3 43
1730998897351 66.8 44
1730998907420 70.1 45
1730998917480 74.3 46
1730998927555 60.2 47
1730998937636 62.6 48
1730998947704 64.4 49
1730998957791 66.5 50
1730998967853 69.6 51
1730998977943 78.6 52
1730998988013 59.7 53
1730998998089 61.6 54
1730999008149 62.7 55
1730999018210 65.1 56
1730999028279 68.3 57
1730999038357 70.7 58
1730999048434 71.9 59
1730999058490 74.4 60
1730999068557 58.0 61
1730999078612 63.5 62
1730999088682 63.4 63
1730999098747 66.5 64
1730999108818 68.5 65
1730999118890 70.6 66
1730999128945 72.6 67
1730999139008 85.9 68
1730999149093 61.0 69
1730999159170 64.6 70
1730999169252 65.6 71
1730999179317 68.5 72
1730999189387 70.3 73
1730999199457 72.7 74
1730999209523 74.8 75
1730999219601 59.0 76
1730999229687 62.2 77
1730999239753 64.0 78
1730999249816 66.9 79
1730999259876 69.0 80
1730999269931 70.3 81
1730999280006 71.4 82
1730999290080 73.6 83
1730999300165 73.5 84
1730999310240 58.5 85
1730999320328 60.8 86
1730999330398 61.5 87
1730999340480 64.9 88
1730999350566 67.1 89
1730999360649 70.4 90
1730999370736 76.0 91
1730999380810 57.7 92
1730999390878 59.7 93
1730999400965 62.8 94
1730999411056 66.3 95
1730999421126 69.8 96
1730999431212 71.8 97
1730999441285 57.8 98
1730999451378 61.3 99
1730999461451 63.6 100
1730999471541 65.6 101
1730999481625 69.2 102
1730999491699 73.4 103
1730999501787 58.7 104
1730999511871 61.0 105
1730999521931 62.2 106
1730999531999 65.1 107
1730999542081 68.4 108
1730999552151 70.0 109
1730999562235 72.7 110
1730999572320 59.5 111
1730999582390 63.4 112
1730999592456 62.1 113
1730999602538 62.5 114
1730999612621 59.5 115
1730999622700 65.3 116
1730999632789 72.6 117
1730999642868 69.7 118
1730999652955 72.9 119
1730999663043 59.2 120
1730999673130 60.6 121
1730999683220 61.9 122
1730999693301 64.0 123
1730999703388 65.8 124
1730999713463 68.1 125
1730999723551 69.5 126
1730999733639 70.4 127
1730999743723 73.0 128
1730999753805 59.5 129
1730999763888 61.6 130
1730999773953 64.0 131
1730999784042 65.8 132
1730999794101 66.8 133
1730999804190 69.0 134
1730999814283 72.6 135
1730999824355 74.4 136
1730999834437 76.8 137
1730999844520 64.5 138
1730999854586 65.3 139
1730999864678 68.7 140
1730999874767 70.9 141
1730999884850 74.2 142
1730999894930 61.1 143
1730999905022 67.5 144
1730999915085 65.4 145
1730999925166 67.8 146
1730999935244 75.2 147
1730999945690 72.0 148
1730999955771 77.0 149
1730999965848 62.4 150
1730999975935 65.6 151
1730999986015 71.2 152
1730999996122 70.1 153
1731000006204 72.1 154
1731000016283 74.3 155
1731000026391 75.5 156
1731000036489 59.7 157
1731000046585 62.0 158
1731000056676 63.6 159
1731000066748 65.4 160
1731000076824 66.5 161
1731000086903 70.6 162
1731000096998 84.5 163
1731000107107 60.1 164
1731000117192 63.2 165
1731000127258 66.3 166
1731000137356 68.1 167
1731000147438 71.4 168
1731000157536 73.5 169
1731000167632 60.3 170
1731000177726 61.5 171
1731000187819 62.8 172
1731000197896 61.0 173
1731000207976 64.4 174
1731000218070 69.4 175
1731000228167 71.3 176
1731000238267 73.7 177
1731000248347 74.1 178
1731000258435 61.3 179
1731000268515 62.9 180
1731000278595 65.3 181
1731000288684 68.2 182
1731000298740 69.6 183
1731000308814 64.5 184
1731000318902 75.6 185
1731000328996 89.5 186
1731000339056 60.3 187
1731000349129 62.3 188
1731000359221 64.0 189
1731000369315 66.4 190
1731000379401 68.1 191
1731000389484 70.3 192
1731000399584 72.3 193
1731000409674 74.2 194
1731000419773 60.5 195
1731000429868 63.0 196
1731000439938 66.4 197
1731000450014 69.3 198
1731000460110 70.3 199
1731000470201 74.0 200
1731000480285 58.7 201
1731000490369 61.9 202
1731000500467 60.0 203
1731000510562 66.5 204
1731000520646 69.5 205
1731000530762 71.1 206
1731000540847 74.0 207
1731000550932 60.5 208
1731000561028 63.2 209
1731000571124 66.6 210
1731000581216 69.1 211
1731000591309 72.1 212
1731000601408 90.7 213
1731000611498 62.2 214
1731000621599 64.4 215
1731000631696 66.3 216
1731000641782 72.5 217
1731000651883 70.8 218
1731000661979 72.6 219
1731000672094 74.2 220
1731000682193 59.3 221
1731000692279 57.2 222
1731000702389 63.2 223
1731000712483 65.8 224
1731000722584 68.3 225
1731000732700 71.4 226
1731000742793 73.6 227
1731000752887 60.7 228
1731000762984 60.8 229
1731000773086 63.7 230
1731000783175 66.9 231
1731000793289 68.4 232
1731000803380 70.1 233
1731000813491 73.3 234
1731000823597 74.1 235
1731000833684 60.9 236
1731000843765 63.3 237
1731000853841 69.0 238
1731000863929 68.1 239
1731000874027 71.2 240
1731000884109 72.7 241
1731000894214 60.3 242
1731000904317 62.5 243
1731000914418 65.0 244
1731000924513 67.0 245
1731000934611 70.2 246
1731000944684 72.8 247
1731000954751 74.9 248
1731000964827 59.7 249
1731000974922 61.0 250
1731000985014 63.2 251
1731000995112 64.2 252
1731001005217 71.1 253
1731001015339 67.3 254
1731001025446 70.6 255
1731001035531 74.1 256
1731001045624 60.4 257
1731001055716 62.6 258
1731001065824 64.2 259
1731001075937 66.1 260
1731001086028 69.6 261
1731001096124 71.6 262
1731001106194 73.1 263
1731001116309 75.8 264
1731001126410 61.6 265
1731001136522 63.3 266
1731001146590 65.4 267
1731001156652 67.5 268
1731001166767 70.8 269
1731001176871 78.1 270
1731001186976 90.4 271
1731001197089 60.2 272
1731001207184 57.0 273
1731001217285 65.6 274
1731001227360 68.8 275
1731001237444 71.3 276
1731001247552 74.2 277
1731001257647 60.4 278
1731001267745 61.9 279
1731001277850 62.8 280
1731001287928 65.2 281
1731001298018 66.4 282
1731001308137 69.3 283
1731001318241 71.6 284
1731001328350 73.9 285
1731001338450 76.3 286
1731001348554 61.7 287
1731001358616 66.4 288
1731001368675 66.5 289
1731001378783 69.2 290
1731001388897 72.4 291
1731001399006 88.0 292
1731001409109 57.5 293
1731001419214 63.3 294
1731001429324 63.4 295
1731001439437 65.7 296
1731001449550 64.8 297
1731001459663 70.9 298
1731001469766 90.4 299
1731001479872 60.4 300
1731001489967 62.3 301
1731001500078 64.8 302
1731001510189 62.4 303
1731001520300 67.1 304
1731001530416 63.3 305
1731001540513 71.8 306
1731001550639 73.3 307
1731001560750 89.3 308
1731001570850 60.9 309
1731001580970 63.7 310
1731001591075 66.7 311
1731001601182 68.8 312
1731001611297 71.5 313
1731001621398 73.3 314
1731001631502 76.4 315
1731001641623 57.7 316
1731001651713 63.0 317
1731001661828 66.0 318
1731001671956 68.1 319
1731001682034 71.4 320
1731001692206 73.3 321
1731001702305 74.7 322
1731001712413 61.9 323
1731001722527 64.1 324
1731001732629 65.1 325
1731001742740 67.8 326
1731001752839 71.0 327
1731001762948 73.1 328
1731001773062 76.7 329
1731001783174 62.8 330
1731001793284 64.8 331
1731001803397 66.6 332
1731001813511 69.8 333
1731001823625 76.6 334
1731001833740 74.4 335
1731001843855 60.6 336
1731001853962 63.0 337
1731001864049 65.5 338
1731001874121 67.0 339
1731001884221 70.3 340
1731001894327 73.5 341
1731001904440 60.8 342
1731001914558 63.7 343
1731001924686 66.8 344
1731001934808 69.1 345
1731001944921 71.6 346
1731001955036 73.6 347
1731001965154 79.7 348
1731001975271 76.1 349
1731001985391 63.4 350
1731001995509 65.9 351
1731002005594 67.9 352
1731002015707 70.6 353
1731002025814 73.9 354
1731002035931 60.9 355
1731002046048 63.1 356
1731002056164 66.7 357
1731002066281 68.7 358
1731002076397 70.5 359
1731002086517 72.5 360
1731002096637 75.1 361
1731002106749 61.8 362
1731002116834 65.3 363
1731002126941 68.7 364
1731002137058 70.9 365
1731002147190 72.3 366
1731002157320 74.5 367
1731002167439 77.2 368
1731002177531 63.1 369
1731002187616 66.2 370
1731002197714 68.8 371
1731002207817 71.7 372
1731002217933 74.9 373
1731002228055 62.1 374
1731002238163 64.6 375
1731002248263 67.7 376
1731002258382 70.1 377
1731002268477 70.3 378
1731002278586 73.8 379
1731002288697 75.6 380
1731002298802 64.0 381
1731002308926 65.9 382
1731002319043 68.8 383
1731002329143 70.5 384
1731002339271 73.9 385
1731002349374 75.1 386
1731002359496 80.1 387
1731002369603 64.5 388
1731002379721 61.6 389
1731002389842 69.3 390
1731002399962 64.7 391
1731002410045 72.2 392
1731002420127 70.8 393
1731002430217 72.9 394
1731002440326 80.7 395
1731002450448 61.2 396
1731002460574 64.4 397
1731002470699 66.6 398
1731002480810 70.0 399
1731002490941 72.4 400
1731002501060 74.4 401
1731002511185 61.1 402
1731002521304 63.9 403
1731002531398 67.3 404
1731002541476 70.6 405
1731002551592 68.9 406
1731002561928 74.2 407
1731002572043 77.2 408
1731002582145 63.2 409
1731002592269 65.9 410
1731002602394 68.6 411
1731002612514 70.8 412
1731002623066 73.0 413
1731002633189 77.3 414
1731002643308 62.6 415
1731002653433 64.6 416
1731002663554 67.9 417
1731002673684 63.7 418
1731002683813 68.1 419
1731002693955 73.5 420
1731002704054 75.8 421
1731002714167 56.6 422
1731002724284 69.8 423
1731002734371 66.2 424
1731002744490 68.9 425
1731002754590 70.6 426
1731002764718 73.2 427
1731002774838 75.1 428
1731002784961 61.9 429
1731002795084 57.7 430
1731002805191 65.9 431
1731002815307 69.3 432
1731002825408 70.6 433
1731002835480 68.4 434
1731002845602 74.0 435
1731002855713 75.9 436
1731002865825 63.4 437
1731002875960 66.7 438
1731002886085 69.6 439
1731002896200 72.5 440
1731002906324 75.7 441
1731002916436 62.8 442
1731002926556 64.6 443
1731002936647 66.4 444
1731002946770 69.0 445
1731002956900 72.4 446
1731002967025 75.7 447
1731002977105 62.2 448
1731002987223 64.1 449
1731002997349 67.5 450
1731003007473 70.3 451
1731003017600 73.8 452
