1730998454533 8852.5 0
1730998464600 17742.2 1
1730998474650 20570.6 2
1730998484715 21535.6 3
1730998494768 22619.3 4
1730998504831 23738.2 5
1730998514891 29159.2 6
1730998524942 20089.8 7
1730998534993 21283.7 8
1730998545058 22235.8 9
1730998555113 23200.8 10
1730998565179 24257.1 11
1730998575247 19925.3 12
1730998585313 20916.9 13
1730998595385 21854.2 14
1730998605462 22930.7 15
1730998615525 23892.6 16
1730998625596 24528.4 17
1730998635676 20116.1 18
1730998645749 21158.0 19
1730998655819 22106.8 20
1730998665917 23201.1 21
1730998675994 24256.7 22
1730998686052 25462.6 23
1730998696127 20646.0 24
1730998706191 21589.5 25
1730998716252 22632.4 26
1730998726318 23652.4 27
1730998736385 24627.0 28
1730998746450 20135.4 29
1730998756503 21199.2 30
1730998766564 21907.2 31
1730998776622 22569.6 32
1730998786684 23636.0 33
1730998796734 26057.0 34
1730998806794 20206.2 35
1730998816853 21200.8 36
1730998826900 22211.2 37
1730998836968 23187.4 38
1730998847041 24217.8 39
1730998857105 19447.0 40
1730998867171 20627.1 41
1730998877229 21034.8 42
1730998887283 21582.1 43
1730998897351 22423.9 44
1730998907420 23520.1 45
1730998917480 24940.4 46
1730998927555 20204.8 47
1730998937636 20999.4 48
1730998947704 21606.8 49
1730998957791 22322.0 50
1730998967853 23357.9 51
1730998977943 26382.6 52
1730998988013 20031.4 53
1730998998089 20676.4 54
1730999008149 21029.7 55
1730999018210 21846.1 56
1730999028279 22897.5 57
1730999038357 23705.6 58
1730999048434 24133.3 59
1730999058490 24951.3 60
1730999068557 19473.4 61
1730999078612 21302.6 62
1730999088682 21253.8 63
1730999098747 22311.1 64
1730999108818 22981.5 65
1730999118890 23683.2 66
1730999128945 24350.6 67
1730999139008 28806.0 68
1730999149093 20466.9 69
1730999159170 21663.2 70
1730999169252 22000.7 71
1730999179317 22983.8 72
1730999189387 23599.7 73
1730999199457 24401.5 74
1730999209523 25083.9 75
1730999219601 19797.8 76
1730999229687 20869.7 77
1730999239753 21487.7 78
1730999249816 22440.8 79
1730999259876 23139.8 80
1730999269931 23579.8 81
1730999280006 23958.0 82
1730999290080 24690.7 83
1730999300165 24651.1 84
1730999310240 19619.3 85
1730999320328 20392.0 86
1730999330398 20648.6 87
1730999340480 21774.6 88
1730999350566 22504.6 89
1730999360649 23624.5 90
1730999370736 25504.5 91
1730999380810 19341.9 92
1730999390878 20026.4 93
1730999400965 21054.0 94
1730999411056 22245.6 95
1730999421126 23430.4 96
1730999431212 24096.2 97
1730999441285 19396.6 98
1730999451378 20556.6 99
1730999461451 21332.3 100
1730999471541 22004.2 101
1730999481625 23208.1 102
1730999491699 24621.6 103
1730999501787 19698.8 104
1730999511871 20453.4 105
1730999521931 20864.0 106
1730999531999 21839.5 107
1730999542081 22958.0 108
1730999552151 23499.4 109
1730999562235 24397.5 110
1730999572320 19965.9 111
1730999582390 21257.2 112
1730999592456 20830.6 113
1730999602538 20975.7 114
1730999612621 19964.5 115
1730999622700 21907.2 116
1730999632789 24349.4 117
1730999642868 23367.3 118
1730999652955 24468.3 119
1730999663043 19867.4 120
1730999673130 20317.0 121
1730999683220 20757.7 122
1730999693301 21467.4 123
1730999703388 22084.8 124
1730999713463 22833.8 125
1730999723551 23331.4 126
1730999733639 23605.4 127
1730999743723 24492.9 128
1730999753805 19957.3 129
1730999763888 20673.8 130
1730999773953 21485.3 131
1730999784042 22090.5 132
1730999794101 22413.1 133
1730999804190 23137.8 134
1730999814283 24369.6 135
1730999824355 24975.9 136
1730999834437 25773.7 137
1730999844520 21645.8 138
1730999854586 21917.0 139
1730999864678 23060.3 140
1730999874767 23789.2 141
1730999884850 24881.1 142
1730999894930 20486.9 143
1730999905022 22648.2 144
1730999915085 21942.6 145
1730999925166 22762.2 146
1730999935244 25232.3 147
1730999945690 24156.5 148
1730999955771 25847.3 149
1730999965848 20922.7 150
1730999975935 22010.2 151
1730999986015 23895.5 152
1730999996122 23528.9 153
1731000006204 24193.9 154
1731000016283 24922.4 155
1731000026391 25333.2 156
1731000036489 20042.2 157
1731000046585 20787.2 158
1731000056676 21342.0 159
1731000066748 21956.4 160
1731000076824 22306.9 161
1731000086903 23681.6 162
1731000096998 28344.0 163
1731000107107 20160.3 164
1731000117192 21200.8 165
1731000127258 22235.7 166
1731000137356 22842.7 167
1731000147438 23953.8 168
1731000157536 24646.3 169
1731000167632 20243.6 170
1731000177726 20637.9 171
1731000187819 21061.6 172
1731000197896 20470.3 173
1731000207976 21595.4 174
1731000218070 23276.3 175
1731000228167 23916.3 176
1731000238267 24725.9 177
1731000248347 24847.7 178
1731000258435 20581.5 179
1731000268515 21099.9 180
1731000278595 21900.3 181
1731000288684 22893.4 182
1731000298740 23358.4 183
1731000308814 21653.8 184
1731000318902 25357.7 185
1731000328996 30014.0 186
1731000339056 20231.2 187
1731000349129 20898.8 188
1731000359221 21478.9 189
1731000369315 22284.4 190
1731000379401 22846.7 191
1731000389484 23584.8 192
1731000399584 24271.7 193
1731000409674 24884.1 194
1731000419773 20295.3 195
1731000429868 21151.5 196
1731000439938 22260.1 197
1731000450014 23244.3 198
1731000460110 23585.4 199
1731000470201 24832.2 200
1731000480285 19691.1 201
1731000490369 20775.4 202
1731000500467 20121.2 203
1731000510562 22324.7 204
1731000520646 23313.1 205
1731000530762 23840.6 206
1731000540847 24829.4 207
1731000550932 20289.6 208
1731000561028 21218.6 209
1731000571124 22341.9 210
1731000581216 23170.2 211
1731000591309 24205.1 212
1731000601408 30428.6 213
1731000611498 20855.6 214
1731000621599 21589.1 215
1731000631696 22237.5 216
1731000641782 24325.1 217
1731000651883 23738.5 218
1731000661979 24361.1 219
1731000672094 24905.3 220
1731000682193 19900.9 221
1731000692279 19186.6 222
1731000702389 21197.8 223
1731000712483 22072.3 224
1731000722584 22903.6 225
1731000732700 23952.2 226
1731000742793 24696.9 227
1731000752887 20356.2 228
1731000762984 20406.0 229
1731000773086 21373.1 230
1731000783175 22431.8 231
1731000793289 22943.7 232
1731000803380 23523.8 233
1731000813491 24592.0 234
1731000823597 24868.9 235
1731000833684 20443.0 236
1731000843765 21250.7 237
1731000853841 23139.1 238
1731000863929 22851.9 239
1731000874027 23884.4 240
1731000884109 24398.2 241
1731000894214 20217.2 242
1731000904317 20966.5 243
1731000914418 21805.9 244
1731000924513 22492.1 245
1731000934611 23546.8 246
1731000944684 24433.8 247
1731000954751 25121.9 248
1731000964827 20037.8 249
1731000974922 20462.6 250
1731000985014 21206.8 251
1731000995112 21542.3 252
1731001005217 23865.1 253
1731001015339 22562.8 254
1731001025446 23693.6 255
1731001035531 24856.6 256
1731001045624 20258.2 257
1731001055716 20997.0 258
1731001065824 21555.1 259
1731001075937 22181.6 260
1731001086028 23346.8 261
1731001096124 24014.6 262
1731001106194 24520.2 263
1731001116309 25415.1 264
1731001126410 20682.3 265
1731001136522 21248.0 266
1731001146590 21944.2 267
1731001156652 22635.8 268
1731001166767 23769.4 269
1731001176871 26198.7 270
1731001186976 30327.6 271
1731001197089 20189.9 272
1731001207184 19124.5 273
1731001217285 22002.5 274
1731001227360 23091.3 275
1731001237444 23905.2 276
1731001247552 24889.3 277
1731001257647 20276.8 278
1731001267745 20772.7 279
1731001277850 21070.7 280
1731001287928 21870.5 281
1731001298018 22265.5 282
1731001308137 23249.2 283
1731001318241 24027.7 284
1731001328350 24796.4 285
1731001338450 25606.3 286
1731001348554 20711.0 287
1731001358616 22263.2 288
1731001368675 22307.6 289
1731001378783 23199.8 290
1731001388897 24301.4 291
1731001399006 29531.5 292
1731001409109 19296.9 293
1731001419214 21238.9 294
1731001429324 21262.1 295
1731001439437 22037.9 296
1731001449550 21730.6 297
1731001459663 23781.1 298
1731001469766 30330.2 299
1731001479872 20249.0 300
1731001489967 20905.2 301
1731001500078 21730.1 302
1731001510189 20949.9 303
1731001520300 22522.8 304
1731001530416 21247.0 305
1731001540513 24074.4 306
1731001550639 24583.9 307
1731001560750 29967.8 308
1731001570850 20422.5 309
1731001580970 21362.1 310
1731001591075 22361.4 311
1731001601182 23071.5 312
1731001611297 23984.2 313
1731001621398 24605.7 314
1731001631502 25627.4 315
1731001641623 19341.5 316
1731001651713 21128.8 317
1731001661828 22132.0 318
1731001671956 22862.7 319
1731001682034 23959.1 320
1731001692206 24591.4 321
1731001702305 25061.3 322
1731001712413 20769.3 323
1731001722527 21507.2 324
1731001732629 21833.6 325
1731001742740 22741.6 326
1731001752839 23812.6 327
1731001762948 24509.6 328
1731001773062 25722.1 329
1731001783174 21069.0 330
1731001793284 21726.4 331
1731001803397 22342.7 332
1731001813511 23421.6 333
1731001823625 25687.8 334
1731001833740 24970.1 335
1731001843855 20323.9 336
1731001853962 21144.9 337
1731001864049 21988.9 338
1731001874121 22484.9 339
1731001884221 23588.8 340
1731001894327 24668.7 341
1731001904440 20393.0 342
1731001914558 21360.2 343
1731001924686 22400.2 344
1731001934808 23171.7 345
1731001944921 24021.9 346
1731001955036 24704.8 347
1731001965154 26725.6 348
1731001975271 25546.7 349
1731001985391 21275.5 350
1731001995509 22122.8 351
1731002005594 22771.9 352
1731002015707 23700.7 353
1731002025814 24800.5 354
1731002035931 20416.8 355
1731002046048 21182.0 356
1731002056164 22386.2 357
1731002066281 23040.9 358
1731002076397 23642.7 359
1731002086517 24314.9 360
1731002096637 25204.7 361
1731002106749 20717.5 362
1731002116834 21894.9 363
1731002126941 23048.8 364
1731002137058 23795.5 365
1731002147190 24251.3 366
1731002157320 25008.7 367
1731002167439 25901.3 368
1731002177531 21182.1 369
1731002187616 22226.1 370
1731002197714 23065.1 371
1731002207817 24056.4 372
1731002217933 25139.2 373
1731002228055 20821.5 374
1731002238163 21677.6 375
1731002248263 22713.0 376
1731002258382 23510.3 377
1731002268477 23600.9 378
1731002278586 24769.2 379
1731002288697 25364.6 380
1731002298802 21475.6 381
1731002308926 22121.4 382
1731002319043 23095.5 383
1731002329143 23662.6 384
1731002339271 24800.8 385
1731002349374 25198.9 386
1731002359496 26885.5 387
1731002369603 21643.1 388
1731002379721 20681.7 389
1731002389842 23239.8 390
1731002399962 21713.6 391
1731002410045 24216.9 392
1731002420127 23737.5 393
1731002430217 24455.5 394
1731002440326 27088.8 395
1731002450448 20548.6 396
1731002460574 21620.4 397
1731002470699 22354.0 398
1731002480810 23494.7 399
1731002490941 24297.7 400
1731002501060 24965.9 401
1731002511185 20514.9 402
1731002521304 21442.8 403
1731002531398 22567.2 404
1731002541476 23694.1 405
1731002551592 23108.1 406
1731002561928 24898.2 407
1731002572043 25913.8 408
1731002582145 21190.1 409
1731002592269 22108.0 410
1731002602394 23011.5 411
1731002612514 23755.1 412
1731002623066 24502.4 413
1731002633189 25937.8 414
1731002643308 21006.1 415
1731002653433 21670.4 416
1731002663554 22790.4 417
1731002673684 21382.6 418
1731002683813 22854.4 419
1731002693955 24649.7 420
1731002704054 25418.4 421
1731002714167 18993.4 422
1731002724284 23416.0 423
1731002734371 22206.3 424
1731002744490 23116.9 425
1731002754590 23678.2 426
1731002764718 24574.4 427
1731002774838 25198.2 428
1731002784961 20763.2 429
1731002795084 19366.3 430
1731002805191 22106.0 431
1731002815307 23247.1 432
1731002825408 23697.1 433
1731002835480 22954.4 434
1731002845602 24815.1 435
1731002855713 25466.3 436
1731002865825 21263.6 437
1731002875960 22360.9 438
1731002886085 23359.7 439
1731002896200 24311.6 440
1731002906324 25401.5 441
1731002916436 21061.0 442
1731002926556 21663.0 443
1731002936647 22281.7 444
1731002946770 23141.2 445
1731002956900 24275.6 446
1731002967025 25402.5 447
1731002977105 20856.1 448
1731002987223 21495.6 449
1731002997349 22650.0 450
1731003007473 23591.6 451
1731003017600 24757.8 452
