1731056446137 0.1 6144
1731056539025 0.1 9216
1731056640956 0.1 12288
1731056723850 0.1 15360
1731056845628 0.1 18432
1731056951690 0.1 21504
1731057058960 0.1 24576
1731057169131 0.1 27648
1731057256073 0.1 30720
1731057351990 0.1 33792
1731057465456 0.1 36864
1731057567743 0.1 39936
1731057662568 0.1 43008
1731057780924 0.1 46080
1731057901096 0.1 49152
1731058009385 0.1 52224
1731058136893 0.1 55296
1731058350278 0.1 58368
1731058477235 0.1 61440
1731058587250 0.1 64512
1731058717227 0.1 67584
1731058859498 0.1 70656
1731058960110 0.1 73728
1731059110884 0.1 76800
1731059271849 0.1 79872
1731059393890 0.1 82944
1731059506221 0.1 86016
1731059626619 0.1 89088
1731059741742 0.1 92160
1731059863643 0.1 95232
1731059999180 0.1 98304
1731060133515 0.1 101376
