1731056446132 0.3770833333333333 6144
1731056539021 0.3791015625 9216
1731056640951 0.4365234375 12288
1731056723847 0.4776692708333333 15360
1731056845623 0.42311197916666665 18432
1731056951685 0.35833333333333334 21504
1731057058957 0.3357421875 24576
1731057169128 0.23782552083333333 27648
1731057256068 0.221484375 30720
1731057351984 0.25638020833333336 33792
1731057465451 0.21171875 36864
1731057567739 0.29453125 39936
1731057662563 0.31712239583333335 43008
1731057780919 0.2725911458333333 46080
1731057901091 0.30690104166666665 49152
1731058009379 0.23307291666666666 52224
1731058136888 0.26516927083333336 55296
1731058350274 0.366796875 58368
1731058477230 0.41875 61440
1731058587244 0.27096354166666664 64512
1731058717223 0.21080729166666667 67584
1731058859493 0.2341796875 70656
1731058960105 0.2518229166666667 73728
1731059110880 0.1919921875 76800
1731059271844 0.11783854166666667 79872
1731059393874 0.20416666666666666 82944
1731059506217 0.11692708333333333 86016
1731059626615 0.04348958333333333 89088
1731059741738 0.12389322916666666 92160
1731059863637 0.07434895833333334 95232
1731059999177 0.14583333333333334 98304
1731060133510 0.00026041666666666666 101376
