1731056446152 0.6002182960510254 6144
1731056539037 0.4952906370162964 9216
1731056640971 0.6896954774856567 12288
1731056723858 0.543708086013794 15360
1731056845656 0.0028696060180664062 18432
1731056951704 0.2682577967643738 21504
1731057058970 0.5646284818649292 24576
1731057169144 0.4355859160423279 27648
1731057256088 0.5872819423675537 30720
1731057352002 0.5451596975326538 33792
1731057465470 0.7223426103591919 36864
1731057567754 0.26210176944732666 39936
1731057662582 0.3165476322174072 43008
1731057780939 0.01585322618484497 46080
1731057901123 0.22280806303024292 49152
1731058009400 0.41074877977371216 52224
1731058136904 0.533675491809845 55296
1731058350306 0.2983977794647217 58368
1731058477262 0.350586473941803 61440
1731058587267 0.6247099041938782 64512
1731058717236 0.6624245643615723 67584
1731058859508 0.42637449502944946 70656
1731058960126 0.4843868017196655 73728
1731059110897 0.410359263420105 76800
1731059271863 0.5300334095954895 79872
1731059393906 0.5939592719078064 82944
1731059506234 0.44421786069869995 86016
1731059626633 0.519843339920044 89088
1731059741759 0.47331249713897705 92160
1731059863659 0.4342688322067261 95232
1731059999192 0.497278094291687 98304
1731060133526 0.47780656814575195 101376
