1731056446156 0.00029087616 6144
1731056539041 0.00028175231999999994 9216
1731056640976 0.00027262848 12288
1731056723861 0.00026350464 15360
1731056845662 0.0002543808 18432
1731056951709 0.00024525695999999997 21504
1731057058973 0.00023613311999999995 24576
1731057169149 0.00022700927999999996 27648
1731057256093 0.00021788543999999994 30720
1731057352005 0.00020876159999999998 33792
1731057465487 0.00019963775999999996 36864
1731057567757 0.00019051391999999994 39936
1731057662586 0.00018139007999999997 43008
1731057780943 0.00017226623999999996 46080
1731057901129 0.00016314239999999996 49152
1731058009406 0.00015401855999999997 52224
1731058136910 0.00014489471999999995 55296
1731058350311 0.00013577087999999996 58368
1731058477268 0.00012664703999999997 61440
1731058587272 0.0001175232 64512
1731058717239 0.00010839935999999999 67584
1731058859512 9.927552e-05 70656
1731058960131 9.015168e-05 73728
1731059110902 8.102783999999999e-05 76800
1731059271867 7.1904e-05 79872
1731059393911 6.278016e-05 82944
1731059506239 5.3656320000000005e-05 86016
1731059626638 4.453247999999998e-05 89088
1731059741764 3.5408639999999994e-05 92160
1731059863664 2.6284800000000003e-05 95232
1731059999196 1.716095999999998e-05 98304
1731060133529 8.037119999999991e-06 101376
