1731056446164 5.0 6144
1731056539047 10.0 9216
1731056640987 15.0 12288
1731056723868 20.0 15360
1731056845672 25.0 18432
1731056951719 30.0 21504
1731057058980 35.0 24576
1731057169158 40.0 27648
1731057256103 45.0 30720
1731057352013 50.0 33792
1731057465498 55.0 36864
1731057567764 60.0 39936
1731057662594 65.0 43008
1731057780952 70.0 46080
1731057901140 75.0 49152
1731058009416 80.0 52224
1731058136920 85.0 55296
1731058350321 90.0 58368
1731058477279 95.0 61440
1731058587283 100.0 64512
1731058717244 105.0 67584
1731058859519 110.0 70656
1731058960142 115.0 73728
1731059110911 120.0 76800
1731059271876 125.0 79872
1731059393922 130.0 82944
1731059506248 135.0 86016
1731059626648 140.0 89088
1731059741774 145.0 92160
1731059863674 150.0 95232
1731059999204 155.0 98304
1731060133548 160.0 101376
