1731056446169 0.009571091070150336 6144
1731056539050 0.002747533501436313 9216
1731056640992 0.007779953225205342 12288
1731056723872 0.018521639984101057 15360
1731056845677 0.03621624045384427 18432
1731056951724 0.01815658596654733 21504
1731057058983 0.005327284289523959 24576
1731057169175 0.001225563883781433 27648
1731057256107 -0.0010068986487264434 30720
1731057352016 0.00979163016503056 33792
1731057465503 0.0001500042931487163 36864
1731057567768 0.002018557721748948 39936
1731057662599 0.010461046236256759 43008
1731057780957 0.0014424956248452266 46080
1731057901145 0.013248726322005192 49152
1731058009421 0.01013034478140374 52224
1731058136924 0.008078454885010918 55296
1731058350326 0.01908580996096134 58368
1731058477285 0.025775592153271038 61440
1731058587288 0.009240154083818198 64512
1731058717248 0.0034274684575696787 67584
1731058859523 0.00481897642215093 70656
1731058960148 0.016479345348974068 73728
1731059110916 0.003448189717407028 76800
1731059271887 0.009650517844905455 79872
1731059393927 0.0038027738686650992 82944
1731059506252 -0.0018150641272465387 86016
1731059626653 0.0005703976688285669 89088
1731059741778 0.0014725522448619207 92160
1731059863691 0.002430100506171584 95232
1731059999207 0.006878812517970801 98304
1731060133552 -0.00013766659734149774 101376
