1731056446173 1.0 6144
1731056539054 1.0 9216
1731056640997 1.0 12288
1731056723875 1.0 15360
1731056845682 1.0 18432
1731056951729 1.0 21504
1731057058987 1.0 24576
1731057169181 1.0 27648
1731057256112 1.0 30720
1731057352020 1.0 33792
1731057465509 1.0 36864
1731057567771 1.0 39936
1731057662603 1.0 43008
1731057780962 1.0 46080
1731057901149 1.0 49152
1731058009427 1.0 52224
1731058136930 1.0 55296
1731058350331 1.0 58368
1731058477290 1.0 61440
1731058587294 1.0 64512
1731058717250 1.0 67584
1731058859526 1.0 70656
1731058960153 1.0 73728
1731059110935 1.0 76800
1731059271896 1.0 79872
1731059393932 1.0 82944
1731059506257 1.0 86016
1731059626658 1.0 89088
1731059741783 1.0 92160
1731059863696 1.0 95232
1731059999211 1.0 98304
1731060133555 1.0 101376
