1731056446177 4.045820756753286 6144
1731056539057 5.131951959927877 9216
1731056641002 3.323141554991404 12288
1731056723887 7.9737799326578775 15360
1731056845687 282.7616851806641 18432
1731056951733 232.1873524983724 21504
1731057058990 12.272633330027263 24576
1731057169187 5.840380414326986 27648
1731057256117 6.7867684682210285 30720
1731057352024 11.207145643234252 33792
1731057465514 6.828678520520528 36864
1731057567775 19.831597391764323 39936
1731057662607 59.43024075826009 43008
1731057780968 15.606292819976806 46080
1731057901155 125.85420227050781 49152
1731058009432 28.50713431040446 52224
1731058136934 18.890837574005126 55296
1731058350336 24.16322027842204 58368
1731058477295 66.7712890625 61440
1731058587299 21.20534995396932 64512
1731058717253 11.903732776641846 67584
1731058859530 23.869230779012046 70656
1731058960159 260.69852956136066 73728
1731059110940 47.32027632395427 76800
1731059271900 123.49488042195638 79872
1731059393938 144.80130106608073 82944
1731059506261 24.824154663085938 86016
1731059626662 24.427484194437664 89088
1731059741788 39.47372271219889 92160
1731059863701 735.0331685384115 95232
1731059999215 1080.4104634602866 98304
1731060133559 1134.9897298177084 101376
