1732481212635 54.0 3072
1732481297589 43.0 6144
1732481377144 41.0 9216
1732481465116 39.0 12288
1732481546029 39.0 15360
1732481624418 39.0 18432
1732481705302 39.0 21504
1732481792590 38.0 24576
1732481875535 38.0 27648
1732481956423 38.0 30720
1732482035520 38.0 33792
1732482107402 38.0 36864
1732482194137 38.0 39936
1732482279299 38.0 43008
1732482361920 38.0 46080
1732482445452 38.0 49152
1732482538688 37.0 52224
1732482617625 37.0 55296
1732482709173 37.0 58368
1732482803846 37.0 61440
1732482893102 37.0 64512
1732482981042 37.0 67584
1732483061901 37.0 70656
1732483152803 36.0 73728
1732483235059 36.0 76800
1732483313490 37.0 79872
1732483413860 36.0 82944
1732483517527 36.0 86016
1732483599363 36.0 89088
1732483687432 36.0 92160
1732483774171 36.0 95232
1732483855842 36.0 98304
1732483937131 36.0 101376
1732484024470 36.0 104448
1732484105477 36.0 107520
1732484199876 36.0 110592
1732484294426 36.0 113664
1732484373525 36.0 116736
1732484478012 36.0 119808
1732484564102 36.0 122880
1732484643767 36.0 125952
1732484735932 36.0 129024
1732484815154 36.0 132096
1732484914723 35.0 135168
1732485010041 35.0 138240
1732485091568 35.0 141312
1732485191503 35.0 144384
1732485279051 35.0 147456
1732485361980 35.0 150528
1732485459742 35.0 153600
1732485552339 35.0 156672
1732485633643 35.0 159744
1732485723577 35.0 162816
1732485804693 35.0 165888
1732485904985 35.0 168960
1732485992301 35.0 172032
1732486074528 35.0 175104
1732486159177 35.0 178176
1732486235133 35.0 181248
1732486317704 35.0 184320
1732486406138 35.0 187392
1732486492883 35.0 190464
1732486576870 35.0 193536
1732486657011 35.0 196608
1732486758545 35.0 199680
1732486836429 35.0 202752
