1732481212638 1.0 3072
1732481297594 2.0 6144
1732481377149 3.0 9216
1732481465120 4.0 12288
1732481546039 5.0 15360
1732481624424 6.0 18432
1732481705306 7.0 21504
1732481792593 8.0 24576
1732481875540 9.0 27648
1732481956427 10.0 30720
1732482035524 11.0 33792
1732482107406 12.0 36864
1732482194143 13.0 39936
1732482279305 14.0 43008
1732482361926 15.0 46080
1732482445458 16.0 49152
1732482538693 17.0 52224
1732482617629 18.0 55296
1732482709178 19.0 58368
1732482803849 20.0 61440
1732482893107 21.0 64512
1732482981047 22.0 67584
1732483061905 23.0 70656
1732483152808 24.0 73728
1732483235064 25.0 76800
1732483313495 26.0 79872
1732483413875 27.0 82944
1732483517530 28.0 86016
1732483599368 29.0 89088
1732483687441 30.0 92160
1732483774176 31.0 95232
1732483855846 32.0 98304
1732483937136 33.0 101376
1732484024475 34.0 104448
1732484105481 35.0 107520
1732484199881 36.0 110592
1732484294429 37.0 113664
1732484373530 38.0 116736
1732484478017 39.0 119808
1732484564106 40.0 122880
1732484643772 41.0 125952
1732484735937 42.0 129024
1732484815159 43.0 132096
1732484914729 44.0 135168
1732485010045 45.0 138240
1732485091571 46.0 141312
1732485191508 47.0 144384
1732485279056 48.0 147456
1732485361985 49.0 150528
1732485459754 50.0 153600
1732485552342 51.0 156672
1732485633649 52.0 159744
1732485723582 53.0 162816
1732485804699 54.0 165888
1732485904990 55.0 168960
1732485992305 56.0 172032
1732486074531 57.0 175104
1732486159181 58.0 178176
1732486235139 59.0 181248
1732486317708 60.0 184320
1732486406142 61.0 187392
1732486492886 62.0 190464
1732486576876 63.0 193536
1732486657016 64.0 196608
1732486758549 65.0 199680
1732486836434 66.0 202752
