1732481212641 56.0 3072
1732481297599 141.0 6144
1732481377154 221.0 9216
1732481465124 309.0 12288
1732481546044 389.0 15360
1732481624430 468.0 18432
1732481705310 549.0 21504
1732481792597 636.0 24576
1732481875545 719.0 27648
1732481956432 800.0 30720
1732482035529 879.0 33792
1732482107410 951.0 36864
1732482194148 1038.0 39936
1732482279310 1123.0 43008
1732482361932 1205.0 46080
1732482445463 1289.0 49152
1732482538699 1382.0 52224
1732482617634 1461.0 55296
1732482709184 1553.0 58368
1732482803853 1647.0 61440
1732482893111 1737.0 64512
1732482981052 1824.0 67584
1732483061909 1905.0 70656
1732483152813 1996.0 73728
1732483235069 2078.0 76800
1732483313500 2157.0 79872
1732483413879 2257.0 82944
1732483517534 2361.0 86016
1732483599373 2443.0 89088
1732483687448 2531.0 92160
1732483774182 2618.0 95232
1732483855850 2699.0 98304
1732483937147 2781.0 101376
1732484024479 2868.0 104448
1732484105486 2949.0 107520
1732484199885 3043.0 110592
1732484294433 3138.0 113664
1732484373536 3217.0 116736
1732484478021 3321.0 119808
1732484564111 3408.0 122880
1732484643777 3487.0 125952
1732484735942 3579.0 129024
1732484815164 3659.0 132096
1732484914734 3758.0 135168
1732485010050 3853.0 138240
1732485091574 3935.0 141312
1732485191514 4035.0 144384
1732485279061 4122.0 147456
1732485362009 4205.0 150528
1732485459760 4303.0 153600
1732485552346 4396.0 156672
1732485633653 4477.0 159744
1732485723587 4567.0 162816
1732485804704 4648.0 165888
1732485904995 4748.0 168960
1732485992309 4836.0 172032
1732486074534 4918.0 175104
1732486159185 5003.0 178176
1732486235144 5079.0 181248
1732486317711 5161.0 184320
1732486406146 5250.0 187392
1732486492890 5336.0 190464
1732486576882 5420.0 193536
1732486657021 5500.0 196608
1732486758554 5602.0 199680
1732486836439 5680.0 202752
