1732481212644 3072.0 3072
1732481297603 6144.0 6144
1732481377159 9216.0 9216
1732481465128 12288.0 12288
1732481546048 15360.0 15360
1732481624436 18432.0 18432
1732481705326 21504.0 21504
1732481792600 24576.0 24576
1732481875549 27648.0 27648
1732481956437 30720.0 30720
1732482035533 33792.0 33792
1732482107415 36864.0 36864
1732482194154 39936.0 39936
1732482279316 43008.0 43008
1732482361937 46080.0 46080
1732482445469 49152.0 49152
1732482538704 52224.0 52224
1732482617639 55296.0 55296
1732482709189 58368.0 58368
1732482803856 61440.0 61440
1732482893116 64512.0 64512
1732482981056 67584.0 67584
1732483061913 70656.0 70656
1732483152819 73728.0 73728
1732483235075 76800.0 76800
1732483313504 79872.0 79872
1732483413883 82944.0 82944
1732483517538 86016.0 86016
1732483599378 89088.0 89088
1732483687454 92160.0 92160
1732483774187 95232.0 95232
1732483855855 98304.0 98304
1732483937152 101376.0 101376
1732484024484 104448.0 104448
1732484105489 107520.0 107520
1732484199889 110592.0 110592
1732484294437 113664.0 113664
1732484373542 116736.0 116736
1732484478025 119808.0 119808
1732484564115 122880.0 122880
1732484643782 125952.0 125952
1732484735947 129024.0 129024
1732484815169 132096.0 132096
1732484914740 135168.0 135168
1732485010055 138240.0 138240
1732485091577 141312.0 141312
1732485191519 144384.0 144384
1732485279065 147456.0 147456
1732485362014 150528.0 150528
1732485459765 153600.0 153600
1732485552349 156672.0 156672
1732485633659 159744.0 159744
1732485723592 162816.0 162816
1732485804710 165888.0 165888
1732485905000 168960.0 168960
1732485992313 172032.0 172032
1732486074549 175104.0 175104
1732486159189 178176.0 178176
1732486235150 181248.0 181248
1732486317715 184320.0 184320
1732486406150 187392.0 187392
1732486492894 190464.0 190464
1732486576888 193536.0 193536
1732486657026 196608.0 196608
1732486758574 199680.0 199680
1732486836444 202752.0 202752
