1732643389906 0.018933290615677834 6144
1732643499505 0.0026176876854151487 9216
1732643596656 0.00383650790899992 12288
1732643685106 0.004646200221031904 15360
1732643789068 0.003792377421632409 18432
1732643890812 0.0001668186014285311 21504
1732643989523 0.005356755573302507 24576
1732644090513 0.0033913729712367058 27648
1732644185270 0.0033107970375567675 30720
1732644290915 0.0011650481028482318 33792
1732644375419 0.0056395395658910275 36864
1732644451770 0.005477277096360922 39936
1732644541267 0.004123720806092024 43008
1732644625503 0.0007206187001429498 46080
1732644727989 0.008170491084456444 49152
1732644819114 0.0002979724376928061 52224
1732644883158 0.0052157193422317505 55296
1732644957022 0.008819043636322021 58368
1732645030230 0.0006352124619297683 61440
1732645097844 0.015942221507430077 64512
1732645181353 0.0012386990711092949 67584
1732645259930 0.004495398607105017 70656
1732645340059 0.0007048951811157167 73728
1732645428330 0.0016877668676897883 76800
1732645512257 0.00031843091710470617 79872
1732645591417 0.00021423753059934825 82944
1732645654291 0.01060227770358324 86016
1732645737175 0.0003695001360028982 89088
1732645805168 0.0012240683427080512 92160
1732645887875 0.00047236078535206616 95232
1732645974809 0.0006770237232558429 98304
1732646047324 0.0012015275424346328 101376
1732646127233 0.0009810732444748282 104448
1732646202994 0.00014056701911613345 107520
1732646283703 0.00023536465596407652 110592
1732646355762 0.0001186578519991599 113664
1732646455034 0.002352942945435643 116736
1732646540829 0.0013750711223110557 119808
1732646620469 0.00037433102261275053 122880
1732646705782 0.0015032825758680701 125952
1732646798597 0.0007583941915072501 129024
1732646884816 0.0012419341364875436 132096
1732646982469 0.0029962596017867327 135168
1732647086909 0.00041427556425333023 138240
1732647189472 0.0005390078877098858 141312
1732647288268 0.0004252694780007005 144384
1732647392561 0.00047827736125327647 147456
1732647480649 9.726503776619211e-05 150528
1732647602904 0.00019042800704482943 153600
1732647710721 0.0006074525299482048 156672
1732647819968 9.732900798553601e-05 159744
1732647924494 0.00016825017519295216 162816
1732648035421 0.00019720637646969408 165888
1732648146671 0.00031987507827579975 168960
1732648246541 0.000106776540633291 172032
1732648351707 5.61288143217098e-05 175104
1732648445367 6.082376421545632e-05 178176
1732648552192 5.6869914260460064e-05 181248
1732648652734 9.022853191709146e-05 184320
1732648753223 0.00014213727263268083 187392
1732648855720 7.15327332727611e-05 190464
1732648948615 2.1723933969042264e-05 193536
1732649041313 9.548114758217707e-05 196608
1732649143134 9.24128107726574e-06 199680
1732649245185 4.603216893883655e-06 202752
