1732643389922 0.3240885416666667 6144
1732643499508 0.05514322916666667 9216
1732643596660 0.03561197916666667 12288
1732643685111 0.04700520833333333 15360
1732643789074 0.04869791666666667 18432
1732643890817 0.0005208333333333333 21504
1732643989527 0.025455729166666666 24576
1732644090517 0.05 27648
1732644185274 0.042252604166666666 30720
1732644290918 0.026822916666666665 33792
1732644375424 0.04830729166666667 36864
1732644451776 0.06569010416666667 39936
1732644541276 0.022591145833333333 43008
1732644625506 0.0004557291666666667 46080
1732644727993 0.09518229166666667 49152
1732644819119 0.0032552083333333335 52224
1732644883161 0.03177083333333333 55296
1732644957040 0.234765625 58368
1732645030234 0.043684895833333334 61440
1732645097848 0.2936197916666667 64512
1732645181358 0.023958333333333335 67584
1732645259935 0.18899739583333333 70656
1732645340064 0.00026041666666666666 73728
1732645428334 0.021223958333333334 76800
1732645512274 0.0024739583333333332 79872
1732645591424 0.0119140625 82944
1732645654296 0.26048177083333335 86016
1732645737179 0.0140625 89088
1732645805173 0.10006510416666667 92160
1732645887881 0.014388020833333333 95232
1732645974813 0.024088541666666668 98304
1732646047328 0.0125 101376
1732646127237 0.028841145833333335 104448
1732646202998 0.002018229166666667 107520
1732646283709 0.005338541666666667 110592
1732646355766 0.00013020833333333333 113664
1732646455039 0.09791666666666667 116736
1732646540834 0.099609375 119808
1732646620474 0.07174479166666667 122880
1732646705786 0.0869140625 125952
1732646798602 0.39212239583333336 129024
1732646884821 0.06842447916666666 132096
1732646982473 0.28977864583333335 135168
1732647086914 0.18828125 138240
1732647189477 0.1466796875 141312
1732647288273 0.11614583333333334 144384
1732647392564 0.0625 147456
1732647480654 0.008072916666666667 150528
1732647602908 0.007942708333333333 153600
1732647710726 0.18997395833333333 156672
1732647819973 0.0375 159744
1732647924497 0.04641927083333333 162816
1732648035426 0.0314453125 165888
1732648146676 0.08828125 168960
1732648246547 0.09654947916666666 172032
1732648351713 0.1369140625 175104
1732648445372 0.03125 178176
1732648552195 0.20143229166666668 181248
1732648652738 0.05520833333333333 184320
1732648753226 0.15169270833333334 187392
1732648855724 0.2604166666666667 190464
1732648948620 0.12141927083333333 193536
1732649041316 0.23971354166666667 196608
1732649143139 0.333203125 199680
1732649245190 0.4637369791666667 202752
