1732643389943 -0.00179290771484375 6144
1732643499520 5.781650543212891e-06 9216
1732643596675 0.0001842975616455078 12288
1732643685130 0.00010633468627929688 15360
1732643789095 5.811452865600586e-05 18432
1732643890839 0.0003394484519958496 21504
1732643989541 7.748603820800781e-07 24576
1732644090535 0.00012010335922241211 27648
1732644185306 0.0011374950408935547 30720
1732644290949 0.0016498565673828125 33792
1732644375443 0.008391499519348145 36864
1732644451798 0.04628258943557739 39936
1732644541291 0.05505239963531494 43008
1732644625519 0.1693875789642334 46080
1732644728007 0.15328925848007202 49152
1732644819137 0.04775470495223999 52224
1732644883186 0.23839598894119263 55296
1732644957061 0.6351202726364136 58368
1732645030252 0.1394680142402649 61440
1732645097861 0.3294239044189453 64512
1732645181380 0.23194080591201782 67584
1732645259955 0.11832863092422485 70656
1732645340085 0.3238728642463684 73728
1732645428347 0.3621665835380554 76800
1732645512296 0.38222765922546387 79872
1732645591448 0.4345315098762512 82944
1732645654318 0.4102413058280945 86016
1732645737204 0.4446803331375122 89088
1732645805205 0.47456783056259155 92160
1732645887903 0.44038891792297363 95232
1732645974841 0.3901693820953369 98304
1732646047346 0.4589567184448242 101376
1732646127254 0.4739547371864319 104448
1732646203031 0.40937238931655884 107520
1732646283730 0.34975433349609375 110592
1732646355798 0.42158782482147217 113664
1732646455058 0.6188969612121582 116736
1732646540852 0.33105891942977905 119808
1732646620494 0.432237446308136 122880
1732646705801 0.03596979379653931 125952
1732646798623 0.013350427150726318 129024
1732646884836 0.05468684434890747 132096
1732646982488 0.20721983909606934 135168
1732647086932 0.28282737731933594 138240
1732647189495 0.30861979722976685 141312
1732647288306 0.4496612548828125 144384
1732647392579 0.4816918969154358 147456
1732647480687 0.45948702096939087 150528
1732647602939 0.48171740770339966 153600
1732647710748 0.38583260774612427 156672
1732647819995 0.5271025896072388 159744
1732647924509 0.5102195739746094 162816
1732648035458 0.5373355746269226 165888
1732648146697 0.5267950296401978 168960
1732648246568 0.49837028980255127 172032
1732648351735 0.5152487754821777 175104
1732648445394 0.5330334901809692 178176
1732648552210 0.5253496766090393 181248
1732648652753 0.5363048315048218 184320
1732648753238 0.4979584217071533 187392
1732648855738 0.5670911073684692 190464
1732648948638 0.5222570300102234 193536
1732649041331 0.5703942775726318 196608
1732649143163 0.5935486555099487 199680
1732649245208 0.5021406412124634 202752
