1732643389948 0.00039391744 6144
1732643499523 0.00038783488000000005 9216
1732643596679 0.00038175232000000004 12288
1732643685135 0.00037566976 15360
1732643789100 0.0003695872 18432
1732643890844 0.00036350464 21504
1732643989545 0.00035742208 24576
1732644090539 0.00035133952000000003 27648
1732644185311 0.00034525696 30720
1732644290954 0.00033917440000000006 33792
1732644375458 0.00033309184 36864
1732644451803 0.00032700928 39936
1732644541296 0.00032092672 43008
1732644625523 0.00031484416 46080
1732644728011 0.00030876160000000005 49152
1732644819142 0.00030267904000000004 52224
1732644883190 0.00029659648 55296
1732644957067 0.00029051392 58368
1732645030257 0.00028443136 61440
1732645097878 0.00027834880000000004 64512
1732645181385 0.00027226624000000003 67584
1732645259960 0.00026618368 70656
1732645340091 0.00026010112 73728
1732645428351 0.00025401856 76800
1732645512302 0.00024793600000000003 79872
1732645591454 0.00024185344000000002 82944
1732645654323 0.00023577088 86016
1732645737207 0.00022968832 89088
1732645805210 0.00022360575999999998 92160
1732645887909 0.0002175232 95232
1732645974846 0.00021144063999999999 98304
1732646047351 0.00020535808000000003 101376
1732646127258 0.00019927552000000001 104448
1732646203037 0.00019319295999999998 107520
1732646283736 0.00018711040000000002 110592
1732646355803 0.00018102784 113664
1732646455062 0.00017494528 116736
1732646540857 0.00016886272 119808
1732646620499 0.00016278016 122880
1732646705805 0.0001566976 125952
1732646798628 0.00015061504 129024
1732646884840 0.00014453247999999998 132096
1732646982491 0.00013844992000000003 135168
1732647086937 0.00013236736 138240
1732647189500 0.00012628479999999997 141312
1732647288312 0.00012020224000000003 144384
1732647392583 0.00011411968 147456
1732647480692 0.00010803711999999999 150528
1732647602944 0.00010195456000000002 153600
1732647710754 9.5872e-05 156672
1732647820001 8.978944000000003e-05 159744
1732647924512 8.370688000000001e-05 162816
1732648035464 7.762432e-05 165888
1732648146703 7.154176000000002e-05 168960
1732648246573 6.545920000000001e-05 172032
1732648351740 5.937663999999999e-05 175104
1732648445399 5.329408000000002e-05 178176
1732648552214 4.721152e-05 181248
1732648652756 4.112895999999999e-05 184320
1732648753242 3.504640000000002e-05 187392
1732648855742 2.8963839999999998e-05 190464
1732648948643 2.288127999999998e-05 193536
1732649041335 1.6798720000000007e-05 196608
1732649143199 1.0716159999999991e-05 199680
1732649245224 4.633600000000019e-06 202752
