1732643389953 -0.2653450667858124 6144
1732643499526 11.385164260864258 9216
1732643596683 11.10832691192627 12288
1732643685140 5.547306060791016 15360
1732643789105 7.995448112487793 18432
1732643890850 16.360055923461914 21504
1732643989548 11.840141296386719 24576
1732644090543 9.328718185424805 27648
1732644185316 8.182333946228027 30720
1732644290959 8.204662322998047 33792
1732644375462 8.330265045166016 36864
1732644451809 7.769883155822754 39936
1732644541300 3.4490790367126465 43008
1732644625526 5.986565589904785 46080
1732644728014 3.608884334564209 49152
1732644819146 10.822882652282715 52224
1732644883193 14.030828475952148 55296
1732644957072 0.040519535541534424 58368
1732645030262 3.838308811187744 61440
1732645097881 1.5345367193222046 64512
1732645181390 1.8888686895370483 67584
1732645259965 6.329651355743408 70656
1732645340096 2.685884952545166 73728
1732645428354 2.165053367614746 76800
1732645512307 7.30739688873291 79872
1732645591459 8.65527629852295 82944
1732645654328 6.411952972412109 86016
1732645737210 4.730750560760498 89088
1732645805215 5.2184977531433105 92160
1732645887914 5.84370231628418 95232
1732645974851 7.483214378356934 98304
1732646047355 4.212330341339111 101376
1732646127263 4.264968395233154 104448
1732646203042 8.477689743041992 107520
1732646283741 2.8963074684143066 110592
1732646355809 6.293313026428223 113664
1732646455067 1.4067884683609009 116736
1732646540862 13.007102966308594 119808
1732646620504 4.518470764160156 122880
1732646705808 33.98772048950195 125952
1732646798633 368.1375427246094 129024
1732646884844 7.75339412689209 132096
1732646982495 8.198787689208984 135168
1732647086943 8.713480949401855 138240
1732647189516 8.32726001739502 141312
1732647288317 11.572257041931152 144384
1732647392586 14.974592208862305 147456
1732647480697 10.922871589660645 150528
1732647602949 8.754648208618164 153600
1732647710759 20.103540420532227 156672
1732647820006 11.314634323120117 159744
1732647924515 13.493631362915039 162816
1732648035470 12.830595016479492 165888
1732648146708 13.300021171569824 168960
1732648246579 11.159804344177246 172032
1732648351745 10.028727531433105 175104
1732648445404 12.193948745727539 178176
1732648552217 10.40252685546875 181248
1732648652760 11.708718299865723 184320
1732648753244 9.944594383239746 187392
1732648855746 8.583534240722656 190464
1732648948660 8.086193084716797 193536
1732649041338 10.375511169433594 196608
1732649143242 14.415327072143555 199680
1732649245229 12.989185333251953 202752
