1732643389959 5.0 6144
1732643499529 10.0 9216
1732643596687 15.0 12288
1732643685145 20.0 15360
1732643789109 25.0 18432
1732643890865 30.0 21504
1732643989552 35.0 24576
1732644090547 40.0 27648
1732644185321 45.0 30720
1732644290965 50.0 33792
1732644375465 55.0 36864
1732644451814 60.0 39936
1732644541303 65.0 43008
1732644625529 70.0 46080
1732644728018 75.0 49152
1732644819150 80.0 52224
1732644883197 85.0 55296
1732644957077 90.0 58368
1732645030267 95.0 61440
1732645097884 100.0 64512
1732645181396 105.0 67584
1732645259970 110.0 70656
1732645340101 115.0 73728
1732645428357 120.0 76800
1732645512312 125.0 79872
1732645591476 130.0 82944
1732645654334 135.0 86016
1732645737213 140.0 89088
1732645805220 145.0 92160
1732645887919 150.0 95232
1732645974856 155.0 98304
1732646047360 160.0 101376
1732646127267 165.0 104448
1732646203048 170.0 107520
1732646283746 175.0 110592
1732646355814 180.0 113664
1732646455072 185.0 116736
1732646540866 190.0 119808
1732646620509 195.0 122880
1732646705812 200.0 125952
1732646798638 205.0 129024
1732646884847 210.0 132096
1732646982499 215.0 135168
1732647086947 220.0 138240
1732647189522 225.0 141312
1732647288323 230.0 144384
1732647392590 235.0 147456
1732647480702 240.0 150528
1732647602954 245.0 153600
1732647710765 250.0 156672
1732647820012 255.0 159744
1732647924518 260.0 162816
1732648035476 265.0 165888
1732648146713 270.0 168960
1732648246584 275.0 172032
1732648351751 280.0 175104
1732648445409 285.0 178176
1732648552221 290.0 181248
1732648652764 295.0 184320
1732648753247 300.0 187392
1732648855749 305.0 190464
1732648948665 310.0 193536
1732649041342 315.0 196608
1732649143252 320.0 199680
1732649245234 325.0 202752
