1732643389974 0.05831314225991567 6144
1732643499538 11.461435715357462 9216
1732643596699 12.878747987747193 12288
1732643685160 10.210567235946655 15360
1732643789124 7.891184536616008 18432
1732643890883 13.21704552968343 21504
1732643989563 12.61961259841919 24576
1732644090558 7.180526471138 27648
1732644185336 10.38208179473877 30720
1732644290979 8.626917759577433 33792
1732644375476 9.877056074142455 36864
1732644451843 8.063074588775635 39936
1732644541314 3.314502414067586 43008
1732644625555 8.311845842997233 46080
1732644728029 3.5671970287958783 49152
1732644819161 9.50078460375468 52224
1732644883207 8.827890809377035 55296
1732644957093 0.2738550419608752 58368
1732645030281 4.3204342246055605 61440
1732645097894 2.5402811259031295 64512
1732645181412 2.446200352907181 67584
1732645259997 7.392505613962809 70656
1732645340117 3.6200038850307465 73728
1732645428367 3.7992117166519166 76800
1732645512328 7.167698438962301 79872
1732645591493 8.351313773790995 82944
1732645654349 6.390009570121765 86016
1732645737222 4.196424341201782 89088
1732645805235 7.40013157526652 92160
1732645887935 4.352978070576985 95232
1732645974869 7.500875759124756 98304
1732646047374 6.956396738688151 101376
1732646127281 4.193212926387787 104448
1732646203064 7.710226408640543 107520
1732646283763 6.551125637690226 110592
1732646355830 6.123770101865133 113664
1732646455085 2.6805996537208556 116736
1732646540881 11.676159969965617 119808
1732646620524 7.336835352579753 122880
1732646705823 34.3583381652832 125952
1732646798654 401.69379170735675 129024
1732646884859 6.91308232943217 132096
1732646982511 7.829449637730916 135168
1732647086961 11.274301799138387 138240
1732647189539 11.40981839497884 141312
1732647288339 11.561413145065307 144384
1732647392601 11.247134319941203 147456
1732647480718 9.274431149164835 150528
1732647602969 9.532718213399251 153600
1732647710781 17.752806345621746 156672
1732647820026 14.798921871185303 159744
1732647924526 14.34287904103597 162816
1732648035492 12.575814008712769 165888
1732648146729 13.28348830540975 168960
1732648246599 16.522506364186604 172032
1732648351778 16.556837209065755 175104
1732648445425 14.649159240722657 178176
1732648552232 13.185883522033691 181248
1732648652775 12.818097813924153 184320
1732648753256 11.441266536712646 187392
1732648855775 11.848844480514526 190464
1732648948679 12.20117670694987 193536
1732649041353 10.244032192230225 196608
1732649143273 11.492008876800536 199680
1732649245249 13.344810326894125 202752
