1732638259584 54.0 3072
1732638325444 50.0 6144
1732638403020 46.0 9216
1732638472818 45.0 12288
1732638533055 46.0 15360
1732638585438 48.0 18432
1732638635063 49.0 21504
1732638696140 49.0 24576
1732638758516 49.0 27648
1732638827678 49.0 30720
1732638891070 49.0 33792
1732638954216 49.0 36864
1732639026392 48.0 39936
1732639079200 49.0 43008
1732639144406 48.0 46080
1732639207160 48.0 49152
1732639269365 48.0 52224
1732639327905 49.0 55296
1732639390018 49.0 58368
1732639453647 49.0 61440
1732639508266 49.0 64512
1732639563714 49.0 67584
1732639620623 49.0 70656
1732639694717 49.0 73728
1732639753690 49.0 76800
1732639815019 49.0 79872
1732639876978 49.0 82944
1732639931996 49.0 86016
1732639988855 49.0 89088
1732640062540 49.0 92160
1732640127702 49.0 95232
1732640190932 49.0 98304
1732640256007 49.0 101376
1732640321847 49.0 104448
1732640387079 49.0 107520
1732640450875 49.0 110592
1732640511810 49.0 113664
1732640566918 49.0 116736
1732640637119 49.0 119808
1732640693186 49.0 122880
1732640752964 49.0 125952
1732640815217 49.0 129024
1732640876800 49.0 132096
1732640941991 49.0 135168
1732640997064 49.0 138240
1732641060897 49.0 141312
1732641105511 49.0 144384
1732641169143 49.0 147456
1732641226745 49.0 150528
1732641285548 49.0 153600
1732641354309 49.0 156672
1732641413785 49.0 159744
1732641480177 49.0 162816
1732641536462 49.0 165888
1732641594245 49.0 168960
1732641644868 49.0 172032
1732641719934 49.0 175104
1732641774655 49.0 178176
1732641848647 49.0 181248
1732641925613 49.0 184320
1732641972737 49.0 187392
1732642042066 49.0 190464
1732642123660 49.0 193536
1732642190269 49.0 196608
1732642256181 49.0 199680
1732642334280 49.0 202752
