1732638259591 56.0 3072
1732638325451 122.0 6144
1732638403031 199.0 9216
1732638472829 269.0 12288
1732638533066 329.0 15360
1732638585445 382.0 18432
1732638635071 431.0 21504
1732638696148 492.0 24576
1732638758524 555.0 27648
1732638827688 624.0 30720
1732638891077 687.0 33792
1732638954226 750.0 36864
1732639026415 822.0 39936
1732639079208 875.0 43008
1732639144415 941.0 46080
1732639207169 1003.0 49152
1732639269389 1065.0 52224
1732639327912 1124.0 55296
1732639390029 1186.0 58368
1732639453656 1250.0 61440
1732639508272 1304.0 64512
1732639563725 1360.0 67584
1732639620643 1417.0 70656
1732639694727 1491.0 73728
1732639753700 1550.0 76800
1732639815041 1611.0 79872
1732639877000 1673.0 82944
1732639932007 1728.0 86016
1732639988866 1785.0 89088
1732640062550 1859.0 92160
1732640127713 1924.0 95232
1732640190956 1987.0 98304
1732640256023 2052.0 101376
1732640321867 2118.0 104448
1732640387089 2183.0 107520
1732640450883 2247.0 110592
1732640511817 2308.0 113664
1732640566943 2363.0 116736
1732640637130 2433.0 119808
1732640693196 2489.0 122880
1732640752976 2549.0 125952
1732640815228 2611.0 129024
1732640876810 2673.0 132096
1732640941999 2738.0 135168
1732640997082 2793.0 138240
1732641060907 2857.0 141312
1732641105533 2902.0 144384
1732641169153 2965.0 147456
1732641226752 3023.0 150528
1732641285559 3082.0 153600
1732641354319 3150.0 156672
1732641413796 3210.0 159744
1732641480184 3276.0 162816
1732641536468 3333.0 165888
1732641594252 3390.0 168960
1732641644875 3441.0 172032
1732641719942 3516.0 175104
1732641774664 3571.0 178176
1732641848654 3645.0 181248
1732641925623 3722.0 184320
1732641972748 3769.0 187392
1732642042085 3838.0 190464
1732642123671 3920.0 193536
1732642190276 3986.0 196608
1732642256189 4052.0 199680
1732642334292 4130.0 202752
