1731009340816 59.0 3072
1731009387211 62.0 6144
1731009437382 62.0 9216
1731009504070 57.0 12288
1731009567729 55.0 15360
1731009633603 53.0 18432
1731009702652 52.0 21504
1731009771836 50.0 24576
1731009852629 49.0 27648
1731009940840 47.0 30720
1731010014045 46.0 33792
1731010082483 46.0 36864
1731010160914 45.0 39936
1731010214458 46.0 43008
1731010291572 45.0 46080
1731010352998 46.0 49152
1731010407231 46.0 52224
1731010461016 47.0 55296
1731010530168 47.0 58368
1731010599401 46.0 61440
1731010663934 46.0 64512
1731010719103 47.0 67584
1731010770076 47.0 70656
1731010838669 47.0 73728
1731010928403 46.0 76800
1731011044350 45.0 79872
1731011120747 45.0 82944
1731011177701 45.0 86016
1731011238250 45.0 89088
1731011304437 45.0 92160
1731011368017 45.0 95232
1731011435690 45.0 98304
1731011492333 46.0 101376
1731011553387 46.0 104448
1731011614697 46.0 107520
1731011672019 46.0 110592
1731011741731 46.0 113664
1731011839116 45.0 116736
1731011934628 45.0 119808
1731012017488 45.0 122880
1731012099621 44.0 125952
1731012213165 44.0 129024
1731012293598 43.0 132096
1731012373862 43.0 135168
1731012447266 43.0 138240
1731012513924 43.0 141312
1731012590314 43.0 144384
1731012662168 43.0 147456
1731012739568 43.0 150528
1731012808451 43.0 153600
1731012886141 43.0 156672
1731013006702 42.0 159744
1731013102231 42.0 162816
1731013185816 42.0 165888
1731013268123 42.0 168960
1731013333248 42.0 172032
1731013393070 42.0 175104
1731013469317 42.0 178176
1731013532415 42.0 181248
1731013608443 42.0 184320
1731013680002 42.0 187392
1731013746720 42.0 190464
1731013827246 42.0 193536
1731013922180 42.0 196608
1731014005765 42.0 199680
1731014077527 42.0 202752
