1731009340821 1.0 3072
1731009387216 2.0 6144
1731009437385 3.0 9216
1731009504076 4.0 12288
1731009567747 5.0 15360
1731009633607 6.0 18432
1731009702657 7.0 21504
1731009771840 8.0 24576
1731009852632 9.0 27648
1731009940845 10.0 30720
1731010014049 11.0 33792
1731010082487 12.0 36864
1731010160919 13.0 39936
1731010214463 14.0 43008
1731010291590 15.0 46080
1731010353003 16.0 49152
1731010407236 17.0 52224
1731010461021 18.0 55296
1731010530173 19.0 58368
1731010599406 20.0 61440
1731010663936 21.0 64512
1731010719108 22.0 67584
1731010770080 23.0 70656
1731010838674 24.0 73728
1731010928421 25.0 76800
1731011044353 26.0 79872
1731011120752 27.0 82944
1731011177706 28.0 86016
1731011238253 29.0 89088
1731011304453 30.0 92160
1731011368022 31.0 95232
1731011435694 32.0 98304
1731011492338 33.0 101376
1731011553392 34.0 104448
1731011614701 35.0 107520
1731011672024 36.0 110592
1731011741736 37.0 113664
1731011839120 38.0 116736
1731011934645 39.0 119808
1731012017492 40.0 122880
1731012099626 41.0 125952
1731012213169 42.0 129024
1731012293602 43.0 132096
1731012373867 44.0 135168
1731012447271 45.0 138240
1731012513929 46.0 141312
1731012590331 47.0 144384
1731012662173 48.0 147456
1731012739572 49.0 150528
1731012808455 50.0 153600
1731012886146 51.0 156672
1731013006707 52.0 159744
1731013102235 53.0 162816
1731013185820 54.0 165888
1731013268141 55.0 168960
1731013333253 56.0 172032
1731013393075 57.0 175104
1731013469342 58.0 178176
1731013532421 59.0 181248
1731013608447 60.0 184320
1731013680006 61.0 187392
1731013746725 62.0 190464
1731013827251 63.0 193536
1731013922185 64.0 196608
1731014005770 65.0 199680
1731014077532 66.0 202752
