1731009340826 51.0 3072
1731009387222 97.0 6144
1731009437387 148.0 9216
1731009504081 214.0 12288
1731009567753 278.0 15360
1731009633612 344.0 18432
1731009702663 413.0 21504
1731009771845 482.0 24576
1731009852636 563.0 27648
1731009940850 651.0 30720
1731010014054 724.0 33792
1731010082490 793.0 36864
1731010160924 871.0 39936
1731010214468 925.0 43008
1731010291595 1002.0 46080
1731010353008 1063.0 49152
1731010407242 1117.0 52224
1731010461026 1171.0 55296
1731010530178 1240.0 58368
1731010599408 1310.0 61440
1731010663939 1374.0 64512
1731010719111 1429.0 67584
1731010770085 1480.0 70656
1731010838679 1549.0 73728
1731010928426 1639.0 76800
1731011044357 1755.0 79872
1731011120757 1831.0 82944
1731011177712 1888.0 86016
1731011238257 1948.0 89088
1731011304459 2015.0 92160
1731011368027 2078.0 95232
1731011435698 2146.0 98304
1731011492343 2203.0 101376
1731011553397 2264.0 104448
1731011614706 2325.0 107520
1731011672029 2382.0 110592
1731011741741 2452.0 113664
1731011839125 2549.0 116736
1731011934650 2645.0 119808
1731012017497 2728.0 122880
1731012099630 2810.0 125952
1731012213174 2923.0 129024
1731012293607 3004.0 132096
1731012373872 3084.0 135168
1731012447276 3157.0 138240
1731012513933 3224.0 141312
1731012590335 3301.0 144384
1731012662178 3372.0 147456
1731012739577 3450.0 150528
1731012808460 3519.0 153600
1731012886150 3596.0 156672
1731013006712 3717.0 159744
1731013102240 3812.0 162816
1731013185825 3896.0 165888
1731013268147 3978.0 168960
1731013333257 4043.0 172032
1731013393092 4103.0 175104
1731013469366 4180.0 178176
1731013532426 4243.0 181248
1731013608451 4319.0 184320
1731013680011 4390.0 187392
1731013746730 4457.0 190464
1731013827256 4537.0 193536
1731013922191 4632.0 196608
1731014005775 4716.0 199680
1731014077537 4788.0 202752
