1731009340831 3072.0 3072
1731009387228 6144.0 6144
1731009437390 9216.0 9216
1731009504087 12288.0 12288
1731009567759 15360.0 15360
1731009633616 18432.0 18432
1731009702668 21504.0 21504
1731009771850 24576.0 24576
1731009852639 27648.0 27648
1731009940856 30720.0 30720
1731010014059 33792.0 33792
1731010082494 36864.0 36864
1731010160929 39936.0 39936
1731010214474 43008.0 43008
1731010291600 46080.0 46080
1731010353013 49152.0 49152
1731010407247 52224.0 52224
1731010461032 55296.0 55296
1731010530183 58368.0 58368
1731010599411 61440.0 61440
1731010663942 64512.0 64512
1731010719115 67584.0 67584
1731010770089 70656.0 70656
1731010838683 73728.0 73728
1731010928431 76800.0 76800
1731011044361 79872.0 79872
1731011120763 82944.0 82944
1731011177717 86016.0 86016
1731011238261 89088.0 89088
1731011304464 92160.0 92160
1731011368032 95232.0 95232
1731011435701 98304.0 98304
1731011492348 101376.0 101376
1731011553402 104448.0 104448
1731011614710 107520.0 107520
1731011672034 110592.0 110592
1731011741746 113664.0 113664
1731011839129 116736.0 116736
1731011934655 119808.0 119808
1731012017501 122880.0 122880
1731012099635 125952.0 125952
1731012213178 129024.0 129024
1731012293611 132096.0 132096
1731012373877 135168.0 135168
1731012447281 138240.0 138240
1731012513937 141312.0 141312
1731012590340 144384.0 144384
1731012662183 147456.0 147456
1731012739581 150528.0 150528
1731012808464 153600.0 153600
1731012886155 156672.0 156672
1731013006718 159744.0 159744
1731013102244 162816.0 162816
1731013185829 165888.0 165888
1731013268151 168960.0 168960
1731013333262 172032.0 172032
1731013393097 175104.0 175104
1731013469375 178176.0 178176
1731013532432 181248.0 181248
1731013608455 184320.0 184320
1731013680016 187392.0 187392
1731013746736 190464.0 190464
1731013827261 193536.0 193536
1731013922196 196608.0 196608
1731014005780 199680.0 199680
1731014077541 202752.0 202752
