1732617381175 0.01662096194922924 6144
1732617461410 0.01023821346461773 9216
1732617538476 0.0028072400018572807 12288
1732617632040 0.002887139795348048 15360
1732617715966 0.0066269077360630035 18432
1732617793560 0.0035834109876304865 21504
1732617864758 0.0021752032916992903 24576
1732617943782 0.008164343424141407 27648
1732618023072 0.0031459685415029526 30720
1732618109512 0.004952634684741497 33792
1732618184981 0.002670117886736989 36864
1732618267121 0.0034603013191372156 39936
1732618352587 0.0014318324392661452 43008
1732618434291 0.0012096777791157365 46080
1732618515983 0.00287744146771729 49152
1732618586213 0.003941801842302084 52224
1732618664581 0.0012260830262675881 55296
1732618736659 0.00015847577014937997 58368
1732618819634 0.00015128865197766572 61440
1732618905727 2.2531641661771573e-05 64512
1732618976074 1.038028858602047e-05 67584
1732619060858 0.00010008219396695495 70656
1732619148003 1.3540324289351702e-05 73728
1732619237079 1.16832479761797e-05 76800
1732619315257 0.004473252687603235 79872
1732619391751 0.001327516627497971 82944
1732619467322 0.0002651522809173912 86016
1732619562371 0.0009954237611964345 89088
1732619644333 0.00023381428036373109 92160
1732619720590 2.142323319276329e-05 95232
1732619804204 6.879674037918448e-05 98304
1732619883831 2.7435211450210772e-05 101376
1732619962631 4.085939144715667e-05 104448
1732620068558 0.00012810785847250372 107520
1732620149752 1.4606164768338203e-05 110592
1732620252938 2.46661566052353e-05 113664
1732620344836 6.971970287850127e-05 116736
1732620443597 0.0008415105403400958 119808
1732620524781 5.1344570238143206e-05 122880
1732620613117 1.6188170775421895e-05 125952
1732620704053 0.00011438104411354288 129024
1732620800895 1.0115812074218411e-05 132096
1732620889600 3.5003565699298633e-06 135168
1732620976875 6.5207714214921e-06 138240
1732621059989 6.757715595995251e-07 141312
1732621143330 7.837085286155343e-05 144384
1732621244636 0.0005629946244880557 147456
1732621331161 0.0001113356338464655 150528
1732621409404 0.0014645286137238145 153600
1732621508591 8.224645171139855e-06 156672
1732621601409 1.1604861356317997e-06 159744
1732621693376 8.182444730664429e-07 162816
1732621778465 3.0765851988689974e-05 165888
1732621869450 0.0005400828085839748 168960
1732621961948 1.7629159628995694e-05 172032
1732622069829 5.8628153055906296e-05 175104
1732622159819 3.249819201300852e-05 178176
1732622249523 0.00011095439549535513 181248
1732622344223 2.7737056370824575e-05 184320
1732622438101 1.6829910236992873e-05 187392
1732622521239 1.8787493161198654e-07 190464
1732622612886 6.139550237094227e-07 193536
1732622706325 4.811173766938737e-06 196608
1732622793688 3.5514628962118877e-06 199680
1732622876593 6.910025263096031e-07 202752
