1732617381180 0.2901692708333333 6144
1732617461415 0.04680989583333333 9216
1732617538481 0.08216145833333334 12288
1732617632043 0.07897135416666666 15360
1732617715971 0.1203125 18432
1732617793564 0.018815104166666666 21504
1732617864764 0.009244791666666667 24576
1732617943786 0.12408854166666666 27648
1732618023077 0.06842447916666666 30720
1732618109515 0.06966145833333333 33792
1732618184986 0.044270833333333336 36864
1732618267125 0.023958333333333335 39936
1732618352591 0.055924479166666666 43008
1732618434308 0.0057942708333333336 46080
1732618516000 0.06419270833333333 49152
1732618586218 0.0435546875 52224
1732618664584 0.003515625 55296
1732618736664 0.0 58368
1732618819640 0.0 61440
1732618905731 0.0 64512
1732618976078 0.0 67584
1732619060862 0.0 70656
1732619148009 0.0 73728
1732619237084 0.0 76800
1732619315261 0.05618489583333333 79872
1732619391755 0.0048177083333333336 82944
1732619467327 0.0 86016
1732619562376 0.00234375 89088
1732619644338 0.0 92160
1732619720594 0.0 95232
1732619804207 0.0 98304
1732619883836 0.0 101376
1732619962636 0.0 104448
1732620068563 0.0 107520
1732620149757 0.0 110592
1732620252944 0.0 113664
1732620344840 0.0 116736
1732620443603 0.010677083333333334 119808
1732620524785 0.0 122880
1732620613121 0.0 125952
1732620704057 0.0 129024
1732620800899 0.0 132096
1732620889604 0.0 135168
1732620976878 0.0 138240
1732621059994 0.0 141312
1732621143335 0.0 144384
1732621244641 0.0197265625 147456
1732621331165 6.510416666666667e-05 150528
1732621409408 0.16002604166666667 153600
1732621508595 0.0 156672
1732621601414 0.0 159744
1732621693381 0.0 162816
1732621778470 0.00013020833333333333 165888
1732621869455 0.2736328125 168960
1732621961951 0.0004557291666666667 172032
1732622069832 0.0018880208333333333 175104
1732622159823 0.0003255208333333333 178176
1732622249527 0.024544270833333333 181248
1732622344228 0.0014322916666666666 184320
1732622438106 0.0009114583333333333 187392
1732622521243 0.0 190464
1732622612891 0.0 193536
1732622706330 0.0509765625 196608
1732622793693 0.012630208333333334 199680
1732622876598 0.0603515625 202752
