1732617381184 0.19695872 6144
1732617461421 0.19391744000000002 9216
1732617538486 0.19087616000000002 12288
1732617632046 0.18783488 15360
1732617715976 0.1847936 18432
1732617793569 0.18175232 21504
1732617864770 0.17871104 24576
1732617943789 0.17566976 27648
1732618023082 0.17262848 30720
1732618109519 0.16958720000000002 33792
1732618184991 0.16654592000000001 36864
1732618267129 0.16350464 39936
1732618352594 0.16046336000000003 43008
1732618434312 0.15742208000000002 46080
1732618516006 0.1543808 49152
1732618586223 0.15133952 52224
1732618664587 0.14829824 55296
1732618736669 0.14525696 58368
1732618819645 0.14221568 61440
1732618905735 0.13917440000000003 64512
1732618976083 0.13613312000000002 67584
1732619060866 0.13309184000000002 70656
1732619148014 0.13005056 73728
1732619237090 0.12700928 76800
1732619315265 0.12396800000000001 79872
1732619391760 0.12092672000000002 82944
1732619467343 0.11788544000000001 86016
1732619562380 0.11484416 89088
1732619644343 0.11180288 92160
1732619720597 0.10876160000000001 95232
1732619804211 0.10572032 98304
1732619883842 0.10267904000000001 101376
1732619962641 0.09963776 104448
1732620068568 0.09659648 107520
1732620149762 0.09355520000000002 110592
1732620252949 0.09051392 113664
1732620344844 0.08747263999999999 116736
1732620443608 0.08443136000000001 119808
1732620524789 0.08139008 122880
1732620613125 0.07834880000000001 125952
1732620704061 0.07530752 129024
1732620800903 0.07226624 132096
1732620889608 0.06922496000000002 135168
1732620976882 0.06618368000000001 138240
1732621059998 0.06314239999999999 141312
1732621143339 0.06010112000000001 144384
1732621244645 0.05705984 147456
1732621331168 0.05401855999999999 150528
1732621409411 0.05097728000000001 153600
1732621508600 0.047936 156672
1732621601431 0.04489472000000001 159744
1732621693386 0.041853440000000006 162816
1732621778475 0.03881216 165888
1732621869459 0.03577088000000001 168960
1732621961955 0.032729600000000005 172032
1732622069835 0.029688319999999997 175104
1732622159827 0.02664704000000001 178176
1732622249531 0.023605760000000003 181248
1732622344233 0.02056447999999999 184320
1732622438112 0.017523200000000006 187392
1732622521247 0.014481919999999997 190464
1732622612895 0.01144063999999999 193536
1732622706335 0.008399360000000003 196608
1732622793698 0.005358079999999995 199680
1732622876603 0.002316800000000009 202752
