1732617381187 0.9847935999999999 6144
1732617461426 0.9695872 9216
1732617538504 0.9543808 12288
1732617632050 0.9391744 15360
1732617715981 0.923968 18432
1732617793573 0.9087616 21504
1732617864775 0.8935552 24576
1732617943793 0.8783488 27648
1732618023087 0.8631424 30720
1732618109522 0.847936 33792
1732618184997 0.8327296 36864
1732618267135 0.8175232 39936
1732618352599 0.8023168 43008
1732618434317 0.7871104 46080
1732618516011 0.771904 49152
1732618586229 0.7566976 52224
1732618664601 0.7414912 55296
1732618736674 0.7262848 58368
1732618819651 0.7110784 61440
1732618905739 0.695872 64512
1732618976088 0.6806656000000001 67584
1732619060871 0.6654592 70656
1732619148020 0.6502528 73728
1732619237095 0.6350463999999999 76800
1732619315268 0.61984 79872
1732619391764 0.6046336000000001 82944
1732619467349 0.5894272 86016
1732619562385 0.5742208 89088
1732619644349 0.5590143999999999 92160
1732619720600 0.5438080000000001 95232
1732619804214 0.5286016 98304
1732619883859 0.5133952 101376
1732619962646 0.4981888 104448
1732620068573 0.4829824 107520
1732620149766 0.467776 110592
1732620252954 0.4525696 113664
1732620344847 0.43736319999999995 116736
1732620443614 0.42215680000000005 119808
1732620524793 0.4069504 122880
1732620613129 0.39174400000000004 125952
1732620704065 0.37653760000000003 129024
1732620800920 0.36133119999999996 132096
1732620889612 0.34612480000000007 135168
1732620976885 0.3309184 138240
1732621060003 0.315712 141312
1732621143344 0.30050560000000004 144384
1732621244650 0.2852992 147456
1732621331171 0.27009279999999997 150528
1732621409415 0.2548864 153600
1732621508604 0.23968 156672
1732621601435 0.22447360000000005 159744
1732621693391 0.20926720000000001 162816
1732621778480 0.19406079999999998 165888
1732621869464 0.17885440000000005 168960
1732621961958 0.16364800000000002 172032
1732622069838 0.14844159999999998 175104
1732622159830 0.13323520000000003 178176
1732622249535 0.11802879999999999 181248
1732622344238 0.10282239999999995 184320
1732622438117 0.08761600000000001 187392
1732622521252 0.07240959999999998 190464
1732622612900 0.05720319999999995 193536
1732622706341 0.041996800000000015 196608
1732622793704 0.026790399999999978 199680
1732622876608 0.011584000000000046 202752
