1732617381191 -2.8480234225591023 6144
1732617461431 -2.8675284226735434 9216
1732617538509 -2.886067287127177 12288
1732617632053 -2.9049567937850953 15360
1732617715987 -2.9255757331848145 18432
1732617793576 -2.941261100769043 21504
1732617864780 -2.9571878989537557 24576
1732617943797 -2.9744759877522786 27648
1732618023104 -2.9930665175120037 30720
1732618109526 -3.0119702021280923 33792
1732618185002 -3.0326360781987507 36864
1732618267140 -3.0492873827616376 39936
1732618352602 -3.0632992664972942 43008
1732618434321 -3.074507959683736 46080
1732618516017 -3.0931203921635944 49152
1732618586234 -3.116056704521179 52224
1732618664604 -3.1340991735458372 55296
1732618736679 -3.1392935117085776 58368
1732618819656 -3.1402514219284057 61440
1732618905744 -3.140529743830363 64512
1732618976092 -3.140749931335449 67584
1732619060876 -3.1410096724828085 70656
1732619148025 -3.1413339138031007 73728
1732619237100 -3.141595737139384 76800
1732619315272 -3.14215571085612 79872
1732619391769 -3.144388294219971 82944
1732619467354 -3.1455270210901896 86016
1732619562390 -3.1462861855824786 89088
1732619644354 -3.146965750058492 92160
1732619720603 -3.147337627410889 95232
1732619804217 -3.1476058959960938 98304
1732619883864 -3.147933586438497 101376
1732619962650 -3.148158327738444 104448
1732620068578 -3.148388870557149 107520
1732620149771 -3.1485921303431192 110592
1732620252960 -3.148730754852295 113664
1732620344851 -3.1489131371180217 116736
1732620443619 -3.1497960408528645 119808
1732620524797 -3.150724442799886 122880
1732620613132 -3.1512231111526487 125952
1732620704069 -3.1515648206075033 129024
1732620800926 -3.151816399892171 132096
1732620889617 -3.152053952217102 135168
1732620976889 -3.1522435347239175 138240
1732621060007 -3.15243349870046 141312
1732621143349 -3.152845819791158 144384
1732621244654 -3.1533578554789226 147456
1732621331174 -3.1540023565292357 150528
1732621409419 -3.1544644355773928 153600
1732621508609 -3.1550171772638955 156672
1732621601441 -3.155289316177368 159744
1732621693395 -3.155503829320272 162816
1732621778486 -3.1558522462844847 165888
1732621869468 -3.1584641695022584 168960
1732621961962 -3.1593902826309206 172032
1732622069842 -3.1597400108973184 175104
1732622159834 -3.160091272989909 178176
1732622249538 -3.1603946685791016 181248
1732622344242 -3.160845883687337 184320
1732622438122 -3.161240983009338 187392
1732622521256 -3.1614208698272703 190464
1732622612904 -3.161587111155192 193536
1732622706346 -3.1619973023732504 196608
1732622793709 -3.162311323483785 199680
1732622876614 -3.1623865604400634 202752
