1732617381199 0.00039391744 6144
1732617461449 0.00038783488000000005 9216
1732617538520 0.00038175232000000004 12288
1732617632060 0.00037566976 15360
1732617715997 0.0003695872 18432
1732617793585 0.00036350464 21504
1732617864791 0.00035742208 24576
1732617943805 0.00035133952000000003 27648
1732618023115 0.00034525696 30720
1732618109533 0.00033917440000000006 33792
1732618185013 0.00033309184 36864
1732618267164 0.00032700928 39936
1732618352610 0.00032092672 43008
1732618434330 0.00031484416 46080
1732618516028 0.00030876160000000005 49152
1732618586245 0.00030267904000000004 52224
1732618664610 0.00029659648 55296
1732618736689 0.00029051392 58368
1732618819667 0.00028443136 61440
1732618905760 0.00027834880000000004 64512
1732618976114 0.00027226624000000003 67584
1732619060885 0.00026618368 70656
1732619148036 0.00026010112 73728
1732619237111 0.00025401856 76800
1732619315279 0.00024793600000000003 79872
1732619391778 0.00024185344000000002 82944
1732619467365 0.00023577088 86016
1732619562399 0.00022968832 89088
1732619644365 0.00022360575999999998 92160
1732619720610 0.0002175232 95232
1732619804236 0.00021144063999999999 98304
1732619883872 0.00020535808000000003 101376
1732619962659 0.00019927552000000001 104448
1732620068588 0.00019319295999999998 107520
1732620149780 0.00018711040000000002 110592
1732620252971 0.00018102784 113664
1732620344858 0.00017494528 116736
1732620443630 0.00016886272 119808
1732620524805 0.00016278016 122880
1732620613140 0.0001566976 125952
1732620704076 0.00015061504 129024
1732620800935 0.00014453247999999998 132096
1732620889638 0.00013844992000000003 135168
1732620976897 0.00013236736 138240
1732621060015 0.00012628479999999997 141312
1732621143372 0.00012020224000000003 144384
1732621244676 0.00011411968 147456
1732621331181 0.00010803711999999999 150528
1732621409427 0.00010195456000000002 153600
1732621508619 9.5872e-05 156672
1732621601451 8.978944000000003e-05 159744
1732621693402 8.370688000000001e-05 162816
1732621778497 7.762432e-05 165888
1732621869477 7.154176000000002e-05 168960
1732621961975 6.545920000000001e-05 172032
1732622069848 5.937663999999999e-05 175104
1732622159841 5.329408000000002e-05 178176
1732622249546 4.721152e-05 181248
1732622344251 4.112895999999999e-05 184320
1732622438143 3.504640000000002e-05 187392
1732622521266 2.8963839999999998e-05 190464
1732622612914 2.288127999999998e-05 193536
1732622706368 1.6798720000000007e-05 196608
1732622793720 1.0716159999999991e-05 199680
1732622876624 4.633600000000019e-06 202752
