1732617381206 5.0 6144
1732617461460 10.0 9216
1732617538530 15.0 12288
1732617632066 20.0 15360
1732617716009 25.0 18432
1732617793594 30.0 21504
1732617864802 35.0 24576
1732617943812 40.0 27648
1732618023126 45.0 30720
1732618109540 50.0 33792
1732618185035 55.0 36864
1732618267175 60.0 39936
1732618352619 65.0 43008
1732618434339 70.0 46080
1732618516039 75.0 49152
1732618586255 80.0 52224
1732618664615 85.0 55296
1732618736698 90.0 58368
1732618819677 95.0 61440
1732618905772 100.0 64512
1732618976125 105.0 67584
1732619060894 110.0 70656
1732619148047 115.0 73728
1732619237129 120.0 76800
1732619315287 125.0 79872
1732619391787 130.0 82944
1732619467376 135.0 86016
1732619562408 140.0 89088
1732619644376 145.0 92160
1732619720617 150.0 95232
1732619804243 155.0 98304
1732619883878 160.0 101376
1732619962668 165.0 104448
1732620068598 170.0 107520
1732620149790 175.0 110592
1732620252982 180.0 113664
1732620344866 185.0 116736
1732620443655 190.0 119808
1732620524813 195.0 122880
1732620613148 200.0 125952
1732620704084 205.0 129024
1732620800945 210.0 132096
1732620889649 215.0 135168
1732620976904 220.0 138240
1732621060024 225.0 141312
1732621143382 230.0 144384
1732621244686 235.0 147456
1732621331186 240.0 150528
1732621409434 245.0 153600
1732621508643 250.0 156672
1732621601460 255.0 159744
1732621693412 260.0 162816
1732621778507 265.0 165888
1732621869499 270.0 168960
1732621961982 275.0 172032
1732622069868 280.0 175104
1732622159849 285.0 178176
1732622249554 290.0 181248
1732622344261 295.0 184320
1732622438154 300.0 187392
1732622521275 305.0 190464
1732622612923 310.0 193536
1732622706378 315.0 196608
1732622793742 320.0 199680
1732622876635 325.0 202752
