1732617381210 -0.024227611844738324 6144
1732617461466 -0.0006423097569495439 9216
1732617538535 0.0008325059898197651 12288
1732617632070 -0.0005369434288392465 15360
1732617716014 -0.0013492262767006954 18432
1732617793598 -8.850684389472008e-05 21504
1732617864808 0.0009292747514943281 24576
1732617943816 -0.0009095158893615007 27648
1732618023131 -0.00013432918737332026 30720
1732618109544 -0.0012120428029447794 33792
1732618185040 -0.000580329867079854 36864
1732618267180 0.00024302644499888022 39936
1732618352623 -0.0010016541928052902 43008
1732618434343 0.00028285301911334194 46080
1732618516045 -0.0009042412197838227 49152
1732618586260 -0.0003918285792072614 52224
1732618664618 8.240350677321354e-05 55296
1732618736703 0.00022431273634235065 58368
1732618819695 -0.0002681521388391654 61440
1732618905777 -6.142854690551757e-05 64512
1732618976131 -1.1219720666607222e-05 67584
1732619060898 -0.00026956448952356976 70656
1732619148052 4.786256079872449e-05 73728
1732619237134 -3.539842242995898e-05 76800
1732619315290 -0.0008754003327339887 79872
1732619391791 -0.0005127491739888985 82944
1732619467381 -0.00017295336971680323 86016
1732619562412 -0.0005614473484456539 89088
1732619644381 -0.0003904697252437472 92160
1732619720633 -2.6730354875326157e-05 95232
1732619804247 -0.00011234058377643427 98304
1732619883882 -1.7265075196822485e-05 101376
1732619962673 -0.00013250804816683132 104448
1732620068603 -0.0005269500970219572 107520
1732620149794 3.9463381593426065e-05 110592
1732620252988 -0.00011166598026951154 113664
1732620344869 -5.2980488787094754e-05 116736
1732620443661 -0.00035935974059005577 119808
1732620524817 1.8384035987158615e-05 122880
1732620613152 -3.847614862024784e-05 125952
1732620704088 -0.00032415653889377913 129024
1732620800949 5.332442621390025e-06 132096
1732620889654 -2.9936122397581737e-06 135168
1732620976908 -3.557903692126274e-05 138240
1732621060029 1.535628301401933e-05 141312
1732621143388 -0.00010466927972932657 144384
1732621244691 -0.0005287383993466695 147456
1732621331188 -0.0001700673718005419 150528
1732621409438 -0.0005462938609222571 153600
1732621508648 -1.2624418983856837e-05 156672
1732621601464 9.00908683737119e-06 159744
1732621693416 3.2419183601935703e-06 162816
1732621778512 1.7288140952587127e-06 165888
1732621869505 0.0004885849232474963 168960
1732621961986 0.0001298310390363137 172032
1732622069873 -0.00011947744836409887 175104
1732622159853 -2.5163978959123292e-05 178176
1732622249557 -0.00016818810254335404 181248
1732622344265 -3.497743358214696e-05 184320
1732622438160 -5.542868748307228e-05 187392
1732622521280 9.817513637244702e-06 190464
1732622612928 7.092999294400215e-06 193536
1732622706384 -6.688223220407963e-05 196608
1732622793748 -2.180881177385648e-05 199680
1732622876640 2.3267542322476706e-07 202752
