1732617381227 1.0107710361480713 6144
1732617461472 1.0201560258865356 9216
1732617538540 1.0293447971343994 12288
1732617632073 1.0404695272445679 15360
1732617716020 1.0493619441986084 18432
1732617793602 1.0577306747436523 21504
1732617864813 1.0657612085342407 24576
1732617943820 1.0759707689285278 27648
1732618023136 1.0858179330825806 30720
1732618109547 1.0966713428497314 33792
1732618185045 1.107667326927185 36864
1732618267185 1.1152406930923462 39936
1732618352627 1.123126745223999 43008
1732618434348 1.130298376083374 46080
1732618516050 1.143181324005127 49152
1732618586266 1.1559791564941406 52224
1732618664620 1.161975622177124 55296
1732618736708 1.1630749702453613 58368
1732618819701 1.1633174419403076 61440
1732618905783 1.1634339094161987 64512
1732618976136 1.1635866165161133 67584
1732619060903 1.163748025894165 70656
1732619148057 1.1639348268508911 73728
1732619237140 1.1640621423721313 76800
1732619315294 1.164980411529541 79872
1732619391796 1.166095495223999 82944
1732619467387 1.1664917469024658 86016
1732619562417 1.1669743061065674 89088
1732619644386 1.167262315750122 92160
1732619720637 1.1674189567565918 95232
1732619804250 1.1676199436187744 98304
1732619883885 1.1677632331848145 101376
1732619962677 1.1678917407989502 104448
1732620068608 1.1680324077606201 107520
1732620149798 1.1681170463562012 110592
1732620252993 1.1682040691375732 113664
1732620344873 1.1684305667877197 116736
1732620443667 1.1691367626190186 119808
1732620524821 1.1694910526275635 122880
1732620613156 1.1697345972061157 125952
1732620704092 1.169891595840454 129024
1732620800954 1.1700420379638672 132096
1732620889658 1.170156717300415 135168
1732620976911 1.170269250869751 138240
1732621060032 1.1704304218292236 141312
1732621143393 1.1706937551498413 144384
1732621244696 1.171112060546875 147456
1732621331191 1.1713312864303589 150528
1732621409442 1.1717393398284912 153600
1732621508654 1.1719233989715576 156672
1732621601469 1.17207932472229 159744
1732621693421 1.172160029411316 162816
1732621778518 1.1730642318725586 165888
1732621869510 1.17427659034729 168960
1732621961989 1.1745104789733887 172032
1732622069877 1.1747350692749023 175104
1732622159856 1.1748995780944824 178176
1732622249561 1.175133466720581 181248
1732622344270 1.175402283668518 184320
1732622438165 1.1755597591400146 187392
1732622521285 1.1756415367126465 190464
1732622612932 1.1758027076721191 193536
1732622706389 1.176079511642456 196608
1732622793753 1.1761513948440552 199680
1732622876645 1.1761881113052368 202752
