1732617381232 0.0581266850233078 6144
1732617461478 6.883577990531921 9216
1732617538546 6.513741866747538 12288
1732617632077 2.185180679957072 15360
1732617716025 6.30227575302124 18432
1732617793607 8.003610666592916 21504
1732617864819 7.7258323987325035 24576
1732617943824 3.881439979871114 27648
1732618023142 7.6287670453389484 30720
1732618109551 7.511716842651367 33792
1732618185051 7.2979015429814655 36864
1732618267191 5.479149063428243 39936
1732618352631 5.497224736213684 43008
1732618434352 5.9714966456095375 46080
1732618516056 7.599358320236206 49152
1732618586271 8.981826114654542 52224
1732618664623 5.840533153216044 55296
1732618736713 5.512223132451376 58368
1732618819706 5.471696567535401 61440
1732618905787 6.950234611829122 64512
1732618976142 5.231440830230713 67584
1732619060907 3.5491706132888794 70656
1732619148062 5.172306776046753 73728
1732619237146 6.727603014310201 76800
1732619315298 5.317684483528137 79872
1732619391801 3.4106754859288535 82944
1732619467392 4.804517507553101 86016
1732619562421 3.270974797010422 89088
1732619644392 4.76877322991689 92160
1732619720642 6.421669252713522 95232
1732619804253 4.724647188186646 98304
1732619883889 4.808246529102325 101376
1732619962682 4.79361974398295 104448
1732620068613 4.800090336799622 107520
1732620149802 9.580290714899698 110592
1732620252999 3.388904007275899 113664
1732620344876 7.881001170476278 116736
1732620443672 4.724311876296997 119808
1732620524825 7.491789484024048 122880
1732620613160 4.602754966417948 125952
1732620704096 9.038275051116944 129024
1732620800959 4.653091510136922 132096
1732620889662 9.163065719604493 135168
1732620976915 6.10486749013265 138240
1732621060036 7.494411500295003 141312
1732621143398 5.9338346799214685 144384
1732621244701 5.386611958344777 147456
1732621331193 8.077907133102418 150528
1732621409445 4.436902952194214 153600
1732621508659 5.837843060493469 156672
1732621601475 5.827076172828674 159744
1732621693426 6.150392452875773 162816
1732621778523 6.037503043810527 165888
1732621869515 4.731580845514933 168960
1732621961992 6.140800102551778 172032
1732622069881 4.448082717259725 175104
1732622159860 7.084888831774394 178176
1732622249578 5.649652981758118 181248
1732622344274 5.709508021672566 184320
1732622438171 6.5307426929473875 187392
1732622521290 6.879360405604045 190464
1732622612937 5.676614721616109 193536
1732622706394 4.397505521774292 196608
1732622793758 7.279753716786702 199680
1732622876651 4.330483746528626 202752
