1732481297608 0.018468620255589485 6144
1732481377165 0.0013332160888239741 9216
1732481465132 0.007585657294839621 12288
1732481546053 0.008551879785954952 15360
1732481624441 0.0037156136240810156 18432
1732481705332 0.0076591856777668 21504
1732481792603 0.0006845614989288151 24576
1732481875554 0.0020953116472810507 27648
1732481956441 0.0064975302666425705 30720
1732482035538 0.0014296326553449035 33792
1732482107419 0.007772574666887522 36864
1732482194159 0.0028137301560491323 39936
1732482279321 0.003632211359217763 43008
1732482361943 0.0024470321368426085 46080
1732482445474 0.003841269761323929 49152
1732482538709 3.247467611799948e-05 52224
1732482617654 6.85381019138731e-05 55296
1732482709194 3.940858368878253e-05 58368
1732482803860 8.92908064997755e-05 61440
1732482893121 3.483980663077091e-06 64512
1732482981061 1.3331708032637835e-05 67584
1732483061928 1.4924599781807046e-05 70656
1732483152824 0.0001451593852834776 73728
1732483235080 2.4962102543213405e-05 76800
1732483313521 7.110038859536871e-05 79872
1732483413888 9.421942377230152e-05 82944
1732483517542 3.1543448130832985e-05 86016
1732483599383 3.354090222273953e-05 89088
1732483687460 4.23784740632982e-06 92160
1732483774193 1.0602719839880592e-06 95232
1732483855859 2.911989577114582e-05 98304
1732483937158 1.6133999451994896e-06 101376
1732484024488 4.846408774028532e-05 104448
1732484105493 0.00010142079554498196 107520
1732484199893 6.331014446914196e-06 110592
1732484294441 4.205641380394809e-05 113664
1732484373547 0.00014925142750144005 116736
1732484478028 5.181353117222898e-05 119808
1732484564121 1.8771970644593239e-06 122880
1732484643787 1.8484462998458184e-05 125952
1732484735952 0.000699509575497359 129024
1732484815174 0.00046981521882116795 132096
1732484914745 0.0003478291037026793 135168
1732485010060 0.0001293335371883586 138240
1732485091580 6.943163316464052e-05 141312
1732485191525 2.506482087483164e-05 144384
1732485279070 0.0005809406866319478 147456
1732485362019 0.00041525918641127646 150528
1732485459771 0.0002878375817090273 153600
1732485552353 1.5310439266613685e-05 156672
1732485633665 8.52051471156301e-06 159744
1732485723598 6.287496216828004e-05 162816
1732485804715 5.440863901640114e-07 165888
1732485905005 1.4377253137354273e-05 168960
1732485992316 1.3802006833429914e-05 172032
1732486074553 0.000175091132405214 175104
1732486159192 0.00012865092139691114 178176
1732486235155 0.00010911907156696543 181248
1732486317719 9.722631511976942e-05 184320
1732486406155 3.841709622065537e-05 187392
1732486492897 4.012855697510531e-06 190464
1732486576894 1.2940125998284202e-05 193536
1732486657031 1.268628238904057e-05 196608
1732486758578 2.294545993208885e-06 199680
1732486836449 6.959327492950251e-06 202752
