1732481297614 0.29440104166666664 6144
1732481377183 0.0646484375 9216
1732481465136 0.08483072916666666 12288
1732481546059 0.09609375 15360
1732481624447 0.07565104166666667 18432
1732481705337 0.04895833333333333 21504
1732481792606 0.066015625 24576
1732481875571 0.015494791666666667 27648
1732481956446 0.07076822916666667 30720
1732482035543 0.0275390625 33792
1732482107423 0.12565104166666666 36864
1732482194165 0.0310546875 39936
1732482279327 0.0826171875 43008
1732482361949 0.018424479166666667 46080
1732482445479 0.022135416666666668 49152
1732482538715 0.0 52224
1732482617661 0.0 55296
1732482709200 0.0 58368
1732482803864 0.0 61440
1732482893126 0.0 64512
1732482981065 0.0 67584
1732483061932 0.0 70656
1732483152830 0.0 73728
1732483235086 0.0 76800
1732483313525 0.0 79872
1732483413893 0.0 82944
1732483517546 0.0 86016
1732483599389 0.0 89088
1732483687466 0.0 92160
1732483774198 0.0 95232
1732483855863 0.0 98304
1732483937163 0.0 101376
1732484024506 0.0 104448
1732484105497 0.0 107520
1732484199898 0.0 110592
1732484294445 0.0 113664
1732484373553 0.0 116736
1732484478031 0.0 119808
1732484564126 0.0 122880
1732484643792 0.0 125952
1732484735956 0.010611979166666667 129024
1732484815179 0.0359375 132096
1732484914751 0.0029296875 135168
1732485010064 0.0 138240
1732485091583 0.0 141312
1732485191531 0.0 144384
1732485279074 0.0205078125 147456
1732485362023 0.045182291666666666 150528
1732485459776 0.0099609375 153600
1732485552373 0.0 156672
1732485633671 0.0 159744
1732485723609 6.510416666666667e-05 162816
1732485804721 0.0 165888
1732485905011 0.0 168960
1732485992319 0.0 172032
1732486074556 0.15611979166666667 175104
1732486159196 0.0703125 178176
1732486235158 0.029427083333333333 181248
1732486317722 0.04446614583333333 184320
1732486406159 0.0744140625 187392
1732486492901 0.0 190464
1732486576900 0.005078125 193536
1732486657036 0.12584635416666667 196608
1732486758582 0.073046875 199680
1732486836454 0.20651041666666667 202752
