1732481297628 -2.8478954950968425 6144
1732481377200 -2.8675748427708943 9216
1732481465147 -2.8892694314320884 12288
1732481546073 -2.9091463247934977 15360
1732481624464 -2.9250715494155886 18432
1732481705352 -2.9387505769729616 21504
1732481792615 -2.953939119974772 24576
1732481875588 -2.9716361363728843 27648
1732481956460 -2.990286366144816 30720
1732482035556 -3.0123565594355264 33792
1732482107436 -3.0322677453358966 36864
1732482194192 -3.0535778840382894 39936
1732482279341 -3.0677836338678994 43008
1732482361961 -3.0786760886510214 46080
1732482445508 -3.0863415241241454 49152
1732482538731 -3.0888152996699016 52224
1732482617696 -3.0891462564468384 55296
1732482709215 -3.0893457651138307 58368
1732482803874 -3.089605752627055 61440
1732482893140 -3.0898882786432904 64512
1732482981079 -3.0900806109110515 67584
1732483061944 -3.090254052480062 70656
1732483152846 -3.090372093518575 73728
1732483235101 -3.090483236312866 76800
1732483313539 -3.0906545956929525 79872
1732483413907 -3.090829944610596 82944
1732483517557 -3.090990153948466 86016
1732483599405 -3.0911298274993895 89088
1732483687497 -3.0913899103800455 92160
1732483774225 -3.09171990553538 95232
1732483855874 -3.091957378387451 98304
1732483937179 -3.0922229131062826 101376
1732484024522 -3.09247788588206 104448
1732484105522 -3.092941665649414 107520
1732484199913 -3.093459637959798 110592
1732484294456 -3.0938848495483398 113664
1732484373571 -3.094217363993327 116736
1732484478052 -3.0945276657740277 119808
1732484564155 -3.0948967297871905 122880
1732484643819 -3.0951910495758055 125952
1732484735978 -3.0961384932200113 129024
1732484815206 -3.0996952772140505 132096
1732484914779 -3.1012154976526896 135168
1732485010079 -3.101803922653198 138240
1732485091592 -3.1022708415985107 141312
1732485191558 -3.1027203877766927 144384
1732485279088 -3.103235109647115 147456
1732485362036 -3.1048203706741333 150528
1732485459790 -3.1063075065612793 153600
1732485552385 -3.1074262619018556 156672
1732485633686 -3.107944615681966 159744
1732485723626 -3.108295218149821 162816
1732485804746 -3.1085447390874226 165888
1732485905023 -3.108731428782145 168960
1732485992327 -3.1089200337727863 172032
1732486074569 -3.110041840871175 175104
1732486159208 -3.111350433031718 178176
1732486235169 -3.1122474829355875 181248
1732486317733 -3.1125972270965576 184320
1732486406184 -3.113054712613424 187392
1732486492912 -3.113440481821696 190464
1732486576916 -3.113628379503886 193536
1732486657063 -3.113997483253479 196608
1732486758593 -3.114436705907186 199680
1732486836469 -3.1146951993306478 202752
