1732481297633 -0.0004972219467163086 6144
1732481377206 -0.0002282857894897461 9216
1732481465151 0.00023156404495239258 12288
1732481546077 0.00013899803161621094 15360
1732481624470 -3.635883331298828e-05 18432
1732481705357 0.00018864870071411133 21504
1732481792618 0.00017714500427246094 24576
1732481875593 0.0001838207244873047 27648
1732481956465 0.0006620883941650391 30720
1732482035561 0.0011264681816101074 33792
1732482107440 0.0021199584007263184 36864
1732482194198 0.0026639699935913086 39936
1732482279346 0.005206286907196045 43008
1732482361965 0.008715450763702393 46080
1732482445513 0.01848137378692627 49152
1732482538736 0.13239938020706177 52224
1732482617702 0.23608237504959106 55296
1732482709221 0.2530420422554016 58368
1732482803891 0.21495884656906128 61440
1732482893153 0.22767001390457153 64512
1732482981083 0.3080793619155884 67584
1732483061948 0.32966089248657227 70656
1732483152851 0.32145828008651733 73728
1732483235118 0.331503689289093 76800
1732483313544 0.3755300045013428 79872
1732483413912 0.29477304220199585 82944
1732483517561 0.4007895588874817 86016
1732483599410 0.37382423877716064 89088
1732483687503 0.3135557174682617 92160
1732483774230 0.34627532958984375 95232
1732483855878 0.37264323234558105 98304
1732483937185 0.40394818782806396 101376
1732484024528 0.4372538924217224 104448
1732484105526 0.20799672603607178 107520
1732484199925 0.3344431519508362 110592
1732484294460 0.3124547004699707 113664
1732484373576 0.3747616410255432 116736
1732484478056 0.4184569716453552 119808
1732484564160 0.35782063007354736 122880
1732484643824 0.47729724645614624 125952
1732484735983 0.36967241764068604 129024
1732484815211 0.044903576374053955 132096
1732484914785 0.17988353967666626 135168
1732485010083 0.3083636164665222 138240
1732485091595 0.4009639024734497 141312
1732485191564 0.4966139793395996 144384
1732485279093 0.5186784863471985 147456
1732485362039 0.08972597122192383 150528
1732485459796 0.22887134552001953 153600
1732485552388 0.3029242157936096 156672
1732485633692 0.39263200759887695 159744
1732485723633 0.435160756111145 162816
1732485804751 0.5941285490989685 165888
1732485905027 0.5415257811546326 168960
1732485992330 0.6075515151023865 172032
1732486074573 0.20575952529907227 175104
1732486159212 0.2740177512168884 178176
1732486235173 0.32977139949798584 181248
1732486317737 0.37432265281677246 184320
1732486406189 0.43955790996551514 187392
1732486492915 0.487346351146698 190464
1732486576921 0.5006217956542969 193536
1732486657069 0.5317584276199341 196608
1732486758595 0.634913444519043 199680
1732486836474 0.5852617025375366 202752
