1732481297638 0.00039391744 6144
1732481377211 0.00038783488000000005 9216
1732481465155 0.00038175232000000004 12288
1732481546082 0.00037566976 15360
1732481624476 0.0003695872 18432
1732481705362 0.00036350464 21504
1732481792621 0.00035742208 24576
1732481875599 0.00035133952000000003 27648
1732481956470 0.00034525696 30720
1732482035566 0.00033917440000000006 33792
1732482107445 0.00033309184 36864
1732482194203 0.00032700928 39936
1732482279351 0.00032092672 43008
1732482361969 0.00031484416 46080
1732482445519 0.00030876160000000005 49152
1732482538741 0.00030267904000000004 52224
1732482617708 0.00029659648 55296
1732482709226 0.00029051392 58368
1732482803895 0.00028443136 61440
1732482893159 0.00027834880000000004 64512
1732482981088 0.00027226624000000003 67584
1732483061951 0.00026618368 70656
1732483152857 0.00026010112 73728
1732483235123 0.00025401856 76800
1732483313548 0.00024793600000000003 79872
1732483413917 0.00024185344000000002 82944
1732483517576 0.00023577088 86016
1732483599415 0.00022968832 89088
1732483687508 0.00022360575999999998 92160
1732483774236 0.0002175232 95232
1732483855881 0.00021144063999999999 98304
1732483937190 0.00020535808000000003 101376
1732484024533 0.00019927552000000001 104448
1732484105530 0.00019319295999999998 107520
1732484199935 0.00018711040000000002 110592
1732484294464 0.00018102784 113664
1732484373582 0.00017494528 116736
1732484478059 0.00016886272 119808
1732484564165 0.00016278016 122880
1732484643829 0.0001566976 125952
1732484735987 0.00015061504 129024
1732484815217 0.00014453247999999998 132096
1732484914790 0.00013844992000000003 135168
1732485010100 0.00013236736 138240
1732485091599 0.00012628479999999997 141312
1732485191569 0.00012020224000000003 144384
1732485279098 0.00011411968 147456
1732485362044 0.00010803711999999999 150528
1732485459802 0.00010195456000000002 153600
1732485552392 9.5872e-05 156672
1732485633697 8.978944000000003e-05 159744
1732485723638 8.370688000000001e-05 162816
1732485804756 7.762432e-05 165888
1732485905031 7.154176000000002e-05 168960
1732485992334 6.545920000000001e-05 172032
1732486074578 5.937663999999999e-05 175104
1732486159216 5.329408000000002e-05 178176
1732486235177 4.721152e-05 181248
1732486317741 4.112895999999999e-05 184320
1732486406193 3.504640000000002e-05 187392
1732486492919 2.8963839999999998e-05 190464
1732486576927 2.288127999999998e-05 193536
1732486657074 1.6798720000000007e-05 196608
1732486758598 1.0716159999999991e-05 199680
1732486836479 4.633600000000019e-06 202752
