1732481297643 -0.2720801830291748 6144
1732481377217 4.618532657623291 9216
1732481465159 9.658934593200684 12288
1732481546087 6.631643772125244 15360
1732481624482 2.56439208984375 18432
1732481705367 8.211501121520996 21504
1732481792623 6.008316993713379 24576
1732481875604 9.825583457946777 27648
1732481956488 7.259676933288574 30720
1732482035570 3.717535972595215 33792
1732482107449 4.894106388092041 36864
1732482194208 3.4716033935546875 39936
1732482279356 7.719230651855469 43008
1732482361973 5.04675817489624 46080
1732482445524 5.936643600463867 49152
1732482538747 5.330228328704834 52224
1732482617714 9.228739738464355 55296
1732482709231 7.585240364074707 58368
1732482803900 7.1928791999816895 61440
1732482893164 7.214369297027588 64512
1732482981093 6.8689188957214355 67584
1732483061955 10.124852180480957 70656
1732483152862 5.357519149780273 73728
1732483235128 7.357769012451172 76800
1732483313553 5.408758163452148 79872
1732483413922 2.7373859882354736 82944
1732483517581 8.940423011779785 86016
1732483599421 6.940836429595947 89088
1732483687514 5.222909927368164 92160
1732483774241 7.440213203430176 95232
1732483855898 4.12741231918335 98304
1732483937196 6.0847015380859375 101376
1732484024538 5.184164524078369 104448
1732484105534 6.2196364402771 107520
1732484199940 4.254907131195068 110592
1732484294468 7.17736291885376 113664
1732484373587 4.549424648284912 116736
1732484478063 4.485658645629883 119808
1732484564170 9.064199447631836 122880
1732484643834 4.675268650054932 125952
1732484735991 6.565429210662842 129024
1732484815222 6.217954635620117 132096
1732484914796 4.2309184074401855 135168
1732485010106 4.612790584564209 138240
1732485091603 5.952606678009033 141312
1732485191574 2.375865936279297 144384
1732485279103 7.212806701660156 147456
1732485362046 3.18886399269104 150528
1732485459808 2.368899345397949 153600
1732485552395 6.328615188598633 156672
1732485633702 4.6578264236450195 159744
1732485723644 3.5721614360809326 162816
1732485804761 2.625200033187866 165888
1732485905035 4.426941871643066 168960
1732485992337 3.4069414138793945 172032
1732486074582 3.245445966720581 175104
1732486159219 4.175024032592773 178176
1732486235180 3.914475679397583 181248
1732486317744 4.108795166015625 184320
1732486406196 3.33134388923645 187392
1732486492923 5.561755180358887 190464
1732486576932 3.3234241008758545 193536
1732486657079 5.442702293395996 196608
1732486758601 2.591900587081909 199680
1732486836484 3.67930006980896 202752
