1732481297648 5.0 6144
1732481377223 10.0 9216
1732481465162 15.0 12288
1732481546092 20.0 15360
1732481624487 25.0 18432
1732481705371 30.0 21504
1732481792626 35.0 24576
1732481875609 40.0 27648
1732481956493 45.0 30720
1732482035575 50.0 33792
1732482107459 55.0 36864
1732482194214 60.0 39936
1732482279362 65.0 43008
1732482361977 70.0 46080
1732482445530 75.0 49152
1732482538753 80.0 52224
1732482617719 85.0 55296
1732482709237 90.0 58368
1732482803905 95.0 61440
1732482893169 100.0 64512
1732482981097 105.0 67584
1732483061959 110.0 70656
1732483152867 115.0 73728
1732483235134 120.0 76800
1732483313557 125.0 79872
1732483413927 130.0 82944
1732483517585 135.0 86016
1732483599426 140.0 89088
1732483687519 145.0 92160
1732483774246 150.0 95232
1732483855903 155.0 98304
1732483937201 160.0 101376
1732484024544 165.0 104448
1732484105538 170.0 107520
1732484199945 175.0 110592
1732484294471 180.0 113664
1732484373593 185.0 116736
1732484478066 190.0 119808
1732484564175 195.0 122880
1732484643839 200.0 125952
1732484735997 205.0 129024
1732484815228 210.0 132096
1732484914801 215.0 135168
1732485010113 220.0 138240
1732485091607 225.0 141312
1732485191580 230.0 144384
1732485279109 235.0 147456
1732485362049 240.0 150528
1732485459814 245.0 153600
1732485552399 250.0 156672
1732485633708 255.0 159744
1732485723649 260.0 162816
1732485804766 265.0 165888
1732485905040 270.0 168960
1732485992340 275.0 172032
1732486074587 280.0 175104
1732486159223 285.0 178176
1732486235184 290.0 181248
1732486317748 295.0 184320
1732486406199 300.0 187392
1732486492926 305.0 190464
1732486576938 310.0 193536
1732486657085 315.0 196608
1732486758604 320.0 199680
1732486836489 325.0 202752
