1732481297653 -0.02419377793557942 6144
1732481377228 0.0002604824956506491 9216
1732481465166 -0.0014137710910290479 12288
1732481546096 -0.0021970591973513366 15360
1732481624493 -0.0007225653622299433 18432
1732481705376 7.946562642852465e-05 21504
1732481792629 -0.0005071705672889948 24576
1732481875615 0.00027769718629618484 27648
1732481956499 -0.0008972009488691886 30720
1732482035579 -5.669814224044482e-05 33792
1732482107463 -0.0025249851867556574 36864
1732482194219 0.00017859480964640777 39936
1732482279367 0.0005027365560332935 43008
1732482361980 -0.0003188266418874264 46080
1732482445535 -0.0003627524245530367 49152
1732482538758 -4.094489850103855e-06 52224
1732482617725 -0.00022986934830745062 55296
1732482709242 -6.909724324941636e-05 58368
1732482803909 -0.0002639643692721923 61440
1732482893175 3.101592883467674e-05 64512
1732482981102 -1.0330105821291606e-05 67584
1732483061965 -2.2379821166396142e-05 70656
1732483152880 -0.0005108433853213986 73728
1732483235139 -2.2969286267956097e-05 76800
1732483313562 -0.00016901342508693535 79872
1732483413932 -0.00019893381589402754 82944
1732483517590 -7.49761238694191e-05 86016
1732483599443 -0.00016552723633746306 89088
1732483687525 3.4921181698640186e-06 92160
1732483774252 -1.6844676186641058e-06 95232
1732483855909 -8.125620273252328e-05 98304
1732483937206 5.449789265791575e-07 101376
1732484024549 -0.00010594357736408711 104448
1732484105542 -3.2520387321710586e-06 107520
1732484199950 -9.82106818507115e-06 110592
1732484294475 -9.748497977852821e-05 113664
1732484373599 -0.00029446547850966456 116736
1732484478069 -8.229585364460946e-06 119808
1732484564180 3.209582840402921e-05 122880
1732484643844 -5.360723783572515e-06 125952
1732484736002 1.634662039577961e-05 129024
1732484815233 0.0005549192583809297 132096
1732484914807 -5.552895988027255e-05 135168
1732485010119 -9.760827136536439e-05 138240
1732485091611 -5.388705370326837e-05 141312
1732485191585 -3.381655551493168e-05 144384
1732485279115 -0.0002836981788277626 147456
1732485362053 -9.043317598601182e-05 150528
1732485459820 -0.00016983879419664542 153600
1732485552402 7.374755417307218e-06 156672
1732485633713 -2.2868625819683075e-06 159744
1732485723654 -0.0001303229791422685 162816
1732485804771 1.838093933959802e-05 165888
1732485905043 -6.036078557372093e-05 168960
1732485992345 -2.103868561486403e-05 172032
1732486074591 0.00012118203255037466 175104
1732486159227 -0.0001067363346616427 178176
1732486235188 -0.00014124435062209766 181248
1732486317752 -0.00010840200508634249 184320
1732486406202 -7.695288707812628e-05 187392
1732486492930 -5.3621673335631686e-06 190464
1732486576943 -9.969094147284826e-06 193536
1732486657089 0.00011581407549480598 196608
1732486758607 1.133155698577563e-06 199680
1732486836507 5.030613392591477e-05 202752
