1732481297658 1.0105950832366943 6144
1732481377234 1.021097183227539 9216
1732481465170 1.0318267345428467 12288
1732481546101 1.0410419702529907 15360
1732481624499 1.048782229423523 18432
1732481705381 1.0550732612609863 21504
1732481792632 1.0649925470352173 24576
1732481875620 1.073868989944458 27648
1732481956505 1.0860059261322021 30720
1732482035584 1.0962692499160767 33792
1732482107467 1.108944058418274 36864
1732482194224 1.1182105541229248 39936
1732482279373 1.1252260208129883 43008
1732482361984 1.1306848526000977 46080
1732482445541 1.1334419250488281 49152
1732482538764 1.1338121891021729 52224
1732482617733 1.1339199542999268 55296
1732482709247 1.1340508460998535 58368
1732482803914 1.1342251300811768 61440
1732482893180 1.1343395709991455 64512
1732482981106 1.1344542503356934 67584
1732483061971 1.134531021118164 70656
1732483152885 1.1345921754837036 73728
1732483235145 1.1346745491027832 76800
1732483313568 1.134774923324585 79872
1732483413937 1.134873390197754 82944
1732483517595 1.1349549293518066 86016
1732483599448 1.1350328922271729 89088
1732483687530 1.1352596282958984 92160
1732483774257 1.1353974342346191 95232
1732483855914 1.1355319023132324 98304
1732483937212 1.1356918811798096 101376
1732484024554 1.1358582973480225 104448
1732484105545 1.136183261871338 107520
1732484199955 1.1364585161209106 110592
1732484294479 1.1366589069366455 113664
1732484373604 1.136841893196106 116736
1732484478073 1.1370434761047363 119808
1732484564186 1.1371996402740479 122880
1732484643849 1.1374757289886475 125952
1732484736007 1.1388661861419678 129024
1732484815239 1.1404615640640259 132096
1732484914813 1.1409410238265991 135168
1732485010125 1.1412103176116943 138240
1732485091614 1.1414655447006226 141312
1732485191591 1.1417150497436523 144384
1732485279120 1.142309308052063 147456
1732485362056 1.143271803855896 150528
1732485459825 1.1440565586090088 153600
1732485552406 1.1444569826126099 156672
1732485633719 1.1447021961212158 159744
1732485723659 1.1448527574539185 162816
1732485804776 1.1449878215789795 165888
1732485905047 1.1450648307800293 168960
1732485992349 1.1453659534454346 172032
1732486074596 1.1461825370788574 175104
1732486159231 1.1468770503997803 178176
1732486235192 1.1471679210662842 181248
1732486317756 1.1473720073699951 184320
1732486406204 1.1476497650146484 187392
1732486492933 1.1477957963943481 190464
1732486576948 1.147903323173523 193536
1732486657095 1.1482161283493042 196608
1732486758610 1.148393154144287 199680
1732486836512 1.1485425233840942 202752
