1732633579816 0.19695872 6144
1732633648681 0.19391744000000002 9216
1732633716547 0.19087616000000002 12288
1732633783100 0.18783488 15360
1732633841799 0.1847936 18432
1732633907511 0.18175232 21504
1732633968382 0.17871104 24576
1732634027483 0.17566976 27648
1732634085337 0.17262848 30720
1732634141466 0.16958720000000002 33792
1732634199788 0.16654592000000001 36864
1732634245894 0.16350464 39936
1732634298784 0.16046336000000003 43008
1732634342760 0.15742208000000002 46080
1732634394844 0.1543808 49152
1732634442968 0.15133952 52224
1732634493206 0.14829824 55296
1732634556293 0.14525696 58368
1732634601306 0.14221568 61440
1732634662177 0.13917440000000003 64512
1732634722975 0.13613312000000002 67584
1732634798238 0.13309184000000002 70656
1732634874219 0.13005056 73728
1732634948782 0.12700928 76800
1732635021662 0.12396800000000001 79872
1732635095947 0.12092672000000002 82944
1732635164547 0.11788544000000001 86016
1732635239768 0.11484416 89088
1732635327205 0.11180288 92160
1732635383749 0.10876160000000001 95232
1732635454230 0.10572032 98304
1732635509762 0.10267904000000001 101376
1732635577845 0.09963776 104448
1732635645751 0.09659648 107520
1732635716734 0.09355520000000002 110592
1732635785723 0.09051392 113664
1732635843925 0.08747263999999999 116736
1732635906964 0.08443136000000001 119808
1732635971872 0.08139008 122880
1732636047727 0.07834880000000001 125952
1732636109596 0.07530752 129024
1732636173478 0.07226624 132096
1732636252353 0.06922496000000002 135168
1732636333472 0.06618368000000001 138240
1732636404671 0.06314239999999999 141312
1732636481764 0.06010112000000001 144384
1732636545860 0.05705984 147456
1732636627071 0.05401855999999999 150528
1732636699852 0.05097728000000001 153600
1732636769766 0.047936 156672
1732636842676 0.04489472000000001 159744
1732636908635 0.041853440000000006 162816
1732636970745 0.03881216 165888
1732637043696 0.03577088000000001 168960
1732637114798 0.032729600000000005 172032
1732637191614 0.029688319999999997 175104
1732637266522 0.02664704000000001 178176
1732637344667 0.023605760000000003 181248
1732637420473 0.02056447999999999 184320
1732637486129 0.017523200000000006 187392
1732637569587 0.014481919999999997 190464
1732637644134 0.01144063999999999 193536
1732637707238 0.008399360000000003 196608
1732637780441 0.005358079999999995 199680
1732637865170 0.002316800000000009 202752
