1732633579812 0.3338541666666667 6144
1732633648665 0.057942708333333336 9216
1732633716536 0.06666666666666667 12288
1732633783096 0.052473958333333334 15360
1732633841788 0.11236979166666666 18432
1732633907505 0.08001302083333334 21504
1732633968377 0.015494791666666667 24576
1732634027478 0.03717447916666667 27648
1732634085331 0.06243489583333333 30720
1732634141461 0.07936197916666667 33792
1732634199783 0.130859375 36864
1732634245890 0.0404296875 39936
1732634298778 0.29596354166666666 43008
1732634342755 0.07526041666666666 46080
1732634394838 0.26276041666666666 49152
1732634442963 0.08684895833333334 52224
1732634493201 0.18359375 55296
1732634556288 0.26412760416666664 58368
1732634601300 0.05071614583333333 61440
1732634662171 0.2628255208333333 64512
1732634722970 0.0142578125 67584
1732634798233 0.11217447916666666 70656
1732634874214 0.07994791666666666 73728
1732634948777 0.1416015625 76800
1732635021657 0.009635416666666667 79872
1732635095942 0.050390625 82944
1732635164542 0.11549479166666667 86016
1732635239763 0.2080078125 89088
1732635327201 0.03815104166666667 92160
1732635383744 0.029817708333333335 95232
1732635454224 0.10813802083333333 98304
1732635509757 0.05384114583333333 101376
1732635577840 0.015494791666666667 104448
1732635645733 0.03756510416666667 107520
1732635716728 0.4727864583333333 110592
1732635785717 0.0701171875 113664
1732635843921 0.07623697916666666 116736
1732635906958 0.16204427083333334 119808
1732635971867 0.002994791666666667 122880
1732636047723 0.022200520833333334 125952
1732636109591 0.028059895833333334 129024
1732636173473 0.00013020833333333333 132096
1732636252347 0.018684895833333333 135168
1732636333468 0.022591145833333333 138240
1732636404666 0.1283203125 141312
1732636481760 0.12604166666666666 144384
1732636545854 0.0330078125 147456
1732636627068 0.013606770833333334 150528
1732636699847 0.002018229166666667 153600
1732636769760 0.0077473958333333336 156672
1732636842660 0.003515625 159744
1732636908630 0.05384114583333333 162816
1732636970740 0.3607421875 165888
1732637043692 0.2275390625 168960
1732637114793 0.056640625 172032
1732637191610 0.0359375 175104
1732637266518 0.09778645833333334 178176
1732637344662 0.216015625 181248
1732637420468 0.12734375 184320
1732637486124 0.052473958333333334 187392
1732637569582 0.053385416666666664 190464
1732637644130 0.07493489583333333 193536
1732637707233 0.06595052083333333 196608
1732637780436 0.09231770833333333 199680
1732637865165 0.221875 202752
