1732633579821 0.9847935999999999 6144
1732633648685 0.9695872 9216
1732633716552 0.9543808 12288
1732633783105 0.9391744 15360
1732633841805 0.923968 18432
1732633907516 0.9087616 21504
1732633968388 0.8935552 24576
1732634027487 0.8783488 27648
1732634085342 0.8631424 30720
1732634141470 0.847936 33792
1732634199793 0.8327296 36864
1732634245898 0.8175232 39936
1732634298789 0.8023168 43008
1732634342765 0.7871104 46080
1732634394849 0.771904 49152
1732634442973 0.7566976 52224
1732634493211 0.7414912 55296
1732634556298 0.7262848 58368
1732634601312 0.7110784 61440
1732634662182 0.695872 64512
1732634722979 0.6806656000000001 67584
1732634798242 0.6654592 70656
1732634874224 0.6502528 73728
1732634948786 0.6350463999999999 76800
1732635021667 0.61984 79872
1732635095953 0.6046336000000001 82944
1732635164551 0.5894272 86016
1732635239774 0.5742208 89088
1732635327210 0.5590143999999999 92160
1732635383755 0.5438080000000001 95232
1732635454235 0.5286016 98304
1732635509767 0.5133952 101376
1732635577851 0.4981888 104448
1732635645756 0.4829824 107520
1732635716739 0.467776 110592
1732635785728 0.4525696 113664
1732635843929 0.43736319999999995 116736
1732635906969 0.42215680000000005 119808
1732635971877 0.4069504 122880
1732636047731 0.39174400000000004 125952
1732636109602 0.37653760000000003 129024
1732636173483 0.36133119999999996 132096
1732636252358 0.34612480000000007 135168
1732636333476 0.3309184 138240
1732636404677 0.315712 141312
1732636481780 0.30050560000000004 144384
1732636545865 0.2852992 147456
1732636627074 0.27009279999999997 150528
1732636699857 0.2548864 153600
1732636769772 0.23968 156672
1732636842682 0.22447360000000005 159744
1732636908640 0.20926720000000001 162816
1732636970751 0.19406079999999998 165888
1732637043701 0.17885440000000005 168960
1732637114803 0.16364800000000002 172032
1732637191617 0.14844159999999998 175104
1732637266527 0.13323520000000003 178176
1732637344673 0.11802879999999999 181248
1732637420478 0.10282239999999995 184320
1732637486134 0.08761600000000001 187392
1732637569592 0.07240959999999998 190464
1732637644150 0.05720319999999995 193536
1732637707244 0.041996800000000015 196608
1732637780445 0.026790399999999978 199680
1732637865175 0.011584000000000046 202752
