1732633579825 -2.839230449994405 6144
1732633648689 -2.83798877398173 9216
1732633716557 -2.836308209101359 12288
1732633783110 -2.8375387748082477 15360
1732633841810 -2.83901203473409 18432
1732633907521 -2.8387288093566894 21504
1732633968393 -2.8427749315897626 24576
1732634027492 -2.842299389839172 27648
1732634085348 -2.8495084762573244 30720
1732634141474 -2.8550499439239503 33792
1732634199798 -2.856576426823934 36864
1732634245915 -2.8605708201726276 39936
1732634298794 -2.8588155269622804 43008
1732634342771 -2.860333736737569 46080
1732634394854 -2.861480188369751 49152
1732634442992 -2.8574220736821494 52224
1732634493215 -2.8569656292597454 55296
1732634556303 -2.858855215708415 58368
1732634601318 -2.859877522786458 61440
1732634662187 -2.861801584561666 64512
1732634722984 -2.8523178577423094 67584
1732634798247 -2.853668785095215 70656
1732634874241 -2.8542946259180706 73728
1732634948791 -2.8590598185857137 76800
1732635021673 -2.860637879371643 79872
1732635095958 -2.863097063700358 82944
1732635164556 -2.8668594121932984 86016
1732635239779 -2.868156917889913 89088
1732635327215 -2.8682667016983032 92160
1732635383761 -2.8681319395701093 95232
1732635454241 -2.8657519419988 98304
1732635509772 -2.864254426956177 101376
1732635577856 -2.8631391127904258 104448
1732635645761 -2.8620752652486163 107520
1732635716744 -2.858865825335185 110592
1732635785745 -2.8608441829681395 113664
1732635843933 -2.8658492167790732 116736
1732635906974 -2.8664520025253295 119808
1732635971881 -2.8665801684061685 122880
1732636047735 -2.8671172618865968 125952
1732636109607 -2.8670740048090617 129024
1732636173487 -2.8669764439264935 132096
1732636252363 -2.866917936007182 135168
1732636333480 -2.866837191581726 138240
1732636404682 -2.866925422350566 141312
1732636481785 -2.8675882816314697 144384
1732636545870 -2.8676320711771646 147456
1732636627078 -2.867635957400004 150528
1732636699862 -2.86762437025706 153600
1732636769778 -2.867630195617676 156672
1732636842687 -2.8676422278086346 159744
1732636908645 -2.867910933494568 162816
1732636970756 -2.868210482597351 165888
1732637043705 -2.8680845340092977 168960
1732637114820 -2.867903733253479 172032
1732637191620 -2.867694028218587 175104
1732637266531 -2.868246253331502 178176
1732637344678 -2.869970417022705 181248
1732637420483 -2.8701649347941083 184320
1732637486140 -2.8702597618103027 187392
1732637569598 -2.870279876391093 190464
1732637644155 -2.8703009764353435 193536
1732637707249 -2.870318643252055 196608
1732637780450 -2.8703277111053467 199680
1732637865180 -2.870338956514994 202752
