1732633579830 -0.0009756088256835938 6144
1732633648693 -1.4781951904296875e-05 9216
1732633716562 4.506111145019531e-05 12288
1732633783114 0.0001609325408935547 15360
1732633841816 -1.4543533325195312e-05 18432
1732633907526 0.00013875961303710938 21504
1732633968398 0.000394284725189209 24576
1732634027497 0.0003758668899536133 27648
1732634085354 0.0011906027793884277 30720
1732634141479 0.0015470385551452637 33792
1732634199804 0.0025687217712402344 36864
1732634245919 0.0024968981742858887 39936
1732634298800 0.015263795852661133 43008
1732634342776 0.009126126766204834 46080
1732634394860 0.02903902530670166 49152
1732634442997 0.011085987091064453 52224
1732634493220 0.04771846532821655 55296
1732634556309 0.06824618577957153 58368
1732634601323 0.03500646352767944 61440
1732634662193 0.16980081796646118 64512
1732634722995 0.007290065288543701 67584
1732634798263 0.021561264991760254 70656
1732634874246 0.07099390029907227 73728
1732634948807 0.055575668811798096 76800
1732635021678 0.13256287574768066 79872
1732635095963 0.019256174564361572 82944
1732635164560 0.06707465648651123 86016
1732635239784 0.07862812280654907 89088
1732635327231 0.08911025524139404 92160
1732635383767 0.25028473138809204 95232
1732635454246 0.05170780420303345 98304
1732635509778 0.0009284615516662598 101376
1732635577861 0.025799214839935303 104448
1732635645767 0.11966156959533691 107520
1732635716750 0.01878964900970459 110592
1732635785750 0.13648462295532227 113664
1732635843937 0.021199584007263184 116736
1732635906980 0.29492831230163574 119808
1732635971886 0.36292344331741333 122880
1732636047751 0.2053263783454895 125952
1732636109612 0.3794177174568176 129024
1732636173504 0.20455855131149292 132096
1732636252369 0.5681809186935425 135168
1732636333484 0.4034375548362732 138240
1732636404687 0.3152594566345215 141312
1732636481789 0.28971773386001587 144384
1732636545876 0.42139095067977905 147456
1732636627081 0.597164511680603 150528
1732636699867 0.507861316204071 153600
1732636769784 0.43984413146972656 156672
1732636842692 0.5463309288024902 159744
1732636908649 0.581648051738739 162816
1732636970762 0.005309998989105225 165888
1732637043709 0.4450080394744873 168960
1732637114826 0.46807992458343506 172032
1732637191624 0.4544107913970947 175104
1732637266536 0.5459858179092407 178176
1732637344684 0.2882276177406311 181248
1732637420487 0.32291221618652344 184320
1732637486145 0.2842647433280945 187392
1732637569603 0.4871906042098999 190464
1732637644161 0.4031420946121216 193536
1732637707254 0.5306397676467896 196608
1732637780454 0.5295217037200928 199680
1732637865185 0.510285496711731 202752
