1732633579834 0.00039391744 6144
1732633648698 0.00038783488000000005 9216
1732633716567 0.00038175232000000004 12288
1732633783119 0.00037566976 15360
1732633841822 0.0003695872 18432
1732633907532 0.00036350464 21504
1732633968404 0.00035742208 24576
1732634027514 0.00035133952000000003 27648
1732634085359 0.00034525696 30720
1732634141483 0.00033917440000000006 33792
1732634199809 0.00033309184 36864
1732634245924 0.00032700928 39936
1732634298805 0.00032092672 43008
1732634342781 0.00031484416 46080
1732634394865 0.00030876160000000005 49152
1732634443003 0.00030267904000000004 52224
1732634493237 0.00029659648 55296
1732634556314 0.00029051392 58368
1732634601329 0.00028443136 61440
1732634662198 0.00027834880000000004 64512
1732634723005 0.00027226624000000003 67584
1732634798269 0.00026618368 70656
1732634874251 0.00026010112 73728
1732634948813 0.00025401856 76800
1732635021683 0.00024793600000000003 79872
1732635095969 0.00024185344000000002 82944
1732635164564 0.00023577088 86016
1732635239790 0.00022968832 89088
1732635327236 0.00022360575999999998 92160
1732635383773 0.0002175232 95232
1732635454251 0.00021144063999999999 98304
1732635509783 0.00020535808000000003 101376
1732635577867 0.00019927552000000001 104448
1732635645772 0.00019319295999999998 107520
1732635716755 0.00018711040000000002 110592
1732635785755 0.00018102784 113664
1732635843946 0.00017494528 116736
1732635906991 0.00016886272 119808
1732635971890 0.00016278016 122880
1732636047755 0.0001566976 125952
1732636109618 0.00015061504 129024
1732636173510 0.00014453247999999998 132096
1732636252374 0.00013844992000000003 135168
1732636333488 0.00013236736 138240
1732636404692 0.00012628479999999997 141312
1732636481794 0.00012020224000000003 144384
1732636545881 0.00011411968 147456
1732636627084 0.00010803711999999999 150528
1732636699872 0.00010195456000000002 153600
1732636769790 9.5872e-05 156672
1732636842698 8.978944000000003e-05 159744
1732636908652 8.370688000000001e-05 162816
1732636970767 7.762432e-05 165888
1732637043714 7.154176000000002e-05 168960
1732637114831 6.545920000000001e-05 172032
1732637191627 5.937663999999999e-05 175104
1732637266541 5.329408000000002e-05 178176
1732637344689 4.721152e-05 181248
1732637420492 4.112895999999999e-05 184320
1732637486150 3.504640000000002e-05 187392
1732637569608 2.8963839999999998e-05 190464
1732637644167 2.288127999999998e-05 193536
1732637707260 1.6798720000000007e-05 196608
1732637780459 1.0716159999999991e-05 199680
1732637865190 4.633600000000019e-06 202752
