1732633579839 -0.01074964553117752 6144
1732633648701 7.943549633026123 9216
1732633716572 11.958077430725098 12288
1732633783124 9.289560317993164 15360
1732633841827 4.597300052642822 18432
1732633907537 6.099524974822998 21504
1732633968409 11.573671340942383 24576
1732634027519 10.507159233093262 27648
1732634085365 5.675537109375 30720
1732634141488 2.0026183128356934 33792
1732634199814 4.651770114898682 36864
1732634245928 4.785965442657471 39936
1732634298810 -0.00886537879705429 43008
1732634342786 2.940424919128418 46080
1732634394870 0.127604141831398 49152
1732634443008 4.758415222167969 52224
1732634493243 1.5371248722076416 55296
1732634556319 5.543399333953857 58368
1732634601335 11.430070877075195 61440
1732634662203 0.04832606762647629 64512
1732634723011 5.111639022827148 67584
1732634798274 8.625557899475098 70656
1732634874257 15.162081718444824 73728
1732634948819 15.334486961364746 76800
1732635021688 13.813554763793945 79872
1732635095974 9.295743942260742 82944
1732635164569 14.332610130310059 86016
1732635239795 13.626220703125 89088
1732635327242 12.661749839782715 92160
1732635383786 11.786571502685547 95232
1732635454257 7.763049602508545 98304
1732635509788 17.895545959472656 101376
1732635577872 8.628927230834961 104448
1732635645777 13.163215637207031 107520
1732635716760 11.911041259765625 110592
1732635785761 16.580995559692383 113664
1732635843951 7.696104526519775 116736
1732635906996 4.622746467590332 119808
1732635971895 7.873569488525391 122880
1732636047759 9.743841171264648 125952
1732636109623 15.305843353271484 129024
1732636173515 16.01255989074707 132096
1732636252379 2.4751064777374268 135168
1732636333492 22.36868667602539 138240
1732636404698 23.581615447998047 141312
1732636481799 10.05931568145752 144384
1732636545887 11.861160278320312 147456
1732636627088 9.921791076660156 150528
1732636699877 11.95937442779541 153600
1732636769796 16.3350772857666 156672
1732636842703 11.781730651855469 159744
1732636908656 11.159294128417969 162816
1732636970772 304.29876708984375 165888
1732637043718 8.858992576599121 168960
1732637114837 11.844016075134277 172032
1732637191631 8.553995132446289 175104
1732637266546 10.6303129196167 178176
1732637344695 11.895788192749023 181248
1732637420497 9.832200050354004 184320
1732637486156 12.334977149963379 187392
1732637569613 13.169235229492188 190464
1732637644172 16.050565719604492 193536
1732637707265 10.42067813873291 196608
1732637780463 7.777313709259033 199680
1732637865206 9.375853538513184 202752
