1732633579843 5.0 6144
1732633648706 10.0 9216
1732633716577 15.0 12288
1732633783129 20.0 15360
1732633841833 25.0 18432
1732633907542 30.0 21504
1732633968415 35.0 24576
1732634027523 40.0 27648
1732634085371 45.0 30720
1732634141492 50.0 33792
1732634199819 55.0 36864
1732634245933 60.0 39936
1732634298815 65.0 43008
1732634342792 70.0 46080
1732634394876 75.0 49152
1732634443013 80.0 52224
1732634493248 85.0 55296
1732634556325 90.0 58368
1732634601340 95.0 61440
1732634662209 100.0 64512
1732634723016 105.0 67584
1732634798279 110.0 70656
1732634874262 115.0 73728
1732634948825 120.0 76800
1732635021694 125.0 79872
1732635095979 130.0 82944
1732635164586 135.0 86016
1732635239800 140.0 89088
1732635327247 145.0 92160
1732635383792 150.0 95232
1732635454262 155.0 98304
1732635509793 160.0 101376
1732635577878 165.0 104448
1732635645782 170.0 107520
1732635716765 175.0 110592
1732635785766 180.0 113664
1732635843956 185.0 116736
1732635907001 190.0 119808
1732635971899 195.0 122880
1732636047762 200.0 125952
1732636109636 205.0 129024
1732636173521 210.0 132096
1732636252384 215.0 135168
1732636333495 220.0 138240
1732636404703 225.0 141312
1732636481802 230.0 144384
1732636545892 235.0 147456
1732636627091 240.0 150528
1732636699882 245.0 153600
1732636769801 250.0 156672
1732636842708 255.0 159744
1732636908659 260.0 162816
1732636970789 265.0 165888
1732637043723 270.0 168960
1732637114842 275.0 172032
1732637191634 280.0 175104
1732637266551 285.0 178176
1732637344700 290.0 181248
1732637420503 295.0 184320
1732637486161 300.0 187392
1732637569619 305.0 190464
1732637644178 310.0 193536
1732637707270 315.0 196608
1732637780468 320.0 199680
1732637865211 325.0 202752
