1732633579848 -0.021506926758835712 6144
1732633648709 0.0013790094138433535 9216
1732633716583 0.0007952998081843058 12288
1732633783147 -0.0006211070188631614 15360
1732633841838 -0.00228264268177251 18432
1732633907548 -0.0003150682741155227 21504
1732633968420 0.00030251542727152507 24576
1732634027528 -0.00029558559569219746 27648
1732634085376 -0.0008435328956693411 30720
1732634141497 -0.00033030927491684757 33792
1732634199825 -0.0028972334849337736 36864
1732634245937 -0.0004753615551938613 39936
1732634298821 -0.021360762836411595 43008
1732634342797 -0.0015801053183774154 46080
1732634394893 -0.018962741053352754 49152
1732634443018 -0.002199933336426814 52224
1732634493254 0.00290236477740109 55296
1732634556330 0.0014807896688580513 58368
1732634601345 -0.00029689110815525057 61440
1732634662214 -0.01823142576031387 64512
1732634723021 0.00011808926550050576 67584
1732634798284 -0.0021140892369051773 70656
1732634874268 0.00030631693080067633 73728
1732634948831 0.0010972400195896626 76800
1732635021699 0.0002639239033063253 79872
1732635095985 2.020449998478095e-05 82944
1732635164592 0.0012257887205729882 86016
1732635239805 0.0030075668357312678 89088
1732635327252 -0.00021025848109275104 92160
1732635383797 0.00022923507106800873 95232
1732635454268 -0.0015963321551680566 98304
1732635509798 -0.00026315989283223946 101376
1732635577883 -0.0002974668052047491 104448
1732635645788 0.00035318746231496336 107520
1732635716771 0.010146572906523942 110592
1732635785771 -0.00032746572978794577 113664
1732635843961 0.00038094186844925086 116736
1732635907007 0.00010304853785783052 119808
1732635971904 -0.00025653576788802943 122880
1732636047765 0.00018500533575812976 125952
1732636109646 -0.0013873933348804712 129024
1732636173526 -0.0002662274986505508 132096
1732636252390 -0.0006581328809261322 135168
1732636333499 -0.0001531067614754041 138240
1732636404708 0.001605755602940917 141312
1732636481806 0.0008548023683639864 144384
1732636545898 0.0003924760812272628 147456
1732636627094 -9.045285793642203e-05 150528
1732636699887 -7.923293548325697e-05 153600
1732636769807 -0.00021028478319446247 156672
1732636842714 9.946400920550029e-05 159744
1732636908663 0.00014702966436743736 162816
1732636970795 0.0029551598786686857 165888
1732637043727 0.00023750124188760916 168960
1732637114848 4.474148154258728e-05 172032
1732637191638 0.0002892842050641775 175104
1732637266557 -0.00027982421840230625 178176
1732637344706 0.00048477531721194584 181248
1732637420508 0.00032148382936914764 184320
1732637486166 -7.050330750644208e-05 187392
1732637569624 -1.5931840365131697e-05 190464
1732637644183 9.104801962773005e-05 193536
1732637707275 6.68370941032966e-05 196608
1732637780473 2.1267061432202656e-05 199680
1732637865216 7.530053456624349e-05 202752
