1732633579857 0.058926208813985186 6144
1732633648717 9.156746641794841 9216
1732633716595 8.567151085535686 12288
1732633783158 8.181708192825317 15360
1732633841849 5.970087965329488 18432
1732633907558 5.73860011100769 21504
1732633968430 7.4710177739461265 24576
1732634027537 5.520836853981018 27648
1732634085388 5.423268961906433 30720
1732634141509 3.613283944129944 33792
1732634199835 5.290005906422933 36864
1732634245947 5.2069369951883955 39936
1732634298831 0.04518329550822576 43008
1732634342808 3.590311582883199 46080
1732634394904 0.1768439660469691 49152
1732634443029 4.114419058958689 52224
1732634493264 2.241056573887666 55296
1732634556341 2.7055267453193665 58368
1732634601355 9.86660901705424 61440
1732634662225 0.13877889613310496 64512
1732634723032 7.516230463981628 67584
1732634798294 6.946293195088704 70656
1732634874278 12.340580654144286 73728
1732634948842 10.903048229217529 76800
1732635021721 13.299981911977133 79872
1732635095995 9.175812069574992 82944
1732635164603 11.074260648091634 86016
1732635239816 13.461343908309937 89088
1732635327263 10.074736388524373 92160
1732635383805 13.837726942698161 95232
1732635454279 5.4292532761891685 98304
1732635509809 18.291732947031658 101376
1732635577894 8.10250318845113 104448
1732635645798 13.410203965504964 107520
1732635716781 12.564880720774333 110592
1732635785782 14.217362340291341 113664
1732635843971 11.041311486562092 116736
1732635907017 6.4419552485148115 119808
1732635971926 8.787189769744874 122880
1732636047772 8.260715134938557 125952
1732636109656 13.954937887191772 129024
1732636173537 11.667442814509075 132096
1732636252400 5.982281835873922 135168
1732636333518 17.183246358235678 138240
1732636404719 21.542160669962566 141312
1732636481814 9.071328989664714 144384
1732636545916 14.803707313537597 147456
1732636627101 7.979477373758952 150528
1732636699897 15.987084992726643 153600
1732636769819 14.127937682469685 156672
1732636842724 10.329301611582439 159744
1732636908669 12.30217768351237 162816
1732636970806 386.44935302734376 165888
1732637043736 10.068597634633383 168960
1732637114858 12.728364753723145 172032
1732637191645 8.741479643185933 175104
1732637266578 12.960880819956461 178176
1732637344715 11.970612239837646 181248
1732637420519 13.1089874903361 184320
1732637486175 12.472013378143311 187392
1732637569635 10.149585962295532 190464
1732637644193 15.056412251790364 193536
1732637707286 11.387477095921835 196608
1732637780484 8.20225812594096 199680
1732637865225 11.80004243850708 202752
