1732617242989 0.0 0
1732617253036 16.0 1
1732617263085 14.2 2
1732617273120 14.4 3
1732617283197 16.3 4
1732617293260 13.5 5
1732617303307 12.7 6
1732617313351 9.8 7
1732617323401 10.1 8
1732617333453 12.7 9
1732617343525 9.4 10
1732617353589 10.5 11
1732617363642 14.5 12
1732617373700 13.5 13
1732617383754 14.8 14
1732617393809 12.0 15
1732617403876 9.4 16
1732617413956 12.1 17
1732617424040 9.3 18
1732617434117 9.6 19
1732617444192 9.5 20
1732617454272 9.7 21
1732617464333 14.6 22
1732617474411 13.7 23
1732617484489 9.2 24
1732617494560 10.9 25
1732617504643 8.8 26
1732617514725 9.3 27
1732617524799 10.7 28
1732617534850 10.5 29
1732617544913 10.9 30
1732617554975 8.2 31
1732617565039 20.2 32
1732617575122 16.8 33
1732617585181 14.7 34
1732617595241 14.2 35
1732617605330 15.6 36
1732617615407 21.4 37
1732617625486 20.9 38
1732617635566 13.0 39
1732617645633 11.9 40
1732617655720 17.7 41
1732617665803 13.6 42
1732617675871 13.7 43
1732617685939 16.1 44
1732617696036 14.9 45
1732617706115 16.7 46
1732617716207 13.2 47
1732617726278 12.7 48
1732617736405 12.1 49
1732617746471 18.6 50
1732617756538 12.8 51
1732617766619 15.5 52
1732617776709 13.8 53
1732617786778 13.4 54
1732617796859 13.2 55
1732617806947 12.2 56
1732617817024 12.6 57
1732617827118 15.8 58
1732617837199 15.6 59
1732617847288 13.3 60
1732617857381 15.8 61
1732617867447 14.8 62
1732617877525 15.1 63
1732617887601 12.2 64
1732617897684 13.0 65
1732617907756 15.4 66
1732617917836 15.2 67
1732617927915 13.5 68
1732617938009 13.8 69
1732617948111 14.3 70
1732617958197 14.0 71
1732617968267 9.1 72
1732617978357 10.5 73
1732617988446 9.0 74
1732617998503 8.4 75
1732618008554 10.5 76
1732618018654 12.6 77
1732618028712 9.1 78
1732618038776 10.6 79
1732618048863 10.5 80
1732618058934 10.2 81
1732618069003 9.4 82
1732618079086 9.8 83
1732618089192 10.1 84
1732618099289 7.8 85
1732618109381 8.5 86
1732618119473 10.6 87
1732618129553 7.2 88
1732618139636 10.9 89
1732618149715 12.8 90
1732618159791 11.3 91
1732618169855 12.5 92
1732618179936 12.2 93
1732618190030 11.7 94
1732618200098 8.8 95
1732618210175 11.4 96
1732618220259 14.3 97
1732618230331 11.3 98
1732618240412 11.8 99
1732618250489 11.2 100
1732618260569 12.5 101
1732618270640 9.6 102
1732618280724 6.9 103
1732618290810 9.2 104
1732618300888 13.1 105
1732618310984 10.4 106
1732618321052 11.4 107
1732618331140 14.6 108
1732618341216 15.4 109
1732618351299 10.3 110
1732618361387 13.9 111
1732618371461 11.8 112
1732618381558 8.5 113
1732618391624 12.9 114
1732618401727 11.8 115
1732618411819 10.8 116
1732618421909 11.4 117
1732618431999 10.6 118
1732618442082 13.1 119
1732618452169 9.2 120
1732618462248 11.2 121
1732618472351 13.5 122
1732618482444 9.3 123
1732618492521 9.9 124
1732618502622 9.9 125
1732618512718 9.1 126
1732618522798 8.2 127
1732618532885 7.9 128
1732618542961 9.9 129
1732618553049 8.7 130
1732618563138 11.3 131
1732618573241 12.0 132
1732618583346 8.9 133
1732618593443 10.3 134
1732618603532 7.8 135
1732618613608 10.0 136
1732618623698 9.2 137
1732618633773 9.7 138
1732618643871 10.5 139
1732618653950 8.6 140
1732618664056 11.7 141
1732618674147 14.9 142
1732618684228 7.3 143
1732618694324 10.9 144
1732618704416 13.7 145
1732618714500 10.6 146
1732618724606 9.7 147
1732618734688 8.9 148
1732618744782 8.4 149
1732618754885 7.1 150
1732618764954 8.6 151
1732618775051 10.4 152
1732618785137 13.1 153
1732618795236 8.4 154
1732618805320 10.0 155
1732618815416 8.5 156
1732618825501 8.1 157
1732618835590 9.5 158
1732618845699 10.9 159
1732618855782 9.6 160
1732618865861 8.6 161
1732618875957 12.0 162
1732618886047 14.6 163
1732618896134 12.2 164
1732618906231 18.4 165
1732618916324 16.4 166
1732618926426 13.2 167
1732618936498 15.0 168
1732618946581 10.0 169
1732618956671 10.3 170
1732618966752 11.3 171
1732618976837 8.1 172
1732618986923 9.9 173
1732618997019 7.2 174
1732619007117 9.0 175
1732619017193 14.3 176
1732619027275 16.0 177
1732619037368 12.5 178
1732619047455 12.0 179
1732619057548 14.8 180
1732619067610 18.3 181
1732619077704 17.5 182
1732619087777 14.6 183
1732619097862 14.6 184
1732619107953 10.9 185
1732619118015 10.0 186
1732619128094 9.4 187
1732619138189 10.1 188
1732619148271 9.8 189
1732619158357 8.2 190
1732619168437 7.0 191
1732619178531 10.9 192
1732619188629 9.4 193
1732619198714 11.1 194
1732619208802 10.8 195
1732619218860 10.9 196
1732619228934 9.3 197
1732619239127 8.5 198
1732619249234 7.0 199
1732619259331 7.6 200
1732619269417 9.1 201
1732619279504 9.5 202
1732619289618 9.6 203
1732619299715 9.9 204
1732619309809 10.4 205
1732619319909 8.8 206
1732619330009 9.7 207
1732619340094 8.6 208
1732619350193 10.5 209
1732619360293 8.5 210
1732619370365 8.6 211
1732619380449 11.3 212
1732619390506 9.0 213
1732619400597 10.7 214
1732619410678 6.5 215
1732619420769 10.6 216
1732619430876 11.0 217
1732619440973 9.4 218
1732619451084 8.1 219
1732619461187 10.6 220
1732619471286 11.1 221
1732619481378 9.1 222
1732619491472 9.3 223
1732619501558 11.2 224
1732619511658 11.3 225
1732619521765 9.9 226
1732619531855 8.9 227
1732619541950 10.6 228
1732619552048 8.5 229
1732619562157 7.5 230
1732619572225 10.2 231
1732619582293 11.0 232
1732619592399 11.8 233
1732619602512 14.2 234
1732619612597 15.4 235
1732619622668 15.2 236
1732619632765 11.3 237
1732619642857 8.6 238
1732619652965 8.0 239
1732619663067 6.6 240
1732619673154 10.3 241
1732619683240 13.2 242
1732619693329 12.9 243
1732619703443 9.2 244
1732619713532 8.7 245
1732619723647 16.0 246
1732619733759 9.7 247
1732619743850 8.1 248
1732619753954 12.8 249
1732619764065 10.9 250
1732619774140 18.3 251
1732619784229 16.0 252
1732619794303 13.3 253
1732619804395 20.7 254
1732619814503 20.0 255
1732619824608 17.3 256
1732619834718 18.3 257
1732619844826 13.4 258
1732619854923 15.0 259
1732619865029 14.2 260
1732619875147 14.6 261
1732619885793 13.8 262
1732619895884 14.3 263
1732619906000 12.6 264
1732619916105 14.9 265
1732619926207 12.2 266
1732619936297 8.4 267
1732619946410 10.2 268
1732619956529 9.9 269
1732619966622 11.3 270
1732619976746 9.9 271
1732619986849 8.3 272
1732619996951 9.3 273
1732620007019 10.4 274
1732620017111 11.6 275
1732620027175 13.4 276
1732620037268 12.2 277
1732620047373 8.0 278
1732620057481 10.3 279
1732620067568 6.2 280
1732620077675 10.0 281
1732620087778 6.8 282
1732620097868 22.4 283
1732620107981 16.4 284
1732620118090 14.4 285
1732620128190 15.6 286
1732620138301 10.7 287
1732620148404 16.3 288
1732620158498 13.5 289
1732620168604 13.3 290
1732620178700 14.2 291
1732620188822 15.0 292
1732620198933 12.3 293
1732620209052 14.5 294
1732620219160 13.6 295
1732620229273 13.5 296
1732620239385 13.2 297
1732620249491 13.8 298
1732620259597 10.7 299
1732620269715 12.6 300
1732620279811 13.4 301
1732620289907 14.5 302
1732620300021 12.3 303
1732620310140 13.8 304
1732620320217 16.1 305
1732620330291 13.1 306
1732620340387 14.7 307
1732620350458 17.0 308
1732620360566 12.3 309
1732620370670 11.5 310
1732620380786 14.2 311
1732620390903 15.9 312
1732620401033 17.0 313
1732620411145 17.7 314
1732620421240 11.7 315
1732620431349 15.6 316
1732620441466 9.9 317
1732620451569 14.8 318
1732620461694 13.3 319
1732620471804 15.7 320
1732620481933 15.8 321
1732620492031 12.7 322
1732620502153 11.2 323
1732620512247 13.7 324
1732620522348 16.3 325
1732620532449 15.2 326
1732620542548 12.6 327
1732620552672 12.1 328
1732620562764 14.1 329
1732620572843 16.3 330
1732620582957 17.0 331
1732620593065 16.7 332
1732620603180 12.5 333
1732620613297 13.3 334
1732620623415 14.7 335
1732620633534 11.0 336
1732620643638 16.3 337
1732620653750 15.0 338
1732620663856 16.4 339
1732620673950 12.9 340
1732620684053 13.9 341
1732620694165 14.6 342
1732620704271 14.2 343
1732620714352 15.2 344
1732620724454 10.1 345
1732620734567 10.7 346
1732620744669 14.5 347
1732620754801 11.6 348
1732620764911 13.7 349
1732620775037 14.1 350
1732620785141 11.5 351
1732620795250 13.6 352
1732620805350 11.2 353
1732620815443 13.2 354
1732620825553 11.1 355
1732620835672 13.7 356
1732620845812 14.1 357
1732620855947 14.4 358
1732620866062 12.6 359
1732620876172 10.9 360
1732620886287 9.4 361
1732620896406 8.0 362
1732620906514 7.7 363
1732620916606 7.1 364
1732620926673 11.1 365
1732620936753 9.6 366
1732620946831 12.4 367
1732620956950 15.7 368
1732620967083 14.1 369
1732620977186 12.9 370
1732620987313 14.1 371
1732620997431 10.9 372
1732621007561 14.7 373
1732621017689 12.3 374
1732621027810 8.0 375
1732621037880 17.7 376
1732621048003 17.2 377
1732621058141 14.5 378
1732621068260 16.3 379
1732621078349 13.4 380
1732621088450 12.7 381
1732621098543 13.0 382
1732621108642 14.8 383
1732621118766 9.6 384
1732621128845 12.2 385
1732621138949 13.1 386
1732621149066 13.1 387
1732621159135 9.0 388
1732621169249 6.8 389
1732621179380 11.6 390
1732621189501 7.6 391
1732621199622 9.3 392
1732621209750 14.1 393
1732621219865 16.2 394
1732621229987 14.8 395
1732621240108 12.2 396
1732621250233 10.4 397
1732621260338 11.2 398
1732621270430 12.0 399
1732621280540 13.8 400
1732621290702 14.6 401
1732621300823 13.2 402
1732621310946 12.9 403
1732621321019 14.7 404
1732621331156 12.7 405
1732621341284 12.2 406
1732621351403 7.4 407
1732621361524 10.5 408
1732621371649 8.3 409
1732621381768 9.1 410
1732621391862 10.9 411
1732621401973 8.4 412
1732621412226 10.1 413
1732621422369 10.6 414
1732621432505 8.6 415
1732621442629 7.6 416
1732621452754 11.1 417
1732621462907 7.4 418
1732621473032 13.8 419
1732621483148 16.2 420
1732621493260 13.3 421
1732621503400 12.8 422
1732621513531 13.5 423
1732621523624 13.7 424
1732621533742 12.4 425
1732621543864 12.4 426
1732621553944 14.3 427
1732621564060 12.1 428
1732621574158 11.9 429
1732621584283 14.5 430
1732621594400 14.1 431
1732621604515 13.9 432
1732621614633 14.4 433
1732621624753 12.0 434
1732621634878 12.6 435
1732621644998 14.6 436
1732621655123 13.6 437
1732621665207 15.6 438
1732621675300 14.5 439
1732621685375 12.3 440
1732621695912 12.4 441
1732621706028 10.2 442
1732621716145 11.9 443
1732621726275 15.5 444
1732621736407 13.0 445
1732621746529 13.3 446
1732621756644 14.5 447
1732621766782 12.3 448
1732621776925 8.8 449
1732621787045 8.1 450
1732621797185 5.9 451
1732621807296 10.9 452
1732621817401 10.9 453
1732621827528 16.5 454
1732621837663 15.9 455
1732621847793 12.9 456
1732621857908 12.6 457
1732621868019 13.6 458
1732621878166 14.6 459
1732621888295 10.3 460
1732621898383 14.0 461
1732621908494 15.1 462
1732621918622 14.0 463
1732621928749 14.2 464
1732621938881 11.5 465
1732621949028 11.5 466
1732621959136 13.7 467
1732621969243 14.6 468
1732621979339 8.8 469
1732621989452 12.0 470
1732621999548 9.9 471
1732622009671 12.3 472
1732622019775 12.4 473
1732622029861 14.1 474
1732622039959 13.9 475
1732622050081 16.3 476
1732622060160 11.9 477
1732622070255 6.8 478
1732622080333 9.7 479
1732622090452 6.6 480
1732622100567 7.5 481
1732622110666 10.4 482
1732622120777 10.6 483
1732622130905 10.2 484
1732622141023 10.0 485
1732622151162 12.0 486
1732622161758 13.2 487
1732622171908 12.8 488
1732622182021 8.5 489
1732622192165 8.7 490
1732622202286 11.6 491
1732622212375 11.1 492
1732622222499 14.9 493
1732622232631 16.8 494
1732622242729 14.5 495
1732622252854 12.1 496
1732622262929 13.5 497
1732622273026 10.5 498
1732622283100 15.3 499
1732622293222 12.9 500
1732622303352 16.0 501
1732622313480 14.4 502
1732622323611 13.1 503
1732622333734 12.7 504
1732622343862 12.2 505
1732622354012 8.0 506
1732622364154 6.2 507
1732622374294 10.6 508
1732622384434 7.8 509
1732622394547 8.1 510
1732622404652 7.6 511
1732622414757 10.5 512
1732622424860 10.4 513
1732622434973 8.6 514
1732622445113 6.4 515
1732622455249 7.5 516
1732622465376 7.6 517
1732622475497 11.0 518
1732622485636 15.9 519
1732622495773 15.2 520
1732622505911 13.1 521
1732622516049 11.8 522
1732622526137 10.7 523
1732622536286 11.8 524
1732622546417 12.3 525
1732622556564 11.1 526
1732622566695 9.6 527
1732622576825 7.3 528
1732622586974 7.8 529
1732622597123 16.4 530
1732622607217 18.0 531
1732622617364 14.0 532
1732622627513 8.9 533
1732622637648 8.5 534
1732622647767 9.6 535
1732622657923 6.3 536
1732622668082 8.5 537
1732622678234 11.5 538
1732622688381 11.7 539
1732622698527 7.3 540
1732622709167 9.5 541
1732622719299 5.9 542
1732622729439 7.1 543
1732622739585 10.8 544
1732622749735 8.3 545
1732622759865 10.4 546
1732622770003 8.7 547
1732622780155 7.8 548
1732622790305 9.2 549
1732622800453 10.5 550
1732622810598 7.9 551
1732622820735 7.3 552
1732622830890 8.3 553
1732622841026 11.7 554
1732622851135 12.1 555
1732622861280 10.3 556
1732622871428 9.1 557
1732622881574 10.3 558
