1732617242989 122619.1 0
1732617253036 122619.2 1
1732617263085 122619.3 2
1732617273120 122619.6 3
1732617283197 122621.0 4
1732617293260 122621.2 5
1732617303307 122621.3 6
1732617313351 122621.7 7
1732617323401 122622.7 8
1732617333453 122624.1 9
1732617343525 122624.4 10
1732617353589 122624.5 11
1732617363642 122626.0 12
1732617373700 122626.3 13
1732617383754 122628.2 14
1732617393809 122628.6 15
1732617403876 122628.6 16
1732617413956 122628.6 17
1732617424040 122628.6 18
1732617434117 122628.6 19
1732617444192 122628.7 20
1732617454272 122628.7 21
1732617464333 122629.1 22
1732617474411 122629.8 23
1732617484489 122630.5 24
1732617494560 122630.5 25
1732617504643 122630.5 26
1732617514725 122630.5 27
1732617524799 122630.5 28
1732617534850 122630.5 29
1732617544913 122630.5 30
1732617554975 122630.7 31
1732617565039 122633.8 32
1732617575122 122634.2 33
1732617585181 122630.7 34
1732617595241 122631.0 35
1732617605330 122631.9 36
1732617615407 122632.8 37
1732617625486 122626.8 38
1732617635566 122627.2 39
1732617645633 122627.5 40
1732617655720 122632.4 41
1732617665803 122631.4 42
1732617675871 122632.3 43
1732617685939 122632.5 44
1732617696036 122629.0 45
1732617706115 122633.7 46
1732617716207 122630.3 47
1732617726278 122634.1 48
1732617736405 122631.7 49
1732617746471 122632.0 50
1732617756538 122632.9 51
1732617766619 122633.2 52
1732617776709 122629.6 53
1732617786778 122634.3 54
1732617796859 122630.8 55
1732617806947 122635.4 56
1732617817024 122631.9 57
1732617827118 122632.1 58
1732617837199 122633.0 59
1732617847288 122633.3 60
1732617857381 122631.0 61
1732617867447 122631.9 62
1732617877525 122632.1 63
1732617887601 122628.6 64
1732617897684 122633.2 65
1732617907756 122629.7 66
1732617917836 122634.4 67
1732617927915 122630.9 68
1732617938009 122631.1 69
1732617948111 122632.1 70
1732617958197 122631.2 71
1732617968267 122631.3 72
1732617978357 122631.0 73
1732617988446 122631.0 74
1732617998503 122631.0 75
1732618008554 122631.3 76
1732618018654 122631.1 77
1732618028712 122631.0 78
1732618038776 122632.8 79
1732618048863 122639.2 80
1732618058934 122639.4 81
1732618069003 122641.5 82
1732618079086 122643.4 83
1732618089192 122646.1 84
1732618099289 122647.6 85
1732618109381 122647.6 86
1732618119473 122648.9 87
1732618129553 122631.8 88
1732618139636 122631.8 89
1732618149715 122635.6 90
1732618159791 122639.4 91
1732618169855 122639.9 92
1732618179936 122641.0 93
1732618190030 122641.4 94
1732618200098 122641.2 95
1732618210175 122643.6 96
1732618220259 122647.1 97
1732618230331 122647.5 98
1732618240412 122649.8 99
1732618250489 122651.0 100
1732618260569 122654.2 101
1732618270640 122638.5 102
1732618280724 122638.6 103
1732618290810 122640.3 104
1732618300888 122643.3 105
1732618310984 122644.5 106
1732618321052 122648.7 107
1732618331140 122653.4 108
1732618341216 122653.5 109
1732618351299 122659.8 110
1732618361387 122661.5 111
1732618371461 122652.5 112
1732618381558 122654.1 113
1732618391624 122660.7 114
1732618401727 122663.4 115
1732618411819 122665.8 116
1732618421909 122669.0 117
1732618431999 122672.5 118
1732618442082 122665.1 119
1732618452169 122666.1 120
1732618462248 122666.4 121
1732618472351 122667.0 122
1732618482444 122642.9 123
1732618492521 122639.6 124
1732618502622 122639.6 125
1732618512718 122639.7 126
1732618522798 122639.7 127
1732618532885 122639.8 128
1732618542961 122639.8 129
1732618553049 122640.0 130
1732618563138 122640.0 131
1732618573241 122641.2 132
1732618583346 122641.3 133
1732618593443 122641.6 134
1732618603532 122641.6 135
1732618613608 122641.7 136
1732618623698 122642.0 137
1732618633773 122642.2 138
1732618643871 122642.2 139
1732618653950 122642.2 140
1732618664056 122641.7 141
1732618674147 122648.5 142
1732618684228 122648.7 143
1732618694324 122653.6 144
1732618704416 122653.9 145
1732618714500 122654.2 146
1732618724606 122654.5 147
1732618734688 122657.7 148
1732618744782 122657.7 149
1732618754885 122658.2 150
1732618764954 122658.2 151
1732618775051 122658.3 152
1732618785137 122659.8 153
1732618795236 122659.7 154
1732618805320 122659.7 155
1732618815416 122659.9 156
1732618825501 122662.1 157
1732618835590 122647.2 158
1732618845699 122654.0 159
1732618855782 122653.9 160
1732618865861 122655.2 161
1732618875957 122662.8 162
1732618886047 122674.5 163
1732618896134 122641.9 164
1732618906231 122640.5 165
1732618916324 122645.5 166
1732618926426 122642.0 167
1732618936498 122645.6 168
1732618946581 122645.6 169
1732618956671 122645.6 170
1732618966752 122645.6 171
1732618976837 122645.6 172
1732618986923 122645.6 173
1732618997019 122645.6 174
1732619007117 122645.7 175
1732619017193 122643.6 176
1732619027275 122644.5 177
1732619037368 122644.7 178
1732619047455 122641.2 179
1732619057548 122645.8 180
1732619067610 122642.5 181
1732619077704 122651.8 182
1732619087777 122646.3 183
1732619097862 122646.5 184
1732619107953 122646.6 185
1732619118015 122646.6 186
1732619128094 122646.6 187
1732619138189 122646.6 188
1732619148271 122646.8 189
1732619158357 122646.8 190
1732619168437 122646.8 191
1732619178531 122646.8 192
1732619188629 122646.9 193
1732619198714 122646.9 194
1732619208802 122646.9 195
1732619218860 122646.9 196
1732619228934 122646.9 197
1732619239127 122646.9 198
1732619249234 122647.0 199
1732619259331 122647.0 200
1732619269417 122647.0 201
1732619279504 122647.0 202
1732619289618 122647.0 203
1732619299715 122647.0 204
1732619309809 122647.0 205
1732619319909 122647.1 206
1732619330009 122647.1 207
1732619340094 122647.1 208
1732619350193 122647.1 209
1732619360293 122647.1 210
1732619370365 122647.1 211
1732619380449 122647.1 212
1732619390506 122647.1 213
1732619400597 122647.2 214
1732619410678 122647.2 215
1732619420769 122647.2 216
1732619430876 122647.2 217
1732619440973 122647.2 218
1732619451084 122647.2 219
1732619461187 122647.2 220
1732619471286 122647.2 221
1732619481378 122647.3 222
1732619491472 122647.3 223
1732619501558 122647.3 224
1732619511658 122647.3 225
1732619521765 122647.4 226
1732619531855 122647.4 227
1732619541950 122647.5 228
1732619552048 122647.5 229
1732619562157 122647.5 230
1732619572225 122647.5 231
1732619582293 122646.2 232
1732619592399 122647.4 233
1732619602512 122643.9 234
1732619612597 122648.6 235
1732619622668 122646.3 236
1732619632765 122647.5 237
1732619642857 122647.5 238
1732619652965 122647.5 239
1732619663067 122647.5 240
1732619673154 122647.5 241
1732619683240 122645.0 242
1732619693329 122646.2 243
1732619703443 122623.7 244
1732619713532 122623.7 245
1732619723647 122627.3 246
1732619733759 122627.3 247
1732619743850 122627.3 248
1732619753954 122627.3 249
1732619764065 122627.3 250
1732619774140 122626.4 251
1732619784229 122622.8 252
1732619794303 122627.5 253
1732619804395 122624.0 254
1732619814503 122629.8 255
1732619824608 122626.3 256
1732619834718 122622.9 257
1732619844826 122627.5 258
1732619854923 122624.0 259
1732619865029 122624.2 260
1732619875147 122625.1 261
1732619885793 122625.4 262
1732619895884 122623.1 263
1732619906000 122627.7 264
1732619916105 122623.2 265
1732619926207 122623.3 266
1732619936297 122623.3 267
1732619946410 122623.4 268
1732619956529 122622.3 269
1732619966622 122622.4 270
1732619976746 122622.6 271
1732619986849 122622.6 272
1732619996951 122622.7 273
1732620007019 122622.7 274
1732620017111 122622.7 275
1732620027175 122622.7 276
1732620037268 122622.7 277
1732620047373 122622.8 278
1732620057481 122622.8 279
1732620067568 122622.9 280
1732620077675 122623.0 281
1732620087778 122623.0 282
1732620097868 122627.6 283
1732620107981 122625.2 284
1732620118090 122625.5 285
1732620128190 122626.5 286
1732620138301 122626.8 287
1732620148404 122630.2 288
1732620158498 122630.6 289
1732620168604 122627.2 290
1732620178700 122623.6 291
1732620188822 122629.5 292
1732620198933 122626.0 293
1732620209052 122630.7 294
1732620219160 122627.2 295
1732620229273 122627.7 296
1732620239385 122628.6 297
1732620249491 122628.8 298
1732620259597 122625.3 299
1732620269715 122629.9 300
1732620279811 122627.6 301
1732620289907 122624.1 302
1732620300021 122628.7 303
1732620310140 122625.3 304
1732620320217 122628.7 305
1732620330291 122626.4 306
1732620340387 122626.7 307
1732620350458 122627.6 308
1732620360566 122627.8 309
1732620370670 122624.3 310
1732620380786 122628.9 311
1732620390903 122625.4 312
1732620401033 122630.2 313
1732620411145 122626.7 314
1732620421240 122628.2 315
1732620431349 122627.9 316
1732620441466 122627.9 317
1732620451569 122628.5 318
1732620461694 122629.1 319
1732620471804 122630.0 320
1732620481933 122630.2 321
1732620492031 122626.7 322
1732620502153 122631.4 323
1732620512247 122629.1 324
1732620522348 122625.5 325
1732620532449 122628.1 326
1732620542548 122632.8 327
1732620552672 122629.3 328
1732620562764 122629.6 329
1732620572843 122631.2 330
1732620582957 122631.5 331
1732620593065 122626.7 332
1732620603180 122641.1 333
1732620613297 122637.5 334
1732620623415 122642.2 335
1732620633534 122638.7 336
1732620643638 122638.9 337
1732620653750 122640.0 338
1732620663856 122640.3 339
1732620673950 122636.8 340
1732620684053 122642.0 341
1732620694165 122639.7 342
1732620704271 122636.2 343
1732620714352 122640.8 344
1732620724454 122637.3 345
1732620734567 122642.0 346
1732620744669 122638.4 347
1732620754801 122638.8 348
1732620764911 122639.7 349
1732620775037 122639.9 350
1732620785141 122637.6 351
1732620795250 122642.3 352
1732620805350 122638.7 353
1732620815443 122643.4 354
1732620825553 122639.9 355
1732620835672 122640.1 356
1732620845812 122641.0 357
1732620855947 122641.3 358
1732620866062 122637.8 359
1732620876172 122640.2 360
1732620886287 122640.2 361
1732620896406 122640.2 362
1732620906514 122640.3 363
1732620916606 122640.3 364
1732620926673 122640.3 365
1732620936753 122640.4 366
1732620946831 122637.8 367
1732620956950 122642.6 368
1732620967083 122640.3 369
1732620977186 122636.8 370
1732620987313 122641.4 371
1732620997431 122637.9 372
1732621007561 122642.6 373
1732621017689 122641.6 374
1732621027810 122641.6 375
1732621037880 122636.9 376
1732621048003 122641.6 377
1732621058141 122644.0 378
1732621068260 122639.0 379
1732621078349 122639.3 380
1732621088450 122640.3 381
1732621098543 122640.5 382
1732621108642 122643.9 383
1732621118766 122644.0 384
1732621128845 122637.0 385
1732621138949 122641.7 386
1732621149066 122644.0 387
1732621159135 122644.0 388
1732621169249 122644.0 389
1732621179380 122644.0 390
1732621189501 122644.1 391
1732621199622 122644.1 392
1732621209750 122639.6 393
1732621219865 122640.6 394
1732621229987 122640.8 395
1732621240108 122637.3 396
1732621250233 122641.9 397
1732621260338 122638.4 398
1732621270430 122643.1 399
1732621280540 122639.6 400
1732621290702 122639.8 401
1732621300823 122641.9 402
1732621310946 122642.1 403
1732621321019 122638.6 404
1732621331156 122642.1 405
1732621341284 122642.1 406
1732621351403 122642.1 407
1732621361524 122642.1 408
1732621371649 122642.1 409
1732621381768 122639.3 410
1732621391862 122639.3 411
1732621401973 122639.3 412
1732621412226 122639.4 413
1732621422369 122638.1 414
1732621432505 122639.3 415
1732621442629 122639.3 416
1732621452754 122639.3 417
1732621462907 122639.3 418
1732621473032 122634.8 419
1732621483148 122639.5 420
1732621493260 122635.9 421
1732621503400 122640.6 422
1732621513531 122637.1 423
1732621523624 122638.5 424
1732621533742 122639.4 425
1732621543864 122639.7 426
1732621553944 122636.2 427
1732621564060 122640.8 428
1732621574158 122637.4 429
1732621584283 122642.0 430
1732621594400 122638.5 431
1732621604515 122638.7 432
1732621614633 122640.9 433
1732621624753 122637.3 434
1732621634878 122637.6 435
1732621644998 122638.5 436
1732621655123 122638.7 437
1732621665207 122635.2 438
1732621675300 122639.9 439
1732621685375 122636.4 440
1732621695912 122641.0 441
1732621706028 122638.7 442
1732621716145 122639.0 443
1732621726275 122639.9 444
1732621736407 122637.7 445
1732621746529 122642.4 446
1732621756644 122637.7 447
1732621766782 122637.7 448
1732621776925 122637.7 449
1732621787045 122637.7 450
1732621797185 122637.7 451
1732621807296 122637.8 452
1732621817401 122638.9 453
1732621827528 122639.1 454
1732621837663 122640.0 455
1732621847793 122640.3 456
1732621857908 122636.7 457
1732621868019 122641.4 458
1732621878166 122639.1 459
1732621888295 122635.6 460
1732621898383 122640.2 461
1732621908494 122636.7 462
1732621918622 122641.4 463
1732621928749 122637.8 464
1732621938881 122638.1 465
1732621949028 122639.0 466
1732621959136 122640.5 467
1732621969243 122636.9 468
1732621979339 122639.4 469
1732621989452 122639.4 470
1732621999548 122636.9 471
1732622009671 122641.6 472
1732622019775 122638.0 473
1732622029861 122638.3 474
1732622039959 122639.2 475
1732622050081 122639.4 476
1732622060160 122639.3 477
1732622070255 122639.3 478
1732622080333 122639.3 479
1732622090452 122639.4 480
1732622100567 122639.4 481
1732622110666 122639.4 482
1732622120777 122639.5 483
1732622130905 122639.5 484
1732622141023 122639.5 485
1732622151162 122639.7 486
1732622161758 122640.6 487
1732622171908 122638.4 488
1732622182021 122638.4 489
1732622192165 122638.4 490
1732622202286 122638.5 491
1732622212375 122638.5 492
1732622222499 122643.2 493
1732622232631 122639.6 494
1732622242729 122639.9 495
1732622252854 122640.8 496
1732622262929 122641.0 497
1732622273026 122637.5 498
1732622283100 122640.9 499
1732622293222 122638.6 500
1732622303352 122635.1 501
1732622313480 122639.7 502
1732622323611 122636.2 503
1732622333734 122640.9 504
1732622343862 122640.9 505
1732622354012 122640.9 506
1732622364154 122640.9 507
1732622374294 122640.9 508
1732622384434 122640.9 509
1732622394547 122640.9 510
1732622404652 122641.0 511
1732622414757 122641.0 512
1732622424860 122641.0 513
1732622434973 122641.0 514
1732622445113 122641.0 515
1732622455249 122641.0 516
1732622465376 122641.0 517
1732622475497 122642.3 518
1732622485636 122638.7 519
1732622495773 122639.0 520
1732622505911 122639.9 521
1732622516049 122640.1 522
1732622526137 122637.6 523
1732622536286 122639.9 524
1732622546417 122635.4 525
1732622556564 122635.4 526
1732622566695 122635.4 527
1732622576825 122635.5 528
1732622586974 122635.5 529
1732622597123 122639.1 530
1732622607217 122642.0 531
1732622617364 122641.9 532
1732622627513 122641.9 533
1732622637648 122641.9 534
1732622647767 122641.9 535
1732622657923 122641.9 536
1732622668082 122641.9 537
1732622678234 122642.1 538
1732622688381 122642.2 539
1732622698527 122642.3 540
1732622709167 122642.3 541
1732622719299 122642.3 542
1732622729439 122642.3 543
1732622739585 122642.3 544
1732622749735 122642.4 545
1732622759865 122642.4 546
1732622770003 122642.4 547
1732622780155 122642.4 548
1732622790305 122642.4 549
1732622800453 122642.4 550
1732622810598 122642.4 551
1732622820735 122642.4 552
1732622830890 122642.4 553
1732622841026 122642.4 554
1732622851135 122642.5 555
1732622861280 122642.5 556
1732622871428 122642.5 557
1732622881574 122642.5 558
