1732617242989 139758.6 0
1732617253036 139758.5 1
1732617263085 139758.4 2
1732617273120 139758.1 3
1732617283197 139756.6 4
1732617293260 139756.4 5
1732617303307 139756.3 6
1732617313351 139756.0 7
1732617323401 139755.0 8
1732617333453 139753.5 9
1732617343525 139753.3 10
1732617353589 139753.1 11
1732617363642 139751.6 12
1732617373700 139751.4 13
1732617383754 139749.5 14
1732617393809 139749.1 15
1732617403876 139749.1 16
1732617413956 139749.0 17
1732617424040 139749.0 18
1732617434117 139749.0 19
1732617444192 139749.0 20
1732617454272 139749.0 21
1732617464333 139748.5 22
1732617474411 139747.8 23
1732617484489 139747.2 24
1732617494560 139747.2 25
1732617504643 139747.2 26
1732617514725 139747.2 27
1732617524799 139747.2 28
1732617534850 139747.1 29
1732617544913 139747.1 30
1732617554975 139747.0 31
1732617565039 139743.9 32
1732617575122 139743.5 33
1732617585181 139747.0 34
1732617595241 139746.7 35
1732617605330 139745.8 36
1732617615407 139744.9 37
1732617625486 139750.9 38
1732617635566 139750.5 39
1732617645633 139750.2 40
1732617655720 139745.3 41
1732617665803 139746.3 42
1732617675871 139745.4 43
1732617685939 139745.1 44
1732617696036 139748.7 45
1732617706115 139744.0 46
1732617716207 139747.4 47
1732617726278 139743.6 48
1732617736405 139745.9 49
1732617746471 139745.7 50
1732617756538 139744.7 51
1732617766619 139744.5 52
1732617776709 139748.0 53
1732617786778 139743.4 54
1732617796859 139746.9 55
1732617806947 139742.2 56
1732617817024 139745.8 57
1732617827118 139745.5 58
1732617837199 139744.6 59
1732617847288 139744.4 60
1732617857381 139746.7 61
1732617867447 139745.8 62
1732617877525 139745.6 63
1732617887601 139749.1 64
1732617897684 139744.4 65
1732617907756 139747.9 66
1732617917836 139743.3 67
1732617927915 139746.8 68
1732617938009 139746.5 69
1732617948111 139745.6 70
1732617958197 139746.5 71
1732617968267 139746.3 72
1732617978357 139746.7 73
1732617988446 139746.6 74
1732617998503 139746.6 75
1732618008554 139746.4 76
1732618018654 139746.5 77
1732618028712 139746.6 78
1732618038776 139744.8 79
1732618048863 139738.4 80
1732618058934 139738.3 81
1732618069003 139736.2 82
1732618079086 139734.2 83
1732618089192 139731.6 84
1732618099289 139730.0 85
1732618109381 139730.0 86
1732618119473 139728.7 87
1732618129553 139745.8 88
1732618139636 139745.9 89
1732618149715 139742.1 90
1732618159791 139738.3 91
1732618169855 139737.7 92
1732618179936 139736.6 93
1732618190030 139736.3 94
1732618200098 139736.5 95
1732618210175 139734.0 96
1732618220259 139730.6 97
1732618230331 139730.1 98
1732618240412 139727.9 99
1732618250489 139726.6 100
1732618260569 139723.5 101
1732618270640 139739.2 102
1732618280724 139739.0 103
1732618290810 139737.3 104
1732618300888 139734.4 105
1732618310984 139733.1 106
1732618321052 139729.0 107
1732618331140 139724.3 108
1732618341216 139724.2 109
1732618351299 139717.9 110
1732618361387 139716.1 111
1732618371461 139725.2 112
1732618381558 139723.6 113
1732618391624 139717.0 114
1732618401727 139714.3 115
1732618411819 139711.8 116
1732618421909 139708.6 117
1732618431999 139705.2 118
1732618442082 139712.6 119
1732618452169 139711.6 120
1732618462248 139711.2 121
1732618472351 139710.7 122
1732618482444 139734.8 123
1732618492521 139738.1 124
1732618502622 139738.0 125
1732618512718 139737.9 126
1732618522798 139737.9 127
1732618532885 139737.9 128
1732618542961 139737.9 129
1732618553049 139737.7 130
1732618563138 139737.6 131
1732618573241 139736.5 132
1732618583346 139736.4 133
1732618593443 139736.1 134
1732618603532 139736.0 135
1732618613608 139735.9 136
1732618623698 139735.7 137
1732618633773 139735.5 138
1732618643871 139735.5 139
1732618653950 139735.5 140
1732618664056 139735.9 141
1732618674147 139729.2 142
1732618684228 139729.0 143
1732618694324 139724.1 144
1732618704416 139723.7 145
1732618714500 139723.4 146
1732618724606 139723.1 147
1732618734688 139719.9 148
1732618744782 139719.9 149
1732618754885 139719.4 150
1732618764954 139719.4 151
1732618775051 139719.4 152
1732618785137 139717.9 153
1732618795236 139718.0 154
1732618805320 139718.0 155
1732618815416 139717.8 156
1732618825501 139715.5 157
1732618835590 139730.4 158
1732618845699 139723.7 159
1732618855782 139723.7 160
1732618865861 139722.4 161
1732618875957 139714.9 162
1732618886047 139703.2 163
1732618896134 139735.8 164
1732618906231 139737.1 165
1732618916324 139732.1 166
1732618926426 139735.7 167
1732618936498 139732.1 168
1732618946581 139732.1 169
1732618956671 139732.1 170
1732618966752 139732.1 171
1732618976837 139732.0 172
1732618986923 139732.0 173
1732618997019 139732.0 174
1732619007117 139732.0 175
1732619017193 139734.1 176
1732619027275 139733.2 177
1732619037368 139733.0 178
1732619047455 139736.5 179
1732619057548 139731.8 180
1732619067610 139735.2 181
1732619077704 139725.8 182
1732619087777 139731.3 183
1732619097862 139731.1 184
1732619107953 139731.1 185
1732619118015 139731.1 186
1732619128094 139731.1 187
1732619138189 139731.1 188
1732619148271 139730.8 189
1732619158357 139730.9 190
1732619168437 139730.8 191
1732619178531 139730.8 192
1732619188629 139730.8 193
1732619198714 139730.8 194
1732619208802 139730.8 195
1732619218860 139730.7 196
1732619228934 139730.7 197
1732619239127 139730.7 198
1732619249234 139730.7 199
1732619259331 139730.7 200
1732619269417 139730.7 201
1732619279504 139730.6 202
1732619289618 139730.6 203
1732619299715 139730.6 204
1732619309809 139730.6 205
1732619319909 139730.6 206
1732619330009 139730.6 207
1732619340094 139730.6 208
1732619350193 139730.6 209
1732619360293 139730.6 210
1732619370365 139730.6 211
1732619380449 139730.5 212
1732619390506 139730.5 213
1732619400597 139730.5 214
1732619410678 139730.5 215
1732619420769 139730.5 216
1732619430876 139730.5 217
1732619440973 139730.5 218
1732619451084 139730.5 219
1732619461187 139730.4 220
1732619471286 139730.4 221
1732619481378 139730.4 222
1732619491472 139730.4 223
1732619501558 139730.4 224
1732619511658 139730.4 225
1732619521765 139730.3 226
1732619531855 139730.3 227
1732619541950 139730.2 228
1732619552048 139730.2 229
1732619562157 139730.2 230
1732619572225 139730.2 231
1732619582293 139731.5 232
1732619592399 139730.2 233
1732619602512 139733.8 234
1732619612597 139729.1 235
1732619622668 139731.4 236
1732619632765 139730.2 237
1732619642857 139730.2 238
1732619652965 139730.2 239
1732619663067 139730.1 240
1732619673154 139730.1 241
1732619683240 139732.6 242
1732619693329 139731.4 243
1732619703443 139753.9 244
1732619713532 139753.9 245
1732619723647 139750.4 246
1732619733759 139750.4 247
1732619743850 139750.4 248
1732619753954 139750.3 249
1732619764065 139750.3 250
1732619774140 139751.3 251
1732619784229 139754.8 252
1732619794303 139750.2 253
1732619804395 139753.7 254
1732619814503 139747.8 255
1732619824608 139751.3 256
1732619834718 139754.8 257
1732619844826 139750.1 258
1732619854923 139753.7 259
1732619865029 139753.4 260
1732619875147 139752.5 261
1732619885793 139752.3 262
1732619895884 139754.6 263
1732619906000 139749.9 264
1732619916105 139754.4 265
1732619926207 139754.3 266
1732619936297 139754.3 267
1732619946410 139754.3 268
1732619956529 139755.3 269
1732619966622 139755.3 270
1732619976746 139755.1 271
1732619986849 139755.0 272
1732619996951 139755.0 273
1732620007019 139755.0 274
1732620017111 139755.0 275
1732620027175 139755.0 276
1732620037268 139755.0 277
1732620047373 139754.9 278
1732620057481 139754.9 279
1732620067568 139754.7 280
1732620077675 139754.6 281
1732620087778 139754.6 282
1732620097868 139750.1 283
1732620107981 139752.4 284
1732620118090 139752.2 285
1732620128190 139751.1 286
1732620138301 139750.9 287
1732620148404 139747.5 288
1732620158498 139747.1 289
1732620168604 139750.5 290
1732620178700 139754.0 291
1732620188822 139748.2 292
1732620198933 139751.6 293
1732620209052 139746.9 294
1732620219160 139750.5 295
1732620229273 139750.0 296
1732620239385 139749.1 297
1732620249491 139748.9 298
1732620259597 139752.4 299
1732620269715 139747.7 300
1732620279811 139750.0 301
1732620289907 139753.6 302
1732620300021 139748.9 303
1732620310140 139752.4 304
1732620320217 139748.9 305
1732620330291 139751.2 306
1732620340387 139751.0 307
1732620350458 139750.1 308
1732620360566 139749.9 309
1732620370670 139753.4 310
1732620380786 139748.7 311
1732620390903 139752.3 312
1732620401033 139747.5 313
1732620411145 139750.9 314
1732620421240 139749.5 315
1732620431349 139749.8 316
1732620441466 139749.8 317
1732620451569 139749.1 318
1732620461694 139748.6 319
1732620471804 139747.6 320
1732620481933 139747.4 321
1732620492031 139750.9 322
1732620502153 139746.3 323
1732620512247 139748.6 324
1732620522348 139752.1 325
1732620532449 139749.5 326
1732620542548 139744.9 327
1732620552672 139748.4 328
1732620562764 139748.0 329
1732620572843 139746.5 330
1732620582957 139746.2 331
1732620593065 139751.0 332
1732620603180 139736.6 333
1732620613297 139740.1 334
1732620623415 139735.5 335
1732620633534 139739.0 336
1732620643638 139738.8 337
1732620653750 139737.6 338
1732620663856 139737.4 339
1732620673950 139740.9 340
1732620684053 139735.7 341
1732620694165 139738.0 342
1732620704271 139741.5 343
1732620714352 139736.8 344
1732620724454 139740.4 345
1732620734567 139735.7 346
1732620744669 139739.2 347
1732620754801 139738.9 348
1732620764911 139738.0 349
1732620775037 139737.7 350
1732620785141 139740.0 351
1732620795250 139735.4 352
1732620805350 139738.9 353
1732620815443 139734.2 354
1732620825553 139737.8 355
1732620835672 139737.5 356
1732620845812 139736.6 357
1732620855947 139736.4 358
1732620866062 139739.9 359
1732620876172 139737.5 360
1732620886287 139737.4 361
1732620896406 139737.4 362
1732620906514 139737.4 363
1732620916606 139737.4 364
1732620926673 139737.4 365
1732620936753 139737.3 366
1732620946831 139739.8 367
1732620956950 139735.1 368
1732620967083 139737.4 369
1732620977186 139740.9 370
1732620987313 139736.2 371
1732620997431 139739.8 372
1732621007561 139735.1 373
1732621017689 139736.0 374
1732621027810 139736.0 375
1732621037880 139740.8 376
1732621048003 139736.1 377
1732621058141 139733.7 378
1732621068260 139738.6 379
1732621078349 139738.3 380
1732621088450 139737.4 381
1732621098543 139737.2 382
1732621108642 139733.7 383
1732621118766 139733.7 384
1732621128845 139740.7 385
1732621138949 139736.0 386
1732621149066 139733.7 387
1732621159135 139733.6 388
1732621169249 139733.6 389
1732621179380 139733.6 390
1732621189501 139733.6 391
1732621199622 139733.5 392
1732621209750 139738.1 393
1732621219865 139737.1 394
1732621229987 139736.9 395
1732621240108 139740.4 396
1732621250233 139735.7 397
1732621260338 139739.3 398
1732621270430 139734.6 399
1732621280540 139738.1 400
1732621290702 139737.9 401
1732621300823 139735.7 402
1732621310946 139735.5 403
1732621321019 139739.1 404
1732621331156 139735.6 405
1732621341284 139735.6 406
1732621351403 139735.6 407
1732621361524 139735.6 408
1732621371649 139735.5 409
1732621381768 139738.3 410
1732621391862 139738.3 411
1732621401973 139738.3 412
1732621412226 139738.3 413
1732621422369 139739.6 414
1732621432505 139738.4 415
1732621442629 139738.4 416
1732621452754 139738.4 417
1732621462907 139738.3 418
1732621473032 139742.9 419
1732621483148 139738.2 420
1732621493260 139741.7 421
1732621503400 139737.0 422
1732621513531 139740.6 423
1732621523624 139739.1 424
1732621533742 139738.2 425
1732621543864 139738.0 426
1732621553944 139741.5 427
1732621564060 139736.8 428
1732621574158 139740.3 429
1732621584283 139735.6 430
1732621594400 139739.2 431
1732621604515 139738.9 432
1732621614633 139736.8 433
1732621624753 139740.3 434
1732621634878 139740.1 435
1732621644998 139739.2 436
1732621655123 139738.9 437
1732621665207 139742.4 438
1732621675300 139737.8 439
1732621685375 139741.3 440
1732621695912 139736.6 441
1732621706028 139738.9 442
1732621716145 139738.7 443
1732621726275 139737.8 444
1732621736407 139740.0 445
1732621746529 139735.3 446
1732621756644 139740.0 447
1732621766782 139739.9 448
1732621776925 139739.9 449
1732621787045 139739.9 450
1732621797185 139739.9 451
1732621807296 139739.9 452
1732621817401 139738.8 453
1732621827528 139738.5 454
1732621837663 139737.6 455
1732621847793 139737.4 456
1732621857908 139740.9 457
1732621868019 139736.3 458
1732621878166 139738.6 459
1732621888295 139742.1 460
1732621898383 139737.4 461
1732621908494 139741.0 462
1732621918622 139736.3 463
1732621928749 139739.8 464
1732621938881 139739.6 465
1732621949028 139738.6 466
1732621959136 139737.2 467
1732621969243 139740.7 468
1732621979339 139738.3 469
1732621989452 139738.2 470
1732621999548 139740.8 471
1732622009671 139736.1 472
1732622019775 139739.6 473
1732622029861 139739.4 474
1732622039959 139738.5 475
1732622050081 139738.2 476
1732622060160 139738.3 477
1732622070255 139738.3 478
1732622080333 139738.3 479
1732622090452 139738.3 480
1732622100567 139738.3 481
1732622110666 139738.2 482
1732622120777 139738.2 483
1732622130905 139738.2 484
1732622141023 139738.2 485
1732622151162 139737.9 486
1732622161758 139737.0 487
1732622171908 139739.2 488
1732622182021 139739.2 489
1732622192165 139739.2 490
1732622202286 139739.2 491
1732622212375 139739.2 492
1732622222499 139734.5 493
1732622232631 139738.0 494
1732622242729 139737.8 495
1732622252854 139736.9 496
1732622262929 139736.7 497
1732622273026 139740.2 498
1732622283100 139736.7 499
1732622293222 139739.1 500
1732622303352 139742.6 501
1732622313480 139737.9 502
1732622323611 139741.5 503
1732622333734 139736.8 504
1732622343862 139736.8 505
1732622354012 139736.8 506
1732622364154 139736.7 507
1732622374294 139736.7 508
1732622384434 139736.7 509
1732622394547 139736.7 510
1732622404652 139736.7 511
1732622414757 139736.7 512
1732622424860 139736.7 513
1732622434973 139736.7 514
1732622445113 139736.6 515
1732622455249 139736.6 516
1732622465376 139736.6 517
1732622475497 139735.4 518
1732622485636 139738.9 519
1732622495773 139738.7 520
1732622505911 139737.8 521
1732622516049 139737.5 522
1732622526137 139740.1 523
1732622536286 139737.7 524
1732622546417 139742.3 525
1732622556564 139742.2 526
1732622566695 139742.2 527
1732622576825 139742.2 528
1732622586974 139742.2 529
1732622597123 139738.6 530
1732622607217 139735.7 531
1732622617364 139735.8 532
1732622627513 139735.8 533
1732622637648 139735.8 534
1732622647767 139735.7 535
1732622657923 139735.7 536
1732622668082 139735.7 537
1732622678234 139735.6 538
1732622688381 139735.5 539
1732622698527 139735.4 540
1732622709167 139735.4 541
1732622719299 139735.4 542
1732622729439 139735.3 543
1732622739585 139735.3 544
1732622749735 139735.3 545
1732622759865 139735.3 546
1732622770003 139735.3 547
1732622780155 139735.3 548
1732622790305 139735.3 549
1732622800453 139735.3 550
1732622810598 139735.3 551
1732622820735 139735.2 552
1732622830890 139735.2 553
1732622841026 139735.2 554
1732622851135 139735.2 555
1732622861280 139735.2 556
1732622871428 139735.2 557
1732622881574 139735.1 558
