1732617242989 46.7 0
1732617253036 46.7 1
1732617263085 46.7 2
1732617273120 46.7 3
1732617283197 46.7 4
1732617293260 46.7 5
1732617303307 46.7 6
1732617313351 46.7 7
1732617323401 46.7 8
1732617333453 46.7 9
1732617343525 46.7 10
1732617353589 46.7 11
1732617363642 46.7 12
1732617373700 46.7 13
1732617383754 46.7 14
1732617393809 46.7 15
1732617403876 46.7 16
1732617413956 46.7 17
1732617424040 46.7 18
1732617434117 46.7 19
1732617444192 46.7 20
1732617454272 46.7 21
1732617464333 46.7 22
1732617474411 46.7 23
1732617484489 46.7 24
1732617494560 46.7 25
1732617504643 46.7 26
1732617514725 46.7 27
1732617524799 46.7 28
1732617534850 46.7 29
1732617544913 46.7 30
1732617554975 46.7 31
1732617565039 46.7 32
1732617575122 46.7 33
1732617585181 46.7 34
1732617595241 46.7 35
1732617605330 46.7 36
1732617615407 46.7 37
1732617625486 46.7 38
1732617635566 46.7 39
1732617645633 46.7 40
1732617655720 46.7 41
1732617665803 46.7 42
1732617675871 46.7 43
1732617685939 46.7 44
1732617696036 46.7 45
1732617706115 46.7 46
1732617716207 46.7 47
1732617726278 46.7 48
1732617736405 46.7 49
1732617746471 46.7 50
1732617756538 46.7 51
1732617766619 46.7 52
1732617776709 46.7 53
1732617786778 46.7 54
1732617796859 46.7 55
1732617806947 46.7 56
1732617817024 46.7 57
1732617827118 46.7 58
1732617837199 46.7 59
1732617847288 46.7 60
1732617857381 46.7 61
1732617867447 46.7 62
1732617877525 46.7 63
1732617887601 46.7 64
1732617897684 46.7 65
1732617907756 46.7 66
1732617917836 46.7 67
1732617927915 46.7 68
1732617938009 46.7 69
1732617948111 46.7 70
1732617958197 46.7 71
1732617968267 46.7 72
1732617978357 46.7 73
1732617988446 46.7 74
1732617998503 46.7 75
1732618008554 46.7 76
1732618018654 46.7 77
1732618028712 46.7 78
1732618038776 46.7 79
1732618048863 46.7 80
1732618058934 46.7 81
1732618069003 46.7 82
1732618079086 46.7 83
1732618089192 46.7 84
1732618099289 46.7 85
1732618109381 46.7 86
1732618119473 46.7 87
1732618129553 46.7 88
1732618139636 46.7 89
1732618149715 46.7 90
1732618159791 46.7 91
1732618169855 46.7 92
1732618179936 46.7 93
1732618190030 46.7 94
1732618200098 46.7 95
1732618210175 46.7 96
1732618220259 46.7 97
1732618230331 46.7 98
1732618240412 46.7 99
1732618250489 46.7 100
1732618260569 46.7 101
1732618270640 46.7 102
1732618280724 46.7 103
1732618290810 46.7 104
1732618300888 46.7 105
1732618310984 46.7 106
1732618321052 46.7 107
1732618331140 46.7 108
1732618341216 46.7 109
1732618351299 46.7 110
1732618361387 46.7 111
1732618371461 46.7 112
1732618381558 46.7 113
1732618391624 46.7 114
1732618401727 46.8 115
1732618411819 46.8 116
1732618421909 46.8 117
1732618431999 46.8 118
1732618442082 46.8 119
1732618452169 46.8 120
1732618462248 46.8 121
1732618472351 46.8 122
1732618482444 46.7 123
1732618492521 46.7 124
1732618502622 46.7 125
1732618512718 46.7 126
1732618522798 46.7 127
1732618532885 46.7 128
1732618542961 46.7 129
1732618553049 46.7 130
1732618563138 46.7 131
1732618573241 46.7 132
1732618583346 46.7 133
1732618593443 46.7 134
1732618603532 46.7 135
1732618613608 46.7 136
1732618623698 46.7 137
1732618633773 46.7 138
1732618643871 46.7 139
1732618653950 46.7 140
1732618664056 46.7 141
1732618674147 46.7 142
1732618684228 46.7 143
1732618694324 46.7 144
1732618704416 46.7 145
1732618714500 46.7 146
1732618724606 46.7 147
1732618734688 46.7 148
1732618744782 46.7 149
1732618754885 46.7 150
1732618764954 46.7 151
1732618775051 46.7 152
1732618785137 46.7 153
1732618795236 46.7 154
1732618805320 46.7 155
1732618815416 46.7 156
1732618825501 46.8 157
1732618835590 46.7 158
1732618845699 46.7 159
1732618855782 46.7 160
1732618865861 46.7 161
1732618875957 46.8 162
1732618886047 46.8 163
1732618896134 46.7 164
1732618906231 46.7 165
1732618916324 46.7 166
1732618926426 46.7 167
1732618936498 46.7 168
1732618946581 46.7 169
1732618956671 46.7 170
1732618966752 46.7 171
1732618976837 46.7 172
1732618986923 46.7 173
1732618997019 46.7 174
1732619007117 46.7 175
1732619017193 46.7 176
1732619027275 46.7 177
1732619037368 46.7 178
1732619047455 46.7 179
1732619057548 46.7 180
1732619067610 46.7 181
1732619077704 46.7 182
1732619087777 46.7 183
1732619097862 46.7 184
1732619107953 46.7 185
1732619118015 46.7 186
1732619128094 46.7 187
1732619138189 46.7 188
1732619148271 46.7 189
1732619158357 46.7 190
1732619168437 46.7 191
1732619178531 46.7 192
1732619188629 46.7 193
1732619198714 46.7 194
1732619208802 46.7 195
1732619218860 46.7 196
1732619228934 46.7 197
1732619239127 46.7 198
1732619249234 46.7 199
1732619259331 46.7 200
1732619269417 46.7 201
1732619279504 46.7 202
1732619289618 46.7 203
1732619299715 46.7 204
1732619309809 46.7 205
1732619319909 46.7 206
1732619330009 46.7 207
1732619340094 46.7 208
1732619350193 46.7 209
1732619360293 46.7 210
1732619370365 46.7 211
1732619380449 46.7 212
1732619390506 46.7 213
1732619400597 46.7 214
1732619410678 46.7 215
1732619420769 46.7 216
1732619430876 46.7 217
1732619440973 46.7 218
1732619451084 46.7 219
1732619461187 46.7 220
1732619471286 46.7 221
1732619481378 46.7 222
1732619491472 46.7 223
1732619501558 46.7 224
1732619511658 46.7 225
1732619521765 46.7 226
1732619531855 46.7 227
1732619541950 46.7 228
1732619552048 46.7 229
1732619562157 46.7 230
1732619572225 46.7 231
1732619582293 46.7 232
1732619592399 46.7 233
1732619602512 46.7 234
1732619612597 46.7 235
1732619622668 46.7 236
1732619632765 46.7 237
1732619642857 46.7 238
1732619652965 46.7 239
1732619663067 46.7 240
1732619673154 46.7 241
1732619683240 46.7 242
1732619693329 46.7 243
1732619703443 46.7 244
1732619713532 46.7 245
1732619723647 46.7 246
1732619733759 46.7 247
1732619743850 46.7 248
1732619753954 46.7 249
1732619764065 46.7 250
1732619774140 46.7 251
1732619784229 46.7 252
1732619794303 46.7 253
1732619804395 46.7 254
1732619814503 46.7 255
1732619824608 46.7 256
1732619834718 46.7 257
1732619844826 46.7 258
1732619854923 46.7 259
1732619865029 46.7 260
1732619875147 46.7 261
1732619885793 46.7 262
1732619895884 46.7 263
1732619906000 46.7 264
1732619916105 46.7 265
1732619926207 46.7 266
1732619936297 46.7 267
1732619946410 46.7 268
1732619956529 46.7 269
1732619966622 46.7 270
1732619976746 46.7 271
1732619986849 46.7 272
1732619996951 46.7 273
1732620007019 46.7 274
1732620017111 46.7 275
1732620027175 46.7 276
1732620037268 46.7 277
1732620047373 46.7 278
1732620057481 46.7 279
1732620067568 46.7 280
1732620077675 46.7 281
1732620087778 46.7 282
1732620097868 46.7 283
1732620107981 46.7 284
1732620118090 46.7 285
1732620128190 46.7 286
1732620138301 46.7 287
1732620148404 46.7 288
1732620158498 46.7 289
1732620168604 46.7 290
1732620178700 46.7 291
1732620188822 46.7 292
1732620198933 46.7 293
1732620209052 46.7 294
1732620219160 46.7 295
1732620229273 46.7 296
1732620239385 46.7 297
1732620249491 46.7 298
1732620259597 46.7 299
1732620269715 46.7 300
1732620279811 46.7 301
1732620289907 46.7 302
1732620300021 46.7 303
1732620310140 46.7 304
1732620320217 46.7 305
1732620330291 46.7 306
1732620340387 46.7 307
1732620350458 46.7 308
1732620360566 46.7 309
1732620370670 46.7 310
1732620380786 46.7 311
1732620390903 46.7 312
1732620401033 46.7 313
1732620411145 46.7 314
1732620421240 46.7 315
1732620431349 46.7 316
1732620441466 46.7 317
1732620451569 46.7 318
1732620461694 46.7 319
1732620471804 46.7 320
1732620481933 46.7 321
1732620492031 46.7 322
1732620502153 46.7 323
1732620512247 46.7 324
1732620522348 46.7 325
1732620532449 46.7 326
1732620542548 46.7 327
1732620552672 46.7 328
1732620562764 46.7 329
1732620572843 46.7 330
1732620582957 46.7 331
1732620593065 46.7 332
1732620603180 46.7 333
1732620613297 46.7 334
1732620623415 46.7 335
1732620633534 46.7 336
1732620643638 46.7 337
1732620653750 46.7 338
1732620663856 46.7 339
1732620673950 46.7 340
1732620684053 46.7 341
1732620694165 46.7 342
1732620704271 46.7 343
1732620714352 46.7 344
1732620724454 46.7 345
1732620734567 46.7 346
1732620744669 46.7 347
1732620754801 46.7 348
1732620764911 46.7 349
1732620775037 46.7 350
1732620785141 46.7 351
1732620795250 46.7 352
1732620805350 46.7 353
1732620815443 46.7 354
1732620825553 46.7 355
1732620835672 46.7 356
1732620845812 46.7 357
1732620855947 46.7 358
1732620866062 46.7 359
1732620876172 46.7 360
1732620886287 46.7 361
1732620896406 46.7 362
1732620906514 46.7 363
1732620916606 46.7 364
1732620926673 46.7 365
1732620936753 46.7 366
1732620946831 46.7 367
1732620956950 46.7 368
1732620967083 46.7 369
1732620977186 46.7 370
1732620987313 46.7 371
1732620997431 46.7 372
1732621007561 46.7 373
1732621017689 46.7 374
1732621027810 46.7 375
1732621037880 46.7 376
1732621048003 46.7 377
1732621058141 46.7 378
1732621068260 46.7 379
1732621078349 46.7 380
1732621088450 46.7 381
1732621098543 46.7 382
1732621108642 46.7 383
1732621118766 46.7 384
1732621128845 46.7 385
1732621138949 46.7 386
1732621149066 46.7 387
1732621159135 46.7 388
1732621169249 46.7 389
1732621179380 46.7 390
1732621189501 46.7 391
1732621199622 46.7 392
1732621209750 46.7 393
1732621219865 46.7 394
1732621229987 46.7 395
1732621240108 46.7 396
1732621250233 46.7 397
1732621260338 46.7 398
1732621270430 46.7 399
1732621280540 46.7 400
1732621290702 46.7 401
1732621300823 46.7 402
1732621310946 46.7 403
1732621321019 46.7 404
1732621331156 46.7 405
1732621341284 46.7 406
1732621351403 46.7 407
1732621361524 46.7 408
1732621371649 46.7 409
1732621381768 46.7 410
1732621391862 46.7 411
1732621401973 46.7 412
1732621412226 46.7 413
1732621422369 46.7 414
1732621432505 46.7 415
1732621442629 46.7 416
1732621452754 46.7 417
1732621462907 46.7 418
1732621473032 46.7 419
1732621483148 46.7 420
1732621493260 46.7 421
1732621503400 46.7 422
1732621513531 46.7 423
1732621523624 46.7 424
1732621533742 46.7 425
1732621543864 46.7 426
1732621553944 46.7 427
1732621564060 46.7 428
1732621574158 46.7 429
1732621584283 46.7 430
1732621594400 46.7 431
1732621604515 46.7 432
1732621614633 46.7 433
1732621624753 46.7 434
1732621634878 46.7 435
1732621644998 46.7 436
1732621655123 46.7 437
1732621665207 46.7 438
1732621675300 46.7 439
1732621685375 46.7 440
1732621695912 46.7 441
1732621706028 46.7 442
1732621716145 46.7 443
1732621726275 46.7 444
1732621736407 46.7 445
1732621746529 46.7 446
1732621756644 46.7 447
1732621766782 46.7 448
1732621776925 46.7 449
1732621787045 46.7 450
1732621797185 46.7 451
1732621807296 46.7 452
1732621817401 46.7 453
1732621827528 46.7 454
1732621837663 46.7 455
1732621847793 46.7 456
1732621857908 46.7 457
1732621868019 46.7 458
1732621878166 46.7 459
1732621888295 46.7 460
1732621898383 46.7 461
1732621908494 46.7 462
1732621918622 46.7 463
1732621928749 46.7 464
1732621938881 46.7 465
1732621949028 46.7 466
1732621959136 46.7 467
1732621969243 46.7 468
1732621979339 46.7 469
1732621989452 46.7 470
1732621999548 46.7 471
1732622009671 46.7 472
1732622019775 46.7 473
1732622029861 46.7 474
1732622039959 46.7 475
1732622050081 46.7 476
1732622060160 46.7 477
1732622070255 46.7 478
1732622080333 46.7 479
1732622090452 46.7 480
1732622100567 46.7 481
1732622110666 46.7 482
1732622120777 46.7 483
1732622130905 46.7 484
1732622141023 46.7 485
1732622151162 46.7 486
1732622161758 46.7 487
1732622171908 46.7 488
1732622182021 46.7 489
1732622192165 46.7 490
1732622202286 46.7 491
1732622212375 46.7 492
1732622222499 46.7 493
1732622232631 46.7 494
1732622242729 46.7 495
1732622252854 46.7 496
1732622262929 46.7 497
1732622273026 46.7 498
1732622283100 46.7 499
1732622293222 46.7 500
1732622303352 46.7 501
1732622313480 46.7 502
1732622323611 46.7 503
1732622333734 46.7 504
1732622343862 46.7 505
1732622354012 46.7 506
1732622364154 46.7 507
1732622374294 46.7 508
1732622384434 46.7 509
1732622394547 46.7 510
1732622404652 46.7 511
1732622414757 46.7 512
1732622424860 46.7 513
1732622434973 46.7 514
1732622445113 46.7 515
1732622455249 46.7 516
1732622465376 46.7 517
1732622475497 46.7 518
1732622485636 46.7 519
1732622495773 46.7 520
1732622505911 46.7 521
1732622516049 46.7 522
1732622526137 46.7 523
1732622536286 46.7 524
1732622546417 46.7 525
1732622556564 46.7 526
1732622566695 46.7 527
1732622576825 46.7 528
1732622586974 46.7 529
1732622597123 46.7 530
1732622607217 46.7 531
1732622617364 46.7 532
1732622627513 46.7 533
1732622637648 46.7 534
1732622647767 46.7 535
1732622657923 46.7 536
1732622668082 46.7 537
1732622678234 46.7 538
1732622688381 46.7 539
1732622698527 46.7 540
1732622709167 46.7 541
1732622719299 46.7 542
1732622729439 46.7 543
1732622739585 46.7 544
1732622749735 46.7 545
1732622759865 46.7 546
1732622770003 46.7 547
1732622780155 46.7 548
1732622790305 46.7 549
1732622800453 46.7 550
1732622810598 46.7 551
1732622820735 46.7 552
1732622830890 46.7 553
1732622841026 46.7 554
1732622851135 46.7 555
1732622861280 46.7 556
1732622871428 46.7 557
1732622881574 46.7 558
