1732617242989 22.1 0
1732617253036 28.5 1
1732617263085 43.9 2
1732617273120 44.3 3
1732617283197 45.1 4
1732617293260 44.2 5
1732617303307 36.1 6
1732617313351 30.1 7
1732617323401 30.4 8
1732617333453 38.4 9
1732617343525 31.8 10
1732617353589 37.1 11
1732617363642 46.5 12
1732617373700 46.8 13
1732617383754 46.6 14
1732617393809 32.3 15
1732617403876 45.0 16
1732617413956 47.4 17
1732617424040 31.5 18
1732617434117 49.8 19
1732617444192 32.4 20
1732617454272 49.9 21
1732617464333 39.1 22
1732617474411 32.6 23
1732617484489 47.9 24
1732617494560 48.4 25
1732617504643 31.4 26
1732617514725 46.9 27
1732617524799 43.7 28
1732617534850 47.3 29
1732617544913 48.0 30
1732617554975 32.0 31
1732617565039 49.3 32
1732617575122 38.7 33
1732617585181 48.0 34
1732617595241 48.7 35
1732617605330 40.2 36
1732617615407 47.8 37
1732617625486 46.5 38
1732617635566 39.7 39
1732617645633 32.2 40
1732617655720 48.3 41
1732617665803 33.6 42
1732617675871 31.3 43
1732617685939 43.6 44
1732617696036 37.7 45
1732617706115 43.4 46
1732617716207 38.1 47
1732617726278 36.0 48
1732617736405 31.4 49
1732617746471 49.4 50
1732617756538 42.0 51
1732617766619 49.2 52
1732617776709 31.1 53
1732617786778 49.4 54
1732617796859 31.0 55
1732617806947 31.2 56
1732617817024 48.4 57
1732617827118 43.5 58
1732617837199 39.2 59
1732617847288 31.4 60
1732617857381 47.1 61
1732617867447 46.9 62
1732617877525 32.6 63
1732617887601 46.9 64
1732617897684 46.4 65
1732617907756 48.0 66
1732617917836 40.1 67
1732617927915 41.7 68
1732617938009 48.6 69
1732617948111 41.0 70
1732617958197 31.1 71
1732617968267 38.1 72
1732617978357 36.3 73
1732617988446 37.8 74
1732617998503 37.4 75
1732618008554 47.8 76
1732618018654 37.9 77
1732618028712 36.4 78
1732618038776 32.1 79
1732618048863 30.3 80
1732618058934 38.2 81
1732618069003 38.0 82
1732618079086 36.7 83
1732618089192 32.6 84
1732618099289 36.6 85
1732618109381 31.6 86
1732618119473 40.1 87
1732618129553 32.8 88
1732618139636 36.9 89
1732618149715 34.6 90
1732618159791 40.1 91
1732618169855 37.6 92
1732618179936 39.3 93
1732618190030 40.5 94
1732618200098 31.9 95
1732618210175 47.2 96
1732618220259 46.7 97
1732618230331 38.4 98
1732618240412 40.1 99
1732618250489 47.5 100
1732618260569 44.0 101
1732618270640 43.1 102
1732618280724 30.9 103
1732618290810 44.4 104
1732618300888 45.8 105
1732618310984 30.7 106
1732618321052 46.2 107
1732618331140 48.5 108
1732618341216 46.1 109
1732618351299 30.8 110
1732618361387 46.9 111
1732618371461 31.2 112
1732618381558 30.6 113
1732618391624 43.2 114
1732618401727 37.3 115
1732618411819 30.5 116
1732618421909 36.6 117
1732618431999 30.3 118
1732618442082 47.8 119
1732618452169 30.9 120
1732618462248 31.7 121
1732618472351 37.4 122
1732618482444 31.6 123
1732618492521 36.8 124
1732618502622 37.1 125
1732618512718 30.1 126
1732618522798 33.1 127
1732618532885 30.7 128
1732618542961 37.7 129
1732618553049 37.5 130
1732618563138 38.5 131
1732618573241 37.4 132
1732618583346 37.7 133
1732618593443 48.1 134
1732618603532 30.8 135
1732618613608 42.1 136
1732618623698 30.1 137
1732618633773 36.8 138
1732618643871 37.3 139
1732618653950 48.0 140
1732618664056 30.9 141
1732618674147 42.3 142
1732618684228 33.5 143
1732618694324 31.2 144
1732618704416 43.5 145
1732618714500 37.9 146
1732618724606 30.5 147
1732618734688 34.8 148
1732618744782 37.0 149
1732618754885 30.7 150
1732618764954 30.0 151
1732618775051 41.0 152
1732618785137 37.3 153
1732618795236 37.3 154
1732618805320 37.5 155
1732618815416 39.0 156
1732618825501 31.1 157
1732618835590 31.0 158
1732618845699 36.9 159
1732618855782 35.6 160
1732618865861 39.4 161
1732618875957 36.3 162
1732618886047 47.4 163
1732618896134 30.3 164
1732618906231 47.4 165
1732618916324 34.5 166
1732618926426 34.6 167
1732618936498 37.3 168
1732618946581 30.2 169
1732618956671 40.2 170
1732618966752 37.5 171
1732618976837 30.2 172
1732618986923 32.2 173
1732618997019 37.6 174
1732619007117 29.9 175
1732619017193 48.5 176
1732619027275 37.6 177
1732619037368 37.0 178
1732619047455 34.8 179
1732619057548 36.4 180
1732619067610 46.9 181
1732619077704 30.6 182
1732619087777 31.5 183
1732619097862 38.8 184
1732619107953 35.7 185
1732619118015 32.6 186
1732619128094 36.9 187
1732619138189 30.4 188
1732619148271 36.4 189
1732619158357 31.4 190
1732619168437 34.2 191
1732619178531 39.7 192
1732619188629 30.0 193
1732619198714 41.3 194
1732619208802 39.6 195
1732619218860 36.6 196
1732619228934 30.0 197
1732619239127 30.6 198
1732619249234 30.2 199
1732619259331 37.3 200
1732619269417 30.0 201
1732619279504 36.5 202
1732619289618 35.6 203
1732619299715 35.9 204
1732619309809 35.0 205
1732619319909 36.9 206
1732619330009 30.5 207
1732619340094 36.9 208
1732619350193 36.9 209
1732619360293 29.8 210
1732619370365 46.6 211
1732619380449 46.6 212
1732619390506 36.7 213
1732619400597 43.7 214
1732619410678 30.6 215
1732619420769 40.6 216
1732619430876 37.6 217
1732619440973 30.1 218
1732619451084 30.0 219
1732619461187 46.7 220
1732619471286 45.7 221
1732619481378 30.9 222
1732619491472 45.5 223
1732619501558 45.2 224
1732619511658 45.2 225
1732619521765 38.0 226
1732619531855 45.2 227
1732619541950 44.6 228
1732619552048 30.8 229
1732619562157 35.8 230
1732619572225 37.5 231
1732619582293 33.8 232
1732619592399 47.9 233
1732619602512 30.7 234
1732619612597 37.5 235
1732619622668 30.6 236
1732619632765 37.2 237
1732619642857 37.3 238
1732619652965 38.1 239
1732619663067 30.8 240
1732619673154 36.8 241
1732619683240 42.1 242
1732619693329 37.0 243
1732619703443 35.5 244
1732619713532 37.3 245
1732619723647 46.9 246
1732619733759 30.5 247
1732619743850 42.4 248
1732619753954 47.0 249
1732619764065 43.0 250
1732619774140 46.9 251
1732619784229 30.6 252
1732619794303 31.4 253
1732619804395 48.0 254
1732619814503 46.3 255
1732619824608 32.4 256
1732619834718 46.3 257
1732619844826 31.0 258
1732619854923 47.8 259
1732619865029 30.9 260
1732619875147 35.7 261
1732619885793 40.8 262
1732619895884 31.3 263
1732619906000 37.5 264
1732619916105 37.0 265
1732619926207 31.0 266
1732619936297 41.6 267
1732619946410 37.1 268
1732619956529 37.5 269
1732619966622 43.8 270
1732619976746 31.1 271
1732619986849 30.4 272
1732619996951 30.4 273
1732620007019 31.3 274
1732620017111 47.9 275
1732620027175 46.3 276
1732620037268 47.4 277
1732620047373 46.3 278
1732620057481 30.8 279
1732620067568 38.3 280
1732620077675 30.4 281
1732620087778 30.9 282
1732620097868 48.5 283
1732620107981 42.3 284
1732620118090 46.8 285
1732620128190 47.3 286
1732620138301 43.3 287
1732620148404 46.9 288
1732620158498 46.4 289
1732620168604 32.1 290
1732620178700 45.4 291
1732620188822 46.4 292
1732620198933 46.2 293
1732620209052 47.0 294
1732620219160 35.6 295
1732620229273 43.4 296
1732620239385 48.8 297
1732620249491 33.7 298
1732620259597 48.2 299
1732620269715 31.8 300
1732620279811 45.5 301
1732620289907 38.7 302
1732620300021 31.3 303
1732620310140 46.3 304
1732620320217 38.5 305
1732620330291 47.8 306
1732620340387 47.1 307
1732620350458 43.2 308
1732620360566 31.9 309
1732620370670 31.2 310
1732620380786 46.4 311
1732620390903 47.4 312
1732620401033 48.2 313
1732620411145 36.9 314
1732620421240 31.5 315
1732620431349 32.5 316
1732620441466 38.4 317
1732620451569 47.3 318
1732620461694 31.8 319
1732620471804 47.2 320
1732620481933 38.1 321
1732620492031 35.7 322
1732620502153 31.8 323
1732620512247 38.5 324
1732620522348 37.7 325
1732620532449 46.8 326
1732620542548 31.9 327
1732620552672 34.7 328
1732620562764 44.7 329
1732620572843 44.7 330
1732620582957 38.6 331
1732620593065 37.8 332
1732620603180 33.4 333
1732620613297 43.3 334
1732620623415 45.1 335
1732620633534 33.6 336
1732620643638 46.1 337
1732620653750 46.1 338
1732620663856 46.3 339
1732620673950 37.3 340
1732620684053 46.3 341
1732620694165 47.4 342
1732620704271 47.7 343
1732620714352 36.4 344
1732620724454 31.6 345
1732620734567 30.9 346
1732620744669 30.9 347
1732620754801 31.1 348
1732620764911 38.4 349
1732620775037 37.0 350
1732620785141 37.6 351
1732620795250 30.8 352
1732620805350 30.8 353
1732620815443 31.3 354
1732620825553 46.0 355
1732620835672 30.7 356
1732620845812 46.9 357
1732620855947 39.3 358
1732620866062 38.0 359
1732620876172 31.9 360
1732620886287 30.2 361
1732620896406 39.9 362
1732620906514 30.9 363
1732620916606 38.0 364
1732620926673 36.9 365
1732620936753 31.3 366
1732620946831 39.8 367
1732620956950 36.7 368
1732620967083 46.2 369
1732620977186 30.6 370
1732620987313 44.5 371
1732620997431 38.0 372
1732621007561 47.5 373
1732621017689 37.3 374
1732621027810 40.0 375
1732621037880 47.1 376
1732621048003 48.7 377
1732621058141 30.6 378
1732621068260 48.0 379
1732621078349 31.5 380
1732621088450 47.5 381
1732621098543 39.9 382
1732621108642 47.1 383
1732621118766 37.0 384
1732621128845 45.8 385
1732621138949 42.7 386
1732621149066 37.1 387
1732621159135 31.0 388
1732621169249 45.6 389
1732621179380 45.9 390
1732621189501 31.1 391
1732621199622 42.9 392
1732621209750 46.4 393
1732621219865 37.2 394
1732621229987 37.0 395
1732621240108 36.8 396
1732621250233 30.9 397
1732621260338 31.4 398
1732621270430 45.3 399
1732621280540 42.5 400
1732621290702 40.9 401
1732621300823 35.1 402
1732621310946 32.1 403
1732621321019 46.1 404
1732621331156 46.3 405
1732621341284 42.9 406
1732621351403 35.9 407
1732621361524 30.5 408
1732621371649 37.8 409
1732621381768 33.9 410
1732621391862 37.4 411
1732621401973 36.9 412
1732621412226 30.4 413
1732621422369 30.8 414
1732621432505 36.9 415
1732621442629 30.5 416
1732621452754 36.4 417
1732621462907 30.4 418
1732621473032 45.7 419
1732621483148 31.9 420
1732621493260 44.5 421
1732621503400 30.9 422
1732621513531 46.6 423
1732621523624 31.5 424
1732621533742 47.4 425
1732621543864 46.6 426
1732621553944 35.9 427
1732621564060 30.8 428
1732621574158 37.3 429
1732621584283 37.0 430
1732621594400 46.6 431
1732621604515 46.7 432
1732621614633 30.8 433
1732621624753 45.7 434
1732621634878 30.8 435
1732621644998 47.2 436
1732621655123 46.7 437
1732621665207 41.2 438
1732621675300 37.8 439
1732621685375 36.3 440
1732621695912 46.0 441
1732621706028 31.8 442
1732621716145 45.8 443
1732621726275 45.8 444
1732621736407 31.4 445
1732621746529 40.8 446
1732621756644 38.3 447
1732621766782 38.2 448
1732621776925 37.9 449
1732621787045 30.7 450
1732621797185 30.8 451
1732621807296 37.0 452
1732621817401 47.5 453
1732621827528 46.3 454
1732621837663 46.2 455
1732621847793 45.7 456
1732621857908 31.1 457
1732621868019 31.1 458
1732621878166 46.4 459
1732621888295 31.7 460
1732621898383 45.5 461
1732621908494 45.4 462
1732621918622 45.5 463
1732621928749 46.1 464
1732621938881 34.3 465
1732621949028 47.3 466
1732621959136 40.0 467
1732621969243 40.9 468
1732621979339 31.3 469
1732621989452 37.5 470
1732621999548 31.6 471
1732622009671 46.8 472
1732622019775 45.9 473
1732622029861 45.7 474
1732622039959 46.5 475
1732622050081 46.1 476
1732622060160 30.8 477
1732622070255 30.7 478
1732622080333 34.8 479
1732622090452 36.8 480
1732622100567 30.4 481
1732622110666 37.0 482
1732622120777 36.0 483
1732622130905 36.2 484
1732622141023 32.3 485
1732622151162 30.6 486
1732622161758 39.8 487
1732622171908 30.6 488
1732622182021 35.8 489
1732622192165 30.2 490
1732622202286 37.0 491
1732622212375 38.6 492
1732622222499 46.5 493
1732622232631 46.7 494
1732622242729 46.8 495
1732622252854 47.6 496
1732622262929 31.1 497
1732622273026 30.8 498
1732622283100 42.6 499
1732622293222 30.7 500
1732622303352 42.9 501
1732622313480 35.1 502
1732622323611 48.8 503
1732622333734 31.0 504
1732622343862 37.9 505
1732622354012 47.0 506
1732622364154 31.0 507
1732622374294 36.8 508
1732622384434 36.5 509
1732622394547 30.3 510
1732622404652 47.3 511
1732622414757 36.3 512
1732622424860 35.9 513
1732622434973 30.3 514
1732622445113 33.8 515
1732622455249 30.8 516
1732622465376 30.0 517
1732622475497 43.1 518
1732622485636 37.7 519
1732622495773 38.6 520
1732622505911 37.4 521
1732622516049 47.6 522
1732622526137 36.7 523
1732622536286 30.9 524
1732622546417 38.4 525
1732622556564 37.4 526
1732622566695 32.3 527
1732622576825 40.8 528
1732622586974 45.8 529
1732622597123 44.4 530
1732622607217 39.0 531
1732622617364 35.7 532
1732622627513 30.8 533
1732622637648 36.7 534
1732622647767 30.4 535
1732622657923 30.2 536
1732622668082 38.0 537
1732622678234 36.1 538
1732622688381 34.6 539
1732622698527 36.1 540
1732622709167 30.4 541
1732622719299 29.9 542
1732622729439 36.7 543
1732622739585 30.2 544
1732622749735 36.5 545
1732622759865 37.3 546
1732622770003 30.0 547
1732622780155 30.0 548
1732622790305 35.9 549
1732622800453 36.2 550
1732622810598 30.8 551
1732622820735 38.2 552
1732622830890 30.0 553
1732622841026 43.0 554
1732622851135 36.8 555
1732622861280 37.4 556
1732622871428 37.2 557
1732622881574 36.9 558
