1732617242989 81.7 0
1732617253036 105.5 1
1732617263085 162.4 2
1732617273120 164.1 3
1732617283197 166.8 4
1732617293260 163.7 5
1732617303307 133.7 6
1732617313351 111.5 7
1732617323401 112.3 8
1732617333453 142.2 9
1732617343525 117.6 10
1732617353589 137.1 11
1732617363642 172.1 12
1732617373700 173.0 13
1732617383754 172.3 14
1732617393809 119.4 15
1732617403876 166.7 16
1732617413956 175.4 17
1732617424040 116.6 18
1732617434117 184.4 19
1732617444192 119.8 20
1732617454272 184.7 21
1732617464333 144.8 22
1732617474411 120.7 23
1732617484489 177.3 24
1732617494560 179.2 25
1732617504643 116.2 26
1732617514725 173.6 27
1732617524799 161.6 28
1732617534850 174.9 29
1732617544913 177.6 30
1732617554975 118.4 31
1732617565039 182.4 32
1732617575122 143.2 33
1732617585181 177.6 34
1732617595241 180.2 35
1732617605330 148.8 36
1732617615407 177.0 37
1732617625486 172.1 38
1732617635566 146.8 39
1732617645633 119.3 40
1732617655720 178.6 41
1732617665803 124.3 42
1732617675871 115.9 43
1732617685939 161.4 44
1732617696036 139.5 45
1732617706115 160.7 46
1732617716207 141.0 47
1732617726278 133.2 48
1732617736405 116.3 49
1732617746471 182.6 50
1732617756538 155.6 51
1732617766619 182.0 52
1732617776709 115.2 53
1732617786778 182.8 54
1732617796859 114.6 55
1732617806947 115.4 56
1732617817024 179.0 57
1732617827118 161.0 58
1732617837199 145.2 59
1732617847288 116.1 60
1732617857381 174.1 61
1732617867447 173.7 62
1732617877525 120.6 63
1732617887601 173.6 64
1732617897684 171.5 65
1732617907756 177.5 66
1732617917836 148.3 67
1732617927915 154.2 68
1732617938009 180.0 69
1732617948111 151.9 70
1732617958197 115.1 71
1732617968267 140.8 72
1732617978357 134.2 73
1732617988446 140.0 74
1732617998503 138.6 75
1732618008554 177.0 76
1732618018654 140.1 77
1732618028712 134.8 78
1732618038776 118.6 79
1732618048863 111.9 80
1732618058934 141.3 81
1732618069003 140.7 82
1732618079086 135.9 83
1732618089192 120.5 84
1732618099289 135.2 85
1732618109381 116.8 86
1732618119473 148.4 87
1732618129553 121.5 88
1732618139636 136.4 89
1732618149715 128.0 90
1732618159791 148.2 91
1732618169855 139.1 92
1732618179936 145.6 93
1732618190030 149.7 94
1732618200098 117.9 95
1732618210175 174.6 96
1732618220259 173.0 97
1732618230331 142.1 98
1732618240412 148.3 99
1732618250489 175.9 100
1732618260569 162.6 101
1732618270640 159.4 102
1732618280724 114.1 103
1732618290810 164.1 104
1732618300888 169.4 105
1732618310984 113.5 106
1732618321052 171.1 107
1732618331140 179.5 108
1732618341216 170.5 109
1732618351299 114.1 110
1732618361387 173.5 111
1732618371461 115.3 112
1732618381558 113.2 113
1732618391624 159.9 114
1732618401727 137.9 115
1732618411819 112.7 116
1732618421909 135.6 117
1732618431999 112.3 118
1732618442082 177.0 119
1732618452169 114.4 120
1732618462248 117.1 121
1732618472351 138.5 122
1732618482444 116.8 123
1732618492521 136.3 124
1732618502622 137.4 125
1732618512718 111.3 126
1732618522798 122.5 127
1732618532885 113.8 128
1732618542961 139.4 129
1732618553049 138.9 130
1732618563138 142.4 131
1732618573241 138.3 132
1732618583346 139.5 133
1732618593443 178.0 134
1732618603532 113.8 135
1732618613608 155.7 136
1732618623698 111.5 137
1732618633773 136.3 138
1732618643871 138.2 139
1732618653950 177.7 140
1732618664056 114.3 141
1732618674147 156.5 142
1732618684228 123.8 143
1732618694324 115.4 144
1732618704416 160.9 145
1732618714500 140.1 146
1732618724606 112.9 147
1732618734688 128.9 148
1732618744782 137.0 149
1732618754885 113.6 150
1732618764954 111.0 151
1732618775051 151.6 152
1732618785137 137.9 153
1732618795236 138.2 154
1732618805320 138.7 155
1732618815416 144.2 156
1732618825501 115.2 157
1732618835590 114.7 158
1732618845699 136.5 159
1732618855782 131.7 160
1732618865861 146.0 161
1732618875957 134.2 162
1732618886047 175.5 163
1732618896134 112.2 164
1732618906231 175.3 165
1732618916324 127.5 166
1732618926426 128.0 167
1732618936498 138.2 168
1732618946581 111.8 169
1732618956671 148.6 170
1732618966752 138.6 171
1732618976837 111.8 172
1732618986923 119.1 173
1732618997019 139.0 174
1732619007117 110.6 175
1732619017193 179.4 176
1732619027275 139.1 177
1732619037368 137.0 178
1732619047455 128.8 179
1732619057548 134.5 180
1732619067610 173.7 181
1732619077704 113.4 182
1732619087777 116.6 183
1732619097862 143.4 184
1732619107953 132.1 185
1732619118015 120.7 186
1732619128094 136.7 187
1732619138189 112.4 188
1732619148271 134.7 189
1732619158357 116.2 190
1732619168437 126.7 191
1732619178531 147.0 192
1732619188629 111.0 193
1732619198714 152.9 194
1732619208802 146.5 195
1732619218860 135.4 196
1732619228934 111.0 197
1732619239127 113.0 198
1732619249234 111.7 199
1732619259331 137.9 200
1732619269417 110.9 201
1732619279504 134.9 202
1732619289618 131.8 203
1732619299715 133.0 204
1732619309809 129.7 205
1732619319909 136.4 206
1732619330009 112.7 207
1732619340094 136.6 208
1732619350193 136.5 209
1732619360293 110.3 210
1732619370365 172.3 211
1732619380449 172.5 212
1732619390506 135.9 213
1732619400597 161.6 214
1732619410678 113.1 215
1732619420769 150.2 216
1732619430876 139.0 217
1732619440973 111.3 218
1732619451084 111.1 219
1732619461187 172.8 220
1732619471286 169.0 221
1732619481378 114.2 222
1732619491472 168.3 223
1732619501558 167.4 224
1732619511658 167.4 225
1732619521765 140.7 226
1732619531855 167.3 227
1732619541950 164.9 228
1732619552048 113.9 229
1732619562157 132.4 230
1732619572225 138.9 231
1732619582293 125.0 232
1732619592399 177.1 233
1732619602512 113.6 234
1732619612597 138.8 235
1732619622668 113.4 236
1732619632765 137.8 237
1732619642857 138.0 238
1732619652965 140.8 239
1732619663067 113.9 240
1732619673154 136.1 241
1732619683240 155.8 242
1732619693329 137.0 243
1732619703443 131.3 244
1732619713532 138.0 245
1732619723647 173.6 246
1732619733759 112.9 247
1732619743850 157.1 248
1732619753954 173.8 249
1732619764065 159.0 250
1732619774140 173.4 251
1732619784229 113.3 252
1732619794303 116.3 253
1732619804395 177.8 254
1732619814503 171.4 255
1732619824608 119.7 256
1732619834718 171.2 257
1732619844826 114.7 258
1732619854923 176.8 259
1732619865029 114.5 260
1732619875147 131.9 261
1732619885793 151.0 262
1732619895884 115.9 263
1732619906000 138.9 264
1732619916105 136.8 265
1732619926207 114.7 266
1732619936297 153.8 267
1732619946410 137.3 268
1732619956529 138.9 269
1732619966622 162.1 270
1732619976746 115.1 271
1732619986849 112.6 272
1732619996951 112.5 273
1732620007019 115.6 274
1732620017111 177.2 275
1732620027175 171.3 276
1732620037268 175.3 277
1732620047373 171.4 278
1732620057481 114.0 279
1732620067568 141.7 280
1732620077675 112.6 281
1732620087778 114.5 282
1732620097868 179.6 283
1732620107981 156.7 284
1732620118090 173.1 285
1732620128190 175.1 286
1732620138301 160.2 287
1732620148404 173.7 288
1732620158498 171.5 289
1732620168604 118.6 290
1732620178700 168.1 291
1732620188822 171.8 292
1732620198933 170.9 293
1732620209052 173.8 294
1732620219160 131.6 295
1732620229273 160.6 296
1732620239385 180.5 297
1732620249491 124.6 298
1732620259597 178.4 299
1732620269715 117.7 300
1732620279811 168.4 301
1732620289907 143.1 302
1732620300021 115.7 303
1732620310140 171.2 304
1732620320217 142.5 305
1732620330291 176.8 306
1732620340387 174.1 307
1732620350458 159.8 308
1732620360566 117.8 309
1732620370670 115.5 310
1732620380786 171.8 311
1732620390903 175.4 312
1732620401033 178.2 313
1732620411145 136.7 314
1732620421240 116.6 315
1732620431349 120.2 316
1732620441466 142.2 317
1732620451569 174.9 318
1732620461694 117.7 319
1732620471804 174.6 320
1732620481933 140.9 321
1732620492031 132.2 322
1732620502153 117.7 323
1732620512247 142.3 324
1732620522348 139.5 325
1732620532449 173.1 326
1732620542548 117.9 327
1732620552672 128.2 328
1732620562764 165.4 329
1732620572843 165.5 330
1732620582957 142.7 331
1732620593065 139.8 332
1732620603180 123.5 333
1732620613297 160.4 334
1732620623415 167.0 335
1732620633534 124.4 336
1732620643638 170.4 337
1732620653750 170.7 338
1732620663856 171.4 339
1732620673950 138.1 340
1732620684053 171.2 341
1732620694165 175.5 342
1732620704271 176.4 343
1732620714352 134.7 344
1732620724454 117.0 345
1732620734567 114.2 346
1732620744669 114.2 347
1732620754801 115.1 348
1732620764911 142.1 349
1732620775037 137.1 350
1732620785141 139.0 351
1732620795250 113.8 352
1732620805350 113.9 353
1732620815443 115.7 354
1732620825553 170.1 355
1732620835672 113.7 356
1732620845812 173.4 357
1732620855947 145.5 358
1732620866062 140.5 359
1732620876172 118.1 360
1732620886287 111.8 361
1732620896406 147.7 362
1732620906514 114.5 363
1732620916606 140.5 364
1732620926673 136.6 365
1732620936753 115.8 366
1732620946831 147.1 367
1732620956950 135.8 368
1732620967083 170.8 369
1732620977186 113.3 370
1732620987313 164.7 371
1732620997431 140.8 372
1732621007561 175.6 373
1732621017689 138.0 374
1732621027810 148.1 375
1732621037880 174.3 376
1732621048003 180.2 377
1732621058141 113.2 378
1732621068260 177.6 379
1732621078349 116.7 380
1732621088450 175.8 381
1732621098543 147.6 382
1732621108642 174.4 383
1732621118766 136.9 384
1732621128845 169.5 385
1732621138949 157.9 386
1732621149066 137.3 387
1732621159135 114.5 388
1732621169249 168.7 389
1732621179380 169.9 390
1732621189501 114.9 391
1732621199622 158.8 392
1732621209750 171.6 393
1732621219865 137.5 394
1732621229987 136.8 395
1732621240108 136.2 396
1732621250233 114.2 397
1732621260338 116.4 398
1732621270430 167.5 399
1732621280540 157.3 400
1732621290702 151.3 401
1732621300823 130.0 402
1732621310946 118.9 403
1732621321019 170.5 404
1732621331156 171.2 405
1732621341284 158.9 406
1732621351403 132.9 407
1732621361524 112.8 408
1732621371649 140.0 409
1732621381768 125.4 410
1732621391862 138.4 411
1732621401973 136.5 412
1732621412226 112.6 413
1732621422369 113.9 414
1732621432505 136.7 415
1732621442629 112.7 416
1732621452754 134.5 417
1732621462907 112.3 418
1732621473032 169.0 419
1732621483148 118.0 420
1732621493260 164.7 421
1732621503400 114.4 422
1732621513531 172.4 423
1732621523624 116.6 424
1732621533742 175.5 425
1732621543864 172.3 426
1732621553944 132.8 427
1732621564060 114.0 428
1732621574158 138.0 429
1732621584283 136.7 430
1732621594400 172.6 431
1732621604515 172.9 432
1732621614633 113.8 433
1732621624753 169.2 434
1732621634878 114.1 435
1732621644998 174.5 436
1732621655123 172.7 437
1732621665207 152.5 438
1732621675300 139.7 439
1732621685375 134.3 440
1732621695912 170.3 441
1732621706028 117.5 442
1732621716145 169.6 443
1732621726275 169.3 444
1732621736407 116.0 445
1732621746529 151.1 446
1732621756644 141.6 447
1732621766782 141.5 448
1732621776925 140.3 449
1732621787045 113.5 450
1732621797185 114.0 451
1732621807296 136.8 452
1732621817401 175.7 453
1732621827528 171.1 454
1732621837663 171.0 455
1732621847793 169.2 456
1732621857908 114.9 457
1732621868019 115.2 458
1732621878166 171.6 459
1732621888295 117.1 460
1732621898383 168.2 461
1732621908494 168.1 462
1732621918622 168.5 463
1732621928749 170.4 464
1732621938881 126.8 465
1732621949028 174.9 466
1732621959136 148.1 467
1732621969243 151.3 468
1732621979339 116.0 469
1732621989452 138.8 470
1732621999548 116.8 471
1732622009671 173.3 472
1732622019775 170.0 473
1732622029861 169.0 474
1732622039959 171.9 475
1732622050081 170.7 476
1732622060160 114.0 477
1732622070255 113.5 478
1732622080333 128.7 479
1732622090452 136.0 480
1732622100567 112.4 481
1732622110666 136.8 482
1732622120777 133.2 483
1732622130905 133.9 484
1732622141023 119.7 485
1732622151162 113.4 486
1732622161758 147.4 487
1732622171908 113.1 488
1732622182021 132.5 489
1732622192165 111.8 490
1732622202286 137.0 491
1732622212375 142.8 492
1732622222499 171.9 493
1732622232631 172.8 494
1732622242729 173.1 495
1732622252854 176.2 496
1732622262929 115.1 497
1732622273026 114.0 498
1732622283100 157.5 499
1732622293222 113.7 500
1732622303352 158.7 501
1732622313480 129.9 502
1732622323611 180.6 503
1732622333734 114.7 504
1732622343862 140.4 505
1732622354012 174.0 506
1732622364154 114.6 507
1732622374294 136.0 508
1732622384434 135.1 509
1732622394547 111.9 510
1732622404652 174.9 511
1732622414757 134.2 512
1732622424860 132.8 513
1732622434973 112.0 514
1732622445113 125.0 515
1732622455249 114.0 516
1732622465376 111.2 517
1732622475497 159.6 518
1732622485636 139.5 519
1732622495773 142.7 520
1732622505911 138.6 521
1732622516049 176.1 522
1732622526137 135.8 523
1732622536286 114.4 524
1732622546417 142.0 525
1732622556564 138.4 526
1732622566695 119.5 527
1732622576825 150.8 528
1732622586974 169.5 529
1732622597123 164.5 530
1732622607217 144.4 531
1732622617364 132.0 532
1732622627513 114.1 533
1732622637648 135.9 534
1732622647767 112.5 535
1732622657923 111.7 536
1732622668082 140.5 537
1732622678234 133.6 538
1732622688381 127.9 539
1732622698527 133.5 540
1732622709167 112.3 541
1732622719299 110.7 542
1732622729439 135.8 543
1732622739585 111.7 544
1732622749735 135.0 545
1732622759865 137.9 546
1732622770003 111.0 547
1732622780155 110.8 548
1732622790305 132.8 549
1732622800453 133.8 550
1732622810598 114.0 551
1732622820735 141.5 552
1732622830890 111.1 553
1732622841026 159.1 554
1732622851135 136.2 555
1732622861280 138.3 556
1732622871428 137.7 557
1732622881574 136.5 558
