1732617242989 10.0 0
1732617253036 17.6 1
1732617263085 26.1 2
1732617273120 26.2 3
1732617283197 26.5 4
1732617293260 26.4 5
1732617303307 26.4 6
1732617313351 26.4 7
1732617323401 36.1 8
1732617333453 35.9 9
1732617343525 35.9 10
1732617353589 36.1 11
1732617363642 36.2 12
1732617373700 36.2 13
1732617383754 35.9 14
1732617393809 35.9 15
1732617403876 35.9 16
1732617413956 35.9 17
1732617424040 35.9 18
1732617434117 35.9 19
1732617444192 35.9 20
1732617454272 35.9 21
1732617464333 36.0 22
1732617474411 36.1 23
1732617484489 36.1 24
1732617494560 35.8 25
1732617504643 35.8 26
1732617514725 35.8 27
1732617524799 35.8 28
1732617534850 35.8 29
1732617544913 35.8 30
1732617554975 35.9 31
1732617565039 36.2 32
1732617575122 35.8 33
1732617585181 35.8 34
1732617595241 35.9 35
1732617605330 35.9 36
1732617615407 35.9 37
1732617625486 36.1 38
1732617635566 36.1 39
1732617645633 35.7 40
1732617655720 35.7 41
1732617665803 35.5 42
1732617675871 35.4 43
1732617685939 35.4 44
1732617696036 35.4 45
1732617706115 35.4 46
1732617716207 35.4 47
1732617726278 35.4 48
1732617736405 35.4 49
1732617746471 35.5 50
1732617756538 35.4 51
1732617766619 35.4 52
1732617776709 35.4 53
1732617786778 35.5 54
1732617796859 35.4 55
1732617806947 35.4 56
1732617817024 35.4 57
1732617827118 35.4 58
1732617837199 35.4 59
1732617847288 35.4 60
1732617857381 35.4 61
1732617867447 35.4 62
1732617877525 35.4 63
1732617887601 35.4 64
1732617897684 35.4 65
1732617907756 35.4 66
1732617917836 35.4 67
1732617927915 35.4 68
1732617938009 35.4 69
1732617948111 35.3 70
1732617958197 35.4 71
1732617968267 35.4 72
1732617978357 35.4 73
1732617988446 35.5 74
1732617998503 35.4 75
1732618008554 35.5 76
1732618018654 35.4 77
1732618028712 35.2 78
1732618038776 35.4 79
1732618048863 35.6 80
1732618058934 35.6 81
1732618069003 35.6 82
1732618079086 35.6 83
1732618089192 35.8 84
1732618099289 35.7 85
1732618109381 35.7 86
1732618119473 35.9 87
1732618129553 35.9 88
1732618139636 35.7 89
1732618149715 35.9 90
1732618159791 36.1 91
1732618169855 35.8 92
1732618179936 35.9 93
1732618190030 35.5 94
1732618200098 35.7 95
1732618210175 35.8 96
1732618220259 35.9 97
1732618230331 35.8 98
1732618240412 36.0 99
1732618250489 36.0 100
1732618260569 36.0 101
1732618270640 35.8 102
1732618280724 35.8 103
1732618290810 36.0 104
1732618300888 36.0 105
1732618310984 35.7 106
1732618321052 35.9 107
1732618331140 36.1 108
1732618341216 36.0 109
1732618351299 36.0 110
1732618361387 35.9 111
1732618371461 36.4 112
1732618381558 36.1 113
1732618391624 36.0 114
1732618401727 35.9 115
1732618411819 35.9 116
1732618421909 35.9 117
1732618431999 36.0 118
1732618442082 36.3 119
1732618452169 36.0 120
1732618462248 36.0 121
1732618472351 35.9 122
1732618482444 35.5 123
1732618492521 35.4 124
1732618502622 35.4 125
1732618512718 35.4 126
1732618522798 35.4 127
1732618532885 35.4 128
1732618542961 35.4 129
1732618553049 35.3 130
1732618563138 35.3 131
1732618573241 35.4 132
1732618583346 35.3 133
1732618593443 35.4 134
1732618603532 35.5 135
1732618613608 35.3 136
1732618623698 35.4 137
1732618633773 35.4 138
1732618643871 35.4 139
1732618653950 35.4 140
1732618664056 35.3 141
1732618674147 35.5 142
1732618684228 35.4 143
1732618694324 35.8 144
1732618704416 35.5 145
1732618714500 35.5 146
1732618724606 35.5 147
1732618734688 35.5 148
1732618744782 35.5 149
1732618754885 35.5 150
1732618764954 35.5 151
1732618775051 35.6 152
1732618785137 35.3 153
1732618795236 35.3 154
1732618805320 35.3 155
1732618815416 35.3 156
1732618825501 35.6 157
1732618835590 35.9 158
1732618845699 35.4 159
1732618855782 35.3 160
1732618865861 35.4 161
1732618875957 35.6 162
1732618886047 35.8 163
1732618896134 35.6 164
1732618906231 35.7 165
1732618916324 35.5 166
1732618926426 35.5 167
1732618936498 35.4 168
1732618946581 35.4 169
1732618956671 35.4 170
1732618966752 35.4 171
1732618976837 35.4 172
1732618986923 35.4 173
1732618997019 35.4 174
1732619007117 35.4 175
1732619017193 35.3 176
1732619027275 35.3 177
1732619037368 35.3 178
1732619047455 35.3 179
1732619057548 35.3 180
1732619067610 35.3 181
1732619077704 35.8 182
1732619087777 35.4 183
1732619097862 35.3 184
1732619107953 35.3 185
1732619118015 35.3 186
1732619128094 35.3 187
1732619138189 35.3 188
1732619148271 35.3 189
1732619158357 35.2 190
1732619168437 35.2 191
1732619178531 35.2 192
1732619188629 35.2 193
1732619198714 35.2 194
1732619208802 35.2 195
1732619218860 35.2 196
1732619228934 35.2 197
1732619239127 35.2 198
1732619249234 35.2 199
1732619259331 35.2 200
1732619269417 35.2 201
1732619279504 35.2 202
1732619289618 35.2 203
1732619299715 35.2 204
1732619309809 35.2 205
1732619319909 35.2 206
1732619330009 35.2 207
1732619340094 35.2 208
1732619350193 35.2 209
1732619360293 35.2 210
1732619370365 35.2 211
1732619380449 35.2 212
1732619390506 35.2 213
1732619400597 35.2 214
1732619410678 35.2 215
1732619420769 35.2 216
1732619430876 35.2 217
1732619440973 35.2 218
1732619451084 35.2 219
1732619461187 35.1 220
1732619471286 35.1 221
1732619481378 35.1 222
1732619491472 35.1 223
1732619501558 35.1 224
1732619511658 35.2 225
1732619521765 35.2 226
1732619531855 35.2 227
1732619541950 35.2 228
1732619552048 35.2 229
1732619562157 35.2 230
1732619572225 35.2 231
1732619582293 35.3 232
1732619592399 35.4 233
1732619602512 35.3 234
1732619612597 35.3 235
1732619622668 35.3 236
1732619632765 35.3 237
1732619642857 35.3 238
1732619652965 35.3 239
1732619663067 35.3 240
1732619673154 35.3 241
1732619683240 35.4 242
1732619693329 35.4 243
1732619703443 35.4 244
1732619713532 35.4 245
1732619723647 35.4 246
1732619733759 35.4 247
1732619743850 35.4 248
1732619753954 35.3 249
1732619764065 35.2 250
1732619774140 35.4 251
1732619784229 35.3 252
1732619794303 35.3 253
1732619804395 35.3 254
1732619814503 35.3 255
1732619824608 35.3 256
1732619834718 35.4 257
1732619844826 35.3 258
1732619854923 35.3 259
1732619865029 35.3 260
1732619875147 35.3 261
1732619885793 35.3 262
1732619895884 35.3 263
1732619906000 35.3 264
1732619916105 35.5 265
1732619926207 35.4 266
1732619936297 35.4 267
1732619946410 35.4 268
1732619956529 35.3 269
1732619966622 35.3 270
1732619976746 35.3 271
1732619986849 35.4 272
1732619996951 35.3 273
1732620007019 35.3 274
1732620017111 35.3 275
1732620027175 35.3 276
1732620037268 35.3 277
1732620047373 35.3 278
1732620057481 35.3 279
1732620067568 35.3 280
1732620077675 35.4 281
1732620087778 35.4 282
1732620097868 35.5 283
1732620107981 35.4 284
1732620118090 35.3 285
1732620128190 35.3 286
1732620138301 35.3 287
1732620148404 35.4 288
1732620158498 35.6 289
1732620168604 35.5 290
1732620178700 35.5 291
1732620188822 35.4 292
1732620198933 35.4 293
1732620209052 35.4 294
1732620219160 35.4 295
1732620229273 35.4 296
1732620239385 35.4 297
1732620249491 35.4 298
1732620259597 35.4 299
1732620269715 35.4 300
1732620279811 35.4 301
1732620289907 35.4 302
1732620300021 35.4 303
1732620310140 35.5 304
1732620320217 35.4 305
1732620330291 35.4 306
1732620340387 35.4 307
1732620350458 35.4 308
1732620360566 35.4 309
1732620370670 35.3 310
1732620380786 35.3 311
1732620390903 35.4 312
1732620401033 35.5 313
1732620411145 35.5 314
1732620421240 35.4 315
1732620431349 35.6 316
1732620441466 35.7 317
1732620451569 35.6 318
1732620461694 35.5 319
1732620471804 35.4 320
1732620481933 35.4 321
1732620492031 35.3 322
1732620502153 35.3 323
1732620512247 35.4 324
1732620522348 35.5 325
1732620532449 35.4 326
1732620542548 35.4 327
1732620552672 35.4 328
1732620562764 35.5 329
1732620572843 35.5 330
1732620582957 35.6 331
1732620593065 35.5 332
1732620603180 35.4 333
1732620613297 35.4 334
1732620623415 35.4 335
1732620633534 35.3 336
1732620643638 35.3 337
1732620653750 35.3 338
1732620663856 35.5 339
1732620673950 35.4 340
1732620684053 35.6 341
1732620694165 35.4 342
1732620704271 35.5 343
1732620714352 35.5 344
1732620724454 35.5 345
1732620734567 35.4 346
1732620744669 35.4 347
1732620754801 35.4 348
1732620764911 35.5 349
1732620775037 35.5 350
1732620785141 35.4 351
1732620795250 35.4 352
1732620805350 35.4 353
1732620815443 35.4 354
1732620825553 35.4 355
1732620835672 35.4 356
1732620845812 35.4 357
1732620855947 35.4 358
1732620866062 35.4 359
1732620876172 35.5 360
1732620886287 35.4 361
1732620896406 35.4 362
1732620906514 35.4 363
1732620916606 35.4 364
1732620926673 35.4 365
1732620936753 35.4 366
1732620946831 35.6 367
1732620956950 35.5 368
1732620967083 35.4 369
1732620977186 35.4 370
1732620987313 35.4 371
1732620997431 35.4 372
1732621007561 35.4 373
1732621017689 35.5 374
1732621027810 35.4 375
1732621037880 35.5 376
1732621048003 35.5 377
1732621058141 35.6 378
1732621068260 35.5 379
1732621078349 35.5 380
1732621088450 35.5 381
1732621098543 35.5 382
1732621108642 35.5 383
1732621118766 35.6 384
1732621128845 35.5 385
1732621138949 35.5 386
1732621149066 35.4 387
1732621159135 35.4 388
1732621169249 35.4 389
1732621179380 35.4 390
1732621189501 35.4 391
1732621199622 35.4 392
1732621209750 35.5 393
1732621219865 35.4 394
1732621229987 35.4 395
1732621240108 35.4 396
1732621250233 35.4 397
1732621260338 35.4 398
1732621270430 35.4 399
1732621280540 35.4 400
1732621290702 35.4 401
1732621300823 35.4 402
1732621310946 35.6 403
1732621321019 35.4 404
1732621331156 35.4 405
1732621341284 35.4 406
1732621351403 35.3 407
1732621361524 35.3 408
1732621371649 35.3 409
1732621381768 35.3 410
1732621391862 35.3 411
1732621401973 35.3 412
1732621412226 35.3 413
1732621422369 35.5 414
1732621432505 35.4 415
1732621442629 35.4 416
1732621452754 35.4 417
1732621462907 35.4 418
1732621473032 35.5 419
1732621483148 35.4 420
1732621493260 35.4 421
1732621503400 35.4 422
1732621513531 35.4 423
1732621523624 35.4 424
1732621533742 35.4 425
1732621543864 35.4 426
1732621553944 35.4 427
1732621564060 35.3 428
1732621574158 35.3 429
1732621584283 35.3 430
1732621594400 35.4 431
1732621604515 35.3 432
1732621614633 35.3 433
1732621624753 35.3 434
1732621634878 35.3 435
1732621644998 35.3 436
1732621655123 35.3 437
1732621665207 35.3 438
1732621675300 35.3 439
1732621685375 35.3 440
1732621695912 35.3 441
1732621706028 35.3 442
1732621716145 35.3 443
1732621726275 35.3 444
1732621736407 35.3 445
1732621746529 35.3 446
1732621756644 35.4 447
1732621766782 35.4 448
1732621776925 35.4 449
1732621787045 35.4 450
1732621797185 35.4 451
1732621807296 35.4 452
1732621817401 35.4 453
1732621827528 35.4 454
1732621837663 35.4 455
1732621847793 35.4 456
1732621857908 35.4 457
1732621868019 35.3 458
1732621878166 35.3 459
1732621888295 35.3 460
1732621898383 35.3 461
1732621908494 35.3 462
1732621918622 35.3 463
1732621928749 35.3 464
1732621938881 35.3 465
1732621949028 35.4 466
1732621959136 35.3 467
1732621969243 35.4 468
1732621979339 35.3 469
1732621989452 35.3 470
1732621999548 35.4 471
1732622009671 35.3 472
1732622019775 35.3 473
1732622029861 35.3 474
1732622039959 35.3 475
1732622050081 35.5 476
1732622060160 35.4 477
1732622070255 35.4 478
1732622080333 35.4 479
1732622090452 35.4 480
1732622100567 35.4 481
1732622110666 35.4 482
1732622120777 35.4 483
1732622130905 35.4 484
1732622141023 35.4 485
1732622151162 35.3 486
1732622161758 35.3 487
1732622171908 35.3 488
1732622182021 35.3 489
1732622192165 35.3 490
1732622202286 35.3 491
1732622212375 35.3 492
1732622222499 35.5 493
1732622232631 35.4 494
1732622242729 35.4 495
1732622252854 35.3 496
1732622262929 35.3 497
1732622273026 35.3 498
1732622283100 35.4 499
1732622293222 35.4 500
1732622303352 35.4 501
1732622313480 35.3 502
1732622323611 35.3 503
1732622333734 35.3 504
1732622343862 35.3 505
1732622354012 35.3 506
1732622364154 35.3 507
1732622374294 35.3 508
1732622384434 35.3 509
1732622394547 35.3 510
1732622404652 35.3 511
1732622414757 35.3 512
1732622424860 35.3 513
1732622434973 35.3 514
1732622445113 35.3 515
1732622455249 35.3 516
1732622465376 35.3 517
1732622475497 35.3 518
1732622485636 35.3 519
1732622495773 35.3 520
1732622505911 35.3 521
1732622516049 35.3 522
1732622526137 35.3 523
1732622536286 35.4 524
1732622546417 35.4 525
1732622556564 35.3 526
1732622566695 35.5 527
1732622576825 35.4 528
1732622586974 35.4 529
1732622597123 35.6 530
1732622607217 35.5 531
1732622617364 35.6 532
1732622627513 35.9 533
1732622637648 35.9 534
1732622647767 35.9 535
1732622657923 35.9 536
1732622668082 35.9 537
1732622678234 36.8 538
1732622688381 36.7 539
1732622698527 36.6 540
1732622709167 36.6 541
1732622719299 36.6 542
1732622729439 36.7 543
1732622739585 36.6 544
1732622749735 36.6 545
1732622759865 36.6 546
1732622770003 36.6 547
1732622780155 36.6 548
1732622790305 36.6 549
1732622800453 36.6 550
1732622810598 36.6 551
1732622820735 36.6 552
1732622830890 36.6 553
1732622841026 36.6 554
1732622851135 35.4 555
1732622861280 35.4 556
1732622871428 35.4 557
1732622881574 35.4 558
