1732617242989 2588.7 0
1732617253036 4537.1 1
1732617263085 6726.6 2
1732617273120 6758.7 3
1732617283197 6816.2 4
1732617293260 6792.2 5
1732617303307 6793.1 6
1732617313351 6796.5 7
1732617323401 9293.7 8
1732617333453 9254.0 9
1732617343525 9245.6 10
1732617353589 9306.8 11
1732617363642 9334.6 12
1732617373700 9339.1 13
1732617383754 9263.6 14
1732617393809 9247.0 15
1732617403876 9246.0 16
1732617413956 9244.8 17
1732617424040 9243.4 18
1732617434117 9243.4 19
1732617444192 9243.5 20
1732617454272 9243.4 21
1732617464333 9281.7 22
1732617474411 9312.9 23
1732617484489 9306.6 24
1732617494560 9234.0 25
1732617504643 9234.2 26
1732617514725 9235.3 27
1732617524799 9234.0 28
1732617534850 9229.1 29
1732617544913 9229.1 30
1732617554975 9245.6 31
1732617565039 9328.1 32
1732617575122 9237.1 33
1732617585181 9238.3 34
1732617595241 9247.8 35
1732617605330 9246.3 36
1732617615407 9253.6 37
1732617625486 9304.5 38
1732617635566 9306.8 39
1732617645633 9204.5 40
1732617655720 9205.0 41
1732617665803 9148.2 42
1732617675871 9126.7 43
1732617685939 9125.6 44
1732617696036 9125.8 45
1732617706115 9125.6 46
1732617716207 9120.8 47
1732617726278 9120.7 48
1732617736405 9110.9 49
1732617746471 9144.2 50
1732617756538 9125.8 51
1732617766619 9125.7 52
1732617776709 9125.8 53
1732617786778 9142.8 54
1732617796859 9125.7 55
1732617806947 9125.7 56
1732617817024 9125.8 57
1732617827118 9125.7 58
1732617837199 9122.3 59
1732617847288 9122.5 60
1732617857381 9122.3 61
1732617867447 9122.3 62
1732617877525 9122.5 63
1732617887601 9122.3 64
1732617897684 9122.3 65
1732617907756 9122.5 66
1732617917836 9122.3 67
1732617927915 9126.7 68
1732617938009 9124.6 69
1732617948111 9092.6 70
1732617958197 9129.4 71
1732617968267 9125.0 72
1732617978357 9116.4 73
1732617988446 9137.5 74
1732617998503 9110.9 75
1732618008554 9157.7 76
1732618018654 9127.1 77
1732618028712 9080.1 78
1732618038776 9131.5 79
1732618048863 9170.1 80
1732618058934 9168.7 81
1732618069003 9186.5 82
1732618079086 9186.4 83
1732618089192 9236.5 84
1732618099289 9206.3 85
1732618109381 9206.2 86
1732618119473 9242.9 87
1732618129553 9239.0 88
1732618139636 9201.1 89
1732618149715 9244.2 90
1732618159791 9310.2 91
1732618169855 9214.5 92
1732618179936 9248.3 93
1732618190030 9160.9 94
1732618200098 9204.9 95
1732618210175 9225.4 96
1732618220259 9259.3 97
1732618230331 9223.0 98
1732618240412 9277.9 99
1732618250489 9267.6 100
1732618260569 9276.1 101
1732618270640 9231.6 102
1732618280724 9231.7 103
1732618290810 9268.0 104
1732618300888 9265.7 105
1732618310984 9195.1 106
1732618321052 9245.0 107
1732618331140 9302.9 108
1732618341216 9266.1 109
1732618351299 9267.2 110
1732618361387 9260.2 111
1732618371461 9375.4 112
1732618381558 9295.6 113
1732618391624 9288.3 114
1732618401727 9254.2 115
1732618411819 9262.9 116
1732618421909 9244.5 117
1732618431999 9277.1 118
1732618442082 9345.2 119
1732618452169 9286.3 120
1732618462248 9269.2 121
1732618472351 9262.7 122
1732618482444 9139.2 123
1732618492521 9123.7 124
1732618502622 9123.7 125
1732618512718 9124.3 126
1732618522798 9120.1 127
1732618532885 9120.1 128
1732618542961 9120.1 129
1732618553049 9107.3 130
1732618563138 9103.1 131
1732618573241 9112.1 132
1732618583346 9107.2 133
1732618593443 9116.9 134
1732618603532 9151.9 135
1732618613608 9095.8 136
1732618623698 9127.5 137
1732618633773 9123.4 138
1732618643871 9123.5 139
1732618653950 9123.6 140
1732618664056 9107.9 141
1732618674147 9137.0 142
1732618684228 9129.5 143
1732618694324 9233.1 144
1732618704416 9160.1 145
1732618714500 9150.7 146
1732618724606 9137.0 147
1732618734688 9137.0 148
1732618744782 9141.5 149
1732618754885 9161.0 150
1732618764954 9156.6 151
1732618775051 9176.0 152
1732618785137 9095.7 153
1732618795236 9095.7 154
1732618805320 9095.7 155
1732618815416 9104.1 156
1732618825501 9185.0 157
1732618835590 9254.9 158
1732618845699 9126.6 159
1732618855782 9089.1 160
1732618865861 9132.1 161
1732618875957 9178.1 162
1732618886047 9234.9 163
1732618896134 9165.3 164
1732618906231 9203.2 165
1732618916324 9143.0 166
1732618926426 9142.2 167
1732618936498 9120.2 168
1732618946581 9112.9 169
1732618956671 9111.9 170
1732618966752 9111.9 171
1732618976837 9111.9 172
1732618986923 9111.9 173
1732618997019 9111.9 174
1732619007117 9111.9 175
1732619017193 9103.9 176
1732619027275 9103.1 177
1732619037368 9100.9 178
1732619047455 9101.0 179
1732619057548 9101.0 180
1732619067610 9102.6 181
1732619077704 9216.3 182
1732619087777 9110.2 183
1732619097862 9107.9 184
1732619107953 9099.5 185
1732619118015 9099.5 186
1732619128094 9099.5 187
1732619138189 9099.5 188
1732619148271 9099.5 189
1732619158357 9059.3 190
1732619168437 9059.2 191
1732619178531 9059.2 192
1732619188629 9059.2 193
1732619198714 9059.3 194
1732619208802 9066.4 195
1732619218860 9066.5 196
1732619228934 9066.4 197
1732619239127 9066.4 198
1732619249234 9066.4 199
1732619259331 9066.4 200
1732619269417 9066.4 201
1732619279504 9066.4 202
1732619289618 9066.4 203
1732619299715 9066.4 204
1732619309809 9066.4 205
1732619319909 9066.5 206
1732619330009 9066.4 207
1732619340094 9066.4 208
1732619350193 9066.5 209
1732619360293 9066.4 210
1732619370365 9066.5 211
1732619380449 9066.4 212
1732619390506 9066.4 213
1732619400597 9066.4 214
1732619410678 9066.4 215
1732619420769 9066.4 216
1732619430876 9066.4 217
1732619440973 9066.4 218
1732619451084 9068.5 219
1732619461187 9055.4 220
1732619471286 9055.4 221
1732619481378 9055.2 222
1732619491472 9055.2 223
1732619501558 9055.2 224
1732619511658 9061.6 225
1732619521765 9061.7 226
1732619531855 9061.7 227
1732619541950 9061.5 228
1732619552048 9061.5 229
1732619562157 9061.5 230
1732619572225 9061.5 231
1732619582293 9101.7 232
1732619592399 9123.6 233
1732619602512 9097.6 234
1732619612597 9097.6 235
1732619622668 9097.6 236
1732619632765 9100.3 237
1732619642857 9099.7 238
1732619652965 9099.6 239
1732619663067 9099.6 240
1732619673154 9099.7 241
1732619683240 9128.1 242
1732619693329 9114.0 243
1732619703443 9113.8 244
1732619713532 9114.0 245
1732619723647 9128.4 246
1732619733759 9109.8 247
1732619743850 9109.6 248
1732619753954 9101.4 249
1732619764065 9060.2 250
1732619774140 9116.1 251
1732619784229 9092.1 252
1732619794303 9102.2 253
1732619804395 9108.7 254
1732619814503 9108.9 255
1732619824608 9102.7 256
1732619834718 9115.1 257
1732619844826 9092.1 258
1732619854923 9092.1 259
1732619865029 9092.1 260
1732619875147 9092.2 261
1732619885793 9092.1 262
1732619895884 9092.2 263
1732619906000 9092.2 264
1732619916105 9155.7 265
1732619926207 9119.5 266
1732619936297 9114.7 267
1732619946410 9114.9 268
1732619956529 9109.5 269
1732619966622 9102.2 270
1732619976746 9097.1 271
1732619986849 9115.6 272
1732619996951 9089.0 273
1732620007019 9086.2 274
1732620017111 9108.7 275
1732620027175 9088.3 276
1732620037268 9099.5 277
1732620047373 9095.0 278
1732620057481 9099.8 279
1732620067568 9105.8 280
1732620077675 9120.1 281
1732620087778 9122.9 282
1732620097868 9145.8 283
1732620107981 9118.3 284
1732620118090 9106.0 285
1732620128190 9103.4 286
1732620138301 9103.3 287
1732620148404 9111.6 288
1732620158498 9169.4 289
1732620168604 9150.9 290
1732620178700 9143.8 291
1732620188822 9131.4 292
1732620198933 9131.3 293
1732620209052 9131.3 294
1732620219160 9124.3 295
1732620229273 9122.3 296
1732620239385 9122.2 297
1732620249491 9122.2 298
1732620259597 9122.2 299
1732620269715 9122.2 300
1732620279811 9120.9 301
1732620289907 9120.9 302
1732620300021 9120.9 303
1732620310140 9135.7 304
1732620320217 9116.0 305
1732620330291 9115.3 306
1732620340387 9123.7 307
1732620350458 9129.6 308
1732620360566 9111.1 309
1732620370670 9100.9 310
1732620380786 9100.7 311
1732620390903 9132.1 312
1732620401033 9155.8 313
1732620411145 9140.9 314
1732620421240 9113.6 315
1732620431349 9173.5 316
1732620441466 9207.1 317
1732620451569 9166.3 318
1732620461694 9153.9 319
1732620471804 9124.7 320
1732620481933 9130.3 321
1732620492031 9107.1 322
1732620502153 9106.9 323
1732620512247 9123.0 324
1732620522348 9140.8 325
1732620532449 9127.6 326
1732620542548 9116.4 327
1732620552672 9113.4 328
1732620562764 9156.4 329
1732620572843 9152.2 330
1732620582957 9184.9 331
1732620593065 9137.6 332
1732620603180 9113.9 333
1732620613297 9113.8 334
1732620623415 9113.9 335
1732620633534 9102.7 336
1732620643638 9105.0 337
1732620653750 9105.1 338
1732620663856 9146.9 339
1732620673950 9118.2 340
1732620684053 9175.6 341
1732620694165 9125.5 342
1732620704271 9154.7 343
1732620714352 9136.5 344
1732620724454 9136.5 345
1732620734567 9134.0 346
1732620744669 9133.5 347
1732620754801 9133.7 348
1732620764911 9135.7 349
1732620775037 9135.8 350
1732620785141 9129.4 351
1732620795250 9129.2 352
1732620805350 9129.2 353
1732620815443 9133.4 354
1732620825553 9133.4 355
1732620835672 9131.3 356
1732620845812 9131.3 357
1732620855947 9131.3 358
1732620866062 9131.3 359
1732620876172 9136.2 360
1732620886287 9129.9 361
1732620896406 9129.4 362
1732620906514 9129.4 363
1732620916606 9129.4 364
1732620926673 9129.4 365
1732620936753 9129.5 366
1732620946831 9163.2 367
1732620956950 9137.4 368
1732620967083 9117.4 369
1732620977186 9117.6 370
1732620987313 9117.6 371
1732620997431 9117.4 372
1732621007561 9132.4 373
1732621017689 9138.0 374
1732621027810 9128.6 375
1732621037880 9152.9 376
1732621048003 9153.5 377
1732621058141 9184.7 378
1732621068260 9157.2 379
1732621078349 9158.9 380
1732621088450 9159.4 381
1732621098543 9155.8 382
1732621108642 9152.6 383
1732621118766 9180.9 384
1732621128845 9155.2 385
1732621138949 9147.1 386
1732621149066 9126.9 387
1732621159135 9126.3 388
1732621169249 9126.4 389
1732621179380 9126.4 390
1732621189501 9126.5 391
1732621199622 9126.5 392
1732621209750 9145.1 393
1732621219865 9122.2 394
1732621229987 9122.2 395
1732621240108 9122.0 396
1732621250233 9122.2 397
1732621260338 9122.2 398
1732621270430 9113.3 399
1732621280540 9113.3 400
1732621290702 9113.2 401
1732621300823 9113.2 402
1732621310946 9178.3 403
1732621321019 9132.8 404
1732621331156 9134.5 405
1732621341284 9127.4 406
1732621351403 9097.1 407
1732621361524 9097.1 408
1732621371649 9097.0 409
1732621381768 9091.8 410
1732621391862 9091.7 411
1732621401973 9091.7 412
1732621412226 9091.8 413
1732621422369 9141.9 414
1732621432505 9126.7 415
1732621442629 9126.1 416
1732621452754 9126.2 417
1732621462907 9126.1 418
1732621473032 9150.6 419
1732621483148 9133.4 420
1732621493260 9133.0 421
1732621503400 9124.6 422
1732621513531 9120.9 423
1732621523624 9120.8 424
1732621533742 9120.8 425
1732621543864 9120.8 426
1732621553944 9120.8 427
1732621564060 9094.3 428
1732621574158 9094.4 429
1732621584283 9094.3 430
1732621594400 9118.2 431
1732621604515 9101.8 432
1732621614633 9106.0 433
1732621624753 9106.0 434
1732621634878 9106.0 435
1732621644998 9106.2 436
1732621655123 9108.3 437
1732621665207 9108.2 438
1732621675300 9108.2 439
1732621685375 9102.0 440
1732621695912 9101.9 441
1732621706028 9101.9 442
1732621716145 9101.9 443
1732621726275 9101.9 444
1732621736407 9108.2 445
1732621746529 9101.9 446
1732621756644 9119.3 447
1732621766782 9110.4 448
1732621776925 9110.5 449
1732621787045 9110.5 450
1732621797185 9110.5 451
1732621807296 9112.6 452
1732621817401 9122.5 453
1732621827528 9111.2 454
1732621837663 9111.2 455
1732621847793 9111.3 456
1732621857908 9111.2 457
1732621868019 9094.6 458
1732621878166 9094.6 459
1732621888295 9094.4 460
1732621898383 9094.4 461
1732621908494 9094.6 462
1732621918622 9094.6 463
1732621928749 9094.4 464
1732621938881 9094.6 465
1732621949028 9109.8 466
1732621959136 9105.2 467
1732621969243 9110.7 468
1732621979339 9107.9 469
1732621989452 9107.4 470
1732621999548 9124.9 471
1732622009671 9107.5 472
1732622019775 9103.9 473
1732622029861 9101.8 474
1732622039959 9102.0 475
1732622050081 9143.6 476
1732622060160 9117.2 477
1732622070255 9116.5 478
1732622080333 9116.6 479
1732622090452 9116.5 480
1732622100567 9116.5 481
1732622110666 9110.3 482
1732622120777 9110.2 483
1732622130905 9110.2 484
1732622141023 9120.3 485
1732622151162 9100.7 486
1732622161758 9094.4 487
1732622171908 9107.1 488
1732622182021 9098.9 489
1732622192165 9098.9 490
1732622202286 9099.0 491
1732622212375 9099.7 492
1732622222499 9149.3 493
1732622232631 9119.2 494
1732622242729 9114.9 495
1732622252854 9102.3 496
1732622262929 9102.3 497
1732622273026 9102.3 498
1732622283100 9124.5 499
1732622293222 9127.7 500
1732622303352 9128.4 501
1732622313480 9105.2 502
1732622323611 9105.2 503
1732622333734 9103.1 504
1732622343862 9105.2 505
1732622354012 9105.2 506
1732622364154 9105.2 507
1732622374294 9105.2 508
1732622384434 9105.2 509
1732622394547 9105.2 510
1732622404652 9105.2 511
1732622414757 9105.2 512
1732622424860 9105.2 513
1732622434973 9105.2 514
1732622445113 9105.3 515
1732622455249 9105.2 516
1732622465376 9105.2 517
1732622475497 9104.7 518
1732622485636 9098.4 519
1732622495773 9098.4 520
1732622505911 9098.4 521
1732622516049 9100.5 522
1732622526137 9106.0 523
1732622536286 9125.9 524
1732622546417 9109.8 525
1732622556564 9108.5 526
1732622566695 9140.0 527
1732622576825 9117.0 528
1732622586974 9111.7 529
1732622597123 9164.8 530
1732622607217 9143.6 531
1732622617364 9166.3 532
1732622627513 9245.4 533
1732622637648 9241.3 534
1732622647767 9242.5 535
1732622657923 9241.2 536
1732622668082 9241.2 537
1732622678234 9485.5 538
1732622688381 9449.8 539
1732622698527 9420.5 540
1732622709167 9420.3 541
1732622719299 9420.3 542
1732622729439 9453.9 543
1732622739585 9420.3 544
1732622749735 9420.3 545
1732622759865 9420.3 546
1732622770003 9420.3 547
1732622780155 9420.3 548
1732622790305 9420.3 549
1732622800453 9420.3 550
1732622810598 9420.3 551
1732622820735 9420.3 552
1732622830890 9421.4 553
1732622841026 9421.4 554
1732622851135 9126.7 555
1732622861280 9129.1 556
1732622871428 9122.8 557
1732622881574 9122.8 558
