1732617242989 5.0 0
1732617253036 3.0 1
1732617263085 30.0 2
1732617273120 33.0 3
1732617283197 41.0 4
1732617293260 45.0 5
1732617303307 4.0 6
1732617313351 13.0 7
1732617323401 11.0 8
1732617333453 41.0 9
1732617343525 32.0 10
1732617353589 47.0 11
1732617363642 46.0 12
1732617373700 46.0 13
1732617383754 38.0 14
1732617393809 4.0 15
1732617403876 49.0 16
1732617413956 42.0 17
1732617424040 3.0 18
1732617434117 31.0 19
1732617444192 1.0 20
1732617454272 37.0 21
1732617464333 48.0 22
1732617474411 29.0 23
1732617484489 32.0 24
1732617494560 37.0 25
1732617504643 1.0 26
1732617514725 39.0 27
1732617524799 38.0 28
1732617534850 39.0 29
1732617544913 38.0 30
1732617554975 15.0 31
1732617565039 53.0 32
1732617575122 12.0 33
1732617585181 44.0 34
1732617595241 54.0 35
1732617605330 53.0 36
1732617615407 53.0 37
1732617625486 48.0 38
1732617635566 34.0 39
1732617645633 9.0 40
1732617655720 51.0 41
1732617665803 36.0 42
1732617675871 8.0 43
1732617685939 36.0 44
1732617696036 30.0 45
1732617706115 32.0 46
1732617716207 31.0 47
1732617726278 8.0 48
1732617736405 31.0 49
1732617746471 36.0 50
1732617756538 40.0 51
1732617766619 38.0 52
1732617776709 5.0 53
1732617786778 40.0 54
1732617796859 8.0 55
1732617806947 31.0 56
1732617817024 38.0 57
1732617827118 36.0 58
1732617837199 36.0 59
1732617847288 5.0 60
1732617857381 39.0 61
1732617867447 44.0 62
1732617877525 14.0 63
1732617887601 40.0 64
1732617897684 44.0 65
1732617907756 38.0 66
1732617917836 41.0 67
1732617927915 42.0 68
1732617938009 37.0 69
1732617948111 34.0 70
1732617958197 19.0 71
1732617968267 37.0 72
1732617978357 4.0 73
1732617988446 37.0 74
1732617998503 33.0 75
1732618008554 35.0 76
1732618018654 31.0 77
1732618028712 32.0 78
1732618038776 27.0 79
1732618048863 1.0 80
1732618058934 31.0 81
1732618069003 38.0 82
1732618079086 32.0 83
1732618089192 6.0 84
1732618099289 33.0 85
1732618109381 41.0 86
1732618119473 34.0 87
1732618129553 33.0 88
1732618139636 34.0 89
1732618149715 0.0 90
1732618159791 33.0 91
1732618169855 31.0 92
1732618179936 41.0 93
1732618190030 10.0 94
1732618200098 37.0 95
1732618210175 45.0 96
1732618220259 38.0 97
1732618230331 8.0 98
1732618240412 32.0 99
1732618250489 38.0 100
1732618260569 2.0 101
1732618270640 32.0 102
1732618280724 26.0 103
1732618290810 37.0 104
1732618300888 33.0 105
1732618310984 4.0 106
1732618321052 40.0 107
1732618331140 48.0 108
1732618341216 12.0 109
1732618351299 3.0 110
1732618361387 37.0 111
1732618371461 28.0 112
1732618381558 11.0 113
1732618391624 31.0 114
1732618401727 31.0 115
1732618411819 4.0 116
1732618421909 29.0 117
1732618431999 3.0 118
1732618442082 28.0 119
1732618452169 19.0 120
1732618462248 13.0 121
1732618472351 36.0 122
1732618482444 33.0 123
1732618492521 30.0 124
1732618502622 29.0 125
1732618512718 1.0 126
1732618522798 43.0 127
1732618532885 23.0 128
1732618542961 29.0 129
1732618553049 30.0 130
1732618563138 32.0 131
1732618573241 31.0 132
1732618583346 34.0 133
1732618593443 50.0 134
1732618603532 28.0 135
1732618613608 40.0 136
1732618623698 1.0 137
1732618633773 35.0 138
1732618643871 34.0 139
1732618653950 35.0 140
1732618664056 8.0 141
1732618674147 35.0 142
1732618684228 35.0 143
1732618694324 39.0 144
1732618704416 30.0 145
1732618714500 28.0 146
1732618724606 0.0 147
1732618734688 2.0 148
1732618744782 36.0 149
1732618754885 16.0 150
1732618764954 4.0 151
1732618775051 35.0 152
1732618785137 30.0 153
1732618795236 30.0 154
1732618805320 29.0 155
1732618815416 38.0 156
1732618825501 28.0 157
1732618835590 23.0 158
1732618845699 30.0 159
1732618855782 29.0 160
1732618865861 31.0 161
1732618875957 35.0 162
1732618886047 37.0 163
1732618896134 1.0 164
1732618906231 42.0 165
1732618916324 9.0 166
1732618926426 45.0 167
1732618936498 27.0 168
1732618946581 4.0 169
1732618956671 32.0 170
1732618966752 33.0 171
1732618976837 4.0 172
1732618986923 8.0 173
1732618997019 29.0 174
1732619007117 1.0 175
1732619017193 37.0 176
1732619027275 34.0 177
1732619037368 37.0 178
1732619047455 42.0 179
1732619057548 38.0 180
1732619067610 36.0 181
1732619077704 26.0 182
1732619087777 13.0 183
1732619097862 40.0 184
1732619107953 34.0 185
1732619118015 5.0 186
1732619128094 29.0 187
1732619138189 1.0 188
1732619148271 29.0 189
1732619158357 4.0 190
1732619168437 39.0 191
1732619178531 41.0 192
1732619188629 1.0 193
1732619198714 35.0 194
1732619208802 37.0 195
1732619218860 29.0 196
1732619228934 3.0 197
1732619239127 6.0 198
1732619249234 0.0 199
1732619259331 38.0 200
1732619269417 3.0 201
1732619279504 37.0 202
1732619289618 32.0 203
1732619299715 35.0 204
1732619309809 13.0 205
1732619319909 32.0 206
1732619330009 29.0 207
1732619340094 29.0 208
1732619350193 27.0 209
1732619360293 0.0 210
1732619370365 36.0 211
1732619380449 43.0 212
1732619390506 38.0 213
1732619400597 37.0 214
1732619410678 25.0 215
1732619420769 34.0 216
1732619430876 32.0 217
1732619440973 4.0 218
1732619451084 1.0 219
1732619461187 36.0 220
1732619471286 36.0 221
1732619481378 27.0 222
1732619491472 34.0 223
1732619501558 43.0 224
1732619511658 38.0 225
1732619521765 1.0 226
1732619531855 39.0 227
1732619541950 42.0 228
1732619552048 1.0 229
1732619562157 22.0 230
1732619572225 27.0 231
1732619582293 27.0 232
1732619592399 29.0 233
1732619602512 7.0 234
1732619612597 39.0 235
1732619622668 4.0 236
1732619632765 31.0 237
1732619642857 33.0 238
1732619652965 38.0 239
1732619663067 24.0 240
1732619673154 26.0 241
1732619683240 28.0 242
1732619693329 32.0 243
1732619703443 30.0 244
1732619713532 42.0 245
1732619723647 29.0 246
1732619733759 26.0 247
1732619743850 42.0 248
1732619753954 38.0 249
1732619764065 37.0 250
1732619774140 44.0 251
1732619784229 5.0 252
1732619794303 13.0 253
1732619804395 47.0 254
1732619814503 34.0 255
1732619824608 36.0 256
1732619834718 36.0 257
1732619844826 8.0 258
1732619854923 36.0 259
1732619865029 6.0 260
1732619875147 5.0 261
1732619885793 36.0 262
1732619895884 5.0 263
1732619906000 34.0 264
1732619916105 31.0 265
1732619926207 1.0 266
1732619936297 29.0 267
1732619946410 33.0 268
1732619956529 34.0 269
1732619966622 34.0 270
1732619976746 20.0 271
1732619986849 1.0 272
1732619996951 4.0 273
1732620007019 4.0 274
1732620017111 45.0 275
1732620027175 36.0 276
1732620037268 38.0 277
1732620047373 41.0 278
1732620057481 1.0 279
1732620067568 29.0 280
1732620077675 1.0 281
1732620087778 21.0 282
1732620097868 45.0 283
1732620107981 45.0 284
1732620118090 30.0 285
1732620128190 37.0 286
1732620138301 39.0 287
1732620148404 38.0 288
1732620158498 41.0 289
1732620168604 34.0 290
1732620178700 44.0 291
1732620188822 45.0 292
1732620198933 40.0 293
1732620209052 38.0 294
1732620219160 6.0 295
1732620229273 5.0 296
1732620239385 37.0 297
1732620249491 8.0 298
1732620259597 42.0 299
1732620269715 30.0 300
1732620279811 42.0 301
1732620289907 34.0 302
1732620300021 5.0 303
1732620310140 40.0 304
1732620320217 6.0 305
1732620330291 38.0 306
1732620340387 42.0 307
1732620350458 41.0 308
1732620360566 33.0 309
1732620370670 7.0 310
1732620380786 37.0 311
1732620390903 44.0 312
1732620401033 33.0 313
1732620411145 11.0 314
1732620421240 7.0 315
1732620431349 15.0 316
1732620441466 44.0 317
1732620451569 29.0 318
1732620461694 30.0 319
1732620471804 39.0 320
1732620481933 37.0 321
1732620492031 33.0 322
1732620502153 6.0 323
1732620512247 34.0 324
1732620522348 34.0 325
1732620532449 37.0 326
1732620542548 30.0 327
1732620552672 6.0 328
1732620562764 6.0 329
1732620572843 37.0 330
1732620582957 35.0 331
1732620593065 35.0 332
1732620603180 39.0 333
1732620613297 8.0 334
1732620623415 19.0 335
1732620633534 47.0 336
1732620643638 39.0 337
1732620653750 38.0 338
1732620663856 38.0 339
1732620673950 36.0 340
1732620684053 40.0 341
1732620694165 42.0 342
1732620704271 40.0 343
1732620714352 13.0 344
1732620724454 31.0 345
1732620734567 6.0 346
1732620744669 6.0 347
1732620754801 6.0 348
1732620764911 37.0 349
1732620775037 36.0 350
1732620785141 30.0 351
1732620795250 7.0 352
1732620805350 8.0 353
1732620815443 35.0 354
1732620825553 35.0 355
1732620835672 6.0 356
1732620845812 38.0 357
1732620855947 8.0 358
1732620866062 33.0 359
1732620876172 40.0 360
1732620886287 1.0 361
1732620896406 38.0 362
1732620906514 26.0 363
1732620916606 36.0 364
1732620926673 33.0 365
1732620936753 1.0 366
1732620946831 37.0 367
1732620956950 33.0 368
1732620967083 39.0 369
1732620977186 6.0 370
1732620987313 6.0 371
1732620997431 31.0 372
1732621007561 38.0 373
1732621017689 1.0 374
1732621027810 38.0 375
1732621037880 43.0 376
1732621048003 32.0 377
1732621058141 7.0 378
1732621068260 37.0 379
1732621078349 25.0 380
1732621088450 37.0 381
1732621098543 36.0 382
1732621108642 26.0 383
1732621118766 28.0 384
1732621128845 29.0 385
1732621138949 31.0 386
1732621149066 30.0 387
1732621159135 25.0 388
1732621169249 38.0 389
1732621179380 38.0 390
1732621189501 3.0 391
1732621199622 30.0 392
1732621209750 26.0 393
1732621219865 29.0 394
1732621229987 32.0 395
1732621240108 37.0 396
1732621250233 6.0 397
1732621260338 32.0 398
1732621270430 40.0 399
1732621280540 32.0 400
1732621290702 37.0 401
1732621300823 31.0 402
1732621310946 37.0 403
1732621321019 35.0 404
1732621331156 34.0 405
1732621341284 29.0 406
1732621351403 33.0 407
1732621361524 1.0 408
1732621371649 31.0 409
1732621381768 30.0 410
1732621391862 30.0 411
1732621401973 34.0 412
1732621412226 1.0 413
1732621422369 8.0 414
1732621432505 27.0 415
1732621442629 1.0 416
1732621452754 31.0 417
1732621462907 4.0 418
1732621473032 41.0 419
1732621483148 6.0 420
1732621493260 36.0 421
1732621503400 7.0 422
1732621513531 38.0 423
1732621523624 19.0 424
1732621533742 35.0 425
1732621543864 37.0 426
1732621553944 40.0 427
1732621564060 6.0 428
1732621574158 28.0 429
1732621584283 30.0 430
1732621594400 34.0 431
1732621604515 45.0 432
1732621614633 6.0 433
1732621624753 32.0 434
1732621634878 9.0 435
1732621644998 37.0 436
1732621655123 43.0 437
1732621665207 31.0 438
1732621675300 34.0 439
1732621685375 32.0 440
1732621695912 45.0 441
1732621706028 6.0 442
1732621716145 41.0 443
1732621726275 40.0 444
1732621736407 6.0 445
1732621746529 39.0 446
1732621756644 29.0 447
1732621766782 28.0 448
1732621776925 38.0 449
1732621787045 1.0 450
1732621797185 14.0 451
1732621807296 29.0 452
1732621817401 42.0 453
1732621827528 39.0 454
1732621837663 33.0 455
1732621847793 36.0 456
1732621857908 7.0 457
1732621868019 7.0 458
1732621878166 42.0 459
1732621888295 16.0 460
1732621898383 32.0 461
1732621908494 38.0 462
1732621918622 37.0 463
1732621928749 39.0 464
1732621938881 6.0 465
1732621949028 35.0 466
1732621959136 34.0 467
1732621969243 38.0 468
1732621979339 28.0 469
1732621989452 36.0 470
1732621999548 6.0 471
1732622009671 42.0 472
1732622019775 40.0 473
1732622029861 40.0 474
1732622039959 50.0 475
1732622050081 39.0 476
1732622060160 1.0 477
1732622070255 1.0 478
1732622080333 3.0 479
1732622090452 31.0 480
1732622100567 1.0 481
1732622110666 28.0 482
1732622120777 29.0 483
1732622130905 27.0 484
1732622141023 12.0 485
1732622151162 6.0 486
1732622161758 32.0 487
1732622171908 5.0 488
1732622182021 35.0 489
1732622192165 1.0 490
1732622202286 25.0 491
1732622212375 14.0 492
1732622222499 41.0 493
1732622232631 41.0 494
1732622242729 49.0 495
1732622252854 39.0 496
1732622262929 33.0 497
1732622273026 6.0 498
1732622283100 41.0 499
1732622293222 7.0 500
1732622303352 35.0 501
1732622313480 8.0 502
1732622323611 39.0 503
1732622333734 6.0 504
1732622343862 31.0 505
1732622354012 36.0 506
1732622364154 24.0 507
1732622374294 32.0 508
1732622384434 29.0 509
1732622394547 4.0 510
1732622404652 34.0 511
1732622414757 31.0 512
1732622424860 30.0 513
1732622434973 4.0 514
1732622445113 32.0 515
1732622455249 25.0 516
1732622465376 3.0 517
1732622475497 33.0 518
1732622485636 27.0 519
1732622495773 33.0 520
1732622505911 37.0 521
1732622516049 39.0 522
1732622526137 26.0 523
1732622536286 27.0 524
1732622546417 29.0 525
1732622556564 35.0 526
1732622566695 6.0 527
1732622576825 33.0 528
1732622586974 37.0 529
1732622597123 44.0 530
1732622607217 32.0 531
1732622617364 33.0 532
1732622627513 26.0 533
1732622637648 23.0 534
1732622647767 0.0 535
1732622657923 1.0 536
1732622668082 40.0 537
1732622678234 26.0 538
1732622688381 3.0 539
1732622698527 24.0 540
1732622709167 1.0 541
1732622719299 0.0 542
1732622729439 31.0 543
1732622739585 1.0 544
1732622749735 29.0 545
1732622759865 35.0 546
1732622770003 3.0 547
1732622780155 1.0 548
1732622790305 33.0 549
1732622800453 35.0 550
1732622810598 22.0 551
1732622820735 37.0 552
1732622830890 3.0 553
1732622841026 39.0 554
1732622851135 2.0 555
1732622861280 38.0 556
1732622871428 35.0 557
1732622881574 30.0 558
