1732617242989 0.00034600000000750697 0
1732617253036 0.02009400000000028 1
1732617263085 1.4674240000000083 2
1732617273120 2.4959190000000007 3
1732617283197 10.036420000000007 4
1732617293260 13.418103000000002 5
1732617303307 14.030491999999995 6
1732617313351 15.856504000000001 7
1732617323401 19.936773000000002 8
1732617333453 22.618026999999998 9
1732617343525 24.010841999999997 10
1732617353589 27.92909300000001 11
1732617363642 30.624772000000007 12
1732617373700 33.834029 13
1732617383754 34.771682999999996 14
1732617393809 35.91112100000001 15
1732617403876 36.69642400000001 16
1732617413956 37.731780000000015 17
1732617424040 37.739698000000004 18
1732617434117 37.757192 19
1732617444192 37.77619899999999 20
1732617454272 37.78318100000001 21
1732617464333 41.143867 22
1732617474411 41.33884599999999 23
1732617484489 41.428889 24
1732617494560 41.43627000000001 25
1732617504643 41.45478299999999 26
1732617514725 41.47058200000001 27
1732617524799 41.47772499999999 28
1732617534850 41.484859 29
1732617544913 41.491837000000004 30
1732617554975 41.499983000000014 31
1732617565039 50.00848099999999 32
1732617575122 54.77602300000001 33
1732617585181 59.911146 34
1732617595241 59.927491 35
1732617605330 59.93809200000001 36
1732617615407 59.945334 37
1732617625486 66.331446 38
1732617635566 66.58182 39
1732617645633 66.724638 40
1732617655720 77.13992400000001 41
1732617665803 79.938999 42
1732617675871 82.18188900000001 43
1732617685939 86.50062299999999 44
1732617696036 86.507623 45
1732617706115 88.57186999999999 46
1732617716207 89.917836 47
1732617726278 90.15025 48
1732617736405 91.54320000000001 49
1732617746471 93.74532500000001 50
1732617756538 95.30428900000001 51
1732617766619 96.956962 52
1732617776709 98.195479 53
1732617786778 98.202966 54
1732617796859 100.191463 55
1732617806947 102.47933599999999 56
1732617817024 102.48655 57
1732617827118 104.083054 58
1732617837199 105.289999 59
1732617847288 105.302592 60
1732617857381 107.27503999999999 61
1732617867447 107.30372 62
1732617877525 109.50713200000001 63
1732617887601 113.249777 64
1732617897684 114.628082 65
1732617907756 114.63694100000001 66
1732617917836 114.64425 67
1732617927915 114.671527 68
1732617938009 114.679013 69
1732617948111 114.686916 70
1732617958197 114.69409100000001 71
1732617968267 114.767775 72
1732617978357 114.789873 73
1732617988446 114.86422100000001 74
1732617998503 114.87204500000001 75
1732618008554 115.01745600000001 76
1732618018654 115.45268000000002 77
1732618028712 115.46397200000001 78
1732618038776 116.24837400000001 79
1732618048863 120.972636 80
1732618058934 120.993007 81
1732618069003 121.651679 82
1732618079086 121.659269 83
1732618089192 122.22166899999999 84
1732618099289 122.955532 85
1732618109381 122.97401500000001 86
1732618119473 123.801908 87
1732618129553 124.404416 88
1732618139636 124.42130399999999 89
1732618149715 126.437029 90
1732618159791 128.478285 91
1732618169855 129.28594 92
1732618179936 129.513335 93
1732618190030 131.05602100000002 94
1732618200098 132.038359 95
1732618210175 133.77056 96
1732618220259 136.251916 97
1732618230331 136.595385 98
1732618240412 138.185139 99
1732618250489 138.902849 100
1732618260569 140.40516 101
1732618270640 140.972325 102
1732618280724 141.038774 103
1732618290810 141.824878 104
1732618300888 143.054735 105
1732618310984 143.70810600000002 106
1732618321052 146.186727 107
1732618331140 148.216502 108
1732618341216 151.464813 109
1732618351299 154.024994 110
1732618361387 154.93776 111
1732618371461 160.759817 112
1732618381558 161.421245 113
1732618391624 163.251839 114
1732618401727 164.19949000000003 115
1732618411819 165.66259100000002 116
1732618421909 167.95110499999998 117
1732618431999 171.27504900000002 118
1732618442082 177.23409099999998 119
1732618452169 177.243699 120
1732618462248 179.36470100000003 121
1732618472351 180.830286 122
1732618482444 181.98199799999998 123
1732618492521 181.99838 124
1732618502622 182.00536 125
1732618512718 182.014774 126
1732618522798 182.03110600000002 127
1732618532885 182.04911800000002 128
1732618542961 182.05577399999999 129
1732618553049 182.06710099999998 130
1732618563138 182.074338 131
1732618573241 183.348723 132
1732618583346 183.415078 133
1732618593443 183.487666 134
1732618603532 183.53758900000003 135
1732618613608 183.57890300000003 136
1732618623698 183.759637 137
1732618633773 183.76699000000002 138
1732618643871 183.78443700000003 139
1732618653950 183.79254300000002 140
1732618664056 184.11103100000003 141
1732618674147 189.01862699999998 142
1732618684228 189.39898900000003 143
1732618694324 190.90802100000002 144
1732618704416 190.93656299999998 145
1732618714500 190.94368500000002 146
1732618724606 190.95401299999997 147
1732618734688 190.97213399999998 148
1732618744782 190.97985 149
1732618754885 190.99699400000003 150
1732618764954 191.03826300000003 151
1732618775051 191.04584 152
1732618785137 192.42450100000002 153
1732618795236 192.432972 154
1732618805320 192.441192 155
1732618815416 192.452925 156
1732618825501 193.58646399999998 157
1732618835590 195.44447100000002 158
1732618845699 199.35990700000002 159
1732618855782 199.370537 160
1732618865861 199.932459 161
1732618875957 203.61467800000003 162
1732618886047 209.60674799999998 163
1732618896134 211.459095 164
1732618906231 217.934098 165
1732618916324 219.70385299999998 166
1732618926426 222.443014 167
1732618936498 224.08975099999998 168
1732618946581 224.107757 169
1732618956671 224.11595699999998 170
1732618966752 224.123087 171
1732618976837 224.139211 172
1732618986923 224.15606300000002 173
1732618997019 224.16274099999998 174
1732619007117 224.182793 175
1732619017193 228.465503 176
1732619027275 231.07185700000002 177
1732619037368 231.07934999999998 178
1732619047455 233.556484 179
1732619057548 235.707228 180
1732619067610 236.485123 181
1732619077704 241.481317 182
1732619087777 243.15439600000002 183
1732619097862 245.111379 184
1732619107953 245.12354699999997 185
1732619118015 245.13149299999998 186
1732619128094 245.14939700000002 187
1732619138189 245.163566 188
1732619148271 245.181442 189
1732619158357 245.189635 190
1732619168437 245.19703099999998 191
1732619178531 245.209365 192
1732619188629 245.28412600000001 193
1732619198714 245.29219799999998 194
1732619208802 245.31060200000002 195
1732619218860 245.32588099999998 196
1732619228934 245.333124 197
1732619239127 245.341358 198
1732619249234 245.36008600000002 199
1732619259331 245.36664000000002 200
1732619269417 245.37490200000002 201
1732619279504 245.38255600000002 202
1732619289618 245.389977 203
1732619299715 245.40678000000003 204
1732619309809 245.425683 205
1732619319909 245.43237699999997 206
1732619330009 245.44025800000003 207
1732619340094 245.44703800000002 208
1732619350193 245.45347199999998 209
1732619360293 245.472399 210
1732619370365 245.50062300000002 211
1732619380449 245.515941 212
1732619390506 245.524272 213
1732619400597 245.53106000000002 214
1732619410678 245.53756800000002 215
1732619420769 245.54502000000002 216
1732619430876 245.56250599999998 217
1732619440973 245.57047699999998 218
1732619451084 245.586722 219
1732619461187 245.593822 220
1732619471286 245.60918199999998 221
1732619481378 245.67404499999998 222
1732619491472 245.691732 223
1732619501558 245.712576 224
1732619511658 245.730475 225
1732619521765 245.76486899999998 226
1732619531855 245.790365 227
1732619541950 245.79751299999998 228
1732619552048 245.81611199999998 229
1732619562157 245.823821 230
1732619572225 245.83079199999997 231
1732619582293 245.83835299999998 232
1732619592399 245.84519899999998 233
1732619602512 249.45628299999998 234
1732619612597 249.482863 235
1732619622668 252.16538000000003 236
1732619632765 252.171948 237
1732619642857 252.18024300000002 238
1732619652965 252.188014 239
1732619663067 252.21961900000002 240
1732619673154 252.23773899999998 241
1732619683240 252.252662 242
1732619693329 252.259367 243
1732619703443 252.27423600000003 244
1732619713532 252.28194000000002 245
1732619723647 254.09173600000003 246
1732619733759 254.10918800000002 247
1732619743850 254.120431 248
1732619753954 254.126803 249
1732619764065 254.14300100000003 250
1732619774140 254.15013 251
1732619784229 257.365492 252
1732619794303 259.600492 253
1732619804395 259.61111 254
1732619814503 261.076152 255
1732619824608 261.083131 256
1732619834718 262.191334 257
1732619844826 262.767569 258
1732619854923 262.774145 259
1732619865029 262.789248 260
1732619875147 262.797245 261
1732619885793 262.804154 262
1732619895884 262.816978 263
1732619906000 262.834572 264
1732619916105 262.96678 265
1732619926207 263.019927 266
1732619936297 263.027917 267
1732619946410 263.034745 268
1732619956529 263.041877 269
1732619966622 263.085383 270
1732619976746 263.108407 271
1732619986849 263.135363 272
1732619996951 263.180731 273
1732620007019 263.194555 274
1732620017111 263.206359 275
1732620027175 263.228684 276
1732620037268 263.241731 277
1732620047373 263.271313 278
1732620057481 263.302118 279
1732620067568 263.355811 280
1732620077675 263.434695 281
1732620087778 263.510059 282
1732620097868 270.075669 283
1732620107981 270.273137 284
1732620118090 273.007073 285
1732620128190 275.572572 286
1732620138301 278.850874 287
1732620148404 282.526339 288
1732620158498 282.783053 289
1732620168604 288.175143 290
1732620178700 292.019051 291
1732620188822 293.55513 292
1732620198933 294.904142 293
1732620209052 298.774519 294
1732620219160 298.786049 295
1732620229273 300.965528 296
1732620239385 303.626995 297
1732620249491 303.634542 298
1732620259597 306.617276 299
1732620269715 309.311806 300
1732620279811 309.321824 301
1732620289907 311.423283 302
1732620300021 313.730281 303
1732620310140 313.81426 304
1732620320217 313.833011 305
1732620330291 313.851043 306
1732620340387 313.861886 307
1732620350458 313.869839 308
1732620360566 313.88031 309
1732620370670 323.628451 310
1732620380786 323.647352 311
1732620390903 323.722278 312
1732620401033 323.777992 313
1732620411145 323.791759 314
1732620421240 323.802871 315
1732620431349 323.811269 316
1732620441466 323.821577 317
1732620451569 326.908493 318
1732620461694 331.00907 319
1732620471804 334.490651 320
1732620481933 340.238231 321
1732620492031 344.57079600000003 322
1732620502153 347.321754 323
1732620512247 351.400029 324
1732620522348 351.406962 325
1732620532449 355.286765 326
1732620542548 355.320021 327
1732620552672 359.414691 328
1732620562764 363.937023 329
1732620572843 364.426062 330
1732620582957 367.411927 331
1732620593065 376.900205 332
1732620603180 382.146312 333
1732620613297 387.124326 334
1732620623415 393.4279 335
1732620633534 399.278315 336
1732620643638 402.974162 337
1732620653750 404.18591200000003 338
1732620663856 407.208602 339
1732620673950 411.788674 340
1732620684053 413.583343 341
1732620694165 415.588643 342
1732620704271 417.020186 343
1732620714352 417.058325 344
1732620724454 420.47531799999996 345
1732620734567 423.38012299999997 346
1732620744669 423.39867399999997 347
1732620754801 426.93912500000005 348
1732620764911 429.52480399999996 349
1732620775037 429.54393 350
1732620785141 434.301495 351
1732620795250 435.29809400000005 352
1732620805350 438.98423599999995 353
1732620815443 440.179638 354
1732620825553 442.134163 355
1732620835672 443.273338 356
1732620845812 446.27355100000005 357
1732620855947 446.909871 358
1732620866062 447.396904 359
1732620876172 447.40475899999996 360
1732620886287 447.412227 361
1732620896406 447.424097 362
1732620906514 447.431761 363
1732620916606 447.43943800000005 364
1732620926673 447.454353 365
1732620936753 447.46771500000006 366
1732620946831 447.47411900000003 367
1732620956950 450.40724000000006 368
1732620967083 451.75080199999996 369
1732620977186 453.97729999999996 370
1732620987313 456.98411000000004 371
1732620997431 460.056716 372
1732621007561 460.072206 373
1732621017689 462.91079099999996 374
1732621027810 462.92574900000005 375
1732621037880 462.932443 376
1732621048003 465.99793100000005 377
1732621058141 467.105172 378
1732621068260 467.112328 379
1732621078349 469.714046 380
1732621088450 470.785863 381
1732621098543 470.793467 382
1732621108642 472.374354 383
1732621118766 472.382235 384
1732621128845 472.390103 385
1732621138949 473.187431 386
1732621149066 473.19948800000003 387
1732621159135 473.21596500000004 388
1732621169249 473.24409499999996 389
1732621179380 473.25174499999997 390
1732621189501 473.265194 391
1732621199622 473.27269500000006 392
1732621209750 473.279829 393
1732621219865 475.014346 394
1732621229987 478.703244 395
1732621240108 478.71844500000003 396
1732621250233 480.488316 397
1732621260338 480.495374 398
1732621270430 481.87193499999995 399
1732621280540 485.487632 400
1732621290702 485.55291800000003 401
1732621300823 489.257091 402
1732621310946 490.700086 403
1732621321019 491.373138 404
1732621331156 494.833104 405
1732621341284 494.84005599999995 406
1732621351403 494.851154 407
1732621361524 494.858459 408
1732621371649 494.86634 409
1732621381768 494.873949 410
1732621391862 494.889162 411
1732621401973 494.89711100000005 412
1732621412226 494.911728 413
1732621422369 494.918929 414
1732621432505 494.92587499999996 415
1732621442629 494.93348499999996 416
1732621452754 494.94061700000003 417
1732621462907 494.964589 418
1732621473032 498.51108100000005 419
1732621483148 498.51872799999995 420
1732621493260 501.427701 421
1732621503400 503.315324 422
1732621513531 503.322928 423
1732621523624 505.20352399999996 424
1732621533742 509.00351500000005 425
1732621543864 509.01759799999996 426
1732621553944 513.055153 427
1732621564060 516.399537 428
1732621574158 516.981601 429
1732621584283 520.435993 430
1732621594400 525.134315 431
1732621604515 525.141989 432
1732621614633 527.374393 433
1732621624753 527.424597 434
1732621634878 529.541921 435
1732621644998 531.2199009999999 436
1732621655123 532.217318 437
1732621665207 534.9800110000001 438
1732621675300 538.0814680000001 439
1732621685375 538.088677 440
1732621695912 542.872828 441
1732621706028 546.5769680000001 442
1732621716145 546.583476 443
1732621726275 548.452816 444
1732621736407 548.4606429999999 445
1732621746529 551.584022 446
1732621756644 551.5914459999999 447
1732621766782 551.618678 448
1732621776925 551.6261850000001 449
1732621787045 551.648522 450
1732621797185 551.6553040000001 451
1732621807296 551.663006 452
1732621817401 555.009074 453
1732621827528 556.907921 454
1732621837663 556.915469 455
1732621847793 558.8890490000001 456
1732621857908 561.6079070000001 457
1732621868019 563.729855 458
1732621878166 568.0042470000001 459
1732621888295 568.0676189999999 460
1732621898383 571.0204209999999 461
1732621908494 572.790964 462
1732621918622 572.7974340000001 463
1732621928749 574.8769709999999 464
1732621938881 575.740266 465
1732621949028 575.7591319999999 466
1732621959136 578.468772 467
1732621969243 581.9713200000001 468
1732621979339 581.9788000000001 469
1732621989452 581.991111 470
1732621999548 581.9979699999999 471
1732622009671 582.0059429999999 472
1732622019775 585.8010300000001 473
1732622029861 586.44928 474
1732622039959 586.4561060000001 475
1732622050081 587.392486 476
1732622060160 587.4009249999999 477
1732622070255 587.434847 478
1732622080333 587.441587 479
1732622090452 587.4575729999999 480
1732622100567 587.46558 481
1732622110666 587.4771969999999 482
1732622120777 587.484023 483
1732622130905 587.4911770000001 484
1732622141023 587.498955 485
1732622151162 587.507329 486
1732622161758 588.407829 487
1732622171908 592.899197 488
1732622182021 592.9114219999999 489
1732622192165 592.9748870000001 490
1732622202286 592.982534 491
1732622212375 592.991331 492
1732622222499 593.0059610000001 493
1732622232631 596.4459360000001 494
1732622242729 597.114693 495
1732622252854 601.1630560000001 496
1732622262929 605.2737830000001 497
1732622273026 608.828068 498
1732622283100 608.835077 499
1732622293222 611.7849409999999 500
1732622303352 615.612545 501
1732622313480 615.620314 502
1732622323611 620.384483 503
1732622333734 624.2568000000001 504
1732622343862 624.270176 505
1732622354012 624.2783139999999 506
1732622364154 624.3021699999999 507
1732622374294 624.319718 508
1732622384434 624.331749 509
1732622394547 624.3393120000001 510
1732622404652 624.355996 511
1732622414757 624.362907 512
1732622424860 624.370163 513
1732622434973 624.377706 514
1732622445113 624.3858399999999 515
1732622455249 624.392912 516
1732622465376 624.400885 517
1732622475497 624.4272350000001 518
1732622485636 624.5237119999999 519
1732622495773 625.56582 520
1732622505911 625.5805989999999 521
1732622516049 625.6025569999999 522
1732622526137 625.6101860000001 523
1732622536286 625.617176 524
1732622546417 625.625039 525
1732622556564 625.65014 526
1732622566695 625.6591980000001 527
1732622576825 625.6658480000001 528
1732622586974 625.680034 529
1732622597123 625.7152550000001 530
1732622607217 631.592564 531
1732622617364 631.6327679999999 532
1732622627513 631.64418 533
1732622637648 631.660552 534
1732622647767 631.6714850000001 535
1732622657923 631.6793620000001 536
1732622668082 631.710515 537
1732622678234 631.717455 538
1732622688381 631.7315249999999 539
1732622698527 631.7380390000001 540
1732622709167 631.7501319999999 541
1732622719299 631.7656280000001 542
1732622729439 631.772954 543
1732622739585 631.783273 544
1732622749735 631.790193 545
1732622759865 631.801199 546
1732622770003 631.809109 547
1732622780155 631.820107 548
1732622790305 631.8924300000001 549
1732622800453 631.899124 550
1732622810598 631.9064310000001 551
1732622820735 631.9137290000001 552
1732622830890 631.9216039999999 553
1732622841026 631.929142 554
1732622851135 631.969597 555
1732622861280 631.984128 556
1732622871428 632.0040280000001 557
1732622881574 632.010974 558
