1732617242989 0.00034600000000040154 0
1732617253036 0.02197100000000063 1
1732617263085 0.3631530000000005 2
1732617273120 0.4471740000000004 3
1732617283197 0.6645330000000005 4
1732617293260 0.749625 5
1732617303307 0.7932210000000008 6
1732617313351 0.8355060000000005 7
1732617323401 0.988919000000001 8
1732617333453 1.0790959999999998 9
1732617343525 1.1430140000000009 10
1732617353589 1.264863 11
1732617363642 1.4048859999999994 12
1732617373700 1.5185639999999996 13
1732617383754 1.58601 14
1732617393809 1.6258029999999994 15
1732617403876 1.665675000000002 16
1732617413956 1.6989400000000021 17
1732617424040 1.7066490000000005 18
1732617434117 1.719862000000001 19
1732617444192 1.738882000000002 20
1732617454272 1.7457440000000002 21
1732617464333 1.9336479999999998 22
1732617474411 1.9799990000000012 23
1732617484489 2.003321999999999 24
1732617494560 2.010478000000001 25
1732617504643 2.0289030000000015 26
1732617514725 2.040633999999999 27
1732617524799 2.050238000000002 28
1732617534850 2.058154 29
1732617544913 2.064908000000001 30
1732617554975 2.072857000000001 31
1732617565039 2.249796999999999 32
1732617575122 2.3099539999999994 33
1732617585181 2.3756700000000013 34
1732617595241 2.387523 35
1732617605330 2.4017680000000023 36
1732617615407 2.408906 37
1732617625486 2.570196000000001 38
1732617635566 2.5992900000000017 39
1732617645633 2.617172000000002 40
1732617655720 2.7246250000000014 41
1732617665803 2.7898709999999998 42
1732617675871 2.820030000000001 43
1732617685939 2.8821700000000003 44
1732617696036 2.889062000000001 45
1732617706115 2.921139000000002 46
1732617716207 2.9427269999999996 47
1732617726278 2.962721 48
1732617736405 2.98184 49
1732617746471 3.0233250000000016 50
1732617756538 3.0600380000000005 51
1732617766619 3.0947280000000017 52
1732617776709 3.1162100000000006 53
1732617786778 3.1233260000000005 54
1732617796859 3.149503000000001 55
1732617806947 3.196600000000002 56
1732617817024 3.2036759999999997 57
1732617827118 3.2302459999999993 58
1732617837199 3.24986 59
1732617847288 3.265594000000002 60
1732617857381 3.2994959999999995 61
1732617867447 3.325004999999999 62
1732617877525 3.3530190000000015 63
1732617887601 3.403664000000001 64
1732617897684 3.4271420000000017 65
1732617907756 3.4359839999999995 66
1732617917836 3.443102999999999 67
1732617927915 3.474451 68
1732617938009 3.4819370000000003 69
1732617948111 3.4907699999999995 70
1732617958197 3.497745 71
1732617968267 3.5394799999999993 72
1732617978357 3.5663549999999997 73
1732617988446 3.5901259999999997 74
1732617998503 3.597977000000002 75
1732618008554 3.815123999999999 76
1732618018654 3.957631000000001 77
1732618028712 3.990174999999999 78
1732618038776 4.108525000000002 79
1732618048863 4.400316999999999 80
1732618058934 4.421414 81
1732618069003 4.480565 82
1732618079086 4.488059999999999 83
1732618089192 4.536795 84
1732618099289 4.587092 85
1732618109381 4.605397999999999 86
1732618119473 4.655977999999999 87
1732618129553 4.700166000000001 88
1732618139636 4.715864999999999 89
1732618149715 4.864792 90
1732618159791 5.042153000000001 91
1732618169855 5.098803000000002 92
1732618179936 5.122703 93
1732618190030 5.174190000000001 94
1732618200098 5.235007000000001 95
1732618210175 5.329248999999999 96
1732618220259 5.456968999999999 97
1732618230331 5.492246 98
1732618240412 5.574296000000002 99
1732618250489 5.636104000000001 100
1732618260569 5.745003000000002 101
1732618270640 5.782857000000002 102
1732618280724 5.800576000000001 103
1732618290810 5.863173999999999 104
1732618300888 5.973304000000001 105
1732618310984 6.020260000000002 106
1732618321052 6.160622000000002 107
1732618331140 6.279814 108
1732618341216 6.4206710000000005 109
1732618351299 6.498397000000002 110
1732618361387 6.5579100000000015 111
1732618371461 6.7775289999999995 112
1732618381558 6.821191000000001 113
1732618391624 6.926584 114
1732618401727 6.986870999999999 115
1732618411819 7.093893 116
1732618421909 7.226986000000002 117
1732618431999 7.333316999999999 118
1732618442082 7.489179999999999 119
1732618452169 7.500536000000002 120
1732618462248 7.575564000000002 121
1732618472351 7.6958660000000005 122
1732618482444 7.827838000000002 123
1732618492521 7.848801 124
1732618502622 7.8556550000000005 125
1732618512718 7.863939 126
1732618522798 7.876277 127
1732618532885 7.8941859999999995 128
1732618542961 7.900841999999999 129
1732618553049 7.930058000000001 130
1732618563138 7.9371230000000015 131
1732618573241 8.030743 132
1732618583346 8.04838 133
1732618593443 8.067068 134
1732618603532 8.081155 135
1732618613608 8.097338000000002 136
1732618623698 8.129084 137
1732618633773 8.13631 138
1732618643871 8.153757 139
1732618653950 8.161795 140
1732618664056 8.292503000000002 141
1732618674147 8.728773000000002 142
1732618684228 8.762507000000001 143
1732618694324 8.862385000000002 144
1732618704416 8.894259 145
1732618714500 8.901318000000002 146
1732618724606 8.926374000000001 147
1732618734688 8.939518999999999 148
1732618744782 8.947057 149
1732618754885 8.971517 150
1732618764954 9.010661 151
1732618775051 9.018165000000002 152
1732618785137 9.11409 153
1732618795236 9.122313 154
1732618805320 9.130259 155
1732618815416 9.154417 156
1732618825501 9.239018 157
1732618835590 9.338019000000001 158
1732618845699 9.49893 159
1732618855782 9.521922000000002 160
1732618865861 9.579081 161
1732618875957 9.707586000000001 162
1732618886047 9.96108 163
1732618896134 10.073163 164
1732618906231 10.211882000000001 165
1732618916324 10.363216 166
1732618926426 10.413122 167
1732618936498 10.45405 168
1732618946581 10.472104 169
1732618956671 10.479872000000002 170
1732618966752 10.492408 171
1732618976837 10.510345 172
1732618986923 10.522724000000002 173
1732618997019 10.529316 174
1732619007117 10.548620999999999 175
1732619017193 10.602206 176
1732619027275 10.633384000000001 177
1732619037368 10.640756999999999 178
1732619047455 10.672690000000001 179
1732619057548 10.710513 180
1732619067610 10.782560000000002 181
1732619077704 10.926029000000002 182
1732619087777 10.952855000000001 183
1732619097862 10.987472000000002 184
1732619107953 11.016548000000002 185
1732619118015 11.024417000000001 186
1732619128094 11.042035 187
1732619138189 11.058161 188
1732619148271 11.072226000000002 189
1732619158357 11.080316000000002 190
1732619168437 11.087624 191
1732619178531 11.103245 192
1732619188629 11.127034 193
1732619198714 11.151411000000001 194
1732619208802 11.175532000000002 195
1732619218860 11.186855 196
1732619228934 11.193935999999999 197
1732619239127 11.201942 198
1732619249234 11.220576 199
1732619259331 11.226994 200
1732619269417 11.235145000000001 201
1732619279504 11.242811999999999 202
1732619289618 11.249702000000001 203
1732619299715 11.262283000000002 204
1732619309809 11.280818000000002 205
1732619319909 11.287245 206
1732619330009 11.298493000000002 207
1732619340094 11.305143 208
1732619350193 11.311525000000001 209
1732619360293 11.327591 210
1732619370365 11.352300000000001 211
1732619380449 11.363431 212
1732619390506 11.371762000000002 213
1732619400597 11.378385 214
1732619410678 11.385007 215
1732619420769 11.392399 216
1732619430876 11.409717000000002 217
1732619440973 11.417686999999999 218
1732619451084 11.433131000000001 219
1732619461187 11.440154999999999 220
1732619471286 11.454035 221
1732619481378 11.467920000000001 222
1732619491472 11.485453999999999 223
1732619501558 11.497804 224
1732619511658 11.517847000000002 225
1732619521765 11.540138 226
1732619531855 11.558139000000002 227
1732619541950 11.565165000000002 228
1732619552048 11.583788 229
1732619562157 11.591436 230
1732619572225 11.601658000000002 231
1732619582293 11.609051 232
1732619592399 11.615885 233
1732619602512 11.661688 234
1732619612597 11.684126000000001 235
1732619622668 11.724638 236
1732619632765 11.730972 237
1732619642857 11.739192000000001 238
1732619652965 11.746602000000001 239
1732619663067 11.774449000000002 240
1732619673154 11.792444999999999 241
1732619683240 11.804191000000001 242
1732619693329 11.813366 243
1732619703443 11.829896 244
1732619713532 11.837291000000002 245
1732619723647 11.871122999999999 246
1732619733759 11.888412 247
1732619743850 11.901594000000001 248
1732619753954 11.907966 249
1732619764065 11.919974000000002 250
1732619774140 11.927059999999999 251
1732619784229 11.993060999999999 252
1732619794303 12.022357000000001 253
1732619804395 12.035701000000001 254
1732619814503 12.059748 255
1732619824608 12.067670000000001 256
1732619834718 12.086089 257
1732619844826 12.117833 258
1732619854923 12.124426000000001 259
1732619865029 12.142024000000001 260
1732619875147 12.149957000000002 261
1732619885793 12.156786000000002 262
1732619895884 12.172607000000001 263
1732619906000 12.189614 264
1732619916105 12.229265 265
1732619926207 12.262752 266
1732619936297 12.271487000000002 267
1732619946410 12.278174000000002 268
1732619956529 12.285245999999999 269
1732619966622 12.330160000000001 270
1732619976746 12.351646 271
1732619986849 12.379130000000002 272
1732619996951 12.398257 273
1732620007019 12.419399 274
1732620017111 12.438889999999999 275
1732620027175 12.468899000000002 276
1732620037268 12.49105 277
1732620047373 12.511925 278
1732620057481 12.533845000000001 279
1732620067568 12.551703000000002 280
1732620077675 12.58499 281
1732620087778 12.609008000000001 282
1732620097868 12.753871000000002 283
1732620107981 12.764677 284
1732620118090 12.808736000000001 285
1732620128190 12.855601000000002 286
1732620138301 12.906064000000002 287
1732620148404 12.978223999999999 288
1732620158498 13.017180999999999 289
1732620168604 13.082777000000002 290
1732620178700 13.143831 291
1732620188822 13.167838999999999 292
1732620198933 13.195010000000002 293
1732620209052 13.247124000000001 294
1732620219160 13.261866 295
1732620229273 13.294068000000001 296
1732620239385 13.332351000000001 297
1732620249491 13.340704 298
1732620259597 13.388889 299
1732620269715 13.439425000000002 300
1732620279811 13.453116 301
1732620289907 13.484962000000001 302
1732620300021 13.520597 303
1732620310140 13.544145000000002 304
1732620320217 13.564639000000001 305
1732620330291 13.585558 306
1732620340387 13.600066 307
1732620350458 13.607958000000002 308
1732620360566 13.622175 309
1732620370670 13.740250000000001 310
1732620380786 13.758676 311
1732620390903 13.783009000000002 312
1732620401033 13.804905 313
1732620411145 13.828069000000001 314
1732620421240 13.843037 315
1732620431349 13.851297 316
1732620441466 13.865363 317
1732620451569 13.990575000000002 318
1732620461694 14.056424999999999 319
1732620471804 14.099487000000002 320
1732620481933 14.179403000000002 321
1732620492031 14.233087 322
1732620502153 14.281265 323
1732620512247 14.336304 324
1732620522348 14.343508000000002 325
1732620532449 14.405860000000002 326
1732620542548 14.427062000000001 327
1732620552672 14.471406 328
1732620562764 14.556624000000001 329
1732620572843 14.58948 330
1732620582957 14.625988000000001 331
1732620593065 14.730067 332
1732620603180 14.810213 333
1732620613297 14.895223 334
1732620623415 14.972082000000002 335
1732620633534 15.044877000000001 336
1732620643638 15.111438000000001 337
1732620653750 15.172708000000002 338
1732620663856 15.219841 339
1732620673950 15.278399000000002 340
1732620684053 15.333212000000001 341
1732620694165 15.364413 342
1732620704271 15.388124 343
1732620714352 15.46466 344
1732620724454 15.503404999999999 345
1732620734567 15.538329 346
1732620744669 15.556752000000001 347
1732620754801 15.602006000000001 348
1732620764911 15.639371000000002 349
1732620775037 15.655936000000002 350
1732620785141 15.709286 351
1732620795250 15.729350000000002 352
1732620805350 15.788382 353
1732620815443 15.817950999999999 354
1732620825553 15.844569000000002 355
1732620835672 15.861438999999999 356
1732620845812 15.90218 357
1732620855947 15.927134 358
1732620866062 15.962973 359
1732620876172 15.970708 360
1732620886287 15.981574 361
1732620896406 15.995482 362
1732620906514 16.002899 363
1732620916606 16.010494 364
1732620926673 16.021265999999997 365
1732620936753 16.036493999999998 366
1732620946831 16.042838000000003 367
1732620956950 16.081772 368
1732620967083 16.104338 369
1732620977186 16.130112000000004 370
1732620987313 16.182493 371
1732620997431 16.216323000000003 372
1732621007561 16.230987 373
1732621017689 16.267926000000003 374
1732621027810 16.285567 375
1732621037880 16.292192999999997 376
1732621048003 16.333288000000003 377
1732621058141 16.368715 378
1732621068260 16.377862 379
1732621078349 16.413159999999998 380
1732621088450 16.438363000000003 381
1732621098543 16.4459 382
1732621108642 16.475894000000004 383
1732621118766 16.483637 384
1732621128845 16.494667 385
1732621138949 16.519143999999997 386
1732621149066 16.533243 387
1732621159135 16.545237999999998 388
1732621169249 16.566853000000002 389
1732621179380 16.574326 390
1732621189501 16.590958999999998 391
1732621199622 16.598019 392
1732621209750 16.60488 393
1732621219865 16.636901 394
1732621229987 16.676174000000003 395
1732621240108 16.687283 396
1732621250233 16.724648000000002 397
1732621260338 16.731723000000002 398
1732621270430 16.763924000000003 399
1732621280540 16.802194 400
1732621290702 16.818247 401
1732621300823 16.856916 402
1732621310946 16.882134 403
1732621321019 16.898927999999998 404
1732621331156 16.942863000000003 405
1732621341284 16.949797000000004 406
1732621351403 16.962290000000003 407
1732621361524 16.969475000000003 408
1732621371649 16.982561000000004 409
1732621381768 16.990050000000004 410
1732621391862 17.001189000000004 411
1732621401973 17.009050000000002 412
1732621412226 17.025570000000002 413
1732621422369 17.032608000000003 414
1732621432505 17.039434 415
1732621442629 17.046839 416
1732621452754 17.053902 417
1732621462907 17.077045 418
1732621473032 17.133625000000002 419
1732621483148 17.142012 420
1732621493260 17.176516 421
1732621503400 17.207774 422
1732621513531 17.215172000000003 423
1732621523624 17.244055000000003 424
1732621533742 17.283644000000002 425
1732621543864 17.299444 426
1732621553944 17.353276 427
1732621564060 17.391345 428
1732621574158 17.403163999999997 429
1732621584283 17.453027 430
1732621594400 17.501753 431
1732621604515 17.511069999999997 432
1732621614633 17.539535 433
1732621624753 17.575105999999998 434
1732621634878 17.604653 435
1732621644998 17.627380000000002 436
1732621655123 17.651271 437
1732621665207 17.681553 438
1732621675300 17.715648 439
1732621685375 17.722791 440
1732621695912 17.769962999999997 441
1732621706028 17.823569 442
1732621716145 17.830016999999998 443
1732621726275 17.857931 444
1732621736407 17.866102999999995 445
1732621746529 17.906619999999997 446
1732621756644 17.913848 447
1732621766782 17.9351 448
1732621776925 17.942459 449
1732621787045 17.962615 450
1732621797185 17.969378999999996 451
1732621807296 17.976106 452
1732621817401 18.020277 453
1732621827528 18.052599999999998 454
1732621837663 18.059928 455
1732621847793 18.088746999999998 456
1732621857908 18.12332 457
1732621868019 18.163564 458
1732621878166 18.206651 459
1732621888295 18.219279 460
1732621898383 18.254286 461
1732621908494 18.284383999999996 462
1732621918622 18.290836 463
1732621928749 18.317527 464
1732621938881 18.339608 465
1732621949028 18.361620000000002 466
1732621959136 18.395776999999995 467
1732621969243 18.435484000000002 468
1732621979339 18.443266 469
1732621989452 18.457437 470
1732621999548 18.464278 471
1732622009671 18.471949000000002 472
1732622019775 18.531551 473
1732622029861 18.552980999999996 474
1732622039959 18.559740999999995 475
1732622050081 18.586079999999995 476
1732622060160 18.594099999999997 477
1732622070255 18.624769999999998 478
1732622080333 18.6312 479
1732622090452 18.646527 480
1732622100567 18.654448000000002 481
1732622110666 18.667803 482
1732622120777 18.674563 483
1732622130905 18.681596999999996 484
1732622141023 18.689365000000002 485
1732622151162 18.697663 486
1732622161758 18.721646999999997 487
1732622171908 18.769940999999996 488
1732622182021 18.783912 489
1732622192165 18.796886999999998 490
1732622202286 18.804091 491
1732622212375 18.816029 492
1732622222499 18.833321999999995 493
1732622232631 18.886316 494
1732622242729 18.903777999999996 495
1732622252854 18.956944999999997 496
1732622262929 19.003755999999996 497
1732622273026 19.044931 498
1732622283100 19.051861000000002 499
1732622293222 19.087002 500
1732622303352 19.135578000000002 501
1732622313480 19.143248999999997 502
1732622323611 19.198789999999995 503
1732622333734 19.248154999999997 504
1732622343862 19.263205 505
1732622354012 19.271203999999997 506
1732622364154 19.288598999999998 507
1732622374294 19.302901999999996 508
1732622384434 19.316685 509
1732622394547 19.324314 510
1732622404652 19.336875999999997 511
1732622414757 19.343615999999997 512
1732622424860 19.35055 513
1732622434973 19.357973 514
1732622445113 19.368629999999996 515
1732622455249 19.376440000000002 516
1732622465376 19.384276999999997 517
1732622475497 19.406183 518
1732622485636 19.43215 519
1732622495773 19.459002999999996 520
1732622505911 19.473872999999998 521
1732622516049 19.516315999999996 522
1732622526137 19.523783 523
1732622536286 19.530839 524
1732622546417 19.538249 525
1732622556564 19.562782999999996 526
1732622566695 19.575175 527
1732622576825 19.581584999999997 528
1732622586974 19.594535 529
1732622597123 19.614843 530
1732622607217 19.742993999999996 531
1732622617364 19.772011999999997 532
1732622627513 19.786882 533
1732622637648 19.799926999999997 534
1732622647767 19.813975 535
1732622657923 19.821714 536
1732622668082 19.849258999999996 537
1732622678234 19.856079 538
1732622688381 19.886618999999996 539
1732622698527 19.893133 540
1732622709167 19.906799999999997 541
1732622719299 19.918107 542
1732622729439 19.925393 543
1732622739585 19.937945 544
1732622749735 19.944783 545
1732622759865 19.957523000000002 546
1732622770003 19.965390999999997 547
1732622780155 19.978222000000002 548
1732622790305 19.995716 549
1732622800453 20.002229999999997 550
1732622810598 20.013106 551
1732622820735 20.020283999999997 552
1732622830890 20.027972999999996 553
1732622841026 20.035418999999997 554
1732622851135 20.075210999999996 555
1732622861280 20.100361 556
1732622871428 20.118190999999996 557
1732622881574 20.125017 558
