1732617242989 9218.3 0
1732617253036 20125.7 1
1732617263085 21477.3 2
1732617273120 22932.6 3
1732617283197 24583.0 4
1732617293260 25993.4 5
1732617303307 27739.9 6
1732617313351 30833.5 7
1732617323401 16652.3 8
1732617333453 18228.0 9
1732617343525 19126.6 10
1732617353589 19936.8 11
1732617363642 21291.1 12
1732617373700 22240.1 13
1732617383754 23628.8 14
1732617393809 30380.8 15
1732617403876 15643.0 16
1732617413956 16761.6 17
1732617424040 17385.0 18
1732617434117 19026.0 19
1732617444192 20890.9 20
1732617454272 21227.9 21
1732617464333 22293.4 22
1732617474411 24108.1 23
1732617484489 15975.5 24
1732617494560 17254.4 25
1732617504643 18381.7 26
1732617514725 19297.2 27
1732617524799 20383.6 28
1732617534850 21540.2 29
1732617544913 22811.5 30
1732617554975 23499.2 31
1732617565039 16738.7 32
1732617575122 18190.5 33
1732617585181 18921.7 34
1732617595241 19426.9 35
1732617605330 19925.2 36
1732617615407 20952.7 37
1732617625486 22019.2 38
1732617635566 23210.2 39
1732617645633 24089.2 40
1732617655720 15966.1 41
1732617665803 16701.5 42
1732617675871 17705.1 43
1732617685939 19123.3 44
1732617696036 20532.6 45
1732617706115 21908.3 46
1732617716207 22707.6 47
1732617726278 24922.0 48
1732617736405 15774.0 49
1732617746471 17299.6 50
1732617756538 18175.4 51
1732617766619 19620.6 52
1732617776709 20916.7 53
1732617786778 22139.1 54
1732617796859 23061.9 55
1732617806947 23049.8 56
1732617817024 15992.3 57
1732617827118 17694.4 58
1732617837199 19236.6 59
1732617847288 20089.3 60
1732617857381 21454.3 61
1732617867447 22251.0 62
1732617877525 23561.0 63
1732617887601 15999.7 64
1732617897684 16597.4 65
1732617907756 17972.9 66
1732617917836 19727.7 67
1732617927915 20641.2 68
1732617938009 21387.2 69
1732617948111 22431.3 70
1732617958197 23243.4 71
1732617968267 16186.9 72
1732617978357 17587.5 73
1732617988446 18503.6 74
1732617998503 19431.8 75
1732618008554 19985.2 76
1732618018654 21573.8 77
1732618028712 22279.1 78
1732618038776 24005.8 79
1732618048863 16016.5 80
1732618058934 17236.9 81
1732618069003 18144.9 82
1732618079086 19307.6 83
1732618089192 20485.8 84
1732618099289 21034.6 85
1732618109381 21952.0 86
1732618119473 22992.5 87
1732618129553 15734.0 88
1732618139636 16911.8 89
1732618149715 18350.0 90
1732618159791 19489.6 91
1732618169855 20845.4 92
1732618179936 22277.7 93
1732618190030 22990.3 94
1732618200098 24048.6 95
1732618210175 16224.6 96
1732618220259 17444.0 97
1732618230331 18006.1 98
1732618240412 19415.0 99
1732618250489 20637.5 100
1732618260569 22011.0 101
1732618270640 22915.7 102
1732618280724 24270.9 103
1732618290810 16329.2 104
1732618300888 17448.8 105
1732618310984 16663.8 106
1732618321052 19273.8 107
1732618331140 20467.0 108
1732618341216 21903.2 109
1732618351299 22280.6 110
1732618361387 23204.6 111
1732618371461 24269.1 112
1732618381558 16517.3 113
1732618391624 17739.0 114
1732618401727 19050.3 115
1732618411819 18668.5 116
1732618421909 21032.2 117
1732618431999 21490.9 118
1732618442082 23286.3 119
1732618452169 24641.0 120
1732618462248 18632.1 121
1732618472351 17950.6 122
1732618482444 18006.2 123
1732618492521 19297.6 124
1732618502622 20796.3 125
1732618512718 21801.0 126
1732618522798 22664.3 127
1732618532885 23935.6 128
1732618542961 16834.7 129
1732618553049 17698.7 130
1732618563138 19347.8 131
1732618573241 20982.0 132
1732618583346 22001.2 133
1732618593443 22911.1 134
1732618603532 23672.4 135
1732618613608 16985.4 136
1732618623698 18617.2 137
1732618633773 18725.7 138
1732618643871 20064.1 139
1732618653950 20874.9 140
1732618664056 21965.7 141
1732618674147 23283.8 142
1732618684228 16052.0 143
1732618694324 17029.2 144
1732618704416 18415.3 145
1732618714500 20042.8 146
1732618724606 21268.8 147
1732618734688 22381.5 148
1732618744782 23234.1 149
1732618754885 24535.2 150
1732618764954 16617.1 151
1732618775051 17787.4 152
1732618785137 19282.8 153
1732618795236 20331.7 154
1732618805320 21717.0 155
1732618815416 22701.0 156
1732618825501 23222.1 157
1732618835590 24192.3 158
1732618845699 16480.5 159
1732618855782 17534.5 160
1732618865861 18193.2 161
1732618875957 19350.8 162
1732618886047 20799.4 163
1732618896134 20743.7 164
1732618906231 22626.7 165
1732618916324 26824.8 166
1732618926426 16050.5 167
1732618936498 17356.2 168
1732618946581 18149.2 169
1732618956671 19357.1 170
1732618966752 20904.3 171
1732618976837 21795.2 172
1732618986923 28690.6 173
1732618997019 16064.7 174
1732619007117 16763.3 175
1732619017193 18470.8 176
1732619027275 19793.8 177
1732619037368 20273.7 178
1732619047455 20833.6 179
1732619057548 21853.7 180
1732619067610 23069.0 181
1732619077704 24558.7 182
1732619087777 16681.4 183
1732619097862 17643.0 184
1732619107953 18596.8 185
1732619118015 19510.0 186
1732619128094 20376.3 187
1732619138189 21581.9 188
1732619148271 22523.4 189
1732619158357 25069.4 190
1732619168437 15691.8 191
1732619178531 16798.6 192
1732619188629 18790.8 193
1732619198714 18480.4 194
1732619208802 19701.2 195
1732619218860 21076.1 196
1732619228934 21748.8 197
1732619239127 23054.9 198
1732619249234 23846.0 199
1732619259331 16264.1 200
1732619269417 18906.8 201
1732619279504 18321.7 202
1732619289618 19342.5 203
1732619299715 20550.1 204
1732619309809 21718.8 205
1732619319909 22473.4 206
1732619330009 24573.8 207
1732619340094 16714.9 208
1732619350193 18225.5 209
1732619360293 19316.2 210
1732619370365 19943.3 211
1732619380449 21313.6 212
1732619390506 22086.1 213
1732619400597 23251.2 214
1732619410678 23505.1 215
1732619420769 17290.6 216
1732619430876 18703.9 217
1732619440973 19455.8 218
1732619451084 20801.9 219
1732619461187 21600.4 220
1732619471286 22746.0 221
1732619481378 24732.0 222
1732619491472 16613.5 223
1732619501558 17499.2 224
1732619511658 18462.0 225
1732619521765 19189.7 226
1732619531855 19955.7 227
1732619541950 20923.0 228
1732619552048 21997.1 229
1732619562157 22040.9 230
1732619572225 23510.5 231
1732619582293 16357.5 232
1732619592399 17929.1 233
1732619602512 19053.8 234
1732619612597 19941.9 235
1732619622668 20924.2 236
1732619632765 21787.1 237
1732619642857 22741.9 238
1732619652965 23622.1 239
1732619663067 23896.5 240
1732619673154 17450.6 241
1732619683240 19098.6 242
1732619693329 20535.2 243
1732619703443 21538.4 244
1732619713532 22014.0 245
1732619723647 23119.7 246
1732619733759 23858.8 247
1732619743850 16764.4 248
1732619753954 18141.5 249
1732619764065 19469.0 250
1732619774140 20437.0 251
1732619784229 21251.1 252
1732619794303 21485.0 253
1732619804395 22848.8 254
1732619814503 25199.1 255
1732619824608 25033.0 256
1732619834718 17738.1 257
1732619844826 18499.7 258
1732619854923 19550.7 259
1732619865029 22416.1 260
1732619875147 21723.6 261
1732619885793 22883.8 262
1732619895884 24621.5 263
1732619906000 16923.2 264
1732619916105 17641.6 265
1732619926207 16765.0 266
1732619936297 18987.5 267
1732619946410 20140.6 268
1732619956529 21404.1 269
1732619966622 22865.5 270
1732619976746 23946.5 271
1732619986849 17663.1 272
1732619996951 19414.9 273
1732620007019 20031.6 274
1732620017111 19868.6 275
1732620027175 20941.7 276
1732620037268 22146.5 277
1732620047373 22672.0 278
1732620057481 23321.4 279
1732620067568 23563.7 280
1732620077675 25078.5 281
1732620087778 24401.5 282
1732620097868 18039.0 283
1732620107981 19388.0 284
1732620118090 20522.3 285
1732620128190 21605.6 286
1732620138301 21848.3 287
1732620148404 23038.9 288
1732620158498 24267.4 289
1732620168604 25504.0 290
1732620178700 17324.8 291
1732620188822 18399.5 292
1732620198933 19007.6 293
1732620209052 20041.0 294
1732620219160 20992.1 295
1732620229273 21775.8 296
1732620239385 22644.0 297
1732620249491 23690.3 298
1732620259597 23902.0 299
1732620269715 25563.9 300
1732620279811 17719.5 301
1732620289907 18765.2 302
1732620300021 19583.4 303
1732620310140 20071.5 304
1732620320217 21004.4 305
1732620330291 21944.1 306
1732620340387 23260.9 307
1732620350458 23948.6 308
1732620360566 25595.5 309
1732620370670 17560.5 310
1732620380786 18193.0 311
1732620390903 18853.1 312
1732620401033 20291.7 313
1732620411145 21742.3 314
1732620421240 22175.5 315
1732620431349 21763.9 316
1732620441466 23176.7 317
1732620451569 24313.7 318
1732620461694 25595.0 319
1732620471804 17991.3 320
1732620481933 19226.5 321
1732620492031 20014.7 322
1732620502153 20494.2 323
1732620512247 21397.7 324
1732620522348 22841.7 325
1732620532449 24211.1 326
1732620542548 24862.9 327
1732620552672 17289.8 328
1732620562764 18148.0 329
1732620572843 19284.0 330
1732620582957 20762.0 331
1732620593065 22136.7 332
1732620603180 22759.2 333
1732620613297 23523.5 334
1732620623415 25518.1 335
1732620633534 17160.5 336
1732620643638 18130.9 337
1732620653750 19210.7 338
1732620663856 20380.1 339
1732620673950 21166.4 340
1732620684053 21552.8 341
1732620694165 22793.7 342
1732620704271 23356.6 343
1732620714352 26146.8 344
1732620724454 25532.5 345
1732620734567 17702.8 346
1732620744669 18762.7 347
1732620754801 19430.8 348
1732620764911 20499.3 349
1732620775037 21878.9 350
1732620785141 22793.5 351
1732620795250 23876.0 352
1732620805350 24343.0 353
1732620815443 24563.3 354
1732620825553 17436.3 355
1732620835672 19079.8 356
1732620845812 19332.3 357
1732620855947 20528.8 358
1732620866062 21248.5 359
1732620876172 21620.3 360
1732620886287 22667.1 361
1732620896406 23446.7 362
1732620906514 24394.1 363
1732620916606 16900.0 364
1732620926673 18233.9 365
1732620936753 19196.5 366
1732620946831 20183.9 367
1732620956950 21420.2 368
1732620967083 22290.0 369
1732620977186 24869.2 370
1732620987313 26621.4 371
1732620997431 17185.8 372
1732621007561 18516.6 373
1732621017689 19499.1 374
1732621027810 19455.0 375
1732621037880 20761.7 376
1732621048003 21996.8 377
1732621058141 23122.6 378
1732621068260 24136.4 379
1732621078349 25661.6 380
1732621088450 17898.3 381
1732621098543 18470.4 382
1732621108642 20019.6 383
1732621118766 20895.6 384
1732621128845 22036.2 385
1732621138949 22915.7 386
1732621149066 24132.8 387
1732621159135 25256.1 388
1732621169249 17236.5 389
1732621179380 18222.6 390
1732621189501 18714.0 391
1732621199622 19393.9 392
1732621209750 20675.8 393
1732621219865 22094.6 394
1732621229987 23281.7 395
1732621240108 23954.2 396
1732621250233 26447.9 397
1732621260338 25553.9 398
1732621270430 17931.6 399
1732621280540 19136.3 400
1732621290702 20403.0 401
1732621300823 21357.5 402
1732621310946 22116.7 403
1732621321019 23060.9 404
1732621331156 23549.9 405
1732621341284 24581.5 406
1732621351403 17163.6 407
1732621361524 18396.9 408
1732621371649 19376.2 409
1732621381768 20206.3 410
1732621391862 21895.7 411
1732621401973 22545.2 412
1732621412226 23341.4 413
1732621422369 24532.0 414
1732621432505 17352.9 415
1732621442629 17949.2 416
1732621452754 19176.8 417
1732621462907 21118.5 418
1732621473032 20831.2 419
1732621483148 21809.6 420
1732621493260 22602.9 421
1732621503400 22846.6 422
1732621513531 24273.0 423
1732621523624 24909.8 424
1732621533742 17741.4 425
1732621543864 18573.0 426
1732621553944 19520.8 427
1732621564060 20518.8 428
1732621574158 21339.3 429
1732621584283 22778.8 430
1732621594400 23535.8 431
1732621604515 24242.8 432
1732621614633 25585.7 433
1732621624753 17443.1 434
1732621634878 18492.2 435
1732621644998 19395.2 436
1732621655123 20373.9 437
1732621665207 21612.1 438
1732621675300 22835.2 439
1732621685375 23914.1 440
1732621695912 24562.7 441
1732621706028 25196.5 442
1732621716145 17487.0 443
1732621726275 18514.6 444
1732621736407 17554.7 445
1732621746529 20081.0 446
1732621756644 21352.6 447
1732621766782 22501.9 448
1732621776925 23637.4 449
1732621787045 25611.1 450
1732621797185 25287.6 451
1732621807296 18017.9 452
1732621817401 18739.3 453
1732621827528 20019.9 454
1732621837663 21161.6 455
1732621847793 21958.8 456
1732621857908 22779.8 457
1732621868019 24538.8 458
1732621878166 24592.6 459
1732621888295 24697.9 460
1732621898383 18017.1 461
1732621908494 19037.1 462
1732621918622 19995.1 463
1732621928749 20986.7 464
1732621938881 21411.8 465
1732621949028 21813.9 466
1732621959136 23105.2 467
1732621969243 24438.4 468
1732621979339 25669.6 469
1732621989452 17833.2 470
1732621999548 18545.0 471
1732622009671 19251.1 472
1732622019775 19814.6 473
1732622029861 20827.4 474
1732622039959 21829.2 475
1732622050081 22766.7 476
1732622060160 21231.1 477
1732622070255 23443.6 478
1732622080333 27422.9 479
1732622090452 17014.5 480
1732622100567 19613.7 481
1732622110666 18917.7 482
1732622120777 20197.3 483
1732622130905 21439.1 484
1732622141023 21683.4 485
1732622151162 22734.8 486
1732622161758 23874.9 487
1732622171908 25152.0 488
1732622182021 17312.8 489
1732622192165 18226.4 490
1732622202286 19716.4 491
1732622212375 20520.8 492
1732622222499 21201.7 493
1732622232631 22221.1 494
1732622242729 23444.5 495
1732622252854 24132.8 496
1732622262929 25530.5 497
1732622273026 17807.3 498
1732622283100 18313.8 499
1732622293222 19991.3 500
1732622303352 20350.3 501
1732622313480 21704.5 502
1732622323611 22459.8 503
1732622333734 24823.5 504
1732622343862 23820.4 505
1732622354012 24493.7 506
1732622364154 16927.8 507
1732622374294 18147.2 508
1732622384434 18860.5 509
1732622394547 19627.5 510
1732622404652 20258.2 511
1732622414757 21486.3 512
1732622424860 22834.4 513
1732622434973 23693.4 514
1732622445113 24075.8 515
1732622455249 24549.2 516
1732622465376 19415.4 517
1732622475497 18751.5 518
1732622485636 20310.6 519
1732622495773 21795.9 520
1732622505911 22776.7 521
1732622516049 23199.8 522
1732622526137 23825.1 523
1732622536286 25397.7 524
1732622546417 17553.9 525
1732622556564 18993.5 526
1732622566695 19831.9 527
1732622576825 20521.9 528
1732622586974 21069.9 529
1732622597123 22127.5 530
1732622607217 23046.5 531
1732622617364 23844.4 532
1732622627513 25435.9 533
1732622637648 17514.3 534
1732622647767 18556.4 535
1732622657923 18996.9 536
1732622668082 19825.3 537
1732622678234 21530.2 538
1732622688381 22644.1 539
1732622698527 23339.3 540
1732622709167 22333.8 541
1732622719299 25197.6 542
1732622729439 17590.7 543
1732622739585 18417.8 544
1732622749735 19348.3 545
1732622759865 20576.4 546
1732622770003 20971.8 547
1732622780155 21607.5 548
1732622790305 22837.2 549
1732622800453 24034.5 550
1732622810598 24955.6 551
1732622820735 17527.8 552
1732622830890 18203.8 553
1732622841026 19391.5 554
1732622851135 20733.7 555
1732622861280 21690.6 556
1732622871428 22655.6 557
1732622881574 23979.1 558
