1732617242989 27.5 0
1732617253036 60.0 1
1732617263085 64.0 2
1732617273120 68.4 3
1732617283197 73.3 4
1732617293260 77.5 5
1732617303307 82.7 6
1732617313351 91.9 7
1732617323401 49.6 8
1732617333453 54.3 9
1732617343525 57.0 10
1732617353589 59.4 11
1732617363642 63.5 12
1732617373700 66.3 13
1732617383754 70.4 14
1732617393809 90.6 15
1732617403876 46.6 16
1732617413956 50.0 17
1732617424040 51.8 18
1732617434117 56.7 19
1732617444192 62.3 20
1732617454272 63.3 21
1732617464333 66.4 22
1732617474411 71.9 23
1732617484489 47.6 24
1732617494560 51.4 25
1732617504643 54.8 26
1732617514725 57.5 27
1732617524799 60.8 28
1732617534850 64.2 29
1732617544913 68.0 30
1732617554975 70.0 31
1732617565039 49.9 32
1732617575122 54.2 33
1732617585181 56.4 34
1732617595241 57.9 35
1732617605330 59.4 36
1732617615407 62.5 37
1732617625486 65.6 38
1732617635566 69.2 39
1732617645633 71.8 40
1732617655720 47.6 41
1732617665803 49.8 42
1732617675871 52.8 43
1732617685939 57.0 44
1732617696036 61.2 45
1732617706115 65.3 46
1732617716207 67.7 47
1732617726278 74.3 48
1732617736405 47.0 49
1732617746471 51.6 50
1732617756538 54.2 51
1732617766619 58.5 52
1732617776709 62.3 53
1732617786778 66.0 54
1732617796859 68.7 55
1732617806947 68.7 56
1732617817024 47.7 57
1732617827118 52.7 58
1732617837199 57.3 59
1732617847288 59.9 60
1732617857381 63.9 61
1732617867447 66.3 62
1732617877525 70.2 63
1732617887601 47.7 64
1732617897684 49.5 65
1732617907756 53.6 66
1732617917836 58.8 67
1732617927915 61.5 68
1732617938009 63.7 69
1732617948111 66.9 70
1732617958197 69.3 71
1732617968267 48.2 72
1732617978357 52.4 73
1732617988446 55.2 74
1732617998503 57.9 75
1732618008554 59.6 76
1732618018654 64.3 77
1732618028712 66.4 78
1732618038776 71.6 79
1732618048863 47.7 80
1732618058934 51.4 81
1732618069003 54.1 82
1732618079086 57.6 83
1732618089192 61.1 84
1732618099289 62.7 85
1732618109381 65.4 86
1732618119473 68.5 87
1732618129553 46.9 88
1732618139636 50.4 89
1732618149715 54.7 90
1732618159791 58.1 91
1732618169855 62.1 92
1732618179936 66.4 93
1732618190030 68.5 94
1732618200098 71.7 95
1732618210175 48.4 96
1732618220259 52.0 97
1732618230331 53.7 98
1732618240412 57.9 99
1732618250489 61.5 100
1732618260569 65.6 101
1732618270640 68.3 102
1732618280724 72.3 103
1732618290810 48.7 104
1732618300888 52.0 105
1732618310984 49.7 106
1732618321052 57.4 107
1732618331140 61.0 108
1732618341216 65.3 109
1732618351299 66.4 110
1732618361387 69.2 111
1732618371461 72.3 112
1732618381558 49.2 113
1732618391624 52.9 114
1732618401727 56.8 115
1732618411819 55.6 116
1732618421909 62.7 117
1732618431999 64.1 118
1732618442082 69.4 119
1732618452169 73.4 120
1732618462248 55.5 121
1732618472351 53.5 122
1732618482444 53.7 123
1732618492521 57.5 124
1732618502622 62.0 125
1732618512718 65.0 126
1732618522798 67.6 127
1732618532885 71.3 128
1732618542961 50.2 129
1732618553049 52.8 130
1732618563138 57.7 131
1732618573241 62.5 132
1732618583346 65.6 133
1732618593443 68.3 134
1732618603532 70.6 135
1732618613608 50.6 136
1732618623698 55.5 137
1732618633773 55.8 138
1732618643871 59.8 139
1732618653950 62.2 140
1732618664056 65.5 141
1732618674147 69.4 142
1732618684228 47.8 143
1732618694324 50.8 144
1732618704416 54.9 145
1732618714500 59.7 146
1732618724606 63.4 147
1732618734688 66.7 148
1732618744782 69.3 149
1732618754885 73.1 150
1732618764954 49.5 151
1732618775051 53.0 152
1732618785137 57.5 153
1732618795236 60.6 154
1732618805320 64.7 155
1732618815416 67.7 156
1732618825501 69.2 157
1732618835590 72.1 158
1732618845699 49.1 159
1732618855782 52.3 160
1732618865861 54.2 161
1732618875957 57.7 162
1732618886047 62.0 163
1732618896134 61.8 164
1732618906231 67.4 165
1732618916324 80.0 166
1732618926426 47.8 167
1732618936498 51.7 168
1732618946581 54.1 169
1732618956671 57.7 170
1732618966752 62.3 171
1732618976837 65.0 172
1732618986923 85.5 173
1732618997019 47.9 174
1732619007117 50.0 175
1732619017193 55.1 176
1732619027275 59.0 177
1732619037368 60.4 178
1732619047455 62.1 179
1732619057548 65.1 180
1732619067610 68.8 181
1732619077704 73.2 182
1732619087777 49.7 183
1732619097862 52.6 184
1732619107953 55.4 185
1732619118015 58.2 186
1732619128094 60.7 187
1732619138189 64.3 188
1732619148271 67.1 189
1732619158357 74.7 190
1732619168437 46.8 191
1732619178531 50.1 192
1732619188629 56.0 193
1732619198714 55.1 194
1732619208802 58.7 195
1732619218860 62.8 196
1732619228934 64.8 197
1732619239127 68.7 198
1732619249234 71.1 199
1732619259331 48.5 200
1732619269417 56.4 201
1732619279504 54.6 202
1732619289618 57.7 203
1732619299715 61.3 204
1732619309809 64.7 205
1732619319909 67.0 206
1732619330009 73.2 207
1732619340094 49.8 208
1732619350193 54.3 209
1732619360293 57.6 210
1732619370365 59.4 211
1732619380449 63.5 212
1732619390506 65.8 213
1732619400597 69.3 214
1732619410678 70.1 215
1732619420769 51.5 216
1732619430876 55.8 217
1732619440973 58.0 218
1732619451084 62.0 219
1732619461187 64.4 220
1732619471286 67.8 221
1732619481378 73.7 222
1732619491472 49.5 223
1732619501558 52.2 224
1732619511658 55.0 225
1732619521765 57.2 226
1732619531855 59.5 227
1732619541950 62.4 228
1732619552048 65.6 229
1732619562157 65.7 230
1732619572225 70.1 231
1732619582293 48.8 232
1732619592399 53.4 233
1732619602512 56.8 234
1732619612597 59.4 235
1732619622668 62.4 236
1732619632765 64.9 237
1732619642857 67.8 238
1732619652965 70.4 239
1732619663067 71.2 240
1732619673154 52.0 241
1732619683240 56.9 242
1732619693329 61.2 243
1732619703443 64.2 244
1732619713532 65.6 245
1732619723647 68.9 246
1732619733759 71.1 247
1732619743850 50.0 248
1732619753954 54.1 249
1732619764065 58.0 250
1732619774140 60.9 251
1732619784229 63.3 252
1732619794303 64.0 253
1732619804395 68.1 254
1732619814503 75.1 255
1732619824608 74.6 256
1732619834718 52.9 257
1732619844826 55.1 258
1732619854923 58.3 259
1732619865029 66.8 260
1732619875147 64.8 261
1732619885793 68.2 262
1732619895884 73.4 263
1732619906000 50.4 264
1732619916105 52.6 265
1732619926207 50.0 266
1732619936297 56.6 267
1732619946410 60.0 268
1732619956529 63.8 269
1732619966622 68.2 270
1732619976746 71.4 271
1732619986849 52.6 272
1732619996951 57.9 273
1732620007019 59.7 274
1732620017111 59.2 275
1732620027175 62.4 276
1732620037268 66.0 277
1732620047373 67.6 278
1732620057481 69.5 279
1732620067568 70.2 280
1732620077675 74.8 281
1732620087778 72.7 282
1732620097868 53.8 283
1732620107981 57.8 284
1732620118090 61.2 285
1732620128190 64.4 286
1732620138301 65.1 287
1732620148404 68.7 288
1732620158498 72.3 289
1732620168604 76.0 290
1732620178700 51.6 291
1732620188822 54.8 292
1732620198933 56.7 293
1732620209052 59.7 294
1732620219160 62.6 295
1732620229273 64.9 296
1732620239385 67.5 297
1732620249491 70.6 298
1732620259597 71.2 299
1732620269715 76.2 300
1732620279811 52.8 301
1732620289907 55.9 302
1732620300021 58.4 303
1732620310140 59.8 304
1732620320217 62.6 305
1732620330291 65.4 306
1732620340387 69.3 307
1732620350458 71.4 308
1732620360566 76.3 309
1732620370670 52.3 310
1732620380786 54.2 311
1732620390903 56.2 312
1732620401033 60.5 313
1732620411145 64.8 314
1732620421240 66.1 315
1732620431349 64.9 316
1732620441466 69.1 317
1732620451569 72.5 318
1732620461694 76.3 319
1732620471804 53.6 320
1732620481933 57.3 321
1732620492031 59.7 322
1732620502153 61.1 323
1732620512247 63.8 324
1732620522348 68.1 325
1732620532449 72.2 326
1732620542548 74.1 327
1732620552672 51.5 328
1732620562764 54.1 329
1732620572843 57.5 330
1732620582957 61.9 331
1732620593065 66.0 332
1732620603180 67.8 333
1732620613297 70.1 334
1732620623415 76.1 335
1732620633534 51.2 336
1732620643638 54.0 337
1732620653750 57.3 338
1732620663856 60.7 339
1732620673950 63.1 340
1732620684053 64.2 341
1732620694165 67.9 342
1732620704271 69.6 343
1732620714352 77.9 344
1732620724454 76.1 345
1732620734567 52.8 346
1732620744669 55.9 347
1732620754801 57.9 348
1732620764911 61.1 349
1732620775037 65.2 350
1732620785141 67.9 351
1732620795250 71.2 352
1732620805350 72.6 353
1732620815443 73.2 354
1732620825553 52.0 355
1732620835672 56.9 356
1732620845812 57.6 357
1732620855947 61.2 358
1732620866062 63.3 359
1732620876172 64.4 360
1732620886287 67.6 361
1732620896406 69.9 362
1732620906514 72.7 363
1732620916606 50.4 364
1732620926673 54.3 365
1732620936753 57.2 366
1732620946831 60.2 367
1732620956950 63.8 368
1732620967083 66.4 369
1732620977186 74.1 370
1732620987313 79.4 371
1732620997431 51.2 372
1732621007561 55.2 373
1732621017689 58.1 374
1732621027810 58.0 375
1732621037880 61.9 376
1732621048003 65.6 377
1732621058141 68.9 378
1732621068260 71.9 379
1732621078349 76.5 380
1732621088450 53.3 381
1732621098543 55.1 382
1732621108642 59.7 383
1732621118766 62.3 384
1732621128845 65.7 385
1732621138949 68.3 386
1732621149066 71.9 387
1732621159135 75.3 388
1732621169249 51.4 389
1732621179380 54.3 390
1732621189501 55.8 391
1732621199622 57.8 392
1732621209750 61.6 393
1732621219865 65.9 394
1732621229987 69.4 395
1732621240108 71.4 396
1732621250233 78.8 397
1732621260338 76.2 398
1732621270430 53.4 399
1732621280540 57.0 400
1732621290702 60.8 401
1732621300823 63.7 402
1732621310946 65.9 403
1732621321019 68.7 404
1732621331156 70.2 405
1732621341284 73.3 406
1732621351403 51.2 407
1732621361524 54.8 408
1732621371649 57.8 409
1732621381768 60.2 410
1732621391862 65.3 411
1732621401973 67.2 412
1732621412226 69.6 413
1732621422369 73.1 414
1732621432505 51.7 415
1732621442629 53.5 416
1732621452754 57.2 417
1732621462907 62.9 418
1732621473032 62.1 419
1732621483148 65.0 420
1732621493260 67.4 421
1732621503400 68.1 422
1732621513531 72.4 423
1732621523624 74.2 424
1732621533742 52.9 425
1732621543864 55.4 426
1732621553944 58.2 427
1732621564060 61.2 428
1732621574158 63.6 429
1732621584283 67.9 430
1732621594400 70.2 431
1732621604515 72.3 432
1732621614633 76.3 433
1732621624753 52.0 434
1732621634878 55.1 435
1732621644998 57.8 436
1732621655123 60.7 437
1732621665207 64.4 438
1732621675300 68.1 439
1732621685375 71.3 440
1732621695912 73.2 441
1732621706028 75.1 442
1732621716145 52.1 443
1732621726275 55.2 444
1732621736407 52.3 445
1732621746529 59.9 446
1732621756644 63.6 447
1732621766782 67.1 448
1732621776925 70.5 449
1732621787045 76.3 450
1732621797185 75.4 451
1732621807296 53.7 452
1732621817401 55.9 453
1732621827528 59.7 454
1732621837663 63.1 455
1732621847793 65.5 456
1732621857908 67.9 457
1732621868019 73.1 458
1732621878166 73.3 459
1732621888295 73.6 460
1732621898383 53.7 461
1732621908494 56.7 462
1732621918622 59.6 463
1732621928749 62.6 464
1732621938881 63.8 465
1732621949028 65.0 466
1732621959136 68.9 467
1732621969243 72.8 468
1732621979339 76.5 469
1732621989452 53.2 470
1732621999548 55.3 471
1732622009671 57.4 472
1732622019775 59.1 473
1732622029861 62.1 474
1732622039959 65.1 475
1732622050081 67.9 476
1732622060160 63.3 477
1732622070255 69.9 478
1732622080333 81.7 479
1732622090452 50.7 480
1732622100567 58.5 481
1732622110666 56.4 482
1732622120777 60.2 483
1732622130905 63.9 484
1732622141023 64.6 485
1732622151162 67.8 486
1732622161758 71.2 487
1732622171908 75.0 488
1732622182021 51.6 489
1732622192165 54.3 490
1732622202286 58.8 491
1732622212375 61.2 492
1732622222499 63.2 493
1732622232631 66.2 494
1732622242729 69.9 495
1732622252854 71.9 496
1732622262929 76.1 497
1732622273026 53.1 498
1732622283100 54.6 499
1732622293222 59.6 500
1732622303352 60.7 501
1732622313480 64.7 502
1732622323611 66.9 503
1732622333734 74.0 504
1732622343862 71.0 505
1732622354012 73.0 506
1732622364154 50.5 507
1732622374294 54.1 508
1732622384434 56.2 509
1732622394547 58.5 510
1732622404652 60.4 511
1732622414757 64.0 512
1732622424860 68.1 513
1732622434973 70.6 514
1732622445113 71.8 515
1732622455249 73.2 516
1732622465376 57.9 517
1732622475497 55.9 518
1732622485636 60.5 519
1732622495773 65.0 520
1732622505911 67.9 521
1732622516049 69.2 522
1732622526137 71.0 523
1732622536286 75.7 524
1732622546417 52.3 525
1732622556564 56.6 526
1732622566695 59.1 527
1732622576825 61.2 528
1732622586974 62.8 529
1732622597123 66.0 530
1732622607217 68.7 531
1732622617364 71.1 532
1732622627513 75.8 533
1732622637648 52.2 534
1732622647767 55.3 535
1732622657923 56.6 536
1732622668082 59.1 537
1732622678234 64.2 538
1732622688381 67.5 539
1732622698527 69.6 540
1732622709167 66.6 541
1732622719299 75.1 542
1732622729439 52.4 543
1732622739585 54.9 544
1732622749735 57.7 545
1732622759865 61.3 546
1732622770003 62.5 547
1732622780155 64.4 548
1732622790305 68.1 549
1732622800453 71.6 550
1732622810598 74.4 551
1732622820735 52.2 552
1732622830890 54.3 553
1732622841026 57.8 554
1732622851135 61.8 555
1732622861280 64.7 556
1732622871428 67.5 557
1732622881574 71.5 558
