1730991154735 0.0191578920930624 6144
1730991202963 0.007713519036769867 9216
1730991261339 0.011772115714848042 12288
1730991325745 0.007031282875686884 15360
1730991381681 0.00365597871132195 18432
1730991449576 0.009207837283611298 21504
1730991500314 0.0011814264580607414 24576
1730991572359 0.012652269564568996 27648
1730991626061 0.005497511941939592 30720
1730991696261 0.004836956039071083 33792
1730991758768 0.0046556019224226475 36864
1730991812530 0.004494511056691408 39936
1730991877801 0.006522802170366049 43008
1730991960863 0.007035290822386742 46080
1730992030301 0.007171449717134237 49152
1730992097596 0.007836866192519665 52224
1730992180155 0.004082527011632919 55296
1730992266432 0.01954585872590542 58368
1730992360805 0.006678817793726921 61440
1730992442584 0.008120113052427769 64512
1730992539887 0.005883402656763792 67584
1730992610564 0.007016750052571297 70656
1730992684878 0.006712179630994797 73728
1730992759312 0.006045116111636162 76800
1730992824347 0.006442806217819452 79872
1730992885345 0.004665988031774759 82944
1730992944377 0.00898364931344986 86016
1730992996255 0.018769601359963417 89088
1730993043604 0.025609755888581276 92160
1730993090723 0.003588153049349785 95232
1730993138344 0.01571734808385372 98304
1730993187163 0.007257617544382811 101376
1730993237556 0.0034904833883047104 104448
1730993288978 0.006149085704237223 107520
1730993337090 0.006486809346824884 110592
1730993386820 0.006762562319636345 113664
1730993444207 0.006694391369819641 116736
1730993494452 0.012031600810587406 119808
1730993550805 0.005221664905548096 122880
1730993607347 0.002721858210861683 125952
1730993661554 0.006224564742296934 129024
1730993718162 0.00537000922486186 132096
1730993772231 0.004589383024722338 135168
1730993825437 0.004472568165510893 138240
1730993879157 0.0058333114720880985 141312
1730993933813 0.003852015594020486 144384
1730993991744 0.0071215215139091015 147456
1730994047736 0.008159269578754902 150528
1730994099510 0.004404903389513493 153600
1730994150920 0.004152644891291857 156672
1730994202432 0.005632165353745222 159744
1730994254252 0.003952371422201395 162816
1730994305357 0.0059653110802173615 165888
1730994356458 0.009402557276189327 168960
1730994407194 0.00800288189202547 172032
1730994456397 0.007867974229156971 175104
1730994505231 0.00521579384803772 178176
1730994554370 0.005752839148044586 181248
1730994604923 0.006106584798544645 184320
1730994653269 0.005946871358901262 187392
1730994701910 0.007104530930519104 190464
1730994753095 0.015158191323280334 193536
1730994812540 0.004255128558725119 196608
1730994873765 0.02518119476735592 199680
1730994931476 0.003902080236002803 202752
