1730991154752 10.0 6144
1730991202992 10.0 9216
1730991261356 10.0 12288
1730991325758 10.0 15360
1730991381695 10.0 18432
1730991449591 10.0 21504
1730991500329 10.0 24576
1730991572374 10.0 27648
1730991626074 10.0 30720
1730991696277 10.0 33792
1730991758784 10.0 36864
1730991812544 10.0 39936
1730991877812 10.0 43008
1730991960875 10.0 46080
1730992030316 10.0 49152
1730992097605 10.0 52224
1730992180172 10.0 55296
1730992266448 10.0 58368
1730992360832 10.0 61440
1730992442595 10.0 64512
1730992539902 10.0 67584
1730992610591 10.0 70656
1730992684892 10.0 73728
1730992759327 10.0 76800
1730992824363 10.0 79872
1730992885371 10.0 82944
1730992944393 10.0 86016
1730992996282 10.0 89088
1730993043628 10.0 92160
1730993090738 10.0 95232
1730993138358 10.0 98304
1730993187179 10.0 101376
1730993237581 10.0 104448
1730993288994 10.0 107520
1730993337103 10.0 110592
1730993386849 10.0 113664
1730993444235 10.0 116736
1730993494473 10.0 119808
1730993550818 10.0 122880
1730993607375 10.0 125952
1730993661582 10.0 129024
1730993718177 10.0 132096
1730993772240 10.0 135168
1730993825458 10.0 138240
1730993879168 10.0 141312
1730993933826 10.0 144384
1730993991757 10.0 147456
1730994047761 10.0 150528
1730994099532 10.0 153600
1730994150936 10.0 156672
1730994202462 10.0 159744
1730994254282 10.0 162816
1730994305365 10.0 165888
1730994356480 10.0 168960
1730994407205 10.0 172032
1730994456409 10.0 175104
1730994505241 10.0 178176
1730994554382 10.0 181248
1730994604938 10.0 184320
1730994653284 10.0 187392
1730994701925 10.0 190464
1730994753111 10.0 193536
1730994812554 10.0 196608
1730994873780 10.0 199680
1730994931487 10.0 202752
