1730991154746 0.2 6144
1730991202987 0.2 9216
1730991261350 0.2 12288
1730991325755 0.2 15360
1730991381690 0.2 18432
1730991449586 0.2 21504
1730991500324 0.2 24576
1730991572369 0.2 27648
1730991626070 0.2 30720
1730991696272 0.2 33792
1730991758779 0.2 36864
1730991812539 0.2 39936
1730991877808 0.2 43008
1730991960871 0.2 46080
1730992030311 0.2 49152
1730992097602 0.2 52224
1730992180166 0.2 55296
1730992266443 0.2 58368
1730992360827 0.2 61440
1730992442591 0.2 64512
1730992539897 0.2 67584
1730992610574 0.2 70656
1730992684887 0.2 73728
1730992759322 0.2 76800
1730992824358 0.2 79872
1730992885366 0.2 82944
1730992944388 0.2 86016
1730992996277 0.2 89088
1730993043625 0.2 92160
1730993090733 0.2 95232
1730993138353 0.2 98304
1730993187174 0.2 101376
1730993237576 0.2 104448
1730993288988 0.2 107520
1730993337099 0.2 110592
1730993386842 0.2 113664
1730993444231 0.2 116736
1730993494471 0.2 119808
1730993550814 0.2 122880
1730993607358 0.2 125952
1730993661564 0.2 129024
1730993718172 0.2 132096
1730993772237 0.2 135168
1730993825453 0.2 138240
1730993879164 0.2 141312
1730993933821 0.2 144384
1730993991752 0.2 147456
1730994047756 0.2 150528
1730994099520 0.2 153600
1730994150931 0.2 156672
1730994202456 0.2 159744
1730994254277 0.2 162816
1730994305363 0.2 165888
1730994356468 0.2 168960
1730994407202 0.2 172032
1730994456405 0.2 175104
1730994505238 0.2 178176
1730994554378 0.2 181248
1730994604932 0.2 184320
1730994653279 0.2 187392
1730994701920 0.2 190464
1730994753101 0.2 193536
1730994812549 0.2 196608
1730994873775 0.2 199680
1730994931484 0.2 202752
