1730991154741 0.2955729166666667 6144
1730991202967 0.255859375 9216
1730991261343 0.17083333333333334 12288
1730991325750 0.05546875 15360
1730991381686 0.004427083333333333 18432
1730991449581 0.03899739583333333 21504
1730991500319 6.510416666666667e-05 24576
1730991572364 0.18756510416666666 27648
1730991626066 0.0697265625 30720
1730991696267 0.10338541666666666 33792
1730991758773 0.09765625 36864
1730991812535 0.06380208333333333 39936
1730991877804 0.093359375 43008
1730991960867 0.06920572916666666 46080
1730992030306 0.07819010416666666 49152
1730992097599 0.0671875 52224
1730992180161 0.05625 55296
1730992266437 0.19993489583333332 58368
1730992360810 0.04928385416666667 61440
1730992442588 0.0724609375 64512
1730992539892 0.045247395833333336 67584
1730992610569 0.08385416666666666 70656
1730992684883 0.08483072916666666 73728
1730992759317 0.059309895833333334 76800
1730992824353 0.06595052083333333 79872
1730992885350 0.04576822916666667 82944
1730992944383 0.10677083333333333 86016
1730992996260 0.09908854166666667 89088
1730993043608 0.11627604166666666 92160
1730993090728 0.05169270833333333 95232
1730993138349 0.10852864583333334 98304
1730993187169 0.0412109375 101376
1730993237572 0.0666015625 104448
1730993288983 0.08776041666666666 107520
1730993337094 0.07805989583333334 110592
1730993386825 0.0884765625 113664
1730993444225 0.0966796875 116736
1730993494468 0.1751953125 119808
1730993550809 0.036393229166666666 122880
1730993607353 0.05377604166666667 125952
1730993661559 0.06848958333333334 129024
1730993718167 0.04798177083333333 132096
1730993772234 0.07884114583333333 135168
1730993825448 0.0466796875 138240
1730993879161 0.0638671875 141312
1730993933817 0.041276041666666666 144384
1730993991748 0.0810546875 147456
1730994047741 0.0978515625 150528
1730994099515 0.050390625 153600
1730994150925 0.036783854166666664 156672
1730994202437 0.06360677083333334 159744
1730994254270 0.0509765625 162816
1730994305360 0.06380208333333333 165888
1730994356463 0.07805989583333334 168960
1730994407198 0.08352864583333333 172032
1730994456401 0.08125 175104
1730994505234 0.07317708333333334 178176
1730994554374 0.036328125 181248
1730994604927 0.07884114583333333 184320
1730994653274 0.07063802083333333 187392
1730994701915 0.08098958333333334 190464
1730994753098 0.2568359375 193536
1730994812545 0.026236979166666667 196608
1730994873770 0.06809895833333333 199680
1730994931480 0.015494791666666667 202752
