1730991154757 -2.837877035140991 6144
1730991202996 -2.837877035140991 9216
1730991261376 -2.837877035140991 12288
1730991325762 -2.837877035140991 15360
1730991381699 -2.837877035140991 18432
1730991449608 -2.837877035140991 21504
1730991500333 -2.837877035140991 24576
1730991572380 -2.837877035140991 27648
1730991626079 -2.837877035140991 30720
1730991696282 -2.837877035140991 33792
1730991758789 -2.837877035140991 36864
1730991812549 -2.837877035140991 39936
1730991877815 -2.837877035140991 43008
1730991960879 -2.837877035140991 46080
1730992030321 -2.837877035140991 49152
1730992097607 -2.837877035140991 52224
1730992180177 -2.837877035140991 55296
1730992266453 -2.837877035140991 58368
1730992360838 -2.837877035140991 61440
1730992442599 -2.837877035140991 64512
1730992539907 -2.837877035140991 67584
1730992610596 -2.837877035140991 70656
1730992684908 -2.837877035140991 73728
1730992759343 -2.837877035140991 76800
1730992824368 -2.837877035140991 79872
1730992885376 -2.837877035140991 82944
1730992944398 -2.837877035140991 86016
1730992996287 -2.837877035140991 89088
1730993043632 -2.837877035140991 92160
1730993090743 -2.837877035140991 95232
1730993138363 -2.837877035140991 98304
1730993187184 -2.837877035140991 101376
1730993237584 -2.837877035140991 104448
1730993288999 -2.837877035140991 107520
1730993337108 -2.837877035140991 110592
1730993386854 -2.837877035140991 113664
1730993444239 -2.837877035140991 116736
1730993494476 -2.837877035140991 119808
1730993550823 -2.837877035140991 122880
1730993607380 -2.837877035140991 125952
1730993661588 -2.837877035140991 129024
1730993718183 -2.837877035140991 132096
1730993772243 -2.837877035140991 135168
1730993825462 -2.837877035140991 138240
1730993879171 -2.837877035140991 141312
1730993933844 -2.837877035140991 144384
1730993991762 -2.837877035140991 147456
1730994047767 -2.837877035140991 150528
1730994099538 -2.837877035140991 153600
1730994150941 -2.837877035140991 156672
1730994202467 -2.837877035140991 159744
1730994254289 -2.837877035140991 162816
1730994305368 -2.837877035140991 165888
1730994356485 -2.837877035140991 168960
1730994407207 -2.837877035140991 172032
1730994456413 -2.837877035140991 175104
1730994505244 -2.837877035140991 178176
1730994554387 -2.837877035140991 181248
1730994604942 -2.837877035140991 184320
1730994653288 -2.837877035140991 187392
1730994701931 -2.837877035140991 190464
1730994753115 -2.837877035140991 193536
1730994812558 -2.837877035140991 196608
1730994873785 -2.837877035140991 199680
1730994931503 -2.837877035140991 202752
