1730991154767 0.00039391744 6144
1730991203004 0.00038783488000000005 9216
1730991261388 0.00038175232000000004 12288
1730991325770 0.00037566976 15360
1730991381706 0.0003695872 18432
1730991449619 0.00036350464 21504
1730991500343 0.00035742208 24576
1730991572390 0.00035133952000000003 27648
1730991626087 0.00034525696 30720
1730991696293 0.00033917440000000006 33792
1730991758800 0.00033309184 36864
1730991812560 0.00032700928 39936
1730991877822 0.00032092672 43008
1730991960888 0.00031484416 46080
1730992030331 0.00030876160000000005 49152
1730992097613 0.00030267904000000004 52224
1730992180188 0.00029659648 55296
1730992266464 0.00029051392 58368
1730992360848 0.00028443136 61440
1730992442606 0.00027834880000000004 64512
1730992539918 0.00027226624000000003 67584
1730992610606 0.00026618368 70656
1730992684918 0.00026010112 73728
1730992759352 0.00025401856 76800
1730992824378 0.00024793600000000003 79872
1730992885385 0.00024185344000000002 82944
1730992944409 0.00023577088 86016
1730992996298 0.00022968832 89088
1730993043639 0.00022360575999999998 92160
1730993090754 0.0002175232 95232
1730993138373 0.00021144063999999999 98304
1730993187195 0.00020535808000000003 101376
1730993237591 0.00019927552000000001 104448
1730993289009 0.00019319295999999998 107520
1730993337116 0.00018711040000000002 110592
1730993386864 0.00018102784 113664
1730993444248 0.00017494528 116736
1730993494483 0.00016886272 119808
1730993550834 0.00016278016 122880
1730993607391 0.0001566976 125952
1730993661599 0.00015061504 129024
1730993718193 0.00014453247999999998 132096
1730993772248 0.00013844992000000003 135168
1730993825469 0.00013236736 138240
1730993879179 0.00012628479999999997 141312
1730993933853 0.00012020224000000003 144384
1730993991769 0.00011411968 147456
1730994047777 0.00010803711999999999 150528
1730994099549 0.00010195456000000002 153600
1730994150951 9.5872e-05 156672
1730994202476 8.978944000000003e-05 159744
1730994254299 8.370688000000001e-05 162816
1730994305375 7.762432e-05 165888
1730994356496 7.154176000000002e-05 168960
1730994407214 6.545920000000001e-05 172032
1730994456421 5.937663999999999e-05 175104
1730994505250 5.329408000000002e-05 178176
1730994554396 4.721152e-05 181248
1730994604963 4.112895999999999e-05 184320
1730994653298 3.504640000000002e-05 187392
1730994701941 2.8963839999999998e-05 190464
1730994753121 2.288127999999998e-05 193536
1730994812567 1.6798720000000007e-05 196608
1730994873808 1.0716159999999991e-05 199680
1730994931513 4.633600000000019e-06 202752
