1730991154773 -0.002835026942193508 6144
1730991203007 1.9185020923614502 9216
1730991261394 -0.01132240891456604 12288
1730991325775 5.170767307281494 15360
1730991381710 2.7734174728393555 18432
1730991449624 4.683926582336426 21504
1730991500348 6.563127517700195 24576
1730991572395 -0.030253835022449493 27648
1730991626091 5.922609806060791 30720
1730991696298 0.2870640158653259 33792
1730991758805 7.8409833908081055 36864
1730991812565 4.112008094787598 39936
1730991877826 1.9571776390075684 43008
1730991960892 3.1428072452545166 46080
1730992030335 5.028785228729248 49152
1730992097616 3.708117961883545 52224
1730992180193 4.5712409019470215 55296
1730992266469 5.346292018890381 58368
1730992360853 6.752525806427002 61440
1730992442611 10.433871269226074 64512
1730992539923 4.723340034484863 67584
1730992610612 6.643782615661621 70656
1730992684922 3.902341365814209 73728
1730992759357 2.2002787590026855 76800
1730992824384 3.8841707706451416 79872
1730992885390 1.697800636291504 82944
1730992944414 0.9013815522193909 86016
1730992996303 1.7392526865005493 89088
1730993043643 1.5755866765975952 92160
1730993090759 0.07617223262786865 95232
1730993138377 0.15425580739974976 98304
1730993187200 0.4091639518737793 101376
1730993237594 0.19818849861621857 104448
1730993289015 0.1802758276462555 107520
1730993337121 0.026102397590875626 110592
1730993386870 -0.026059675961732864 113664
1730993444253 -0.037786103785037994 116736
1730993494485 1.0185942649841309 119808
1730993550840 0.1463521420955658 122880
1730993607396 0.19468100368976593 125952
1730993661605 -0.036885447800159454 129024
1730993718198 -0.026264125481247902 132096
1730993772251 -0.032765790820121765 135168
1730993825474 -0.03163948655128479 138240
1730993879182 -0.03482254222035408 141312
1730993933858 -0.024520106613636017 144384
1730993991772 -0.04178038239479065 147456
1730994047782 -0.02905036136507988 150528
1730994099555 -0.03245629370212555 153600
1730994150956 -0.02258947491645813 156672
1730994202480 -0.028903471305966377 159744
1730994254305 -0.028426390141248703 162816
1730994305378 -0.029766282066702843 165888
1730994356501 -0.029279207810759544 168960
1730994407218 -0.030711866915225983 172032
1730994456425 -0.033791400492191315 175104
1730994505253 -0.026058685034513474 178176
1730994554400 -0.017969831824302673 181248
1730994604969 -0.030889704823493958 184320
1730994653303 -0.02357662096619606 187392
1730994701946 -0.02684207446873188 190464
1730994753125 0.11249898374080658 193536
1730994812571 0.4765363335609436 196608
1730994873813 8.200477600097656 199680
1730994931517 4.416786193847656 202752
