1730991154795 0.015209042591353257 6144
1730991203015 0.007810101037224134 9216
1730991261406 -0.01676137836960455 12288
1730991325783 -0.0011291476587454478 15360
1730991381717 -0.00017711970334251723 18432
1730991449634 -0.0007354842188457648 21504
1730991500357 0.0003914607378343741 24576
1730991572406 -0.015966375451534988 27648
1730991626098 -0.0014600164256989955 30720
1730991696308 -0.001465781716008981 33792
1730991758815 -0.000847008948524793 36864
1730991812575 -0.0030946336143339672 39936
1730991877833 -0.0016164634842425584 43008
1730991960900 -0.003485047584399581 46080
1730992030345 -0.005206812871620059 49152
1730992097622 -0.005914071978380283 52224
1730992180204 -0.0020839143078774216 55296
1730992266480 0.002102347494413455 58368
1730992360864 -0.0028215499439587194 61440
1730992442620 -0.003213503211736679 64512
1730992539933 -0.0026073028488705556 67584
1730992610622 -0.005380580325921377 70656
1730992684933 -0.002650439483113587 73728
1730992759367 -0.004311229521408677 76800
1730992824394 -0.003697003656998277 79872
1730992885400 -0.0031995560663441816 82944
1730992944424 -0.005698134253422419 86016
1730992996313 -0.0009002587292343378 89088
1730993043650 -0.0018637540905425945 92160
1730993090781 0.0014303737397616109 95232
1730993138387 0.0016361000171552101 98304
1730993187210 -0.0001526574914654096 101376
1730993237601 -0.0010217612298826376 104448
1730993289025 0.001206981266538302 107520
1730993337129 -0.0008822824340313673 110592
1730993386880 -0.0027877408700684708 113664
1730993444259 -0.004083238759388526 116736
1730993494491 -0.002018469509979089 119808
1730993550851 0.0008794852066785098 122880
1730993607406 0.0028172368028511604 125952
1730993661616 -0.0034264086745679377 129024
1730993718209 -0.003959157736971974 132096
1730993772256 -0.0030244013139357167 135168
1730993825482 -0.0016008136793971063 138240
1730993879189 -0.003756461820254723 141312
1730993933868 -0.0013617236788074176 144384
1730993991780 -0.005982604126135508 147456
1730994047793 -0.005874952751522263 150528
1730994099565 -0.00385242011398077 153600
1730994150967 -0.0021260450904568035 156672
1730994202489 -0.004728117631748319 159744
1730994254315 -0.004070636847366889 162816
1730994305383 -0.00390339659837385 165888
1730994356511 -0.004001570679247379 168960
1730994407224 -0.006411559833213687 172032
1730994456432 -0.0059616243932396175 175104
1730994505258 -0.0032280728220939634 178176
1730994554423 -0.0010805357713252306 181248
1730994604978 -0.005392802568773429 184320
1730994653312 -0.005638218903914094 187392
1730994701957 -0.00439767416100949 190464
1730994753131 0.008207460384195049 193536
1730994812580 0.0007180001897116502 196608
1730994873824 0.000882776112606128 199680
1730994931526 -0.0003556147838632266 202752
