1730991154800 1.0 6144
1730991203019 1.0 9216
1730991261411 1.0 12288
1730991325788 1.0 15360
1730991381722 1.0 18432
1730991449640 1.0 21504
1730991500362 1.0 24576
1730991572411 1.0 27648
1730991626102 1.0 30720
1730991696314 1.0 33792
1730991758821 1.0 36864
1730991812581 1.0 39936
1730991877836 1.0 43008
1730991960904 1.0 46080
1730992030350 1.0 49152
1730992097624 1.0 52224
1730992180210 1.0 55296
1730992266485 1.0 58368
1730992360869 1.0 61440
1730992442625 1.0 64512
1730992539938 1.0 67584
1730992610627 1.0 70656
1730992684939 1.0 73728
1730992759372 1.0 76800
1730992824399 1.0 79872
1730992885404 1.0 82944
1730992944430 1.0 86016
1730992996318 1.0 89088
1730993043653 1.0 92160
1730993090786 1.0 95232
1730993138392 1.0 98304
1730993187216 1.0 101376
1730993237605 1.0 104448
1730993289031 1.0 107520
1730993337134 1.0 110592
1730993386885 1.0 113664
1730993444261 1.0 116736
1730993494494 1.0 119808
1730993550857 1.0 122880
1730993607412 1.0 125952
1730993661622 1.0 129024
1730993718214 1.0 132096
1730993772259 1.0 135168
1730993825486 1.0 138240
1730993879193 1.0 141312
1730993933874 1.0 144384
1730993991784 1.0 147456
1730994047798 1.0 150528
1730994099570 1.0 153600
1730994150972 1.0 156672
1730994202494 1.0 159744
1730994254320 1.0 162816
1730994305387 1.0 165888
1730994356517 1.0 168960
1730994407227 1.0 172032
1730994456436 1.0 175104
1730994505261 1.0 178176
1730994554428 1.0 181248
1730994604983 1.0 184320
1730994653323 1.0 187392
1730994701962 1.0 190464
1730994753134 1.0 193536
1730994812585 1.0 196608
1730994873829 1.0 199680
1730994931531 1.0 202752
