1730991154806 0.09014541360860069 6144
1730991203023 2.3690336505572 9216
1730991261415 0.15091440230607986 12288
1730991325792 4.2050731102625525 15360
1730991381726 5.874945727984111 18432
1730991449645 3.6597615520159406 21504
1730991500367 6.861658493677775 24576
1730991572416 0.035990781337022784 27648
1730991626119 6.2816038449605305 30720
1730991696319 1.5148685157299042 33792
1730991758826 5.687448867162069 36864
1730991812586 4.045131858189901 39936
1730991877840 1.2971347592771054 43008
1730991960908 3.6768337647120157 46080
1730992030355 6.878501129150391 49152
1730992097627 4.356381225585937 52224
1730992180215 4.116942922274272 55296
1730992266490 6.6920344988505045 58368
1730992360875 5.561612621943156 61440
1730992442629 7.654897975921631 64512
1730992539943 5.006254998842875 67584
1730992610632 6.84271190961202 70656
1730992684944 3.731800174713135 73728
1730992759376 2.842392373085022 76800
1730992824404 3.365518093109131 79872
1730992885409 2.0502339164415995 82944
1730992944435 1.5412258247534434 86016
1730992996324 1.490488804380099 89088
1730993043657 1.6624878883361816 92160
1730993090792 0.29455824742714565 95232
1730993138396 0.6799835716684659 98304
1730993187221 0.9581031600634257 101376
1730993237608 0.3919133558869362 104448
1730993289036 0.45345307340224583 107520
1730993337138 0.3126857228577137 110592
1730993386890 0.0055109540233388545 113664
1730993444264 0.00435628552804701 116736
1730993494496 1.1329628219207128 119808
1730993550862 0.6379716381430626 122880
1730993607417 0.6006195346514384 125952
1730993661628 0.0044462438284729915 129024
1730993718219 0.0058405435178428885 132096
1730993772262 0.0008388340046318869 135168
1730993825489 0.002176055502301703 138240
1730993879197 0.0021563007108246286 141312
1730993933879 0.0008791200156944494 144384
1730993991788 0.0012320038571488113 147456
1730994047804 0.0006265813969851782 150528
1730994099575 0.001062791160074994 153600
1730994150977 0.004880511527881026 156672
1730994202498 0.0053449131160353625 159744
1730994254325 0.004796498278543974 162816
1730994305390 0.011910518902974824 165888
1730994356522 0.006189767116059859 168960
1730994407230 0.004112679379371305 172032
1730994456440 0.004326156914855043 175104
1730994505264 0.008741681557148695 178176
1730994554434 0.005294203494365017 181248
1730994604988 0.0047296802280470725 184320
1730994653328 0.0038769180576006573 187392
1730994701968 0.003648031774597863 190464
1730994753138 0.5425081337491672 193536
1730994812589 0.948097417751948 196608
1730994873834 5.757835896809896 199680
1730994931535 5.22092125415802 202752
