1731018477361 0.0 0
1731018487426 13.4 1
1731018497477 9.6 2
1731018507541 14.7 3
1731018517613 11.4 4
1731018527674 11.4 5
1731018537733 7.0 6
1731018547788 9.9 7
1731018557835 13.3 8
1731018567896 8.9 9
1731018577947 7.7 10
1731018588013 9.1 11
1731018598093 11.3 12
1731018608160 7.4 13
1731018618242 13.0 14
1731018628317 16.8 15
1731018638396 10.6 16
1731018648477 14.8 17
1731018658544 17.5 18
1731018668625 12.0 19
1731018678705 11.3 20
1731018688781 8.8 21
1731018699119 11.8 22
1731018709202 10.4 23
1731018719267 9.5 24
1731018729344 13.7 25
1731018739403 11.5 26
1731018749466 11.3 27
1731018759543 11.1 28
1731018769618 13.5 29
1731018779696 11.7 30
1731018789761 10.0 31
1731018799878 11.2 32
1731018809953 11.2 33
1731018820044 6.9 34
1731018830110 9.6 35
1731018840179 11.8 36
1731018850257 11.6 37
1731018860342 11.7 38
1731018870395 9.8 39
1731018880465 12.2 40
1731018890547 11.6 41
1731018900608 12.0 42
1731018910694 7.9 43
1731018920769 7.7 44
1731018930851 7.5 45
1731018940928 7.4 46
1731018950992 9.2 47
1731018961069 7.7 48
1731018971150 6.4 49
1731018981209 8.1 50
1731018991275 10.0 51
1731019001342 6.9 52
1731019011413 6.7 53
1731019021498 8.2 54
1731019031568 7.8 55
1731019041644 7.1 56
1731019051711 6.2 57
1731019061775 7.2 58
1731019071844 7.2 59
1731019081916 6.3 60
1731019091981 7.2 61
1731019102048 6.2 62
1731019112142 6.5 63
1731019122206 9.8 64
1731019132269 11.5 65
1731019142352 13.7 66
1731019152438 9.2 67
1731019162518 11.1 68
1731019172569 8.0 69
1731019182607 6.4 70
1731019192662 7.8 71
1731019202748 6.9 72
