1731018477361 46.2 0
1731018487426 46.2 1
1731018497477 46.2 2
1731018507541 46.2 3
1731018517613 46.2 4
1731018527674 46.2 5
1731018537733 46.2 6
1731018547788 46.2 7
1731018557835 46.2 8
1731018567896 46.2 9
1731018577947 46.2 10
1731018588013 46.2 11
1731018598093 46.2 12
1731018608160 46.2 13
1731018618242 46.2 14
1731018628317 46.2 15
1731018638396 46.2 16
1731018648477 46.2 17
1731018658544 46.2 18
1731018668625 46.2 19
1731018678705 46.2 20
1731018688781 46.2 21
1731018699119 46.2 22
1731018709202 46.2 23
1731018719267 46.2 24
1731018729344 46.2 25
1731018739403 46.2 26
1731018749466 46.2 27
1731018759543 46.2 28
1731018769618 46.2 29
1731018779696 46.2 30
1731018789761 46.2 31
1731018799878 46.2 32
1731018809953 46.2 33
1731018820044 46.2 34
1731018830110 46.2 35
1731018840179 46.2 36
1731018850257 46.2 37
1731018860342 46.2 38
1731018870395 46.2 39
1731018880465 46.2 40
1731018890547 46.2 41
1731018900608 46.2 42
1731018910694 46.2 43
1731018920769 46.2 44
1731018930851 46.2 45
1731018940928 46.2 46
1731018950992 46.2 47
1731018961069 46.2 48
1731018971150 46.2 49
1731018981209 46.2 50
1731018991275 46.2 51
1731019001342 46.2 52
1731019011413 46.2 53
1731019021498 46.2 54
1731019031568 46.2 55
1731019041644 46.2 56
1731019051711 46.2 57
1731019061775 46.2 58
1731019071844 46.2 59
1731019081916 46.2 60
1731019091981 46.2 61
1731019102048 46.2 62
1731019112142 46.2 63
1731019122206 46.2 64
1731019132269 46.2 65
1731019142352 46.2 66
1731019152438 46.2 67
1731019162518 46.2 68
1731019172569 46.2 69
1731019182607 46.2 70
1731019192662 46.2 71
1731019202748 46.2 72
