1731018477361 141113.0 0
1731018487426 141113.0 1
1731018497477 141113.0 2
1731018507541 141112.9 3
1731018517613 141113.0 4
1731018527674 141113.0 5
1731018537733 141113.0 6
1731018547788 141113.0 7
1731018557835 141112.8 8
1731018567896 141112.8 9
1731018577947 141112.8 10
1731018588013 141112.8 11
1731018598093 141112.8 12
1731018608160 141112.8 13
1731018618242 141112.8 14
1731018628317 141112.8 15
1731018638396 141112.8 16
1731018648477 141112.6 17
1731018658544 141091.4 18
1731018668625 141091.3 19
1731018678705 141091.2 20
1731018688781 141091.2 21
1731018699119 141091.2 22
1731018709202 141091.2 23
1731018719267 141091.2 24
1731018729344 141087.9 25
1731018739403 141087.9 26
1731018749466 141087.9 27
1731018759543 141087.9 28
1731018769618 141087.9 29
1731018779696 141087.9 30
1731018789761 141087.9 31
1731018799878 141087.9 32
1731018809953 141087.9 33
1731018820044 141087.9 34
1731018830110 141087.8 35
1731018840179 141087.8 36
1731018850257 141087.8 37
1731018860342 141087.8 38
1731018870395 141087.7 39
1731018880465 141087.7 40
1731018890547 141087.7 41
1731018900608 141087.7 42
1731018910694 141087.6 43
1731018920769 141087.6 44
1731018930851 141087.6 45
1731018940928 141087.6 46
1731018950992 141087.6 47
1731018961069 141087.6 48
1731018971150 141087.6 49
1731018981209 141087.6 50
1731018991275 141087.5 51
1731019001342 141087.5 52
1731019011413 141087.5 53
1731019021498 141087.5 54
1731019031568 141087.5 55
1731019041644 141087.5 56
1731019051711 141087.5 57
1731019061775 141087.5 58
1731019071844 141087.5 59
1731019081916 141087.4 60
1731019091981 141087.4 61
1731019102048 141087.4 62
1731019112142 141087.4 63
1731019122206 141063.1 64
1731019132269 141101.1 65
1731019142352 141100.3 66
1731019152438 141100.2 67
1731019162518 141100.2 68
1731019172569 141100.2 69
1731019182607 141100.2 70
1731019192662 141093.8 71
1731019202748 141092.9 72
