1731018477361 16.8 0
1731018487426 29.2 1
1731018497477 77.1 2
1731018507541 76.8 3
1731018517613 76.8 4
1731018527674 77.4 5
1731018537733 35.1 6
1731018547788 77.7 7
1731018557835 76.5 8
1731018567896 33.7 9
1731018577947 31.8 10
1731018588013 77.7 11
1731018598093 38.7 12
1731018608160 36.2 13
1731018618242 71.5 14
1731018628317 78.0 15
1731018638396 32.3 16
1731018648477 78.5 17
1731018658544 35.8 18
1731018668625 79.1 19
1731018678705 77.3 20
1731018688781 75.1 21
1731018699119 79.1 22
1731018709202 40.8 23
1731018719267 75.2 24
1731018729344 76.4 25
1731018739403 76.6 26
1731018749466 76.8 27
1731018759543 38.9 28
1731018769618 74.9 29
1731018779696 74.5 30
1731018789761 77.1 31
1731018799878 78.1 32
1731018809953 73.9 33
1731018820044 39.7 34
1731018830110 76.6 35
1731018840179 79.7 36
1731018850257 77.2 37
1731018860342 79.0 38
1731018870395 77.7 39
1731018880465 78.7 40
1731018890547 76.9 41
1731018900608 75.5 42
1731018910694 78.7 43
1731018920769 37.5 44
1731018930851 65.5 45
1731018940928 39.1 46
1731018950992 74.6 47
1731018961069 36.8 48
1731018971150 31.9 49
1731018981209 32.0 50
1731018991275 35.9 51
1731019001342 78.1 52
1731019011413 31.6 53
1731019021498 31.7 54
1731019031568 36.2 55
1731019041644 59.1 56
1731019051711 31.5 57
1731019061775 38.4 58
1731019071844 46.5 59
1731019081916 31.4 60
1731019091981 71.9 61
1731019102048 31.1 62
1731019112142 33.1 63
1731019122206 50.9 64
1731019132269 45.0 65
1731019142352 51.1 66
1731019152438 46.6 67
1731019162518 31.4 68
1731019172569 38.3 69
1731019182607 31.1 70
1731019192662 38.3 71
1731019202748 38.3 72
