1731018477361 4.0 0
1731018487426 0.0 1
1731018497477 54.0 2
1731018507541 54.0 3
1731018517613 50.0 4
1731018527674 50.0 5
1731018537733 24.0 6
1731018547788 62.0 7
1731018557835 58.0 8
1731018567896 2.0 9
1731018577947 4.0 10
1731018588013 55.0 11
1731018598093 2.0 12
1731018608160 26.0 13
1731018618242 56.0 14
1731018628317 57.0 15
1731018638396 2.0 16
1731018648477 57.0 17
1731018658544 27.0 18
1731018668625 53.0 19
1731018678705 57.0 20
1731018688781 52.0 21
1731018699119 59.0 22
1731018709202 0.0 23
1731018719267 54.0 24
1731018729344 59.0 25
1731018739403 50.0 26
1731018749466 57.0 27
1731018759543 27.0 28
1731018769618 57.0 29
1731018779696 58.0 30
1731018789761 60.0 31
1731018799878 56.0 32
1731018809953 52.0 33
1731018820044 2.0 34
1731018830110 55.0 35
1731018840179 52.0 36
1731018850257 52.0 37
1731018860342 52.0 38
1731018870395 53.0 39
1731018880465 51.0 40
1731018890547 49.0 41
1731018900608 44.0 42
1731018910694 48.0 43
1731018920769 23.0 44
1731018930851 54.0 45
1731018940928 2.0 46
1731018950992 50.0 47
1731018961069 1.0 48
1731018971150 1.0 49
1731018981209 2.0 50
1731018991275 1.0 51
1731019001342 54.0 52
1731019011413 1.0 53
1731019021498 1.0 54
1731019031568 23.0 55
1731019041644 1.0 56
1731019051711 1.0 57
1731019061775 2.0 58
1731019071844 2.0 59
1731019081916 2.0 60
1731019091981 54.0 61
1731019102048 1.0 62
1731019112142 1.0 63
1731019122206 5.0 64
1731019132269 56.0 65
1731019142352 1.0 66
1731019152438 52.0 67
1731019162518 2.0 68
1731019172569 2.0 69
1731019182607 2.0 70
1731019192662 1.0 71
1731019202748 3.0 72
