1731018477361 2763.0 0
1731018487426 4656.9 1
1731018497477 6891.7 2
1731018507541 6915.7 3
1731018517613 6910.8 4
1731018527674 6897.3 5
1731018537733 9932.3 6
1731018547788 9930.2 7
1731018557835 9966.6 8
1731018567896 9931.2 9
1731018577947 9922.3 10
1731018588013 9924.4 11
1731018598093 9924.4 12
1731018608160 9924.2 13
1731018618242 9977.0 14
1731018628317 9969.0 15
1731018638396 9946.9 16
1731018648477 9961.8 17
1731018658544 9942.2 18
1731018668625 9933.4 19
1731018678705 9925.4 20
1731018688781 9923.4 21
1731018699119 9927.5 22
1731018709202 9923.7 23
1731018719267 9921.3 24
1731018729344 9959.6 25
1731018739403 9921.7 26
1731018749466 9932.8 27
1731018759543 9936.9 28
1731018769618 9955.2 29
1731018779696 9951.4 30
1731018789761 9963.2 31
1731018799878 9930.7 32
1731018809953 9930.7 33
1731018820044 9930.7 34
1731018830110 9930.7 35
1731018840179 9930.7 36
1731018850257 9930.7 37
1731018860342 9930.7 38
1731018870395 9976.9 39
1731018880465 9942.7 40
1731018890547 9933.8 41
1731018900608 9933.8 42
1731018910694 9933.8 43
1731018920769 9933.8 44
1731018930851 9931.7 45
1731018940928 9931.7 46
1731018950992 9931.6 47
1731018961069 9933.7 48
1731018971150 9933.7 49
1731018981209 9933.8 50
1731018991275 9933.8 51
1731019001342 9915.2 52
1731019011413 9915.1 53
1731019021498 9915.1 54
1731019031568 9915.1 55
1731019041644 9915.1 56
1731019051711 9915.1 57
1731019061775 9915.1 58
1731019071844 9915.2 59
1731019081916 9917.3 60
1731019091981 9919.4 61
1731019102048 9919.4 62
1731019112142 9919.4 63
1731019122206 9963.3 64
1731019132269 10020.2 65
1731019142352 10005.1 66
1731019152438 9989.1 67
1731019162518 10006.8 68
1731019172569 9973.7 69
1731019182607 9971.6 70
1731019192662 9971.8 71
1731019202748 9971.6 72
