1731018477361 10.7 0
1731018487426 18.1 1
1731018497477 26.7 2
1731018507541 26.8 3
1731018517613 26.8 4
1731018527674 26.8 5
1731018537733 38.5 6
1731018547788 38.5 7
1731018557835 38.7 8
1731018567896 38.5 9
1731018577947 38.5 10
1731018588013 38.5 11
1731018598093 38.5 12
1731018608160 38.5 13
1731018618242 38.7 14
1731018628317 38.7 15
1731018638396 38.6 16
1731018648477 38.7 17
1731018658544 38.6 18
1731018668625 38.5 19
1731018678705 38.5 20
1731018688781 38.5 21
1731018699119 38.5 22
1731018709202 38.5 23
1731018719267 38.5 24
1731018729344 38.6 25
1731018739403 38.5 26
1731018749466 38.5 27
1731018759543 38.6 28
1731018769618 38.6 29
1731018779696 38.6 30
1731018789761 38.7 31
1731018799878 38.5 32
1731018809953 38.5 33
1731018820044 38.5 34
1731018830110 38.5 35
1731018840179 38.5 36
1731018850257 38.5 37
1731018860342 38.5 38
1731018870395 38.7 39
1731018880465 38.6 40
1731018890547 38.5 41
1731018900608 38.5 42
1731018910694 38.5 43
1731018920769 38.5 44
1731018930851 38.5 45
1731018940928 38.5 46
1731018950992 38.5 47
1731018961069 38.5 48
1731018971150 38.5 49
1731018981209 38.5 50
1731018991275 38.5 51
1731019001342 38.5 52
1731019011413 38.5 53
1731019021498 38.5 54
1731019031568 38.5 55
1731019041644 38.5 56
1731019051711 38.5 57
1731019061775 38.5 58
1731019071844 38.5 59
1731019081916 38.5 60
1731019091981 38.5 61
1731019102048 38.5 62
1731019112142 38.5 63
1731019122206 38.7 64
1731019132269 38.9 65
1731019142352 38.8 66
1731019152438 38.8 67
1731019162518 38.8 68
1731019172569 38.7 69
1731019182607 38.7 70
1731019192662 38.7 71
1731019202748 38.7 72
