1731018477361 0.00034600000000750697 0
1731018487426 0.0256870000000049 1
1731018497477 0.04637800000000425 2
1731018507541 0.11373100000000136 3
1731018517613 0.14603000000002453 4
1731018527674 0.15441700000002356 5
1731018537733 0.17446600000002377 6
1731018547788 0.1900940000000162 7
1731018557835 0.233113000000003 8
1731018567896 0.2718900000000133 9
1731018577947 0.28312800000000493 10
1731018588013 0.29449000000002457 11
1731018598093 0.3032190000000128 12
1731018608160 0.3130090000000223 13
1731018618242 0.31941900000001056 14
1731018628317 0.34023500000000695 15
1731018638396 0.35152700000000436 16
1731018648477 0.38789400000001706 17
1731018658544 0.485116000000005 18
1731018668625 0.5035040000000208 19
1731018678705 0.5151800000000151 20
1731018688781 0.5259599999999978 21
1731018699119 0.5465060000000221 22
1731018709202 0.5589630000000056 23
1731018719267 0.574624 24
1731018729344 0.610919000000024 25
1731018739403 0.6216770000000054 26
1731018749466 0.6288080000000207 27
1731018759543 0.6752620000000036 28
1731018769618 0.7170619999999985 29
1731018779696 0.7334690000000137 30
1731018789761 0.7506400000000042 31
1731018799878 0.7687350000000208 32
1731018809953 0.77612400000001 33
1731018820044 0.7840740000000039 34
1731018830110 0.7982550000000117 35
1731018840179 0.8137490000000014 36
1731018850257 0.8204330000000084 37
1731018860342 0.8322239999999965 38
1731018870395 0.8727190000000178 39
1731018880465 0.8884150000000091 40
1731018890547 0.8957200000000114 41
1731018900608 0.9065200000000004 42
1731018910694 0.916577000000018 43
1731018920769 0.9236610000000098 44
1731018930851 0.9379020000000082 45
1731018940928 0.9493520000000046 46
1731018950992 0.9586180000000013 47
1731018961069 0.9697960000000023 48
1731018971150 0.9794910000000243 49
1731018981209 0.9917500000000246 50
1731018991275 1.000284000000022 51
1731019001342 1.0132550000000151 52
1731019011413 1.028379000000001 53
1731019021498 1.0436679999999967 54
1731019031568 1.0603760000000193 55
1731019041644 1.0723230000000115 56
1731019051711 1.0823210000000074 57
1731019061775 1.095596999999998 58
1731019071844 1.1096650000000068 59
1731019081916 1.1225320000000067 60
1731019091981 1.14866600000002 61
1731019102048 1.1720520000000079 62
1731019112142 1.1859589999999969 63
1731019122206 1.408834000000013 64
1731019132269 1.8854160000000206 65
1731019142352 2.263436000000013 66
1731019152438 2.4298450000000003 67
1731019162518 2.532303000000013 68
1731019172569 2.5548119999999983 69
1731019182607 2.6252330000000086 70
1731019192662 2.6395740000000103 71
1731019202748 2.653019999999998 72
