1731018477361 0.000345999999808555 0
1731018487426 0.026159000000006927 1
1731018497477 0.049618999999893276 2
1731018507541 0.15346499999986918 3
1731018517613 0.20952699999998003 4
1731018527674 0.21850399999993897 5
1731018537733 0.23625899999979083 6
1731018547788 0.25703799999973853 7
1731018557835 0.3004519999999502 8
1731018567896 0.3514900000000125 9
1731018577947 0.3631479999999101 10
1731018588013 0.37493199999971694 11
1731018598093 0.383871999999883 12
1731018608160 0.3940330000000358 13
1731018618242 0.40086299999984476 14
1731018628317 0.4283780000000661 15
1731018638396 0.44081699999969715 16
1731018648477 0.4774640000000545 17
1731018658544 0.5689489999999751 18
1731018668625 0.5845219999996516 19
1731018678705 0.5944660000000113 20
1731018688781 0.6059159999999792 21
1731018699119 0.6280469999996967 22
1731018709202 0.6415979999997035 23
1731018719267 0.650749999999789 24
1731018729344 0.6871149999997215 25
1731018739403 0.6973100000000159 26
1731018749466 0.7051639999999679 27
1731018759543 2.0796359999999368 28
1731018769618 2.116964999999709 29
1731018779696 2.134180000000015 30
1731018789761 2.1490759999996953 31
1731018799878 2.2073929999996835 32
1731018809953 2.2160659999999552 33
1731018820044 2.2242019999998774 34
1731018830110 2.2436499999998887 35
1731018840179 2.262580000000071 36
1731018850257 2.2695639999997184 37
1731018860342 2.2859209999996892 38
1731018870395 2.326607999999851 39
1731018880465 2.3377160000000003 40
1731018890547 2.34528199999977 41
1731018900608 2.3529809999999998 42
1731018910694 2.3634759999999915 43
1731018920769 2.3710579999997208 44
1731018930851 2.389738999999736 45
1731018940928 2.4015509999999267 46
1731018950992 2.4111669999997503 47
1731018961069 2.42302699999982 48
1731018971150 2.4330399999998917 49
1731018981209 2.4459019999999327 50
1731018991275 2.454797999999755 51
1731019001342 2.4684729999999035 52
1731019011413 2.4880269999998745 53
1731019021498 2.4999949999996716 54
1731019031568 2.5151129999999284 55
1731019041644 2.5283559999998033 56
1731019051711 2.5388639999996485 57
1731019061775 2.5525539999998728 58
1731019071844 2.566997999999785 59
1731019081916 2.580732999999782 60
1731019091981 2.61295199999995 61
1731019102048 2.689900999999736 62
1731019112142 2.704275999999936 63
1731019122206 5.251941999999872 64
1731019132269 6.755468999999721 65
1731019142352 7.176614999999856 66
1731019152438 7.503444999999829 67
1731019162518 7.747261999999864 68
1731019172569 7.767316999999821 69
1731019182607 7.786654999999882 70
1731019192662 7.801742999999988 71
1731019202748 7.815622000000076 72
