1731018477361 7812.3 0
1731018487426 15239.9 1
1731018497477 19303.2 2
1731018507541 20540.9 3
1731018517613 21834.8 4
1731018527674 23104.2 5
1731018537733 24480.9 6
1731018547788 19704.6 7
1731018557835 21045.9 8
1731018567896 19994.0 9
1731018577947 22094.8 10
1731018588013 22773.9 11
1731018598093 21734.3 12
1731018608160 24321.7 13
1731018618242 20382.7 14
1731018628317 21370.2 15
1731018638396 23915.7 16
1731018648477 23282.1 17
1731018658544 25046.6 18
1731018668625 20208.6 19
1731018678705 21404.0 20
1731018688781 21981.9 21
1731018699119 23066.6 22
1731018709202 24635.3 23
1731018719267 19928.5 24
1731018729344 21170.2 25
1731018739403 22252.6 26
1731018749466 23414.8 27
1731018759543 25097.9 28
1731018769618 20022.3 29
1731018779696 21146.4 30
1731018789761 21820.2 31
1731018799878 22988.0 32
1731018809953 24171.7 33
1731018820044 19601.8 34
1731018830110 20421.5 35
1731018840179 21615.6 36
1731018850257 22831.5 37
1731018860342 24033.6 38
1731018870395 19756.4 39
1731018880465 20939.6 40
1731018890547 22079.5 41
1731018900608 23168.5 42
1731018910694 23713.4 43
1731018920769 24568.7 44
1731018930851 19886.5 45
1731018940928 20133.4 46
1731018950992 20906.7 47
1731018961069 21418.5 48
1731018971150 22133.7 49
1731018981209 22360.7 50
1731018991275 24839.2 51
1731019001342 23299.2 52
1731019011413 25638.4 53
1731019021498 24287.8 54
1731019031568 24990.3 55
1731019041644 19949.7 56
1731019051711 18205.8 57
1731019061775 19965.7 58
1731019071844 19554.4 59
1731019081916 19931.6 60
1731019091981 21305.3 61
1731019102048 23148.8 62
1731019112142 22258.1 63
1731019122206 22349.1 64
1731019132269 22809.1 65
1731019142352 21934.4 66
1731019152438 23453.4 67
1731019162518 25890.2 68
1731019172569 24431.1 69
1731019182607 25500.9 70
1731019192662 22615.0 71
1731019202748 24713.5 72
