1731018477361 23.3 0
1731018487426 45.4 1
1731018497477 57.5 2
1731018507541 61.2 3
1731018517613 65.1 4
1731018527674 68.9 5
1731018537733 73.0 6
1731018547788 58.7 7
1731018557835 62.7 8
1731018567896 59.6 9
1731018577947 65.9 10
1731018588013 67.9 11
1731018598093 64.8 12
1731018608160 72.5 13
1731018618242 60.8 14
1731018628317 63.7 15
1731018638396 71.3 16
1731018648477 69.4 17
1731018658544 74.7 18
1731018668625 60.2 19
1731018678705 63.8 20
1731018688781 65.5 21
1731018699119 68.8 22
1731018709202 73.4 23
1731018719267 59.4 24
1731018729344 63.1 25
1731018739403 66.3 26
1731018749466 69.8 27
1731018759543 74.8 28
1731018769618 59.7 29
1731018779696 63.0 30
1731018789761 65.0 31
1731018799878 68.5 32
1731018809953 72.0 33
1731018820044 58.4 34
1731018830110 60.9 35
1731018840179 64.4 36
1731018850257 68.1 37
1731018860342 71.6 38
1731018870395 58.9 39
1731018880465 62.4 40
1731018890547 65.8 41
1731018900608 69.1 42
1731018910694 70.7 43
1731018920769 73.2 44
1731018930851 59.3 45
1731018940928 60.0 46
1731018950992 62.3 47
1731018961069 63.8 48
1731018971150 66.0 49
1731018981209 66.7 50
1731018991275 74.0 51
1731019001342 69.4 52
1731019011413 76.4 53
1731019021498 72.4 54
1731019031568 74.5 55
1731019041644 59.5 56
1731019051711 54.3 57
1731019061775 59.5 58
1731019071844 58.3 59
1731019081916 59.4 60
1731019091981 63.5 61
1731019102048 69.0 62
1731019112142 66.3 63
1731019122206 66.6 64
1731019132269 68.0 65
1731019142352 65.4 66
1731019152438 69.9 67
1731019162518 77.2 68
1731019172569 72.8 69
1731019182607 76.0 70
1731019192662 67.4 71
1731019202748 73.7 72
