1731934501813 120646.2 0
1731934511863 120646.2 1
1731934521917 120646.2 2
1731934531982 120646.2 3
1731934542049 120646.2 4
1731934552105 120646.3 5
1731934562157 120646.3 6
1731934572212 120646.3 7
1731934582269 120646.3 8
1731934592326 120646.3 9
1731934602390 120646.3 10
1731934612464 120646.3 11
1731934622561 120646.3 12
1731934632627 120646.4 13
1731934642703 120645.1 14
1731934652772 120647.4 15
1731934662833 120647.3 16
1731934672908 120647.5 17
1731934682982 120647.4 18
1731934693040 120647.5 19
1731934703119 120647.5 20
1731934713188 120647.5 21
1731934723267 120647.5 22
1731934733335 120647.5 23
1731934743420 120645.1 24
1731934753497 120645.1 25
1731934763574 120645.7 26
1731934773638 120645.8 27
1731934783717 120645.9 28
1731934793797 120646.1 29
1731934803882 120646.2 30
1731934813948 120646.5 31
1731934824031 120634.8 32
1731934834113 120635.0 33
1731934844195 120635.1 34
1731934854265 120635.2 35
1731934864345 120635.5 36
1731934874403 120635.7 37
1731934884472 120635.7 38
1731934894542 120635.8 39
1731934904622 120633.0 40
1731934914687 120631.7 41
1731934924751 120631.7 42
1731934934817 120631.7 43
1731934944877 120631.7 44
1731934954946 120631.7 45
1731934965029 120634.1 46
1731934975123 120636.1 47
1731934985194 120636.4 48
1731934995279 120640.7 49
1731935005351 120640.7 50
1731935015436 120642.1 51
1731935026007 120642.6 52
1731935036089 120642.6 53
1731935046186 120642.6 54
1731935056265 120642.7 55
1731935066342 120641.7 56
1731935076410 120646.2 57
1731935086475 120642.8 58
1731935096554 120643.0 59
1731935106619 120643.9 60
1731935116679 120644.1 61
1731935126766 120640.8 62
1731935136850 120645.2 63
1731935146924 120643.1 64
1731935157007 120647.5 65
1731935167082 120644.1 66
1731935177152 120644.4 67
1731935187223 120646.5 68
1731935197292 120646.5 69
1731935207367 120641.0 70
1731935217445 120642.0 71
1731935227542 120642.1 72
1731935237617 120642.1 73
1731935247695 120642.1 74
1731935257796 120642.1 75
1731935267890 120642.1 76
1731935277973 120642.1 77
1731935288048 120642.2 78
1731935298112 120646.6 79
1731935308192 120643.3 80
1731935318263 120643.5 81
1731935328355 120645.5 82
1731935338432 120641.2 83
1731935348525 120641.2 84
1731935358602 120641.2 85
1731935368683 120641.2 86
1731935378766 120641.3 87
1731935388842 120641.3 88
1731935398917 120641.3 89
1731935409010 120641.3 90
1731935419099 120641.4 91
1731935429181 120641.4 92
1731935439262 120641.4 93
1731935449340 120643.6 94
1731935459413 120648.1 95
1731935469492 120645.0 96
1731935479579 120645.0 97
1731935489678 120645.1 98
1731935499768 120642.8 99
1731935509838 120647.3 100
1731935519923 120648.5 101
1731935530014 120648.6 102
1731935540092 120648.7 103
1731935550172 120645.4 104
1731935560264 120642.0 105
1731935570359 120646.5 106
1731935580438 120643.1 107
1731935590513 120647.6 108
1731935600608 120644.2 109
1731935610695 120645.6 110
1731935620783 120646.4 111
1731935630870 120646.7 112
1731935640934 120643.4 113
1731935651035 120644.5 114
1731935661125 120644.5 115
1731935671204 120644.6 116
1731935681283 120644.5 117
1731935691362 120644.5 118
1731935701450 120644.5 119
1731935711518 120644.5 120
1731935721608 120642.1 121
1731935731686 120646.6 122
1731935741764 120646.8 123
1731935751858 120643.4 124
1731935761937 120647.9 125
1731935772022 120644.5 126
1731935782123 120649.0 127
1731935792199 120645.6 128
1731935802305 120645.8 129
1731935812406 120646.7 130
1731935822493 120644.5 131
1731935832576 120644.7 132
1731935842651 120645.6 133
1731935852732 120645.8 134
1731935862808 120642.5 135
1731935872905 120646.9 136
1731935882996 120643.6 137
1731935893078 120648.0 138
1731935903156 120644.7 139
1731935913229 120644.9 140
1731935923312 120645.8 141
1731935933392 120646.0 142
1731935943470 120643.8 143
1731935953552 120648.2 144
1731935963641 120644.9 145
1731935973709 120649.3 146
1731935983788 120645.9 147
1731935993883 120646.2 148
1731936003957 120647.0 149
1731936014044 120647.3 150
1731936024127 120643.9 151
1731936034221 120646.1 152
1731936044316 120646.1 153
1731936054404 120645.8 154
1731936064482 120646.0 155
1731936074566 120646.9 156
1731936084663 120647.2 157
1731936094760 120645.0 158
1731936104852 120649.5 159
1731936114951 120646.1 160
1731936125048 120650.6 161
1731936135134 120647.2 162
1731936145233 120647.5 163
1731936155313 120648.3 164
1731936165386 120648.6 165
1731936175459 120645.2 166
1731936185547 120649.7 167
1731936195619 120646.3 168
1731936205693 120650.8 169
1731936215762 120646.6 170
1731936225847 120646.7 171
1731936235926 120646.7 172
1731936246035 120646.8 173
1731936256129 120646.9 174
1731936266208 120647.1 175
1731936276323 120647.2 176
1731936286419 120647.2 177
1731936296508 120647.2 178
1731936306605 120647.2 179
1731936316693 120647.5 180
1731936326784 120647.5 181
1731936336843 120647.5 182
1731936346939 120647.8 183
1731936357041 120652.6 184
1731936367141 120649.4 185
1731936377229 120649.7 186
1731936387367 120650.8 187
1731936397481 120651.0 188
1731936407564 120648.8 189
1731936417629 120649.7 190
1731936427709 120658.3 191
1731936437798 120654.9 192
1731936447886 120659.4 193
1731936457982 120656.0 194
1731936468077 120660.5 195
1731936478159 120657.1 196
1731936488262 120657.6 197
1731936498355 120658.4 198
1731936508470 120658.6 199
1731936518545 120656.7 200
1731936528634 120661.1 201
1731936538728 120657.8 202
1731936548797 120662.2 203
1731936558887 120658.9 204
1731936568989 120659.1 205
1731936579082 120660.0 206
1731936589188 120660.2 207
1731936599281 120656.7 208
1731936609388 120661.3 209
1731936619484 120658.1 210
1731936629597 120654.5 211
1731936639695 120659.0 212
1731936649783 120655.6 213
1731936659866 120661.2 214
1731936669943 120657.9 215
1731936680041 120658.2 216
1731936690130 120659.1 217
1731936700214 120659.3 218
1731936710312 120656.0 219
1731936720415 120660.7 220
1731936730514 120657.4 221
1731936740623 120662.0 222
1731936750700 120658.6 223
1731936760800 120658.8 224
1731936770898 120658.6 225
1731936780992 120658.7 226
1731936791084 120658.7 227
1731936801192 120658.8 228
1731936811289 120658.8 229
1731936821377 120663.4 230
1731936831470 120660.0 231
1731936841566 120661.4 232
1731936851663 120662.5 233
1731936861748 120659.2 234
1731936871842 120659.4 235
1731936881949 120660.4 236
1731936892053 120660.6 237
1731936902123 120661.9 238
1731936912233 120660.6 239
1731936922321 120662.9 240
1731936932435 120660.5 241
1731936942507 120660.8 242
1731936952588 120658.5 243
1731936962662 120663.2 244
1731936972788 120659.8 245
1731936982883 120664.3 246
1731936992992 120659.1 247
1731937003100 120658.9 248
1731937013206 120658.9 249
1731937023315 120649.6 250
1731937033416 120649.6 251
1731937043523 120649.6 252
1731937053626 120649.6 253
1731937063731 120649.6 254
1731937073836 120649.6 255
1731937083933 120649.6 256
1731937094049 120649.7 257
1731937104145 120649.7 258
1731937114252 120649.7 259
1731937124365 120649.7 260
1731937134453 120649.7 261
1731937144557 120649.7 262
1731937154628 120649.7 263
1731937164722 120649.7 264
1731937174838 120649.7 265
1731937184938 120649.8 266
1731937195045 120649.8 267
1731937205148 120649.8 268
1731937215244 120649.8 269
1731937225366 120649.8 270
1731937235460 120649.8 271
1731937245569 120649.8 272
1731937255661 120649.8 273
1731937265757 120649.9 274
1731937275833 120649.9 275
1731937285912 120649.9 276
1731937296017 120649.9 277
1731937306109 120649.9 278
1731937316225 120649.9 279
1731937326326 120649.9 280
1731937336421 120649.9 281
1731937346525 120650.0 282
1731937356645 120650.0 283
1731937366747 120650.0 284
1731937376865 120650.0 285
1731937386958 120650.0 286
1731937397052 120650.0 287
1731937407142 120650.0 288
1731937417267 120650.0 289
1731937427363 120650.0 290
1731937437478 120650.1 291
1731937447547 120650.1 292
1731937457663 120650.1 293
1731937467770 120650.1 294
1731937477877 120650.1 295
1731937487946 120650.1 296
1731937498057 120650.1 297
1731937508160 120650.1 298
1731937518265 120650.2 299
1731937528370 120650.2 300
1731937538481 120650.2 301
1731937548575 120650.3 302
1731937558692 120650.3 303
1731937568809 120650.3 304
1731937578918 120650.3 305
1731937589019 120650.3 306
1731937599111 120650.3 307
1731937609215 120650.3 308
1731937619335 120650.3 309
1731937629439 120650.3 310
1731937639565 120650.4 311
1731937649668 120650.4 312
