1731934501813 141731.5 0
1731934511863 141731.5 1
1731934521917 141731.4 2
1731934531982 141731.4 3
1731934542049 141731.4 4
1731934552105 141731.4 5
1731934562157 141731.4 6
1731934572212 141731.4 7
1731934582269 141731.4 8
1731934592326 141731.4 9
1731934602390 141731.4 10
1731934612464 141731.3 11
1731934622561 141731.3 12
1731934632627 141731.3 13
1731934642703 141732.5 14
1731934652772 141730.3 15
1731934662833 141730.3 16
1731934672908 141730.2 17
1731934682982 141730.2 18
1731934693040 141730.2 19
1731934703119 141730.2 20
1731934713188 141730.2 21
1731934723267 141730.2 22
1731934733335 141730.1 23
1731934743420 141732.5 24
1731934753497 141732.5 25
1731934763574 141731.9 26
1731934773638 141731.8 27
1731934783717 141731.8 28
1731934793797 141731.5 29
1731934803882 141731.5 30
1731934813948 141731.2 31
1731934824031 141742.9 32
1731934834113 141742.7 33
1731934844195 141742.6 34
1731934854265 141742.5 35
1731934864345 141742.1 36
1731934874403 141742.0 37
1731934884472 141741.9 38
1731934894542 141741.9 39
1731934904622 141744.7 40
1731934914687 141746.0 41
1731934924751 141746.0 42
1731934934817 141746.0 43
1731934944877 141746.0 44
1731934954946 141746.0 45
1731934965029 141743.5 46
1731934975123 141741.5 47
1731934985194 141741.3 48
1731934995279 141737.0 49
1731935005351 141736.9 50
1731935015436 141735.6 51
1731935026007 141735.1 52
1731935036089 141735.1 53
1731935046186 141735.0 54
1731935056265 141735.0 55
1731935066342 141735.9 56
1731935076410 141731.5 57
1731935086475 141734.8 58
1731935096554 141734.6 59
1731935106619 141733.7 60
1731935116679 141733.5 61
1731935126766 141736.9 62
1731935136850 141732.4 63
1731935146924 141734.6 64
1731935157007 141730.1 65
1731935167082 141733.5 66
1731935177152 141733.3 67
1731935187223 141731.2 68
1731935197292 141731.1 69
1731935207367 141736.7 70
1731935217445 141735.6 71
1731935227542 141735.6 72
1731935237617 141735.6 73
1731935247695 141735.6 74
1731935257796 141735.6 75
1731935267890 141735.5 76
1731935277973 141735.5 77
1731935288048 141735.5 78
1731935298112 141731.0 79
1731935308192 141734.4 80
1731935318263 141734.2 81
1731935328355 141732.1 82
1731935338432 141736.5 83
1731935348525 141736.5 84
1731935358602 141736.5 85
1731935368683 141736.4 86
1731935378766 141736.4 87
1731935388842 141736.3 88
1731935398917 141736.3 89
1731935409010 141736.3 90
1731935419099 141736.3 91
1731935429181 141736.3 92
1731935439262 141736.3 93
1731935449340 141734.1 94
1731935459413 141729.6 95
1731935469492 141732.6 96
1731935479579 141732.6 97
1731935489678 141732.5 98
1731935499768 141734.9 99
1731935509838 141730.4 100
1731935519923 141729.1 101
1731935530014 141729.0 102
1731935540092 141729.0 103
1731935550172 141732.3 104
1731935560264 141735.7 105
1731935570359 141731.2 106
1731935580438 141734.6 107
1731935590513 141730.1 108
1731935600608 141733.5 109
1731935610695 141732.1 110
1731935620783 141731.2 111
1731935630870 141731.0 112
1731935640934 141734.3 113
1731935651035 141733.1 114
1731935661125 141733.1 115
1731935671204 141733.0 116
1731935681283 141733.2 117
1731935691362 141733.2 118
1731935701450 141733.2 119
1731935711518 141733.1 120
1731935721608 141735.5 121
1731935731686 141731.1 122
1731935741764 141730.9 123
1731935751858 141734.3 124
1731935761937 141729.8 125
1731935772022 141733.2 126
1731935782123 141728.7 127
1731935792199 141732.0 128
1731935802305 141731.8 129
1731935812406 141730.9 130
1731935822493 141733.2 131
1731935832576 141732.9 132
1731935842651 141732.1 133
1731935852732 141731.8 134
1731935862808 141735.2 135
1731935872905 141730.7 136
1731935882996 141734.1 137
1731935893078 141729.6 138
1731935903156 141733.0 139
1731935913229 141732.8 140
1731935923312 141731.9 141
1731935933392 141731.7 142
1731935943470 141733.9 143
1731935953552 141729.4 144
1731935963641 141732.8 145
1731935973709 141728.3 146
1731935983788 141731.7 147
1731935993883 141731.5 148
1731936003957 141730.6 149
1731936014044 141730.4 150
1731936024127 141733.8 151
1731936034221 141731.5 152
1731936044316 141731.5 153
1731936054404 141731.9 154
1731936064482 141731.7 155
1731936074566 141730.8 156
1731936084663 141730.5 157
1731936094760 141732.7 158
1731936104852 141728.2 159
1731936114951 141731.6 160
1731936125048 141727.1 161
1731936135134 141730.4 162
1731936145233 141730.2 163
1731936155313 141729.3 164
1731936165386 141729.1 165
1731936175459 141732.5 166
1731936185547 141728.0 167
1731936195619 141731.4 168
1731936205693 141726.8 169
1731936215762 141731.0 170
1731936225847 141731.0 171
1731936235926 141730.9 172
1731936246035 141730.9 173
1731936256129 141730.8 174
1731936266208 141730.5 175
1731936276323 141730.5 176
1731936286419 141730.5 177
1731936296508 141730.5 178
1731936306605 141730.5 179
1731936316693 141730.2 180
1731936326784 141730.2 181
1731936336843 141730.1 182
1731936346939 141729.9 183
1731936357041 141725.1 184
1731936367141 141728.2 185
1731936377229 141727.9 186
1731936387367 141726.9 187
1731936397481 141726.6 188
1731936407564 141728.8 189
1731936417629 141728.0 190
1731936427709 141719.4 191
1731936437798 141722.7 192
1731936447886 141718.3 193
1731936457982 141721.6 194
1731936468077 141717.2 195
1731936478159 141720.5 196
1731936488262 141720.1 197
1731936498355 141719.2 198
1731936508470 141719.0 199
1731936518545 141721.0 200
1731936528634 141716.5 201
1731936538728 141719.9 202
1731936548797 141715.4 203
1731936558887 141718.8 204
1731936568989 141718.6 205
1731936579082 141717.7 206
1731936589188 141717.5 207
1731936599281 141721.0 208
1731936609388 141716.3 209
1731936619484 141719.5 210
1731936629597 141723.1 211
1731936639695 141718.6 212
1731936649783 141722.0 213
1731936659866 141716.5 214
1731936669943 141719.8 215
1731936680041 141719.5 216
1731936690130 141718.6 217
1731936700214 141718.3 218
1731936710312 141721.7 219
1731936720415 141717.0 220
1731936730514 141720.3 221
1731936740623 141715.7 222
1731936750700 141719.0 223
1731936760800 141718.8 224
1731936770898 141719.0 225
1731936780992 141719.0 226
1731936791084 141719.0 227
1731936801192 141718.9 228
1731936811289 141718.8 229
1731936821377 141714.2 230
1731936831470 141717.6 231
1731936841566 141716.2 232
1731936851663 141715.2 233
1731936861748 141718.5 234
1731936871842 141718.2 235
1731936881949 141717.3 236
1731936892053 141717.0 237
1731936902123 141715.8 238
1731936912233 141717.1 239
1731936922321 141714.7 240
1731936932435 141717.1 241
1731936942507 141716.9 242
1731936952588 141719.1 243
1731936962662 141714.5 244
1731936972788 141717.9 245
1731936982883 141713.4 246
1731936992992 141718.6 247
1731937003100 141718.7 248
1731937013206 141718.8 249
1731937023315 141728.1 250
1731937033416 141728.1 251
1731937043523 141728.1 252
1731937053626 141728.1 253
1731937063731 141728.1 254
1731937073836 141728.0 255
1731937083933 141728.0 256
1731937094049 141728.0 257
1731937104145 141728.0 258
1731937114252 141728.0 259
1731937124365 141728.0 260
1731937134453 141728.0 261
1731937144557 141727.9 262
1731937154628 141727.9 263
1731937164722 141727.9 264
1731937174838 141727.9 265
1731937184938 141727.9 266
1731937195045 141727.9 267
1731937205148 141727.9 268
1731937215244 141727.9 269
1731937225366 141727.8 270
1731937235460 141727.8 271
1731937245569 141727.8 272
1731937255661 141727.8 273
1731937265757 141727.8 274
1731937275833 141727.8 275
1731937285912 141727.8 276
1731937296017 141727.8 277
1731937306109 141727.8 278
1731937316225 141727.7 279
1731937326326 141727.7 280
1731937336421 141727.7 281
1731937346525 141727.7 282
1731937356645 141727.7 283
1731937366747 141727.7 284
1731937376865 141727.7 285
1731937386958 141727.7 286
1731937397052 141727.7 287
1731937407142 141727.6 288
1731937417267 141727.6 289
1731937427363 141727.6 290
1731937437478 141727.6 291
1731937447547 141727.6 292
1731937457663 141727.6 293
1731937467770 141727.6 294
1731937477877 141727.6 295
1731937487946 141727.6 296
1731937498057 141727.5 297
1731937508160 141727.5 298
1731937518265 141727.4 299
1731937528370 141727.4 300
1731937538481 141727.4 301
1731937548575 141727.4 302
1731937558692 141727.4 303
1731937568809 141727.4 304
1731937578918 141727.4 305
1731937589019 141727.4 306
1731937599111 141727.3 307
1731937609215 141727.3 308
1731937619335 141727.3 309
1731937629439 141727.3 310
1731937639565 141727.3 311
1731937649668 141727.3 312
