1731934501813 35.9 0
1731934511863 112.3 1
1731934521917 142.8 2
1731934531982 128.5 3
1731934542049 131.7 4
1731934552105 128.8 5
1731934562157 110.8 6
1731934572212 227.9 7
1731934582269 260.6 8
1731934592326 240.3 9
1731934602390 137.4 10
1731934612464 138.8 11
1731934622561 139.4 12
1731934632627 128.4 13
1731934642703 252.6 14
1731934652772 301.2 15
1731934662833 158.1 16
1731934672908 137.2 17
1731934682982 150.8 18
1731934693040 134.8 19
1731934703119 143.8 20
1731934713188 298.1 21
1731934723267 297.2 22
1731934733335 135.4 23
1731934743420 137.6 24
1731934753497 134.4 25
1731934763574 134.7 26
1731934773638 134.2 27
1731934783717 257.9 28
1731934793797 300.5 29
1731934803882 137.8 30
1731934813948 171.9 31
1731934824031 173.7 32
1731934834113 161.2 33
1731934844195 168.9 34
1731934854265 166.2 35
1731934864345 286.6 36
1731934874403 304.6 37
1731934884472 303.0 38
1731934894542 135.6 39
1731934904622 134.9 40
1731934914687 134.2 41
1731934924751 133.8 42
1731934934817 133.0 43
1731934944877 132.6 44
1731934954946 266.4 45
1731934965029 275.6 46
1731934975123 166.0 47
1731934985194 140.2 48
1731934995279 133.7 49
1731935005351 141.4 50
1731935015436 136.2 51
1731935026007 133.1 52
1731935036089 114.0 53
1731935046186 296.5 54
1731935056265 264.1 55
1731935066342 134.9 56
1731935076410 136.7 57
1731935086475 134.9 58
1731935096554 133.3 59
1731935106619 133.8 60
1731935116679 262.6 61
1731935126766 275.0 62
1731935136850 161.5 63
1731935146924 118.7 64
1731935157007 121.2 65
1731935167082 135.4 66
1731935177152 135.0 67
1731935187223 131.2 68
1731935197292 122.8 69
1731935207367 285.9 70
1731935217445 300.4 71
1731935227542 116.9 72
1731935237617 134.0 73
1731935247695 131.8 74
1731935257796 136.3 75
1731935267890 131.6 76
1731935277973 129.7 77
1731935288048 132.7 78
1731935298112 278.0 79
1731935308192 276.3 80
1731935318263 254.2 81
1731935328355 134.0 82
1731935338432 140.2 83
1731935348525 164.9 84
1731935358602 132.5 85
1731935368683 115.5 86
1731935378766 132.7 87
1731935388842 113.7 88
1731935398917 286.7 89
1731935409010 273.4 90
1731935419099 169.2 91
1731935429181 132.4 92
1731935439262 130.0 93
1731935449340 163.7 94
1731935459413 116.6 95
1731935469492 137.2 96
1731935479579 115.3 97
1731935489678 131.1 98
1731935499768 155.6 99
1731935509838 283.6 100
1731935519923 263.5 101
1731935530014 132.1 102
1731935540092 122.3 103
1731935550172 146.9 104
1731935560264 133.6 105
1731935570359 135.9 106
1731935580438 136.3 107
1731935590513 116.1 108
1731935600608 216.9 109
1731935610695 270.9 110
1731935620783 306.1 111
1731935630870 137.4 112
1731935640934 135.5 113
1731935651035 133.1 114
1731935661125 134.0 115
1731935671204 134.2 116
1731935681283 133.1 117
1731935691362 260.2 118
1731935701450 279.5 119
1731935711518 136.8 120
1731935721608 139.9 121
1731935731686 123.8 122
1731935741764 117.4 123
1731935751858 139.7 124
1731935761937 136.0 125
1731935772022 118.8 126
1731935782123 218.6 127
1731935792199 282.5 128
1731935802305 289.9 129
1731935812406 136.2 130
1731935822493 134.4 131
1731935832576 117.5 132
1731935842651 146.0 133
1731935852732 145.6 134
1731935862808 133.8 135
1731935872905 120.3 136
1731935882996 259.2 137
1731935893078 297.7 138
1731935903156 135.4 139
1731935913229 135.5 140
1731935923312 134.9 141
1731935933392 133.2 142
1731935943470 130.7 143
1731935953552 131.1 144
1731935963641 258.1 145
1731935973709 294.8 146
1731935983788 214.6 147
1731935993883 133.1 148
1731936003957 134.4 149
1731936014044 118.3 150
1731936024127 151.7 151
1731936034221 132.7 152
1731936044316 133.6 153
1731936054404 120.7 154
1731936064482 117.7 155
1731936074566 297.9 156
1731936084663 269.4 157
1731936094760 164.0 158
1731936104852 131.6 159
1731936114951 131.3 160
1731936125048 125.1 161
1731936135134 131.2 162
1731936145233 116.7 163
1731936155313 128.8 164
1731936165386 152.1 165
1731936175459 128.6 166
1731936185547 129.2 167
1731936195619 254.6 168
1731936205693 253.8 169
1731936215762 148.1 170
1731936225847 133.6 171
1731936235926 136.0 172
1731936246035 115.7 173
1731936256129 131.3 174
1731936266208 129.6 175
1731936276323 116.2 176
1731936286419 126.6 177
1731936296508 275.5 178
1731936306605 266.6 179
1731936316693 132.3 180
1731936326784 132.8 181
1731936336843 124.7 182
1731936346939 166.5 183
1731936357041 165.4 184
1731936367141 153.8 185
1731936377229 133.7 186
1731936387367 131.1 187
1731936397481 148.4 188
1731936407564 258.7 189
1731936417629 304.4 190
1731936427709 135.2 191
1731936437798 117.8 192
1731936447886 133.3 193
1731936457982 116.5 194
1731936468077 133.8 195
1731936478159 132.0 196
1731936488262 114.9 197
1731936498355 133.2 198
1731936508470 118.4 199
1731936518545 284.6 200
1731936528634 299.7 201
1731936538728 132.6 202
1731936548797 136.1 203
1731936558887 162.3 204
1731936568989 132.4 205
1731936579082 138.5 206
1731936589188 118.2 207
1731936599281 137.2 208
1731936609388 131.0 209
1731936619484 301.4 210
1731936629597 301.3 211
1731936639695 136.0 212
1731936649783 137.1 213
1731936659866 134.0 214
1731936669943 133.7 215
1731936680041 116.6 216
1731936690130 130.8 217
1731936700214 132.3 218
1731936710312 277.9 219
1731936720415 290.2 220
1731936730514 120.0 221
1731936740623 134.1 222
1731936750700 136.3 223
1731936760800 118.5 224
1731936770898 133.2 225
1731936780992 132.1 226
1731936791084 150.5 227
1731936801192 128.1 228
1731936811289 116.1 229
1731936821377 151.3 230
1731936831470 281.8 231
1731936841566 254.6 232
1731936851663 137.4 233
1731936861748 134.9 234
1731936871842 116.2 235
1731936881949 126.4 236
1731936892053 132.2 237
1731936902123 133.1 238
1731936912233 130.7 239
1731936922321 115.1 240
1731936932435 301.7 241
1731936942507 302.4 242
1731936952588 213.6 243
1731936962662 137.4 244
1731936972788 167.4 245
1731936982883 125.0 246
1731936992992 116.8 247
1731937003100 129.4 248
1731937013206 129.3 249
1731937023315 113.6 250
1731937033416 126.7 251
1731937043523 128.6 252
1731937053626 260.8 253
1731937063731 291.6 254
1731937073836 131.6 255
1731937083933 130.6 256
1731937094049 129.1 257
1731937104145 129.7 258
1731937114252 129.5 259
1731937124365 129.7 260
1731937134453 112.8 261
1731937144557 127.9 262
1731937154628 111.8 263
1731937164722 299.0 264
1731937174838 267.7 265
1731937184938 130.2 266
1731937195045 117.0 267
1731937205148 130.3 268
1731937215244 115.6 269
1731937225366 129.5 270
1731937235460 128.9 271
1731937245569 129.6 272
1731937255661 112.6 273
1731937265757 260.8 274
1731937275833 274.2 275
1731937285912 117.7 276
1731937296017 118.9 277
1731937306109 131.0 278
1731937316225 115.3 279
1731937326326 129.1 280
1731937336421 128.8 281
1731937346525 111.9 282
1731937356645 111.8 283
1731937366747 128.8 284
1731937376865 265.5 285
1731937386958 299.1 286
1731937397052 131.6 287
1731937407142 130.5 288
1731937417267 131.0 289
1731937427363 130.5 290
1731937437478 115.5 291
1731937447547 131.5 292
1731937457663 151.4 293
1731937467770 265.6 294
1731937477877 288.6 295
1731937487946 131.6 296
1731937498057 131.5 297
1731937508160 130.3 298
1731937518265 114.5 299
1731937528370 130.1 300
1731937538481 113.3 301
1731937548575 300.5 302
1731937558692 287.7 303
1731937568809 169.9 304
1731937578918 133.6 305
1731937589019 129.0 306
1731937599111 112.1 307
1731937609215 129.8 308
1731937619335 127.6 309
1731937629439 124.5 310
1731937639565 124.1 311
1731937649668 220.4 312
