1731934501813 9.7 0
1731934511863 30.4 1
1731934521917 38.6 2
1731934531982 34.7 3
1731934542049 35.6 4
1731934552105 34.8 5
1731934562157 30.0 6
1731934572212 61.6 7
1731934582269 70.4 8
1731934592326 64.9 9
1731934602390 37.1 10
1731934612464 37.5 11
1731934622561 37.7 12
1731934632627 34.7 13
1731934642703 68.3 14
1731934652772 81.4 15
1731934662833 42.7 16
1731934672908 37.1 17
1731934682982 40.8 18
1731934693040 36.4 19
1731934703119 38.9 20
1731934713188 80.6 21
1731934723267 80.3 22
1731934733335 36.6 23
1731934743420 37.2 24
1731934753497 36.3 25
1731934763574 36.4 26
1731934773638 36.3 27
1731934783717 69.7 28
1731934793797 81.2 29
1731934803882 37.2 30
1731934813948 46.5 31
1731934824031 47.0 32
1731934834113 43.6 33
1731934844195 45.7 34
1731934854265 44.9 35
1731934864345 77.5 36
1731934874403 82.3 37
1731934884472 81.9 38
1731934894542 36.7 39
1731934904622 36.4 40
1731934914687 36.3 41
1731934924751 36.2 42
1731934934817 35.9 43
1731934944877 35.8 44
1731934954946 72.0 45
1731934965029 74.5 46
1731934975123 44.9 47
1731934985194 37.9 48
1731934995279 36.1 49
1731935005351 38.2 50
1731935015436 36.8 51
1731935026007 36.0 52
1731935036089 30.8 53
1731935046186 80.1 54
1731935056265 71.4 55
1731935066342 36.5 56
1731935076410 36.9 57
1731935086475 36.5 58
1731935096554 36.0 59
1731935106619 36.2 60
1731935116679 71.0 61
1731935126766 74.3 62
1731935136850 43.6 63
1731935146924 32.1 64
1731935157007 32.8 65
1731935167082 36.6 66
1731935177152 36.5 67
1731935187223 35.5 68
1731935197292 33.2 69
1731935207367 77.3 70
1731935217445 81.2 71
1731935227542 31.6 72
1731935237617 36.2 73
1731935247695 35.6 74
1731935257796 36.8 75
1731935267890 35.6 76
1731935277973 35.1 77
1731935288048 35.9 78
1731935298112 75.1 79
1731935308192 74.7 80
1731935318263 68.7 81
1731935328355 36.2 82
1731935338432 37.9 83
1731935348525 44.6 84
1731935358602 35.8 85
1731935368683 31.2 86
1731935378766 35.9 87
1731935388842 30.7 88
1731935398917 77.5 89
1731935409010 73.9 90
1731935419099 45.7 91
1731935429181 35.8 92
1731935439262 35.1 93
1731935449340 44.2 94
1731935459413 31.5 95
1731935469492 37.1 96
1731935479579 31.2 97
1731935489678 35.4 98
1731935499768 42.1 99
1731935509838 76.6 100
1731935519923 71.2 101
1731935530014 35.7 102
1731935540092 33.0 103
1731935550172 39.7 104
1731935560264 36.1 105
1731935570359 36.7 106
1731935580438 36.8 107
1731935590513 31.4 108
1731935600608 58.6 109
1731935610695 73.2 110
1731935620783 82.7 111
1731935630870 37.1 112
1731935640934 36.6 113
1731935651035 36.0 114
1731935661125 36.2 115
1731935671204 36.3 116
1731935681283 36.0 117
1731935691362 70.3 118
1731935701450 75.5 119
1731935711518 37.0 120
1731935721608 37.8 121
1731935731686 33.5 122
1731935741764 31.7 123
1731935751858 37.8 124
1731935761937 36.8 125
1731935772022 32.1 126
1731935782123 59.1 127
1731935792199 76.3 128
1731935802305 78.4 129
1731935812406 36.8 130
1731935822493 36.3 131
1731935832576 31.7 132
1731935842651 39.5 133
1731935852732 39.4 134
1731935862808 36.2 135
1731935872905 32.5 136
1731935882996 70.0 137
1731935893078 80.4 138
1731935903156 36.6 139
1731935913229 36.6 140
1731935923312 36.5 141
1731935933392 36.0 142
1731935943470 35.3 143
1731935953552 35.4 144
1731935963641 69.7 145
1731935973709 79.7 146
1731935983788 58.0 147
1731935993883 36.0 148
1731936003957 36.3 149
1731936014044 32.0 150
1731936024127 41.0 151
1731936034221 35.9 152
1731936044316 36.1 153
1731936054404 32.6 154
1731936064482 31.8 155
1731936074566 80.5 156
1731936084663 72.8 157
1731936094760 44.3 158
1731936104852 35.6 159
1731936114951 35.5 160
1731936125048 33.8 161
1731936135134 35.5 162
1731936145233 31.5 163
1731936155313 34.8 164
1731936165386 41.1 165
1731936175459 34.8 166
1731936185547 34.9 167
1731936195619 68.8 168
1731936205693 68.6 169
1731936215762 40.0 170
1731936225847 36.1 171
1731936235926 36.8 172
1731936246035 31.3 173
1731936256129 35.5 174
1731936266208 35.0 175
1731936276323 31.4 176
1731936286419 34.2 177
1731936296508 74.5 178
1731936306605 72.1 179
1731936316693 35.7 180
1731936326784 35.9 181
1731936336843 33.7 182
1731936346939 45.0 183
1731936357041 44.7 184
1731936367141 41.6 185
1731936377229 36.1 186
1731936387367 35.4 187
1731936397481 40.1 188
1731936407564 69.9 189
1731936417629 82.3 190
1731936427709 36.5 191
1731936437798 31.8 192
1731936447886 36.0 193
1731936457982 31.5 194
1731936468077 36.1 195
1731936478159 35.7 196
1731936488262 31.0 197
1731936498355 36.0 198
1731936508470 32.0 199
1731936518545 76.9 200
1731936528634 81.0 201
1731936538728 35.8 202
1731936548797 36.8 203
1731936558887 43.9 204
1731936568989 35.8 205
1731936579082 37.4 206
1731936589188 31.9 207
1731936599281 37.1 208
1731936609388 35.4 209
1731936619484 81.5 210
1731936629597 81.4 211
1731936639695 36.8 212
1731936649783 37.1 213
1731936659866 36.2 214
1731936669943 36.1 215
1731936680041 31.5 216
1731936690130 35.4 217
1731936700214 35.8 218
1731936710312 75.1 219
1731936720415 78.4 220
1731936730514 32.4 221
1731936740623 36.2 222
1731936750700 36.8 223
1731936760800 32.0 224
1731936770898 36.0 225
1731936780992 35.7 226
1731936791084 40.7 227
1731936801192 34.6 228
1731936811289 31.4 229
1731936821377 40.9 230
1731936831470 76.2 231
1731936841566 68.8 232
1731936851663 37.1 233
1731936861748 36.5 234
1731936871842 31.4 235
1731936881949 34.2 236
1731936892053 35.7 237
1731936902123 36.0 238
1731936912233 35.3 239
1731936922321 31.1 240
1731936932435 81.5 241
1731936942507 81.7 242
1731936952588 57.7 243
1731936962662 37.1 244
1731936972788 45.2 245
1731936982883 33.8 246
1731936992992 31.6 247
1731937003100 35.0 248
1731937013206 35.0 249
1731937023315 30.7 250
1731937033416 34.2 251
1731937043523 34.8 252
1731937053626 70.5 253
1731937063731 78.8 254
1731937073836 35.6 255
1731937083933 35.3 256
1731937094049 34.9 257
1731937104145 35.1 258
1731937114252 35.0 259
1731937124365 35.1 260
1731937134453 30.5 261
1731937144557 34.6 262
1731937154628 30.2 263
1731937164722 80.8 264
1731937174838 72.3 265
1731937184938 35.2 266
1731937195045 31.6 267
1731937205148 35.2 268
1731937215244 31.3 269
1731937225366 35.0 270
1731937235460 34.8 271
1731937245569 35.0 272
1731937255661 30.4 273
1731937265757 70.5 274
1731937275833 74.1 275
1731937285912 31.8 276
1731937296017 32.1 277
1731937306109 35.4 278
1731937316225 31.2 279
1731937326326 34.9 280
1731937336421 34.8 281
1731937346525 30.3 282
1731937356645 30.2 283
1731937366747 34.8 284
1731937376865 71.7 285
1731937386958 80.8 286
1731937397052 35.6 287
1731937407142 35.3 288
1731937417267 35.4 289
1731937427363 35.3 290
1731937437478 31.2 291
1731937447547 35.5 292
1731937457663 40.9 293
1731937467770 71.8 294
1731937477877 78.0 295
1731937487946 35.6 296
1731937498057 35.6 297
1731937508160 35.2 298
1731937518265 31.0 299
1731937528370 35.2 300
1731937538481 30.6 301
1731937548575 81.2 302
1731937558692 77.8 303
1731937568809 45.9 304
1731937578918 36.1 305
1731937589019 34.9 306
1731937599111 30.3 307
1731937609215 35.1 308
1731937619335 34.5 309
1731937629439 33.6 310
1731937639565 33.5 311
1731937649668 59.6 312
