1731934501813 1667.2 0
1731934511863 3510.2 1
1731934521917 5652.2 2
1731934531982 5641.1 3
1731934542049 5641.2 4
1731934552105 5641.2 5
1731934562157 5641.1 6
1731934572212 22510.6 7
1731934582269 22510.6 8
1731934592326 22539.1 9
1731934602390 22531.3 10
1731934612464 22526.6 11
1731934622561 22509.4 12
1731934632627 22515.8 13
1731934642703 22559.8 14
1731934652772 22537.2 15
1731934662833 22507.8 16
1731934672908 22520.7 17
1731934682982 22511.1 18
1731934693040 22515.3 19
1731934703119 22513.2 20
1731934713188 22517.5 21
1731934723267 22695.6 22
1731934733335 22570.9 23
1731934743420 22566.9 24
1731934753497 22590.3 25
1731934763574 22558.5 26
1731934773638 22581.7 27
1731934783717 22589.4 28
1731934793797 22599.4 29
1731934803882 22561.4 30
1731934813948 22589.4 31
1731934824031 22558.9 32
1731934834113 22547.9 33
1731934844195 22537.3 34
1731934854265 22576.3 35
1731934864345 22563.4 36
1731934874403 22524.4 37
1731934884472 22535.2 38
1731934894542 22522.1 39
1731934904622 22565.1 40
1731934914687 22378.9 41
1731934924751 22358.7 42
1731934934817 22358.6 43
1731934944877 22358.6 44
1731934954946 22358.6 45
1731934965029 22367.0 46
1731934975123 22457.4 47
1731934985194 22457.9 48
1731934995279 22416.9 49
1731935005351 22476.6 50
1731935015436 22474.5 51
1731935026007 22481.2 52
1731935036089 22365.9 53
1731935046186 22365.9 54
1731935056265 22454.3 55
1731935066342 22400.0 56
1731935076410 22410.2 57
1731935086475 22398.0 58
1731935096554 22396.5 59
1731935106619 22382.8 60
1731935116679 22382.8 61
1731935126766 22388.7 62
1731935136850 22390.0 63
1731935146924 22381.1 64
1731935157007 22381.3 65
1731935167082 22386.6 66
1731935177152 22381.1 67
1731935187223 22390.3 68
1731935197292 22382.4 69
1731935207367 22398.8 70
1731935217445 22388.6 71
1731935227542 22388.3 72
1731935237617 22388.1 73
1731935247695 22388.1 74
1731935257796 22388.1 75
1731935267890 22388.1 76
1731935277973 22388.1 77
1731935288048 22396.5 78
1731935298112 22381.3 79
1731935308192 22395.5 80
1731935318263 22393.5 81
1731935328355 22379.8 82
1731935338432 22455.8 83
1731935348525 22454.8 84
1731935358602 22416.8 85
1731935368683 22414.0 86
1731935378766 22409.1 87
1731935388842 22403.5 88
1731935398917 22404.6 89
1731935409010 22413.4 90
1731935419099 22416.0 91
1731935429181 22411.4 92
1731935439262 22410.2 93
1731935449340 22377.5 94
1731935459413 22370.4 95
1731935469492 22413.6 96
1731935479579 22395.5 97
1731935489678 22390.6 98
1731935499768 22410.0 99
1731935509838 22402.2 100
1731935519923 22399.7 101
1731935530014 22399.2 102
1731935540092 22399.2 103
1731935550172 22402.0 104
1731935560264 22404.7 105
1731935570359 22397.3 106
1731935580438 22400.5 107
1731935590513 22392.6 108
1731935600608 22399.5 109
1731935610695 22392.5 110
1731935620783 22394.7 111
1731935630870 22394.6 112
1731935640934 22394.7 113
1731935651035 22404.9 114
1731935661125 22524.8 115
1731935671204 22417.7 116
1731935681283 22431.6 117
1731935691362 22473.5 118
1731935701450 22470.1 119
1731935711518 22496.5 120
1731935721608 22439.1 121
1731935731686 22384.1 122
1731935741764 22386.2 123
1731935751858 22387.3 124
1731935761937 22386.2 125
1731935772022 22386.2 126
1731935782123 22382.1 127
1731935792199 22380.0 128
1731935802305 22380.0 129
1731935812406 22380.0 130
1731935822493 22380.1 131
1731935832576 22380.0 132
1731935842651 22380.0 133
1731935852732 22382.2 134
1731935862808 22382.1 135
1731935872905 22382.1 136
1731935882996 22387.5 137
1731935893078 22381.2 138
1731935903156 22381.2 139
1731935913229 22385.4 140
1731935923312 22385.4 141
1731935933392 22385.4 142
1731935943470 22385.4 143
1731935953552 22385.4 144
1731935963641 22385.4 145
1731935973709 22389.6 146
1731935983788 22403.5 147
1731935993883 22382.4 148
1731936003957 22382.4 149
1731936014044 22382.6 150
1731936024127 22379.1 151
1731936034221 22398.3 152
1731936044316 22392.2 153
1731936054404 22430.3 154
1731936064482 22380.3 155
1731936074566 22384.1 156
1731936084663 22382.5 157
1731936094760 22378.8 158
1731936104852 22371.8 159
1731936114951 22371.9 160
1731936125048 22371.8 161
1731936135134 22371.9 162
1731936145233 22371.8 163
1731936155313 22371.8 164
1731936165386 22371.9 165
1731936175459 22371.8 166
1731936185547 22371.8 167
1731936195619 22376.0 168
1731936205693 22387.7 169
1731936215762 22401.8 170
1731936225847 22390.1 171
1731936235926 22384.5 172
1731936246035 22380.2 173
1731936256129 22350.9 174
1731936266208 22358.1 175
1731936276323 22350.8 176
1731936286419 22350.7 177
1731936296508 22350.7 178
1731936306605 22350.7 179
1731936316693 22361.2 180
1731936326784 22376.9 181
1731936336843 22385.8 182
1731936346939 22438.5 183
1731936357041 22425.6 184
1731936367141 22393.3 185
1731936377229 22400.8 186
1731936387367 22419.4 187
1731936397481 22403.1 188
1731936407564 22400.3 189
1731936417629 22389.9 190
1731936427709 22391.2 191
1731936437798 22391.0 192
1731936447886 22377.0 193
1731936457982 22377.1 194
1731936468077 22377.0 195
1731936478159 22377.0 196
1731936488262 22377.0 197
1731936498355 22377.0 198
1731936508470 22377.0 199
1731936518545 22377.0 200
1731936528634 22377.0 201
1731936538728 22377.0 202
1731936548797 22377.1 203
1731936558887 22345.9 204
1731936568989 22337.7 205
1731936579082 22381.1 206
1731936589188 22462.3 207
1731936599281 22330.2 208
1731936609388 22612.5 209
1731936619484 22623.8 210
1731936629597 22374.3 211
1731936639695 22345.9 212
1731936649783 22355.2 213
1731936659866 22396.1 214
1731936669943 22359.0 215
1731936680041 22375.4 216
1731936690130 22417.2 217
1731936700214 22418.0 218
1731936710312 22513.6 219
1731936720415 22543.7 220
1731936730514 22489.6 221
1731936740623 22502.5 222
1731936750700 22496.5 223
1731936760800 22503.5 224
1731936770898 22493.1 225
1731936780992 22483.0 226
1731936791084 22483.2 227
1731936801192 22485.3 228
1731936811289 22485.1 229
1731936821377 22473.1 230
1731936831470 22478.5 231
1731936841566 22480.7 232
1731936851663 22485.4 233
1731936861748 22509.6 234
1731936871842 22515.9 235
1731936881949 22534.1 236
1731936892053 22541.4 237
1731936902123 22525.1 238
1731936912233 22523.7 239
1731936922321 22499.4 240
1731936932435 22515.1 241
1731936942507 22510.6 242
1731936952588 22502.9 243
1731936962662 22509.3 244
1731936972788 22511.7 245
1731936982883 22504.5 246
1731936992992 22463.6 247
1731937003100 22462.6 248
1731937013206 22462.6 249
1731937023315 22463.6 250
1731937033416 22462.6 251
1731937043523 22462.6 252
1731937053626 22462.6 253
1731937063731 22462.6 254
1731937073836 22462.6 255
1731937083933 22462.6 256
1731937094049 22462.6 257
1731937104145 22462.6 258
1731937114252 22462.6 259
1731937124365 22462.6 260
1731937134453 22462.6 261
1731937144557 22462.6 262
1731937154628 22462.6 263
1731937164722 22462.6 264
1731937174838 22462.6 265
1731937184938 22450.1 266
1731937195045 22370.8 267
1731937205148 22370.8 268
1731937215244 22370.8 269
1731937225366 22370.8 270
1731937235460 22370.8 271
1731937245569 22370.8 272
1731937255661 22370.8 273
1731937265757 22370.8 274
1731937275833 22370.8 275
1731937285912 22370.8 276
1731937296017 22363.4 277
1731937306109 22363.4 278
1731937316225 22363.4 279
1731937326326 22363.4 280
1731937336421 22363.4 281
1731937346525 22363.4 282
1731937356645 22363.4 283
1731937366747 22363.4 284
1731937376865 22363.4 285
1731937386958 22363.4 286
1731937397052 22363.4 287
1731937407142 22363.4 288
1731937417267 22365.5 289
1731937427363 22365.5 290
1731937437478 22365.5 291
1731937447547 22365.5 292
1731937457663 22365.5 293
1731937467770 22365.5 294
1731937477877 22365.5 295
1731937487946 22365.5 296
1731937498057 22365.5 297
1731937508160 22365.5 298
1731937518265 22365.5 299
1731937528370 22365.5 300
1731937538481 22365.5 301
1731937548575 22365.5 302
1731937558692 22365.5 303
1731937568809 22365.5 304
1731937578918 22365.5 305
1731937589019 22367.1 306
1731937599111 22373.5 307
1731937609215 22373.5 308
1731937619335 22380.9 309
1731937629439 22380.9 310
1731937639565 22380.9 311
1731937649668 22380.9 312
