1731934501813 0.0003460000000359287 0
1731934511863 0.03516100000001643 1
1731934521917 0.06358100000011291 2
1731934531982 0.0766679999999269 3
1731934542049 0.09033199999998942 4
1731934552105 0.10482200000001285 5
1731934562157 0.11163600000008955 6
1731934572212 0.1267649999999776 7
1731934582269 0.13507099999992533 8
1731934592326 0.15842300000008436 9
1731934602390 0.19398500000011154 10
1731934612464 0.24626600000010512 11
1731934622561 0.31593199999997523 12
1731934632627 0.33067000000005464 13
1731934642703 0.5722869999999602 14
1731934652772 2.094624000000067 15
1731934662833 2.21587999999997 16
1731934672908 2.3200050000000374 17
1731934682982 2.76166400000011 18
1731934693040 2.770819999999958 19
1731934703119 2.778197999999975 20
1731934713188 3.309300000000121 21
1731934723267 3.3449299999999766 22
1731934733335 3.3516950000000634 23
1731934743420 3.360795000000053 24
1731934753497 3.404753000000028 25
1731934763574 4.2882620000000315 26
1731934773638 4.397514000000001 27
1731934783717 8.273756999999932 28
1731934793797 16.274110000000064 29
1731934803882 25.387357000000065 30
1731934813948 31.226789000000053 31
1731934824031 38.781516999999894 32
1731934834113 48.91499900000008 33
1731934844195 63.05442100000005 34
1731934854265 76.95018499999992 35
1731934864345 83.78636400000005 36
1731934874403 89.07460500000002 37
1731934884472 93.24704900000006 38
1731934894542 93.49596500000007 39
1731934904622 107.56743099999994 40
1731934914687 109.13582300000007 41
1731934924751 109.144765 42
1731934934817 109.15168900000003 43
1731934944877 109.1596340000001 44
1731934954946 109.16843700000004 45
1731934965029 109.17595400000005 46
1731934975123 109.95401199999992 47
1731934985194 110.08885699999996 48
1731934995279 114.32595100000003 49
1731935005351 114.390038 50
1731935015436 114.64416800000004 51
1731935026007 115.14174200000002 52
1731935036089 115.15231399999993 53
1731935046186 115.16114500000003 54
1731935056265 115.16906999999992 55
1731935066342 115.41483599999992 56
1731935076410 116.64069399999994 57
1731935086475 117.53530799999999 58
1731935096554 117.54298599999993 59
1731935106619 119.67272900000012 60
1731935116679 120.77915499999995 61
1731935126766 120.7900340000001 62
1731935136850 122.08315599999992 63
1731935146924 123.083576 64
1731935157007 123.09225300000003 65
1731935167082 124.59060999999997 66
1731935177152 126.09391299999993 67
1731935187223 126.10157299999992 68
1731935197292 126.10792700000002 69
1731935207367 126.11552400000005 70
1731935217445 127.42949999999996 71
1731935227542 127.44692699999996 72
1731935237617 127.45429899999999 73
1731935247695 127.46956999999998 74
1731935257796 127.48768100000007 75
1731935267890 127.49454500000002 76
1731935277973 127.50188900000012 77
1731935288048 127.52214000000004 78
1731935298112 127.53707299999996 79
1731935308192 129.05067499999996 80
1731935318263 130.52869600000008 81
1731935328355 130.54195299999992 82
1731935338432 130.5593100000001 83
1731935348525 132.4546640000001 84
1731935358602 132.56696699999998 85
1731935368683 133.382885 86
1731935378766 133.48873400000002 87
1731935388842 133.5101830000001 88
1731935398917 133.57516099999998 89
1731935409010 133.64762900000005 90
1731935419099 133.66344800000002 91
1731935429181 133.95534399999997 92
1731935439262 133.96431200000006 93
1731935449340 134.89974200000006 94
1731935459413 134.907418 95
1731935469492 136.62703699999997 96
1731935479579 136.64059500000008 97
1731935489678 136.6733670000001 98
1731935499768 136.67987700000003 99
1731935509838 136.687001 100
1731935519923 136.74930300000005 101
1731935530014 136.764369 102
1731935540092 136.7735009999999 103
1731935550172 138.11376500000006 104
1731935560264 138.1215259999999 105
1731935570359 140.02303299999994 106
1731935580438 143.26776399999994 107
1731935590513 144.76488500000005 108
1731935600608 144.7716089999999 109
1731935610695 146.2920140000001 110
1731935620783 146.30739700000004 111
1731935630870 147.92231100000004 112
1731935640934 149.11879900000008 113
1731935651035 149.14569299999994 114
1731935661125 149.24520800000005 115
1731935671204 149.26231200000007 116
1731935681283 149.38911699999994 117
1731935691362 149.41369800000007 118
1731935701450 149.4344739999999 119
1731935711518 149.4506409999999 120
1731935721608 149.46854499999995 121
1731935731686 150.38319500000011 122
1731935741764 150.45836800000006 123
1731935751858 152.72385600000007 124
1731935761937 153.56843800000001 125
1731935772022 153.7736789999999 126
1731935782123 154.85267700000009 127
1731935792199 155.8424809999999 128
1731935802305 155.8547820000001 129
1731935812406 157.2977350000001 130
1731935822493 159.35229600000002 131
1731935832576 159.36141300000008 132
1731935842651 160.69118600000002 133
1731935852732 161.4134509999999 134
1731935862808 161.4295239999999 135
1731935872905 163.97584600000005 136
1731935882996 164.7494979999999 137
1731935893078 166.037063 138
1731935903156 167.209971 139
1731935913229 167.2198269999999 140
1731935923312 168.3346550000001 141
1731935933392 168.34246200000007 142
1731935943470 169.20446900000002 143
1731935953552 170.87894400000005 144
1731935963641 170.8925509999999 145
1731935973709 170.89950900000008 146
1731935983788 170.905849 147
1731935993883 170.92271600000004 148
1731936003957 170.936195 149
1731936014044 170.9663210000001 150
1731936024127 171.00780899999995 151
1731936034221 174.7393730000001 152
1731936044316 174.89171899999997 153
1731936054404 179.613873 154
1731936064482 182.83987500000012 155
1731936074566 185.50011500000005 156
1731936084663 187.7184689999999 157
1731936094760 190.3543790000001 158
1731936104852 196.00911799999994 159
1731936114951 199.9709949999999 160
1731936125048 203.73346300000003 161
1731936135134 203.74289399999998 162
1731936145233 203.7510360000001 163
1731936155313 203.7573359999999 164
1731936165386 203.7709279999999 165
1731936175459 203.77804700000002 166
1731936185547 203.79572000000007 167
1731936195619 203.8044299999999 168
1731936205693 203.88372000000004 169
1731936215762 203.98588799999993 170
1731936225847 204.030168 171
1731936235926 204.03736800000001 172
1731936246035 204.05094000000008 173
1731936256129 204.10791399999994 174
1731936266208 204.155119 175
1731936276323 204.16270800000007 176
1731936286419 204.17641600000002 177
1731936296508 204.1831669999999 178
1731936306605 204.19037900000012 179
1731936316693 204.37614899999994 180
1731936326784 204.3837410000001 181
1731936336843 204.40649899999994 182
1731936346939 209.59213799999998 183
1731936357041 211.97682600000007 184
1731936367141 211.9852370000001 185
1731936377229 215.0339570000001 186
1731936387367 217.56021899999996 187
1731936397481 217.98204299999998 188
1731936407564 222.41285900000003 189
1731936417629 224.25856199999998 190
1731936427709 226.04649500000005 191
1731936437798 227.70752900000002 192
1731936447886 229.33197799999994 193
1731936457982 231.01267200000007 194
1731936468077 233.01745299999993 195
1731936478159 233.02532799999994 196
1731936488262 233.64821499999994 197
1731936498355 234.52763000000004 198
1731936508470 234.53559100000007 199
1731936518545 236.46953699999995 200
1731936528634 238.56445499999995 201
1731936538728 238.83258100000012 202
1731936548797 240.1472040000001 203
1731936558887 241.7539280000001 204
1731936568989 242.07897900000012 205
1731936579082 243.47149600000012 206
1731936589188 245.32050000000004 207
1731936599281 246.63482199999999 208
1731936609388 247.1982519999999 209
1731936619484 248.2350590000001 210
1731936629597 249.68445999999994 211
1731936639695 249.7171229999999 212
1731936649783 250.9578429999999 213
1731936659866 253.53208599999994 214
1731936669943 253.55805600000008 215
1731936680041 255.91319 216
1731936690130 257.685831 217
1731936700214 257.7291560000001 218
1731936710312 260.03495999999996 219
1731936720415 261.6404520000001 220
1731936730514 263.0590870000001 221
1731936740623 270.21070699999996 222
1731936750700 271.2538139999999 223
1731936760800 272.5506700000001 224
1731936770898 274.2111500000001 225
1731936780992 274.21759799999995 226
1731936791084 274.22695799999997 227
1731936801192 274.2415209999999 228
1731936811289 274.25019900000007 229
1731936821377 274.26820599999996 230
1731936831470 275.937269 231
1731936841566 275.950237 232
1731936851663 277.42050599999993 233
1731936861748 279.2173640000001 234
1731936871842 279.2510380000001 235
1731936881949 281.435391 236
1731936892053 285.7664030000001 237
1731936902123 288.13727900000004 238
1731936912233 292.122936 239
1731936922321 293.80748199999994 240
1731936932435 293.81454800000006 241
1731936942507 295.6465210000001 242
1731936952588 295.65358100000003 243
1731936962662 297.9774339999999 244
1731936972788 299.07612700000004 245
1731936982883 299.09301099999993 246
1731936992992 299.128547 247
1731937003100 299.1509659999999 248
1731937013206 299.17927800000007 249
1731937023315 299.2843720000001 250
1731937033416 299.2921349999999 251
1731937043523 299.31022099999996 252
1731937053626 299.32076400000005 253
1731937063731 299.3374880000001 254
1731937073836 299.34737100000007 255
1731937083933 299.36312399999997 256
1731937094049 299.37267399999996 257
1731937104145 299.3818020000001 258
1731937114252 299.3919639999999 259
1731937124365 299.40077599999995 260
1731937134453 299.4105119999999 261
1731937144557 299.4280349999999 262
1731937154628 299.43681100000003 263
1731937164722 299.44490599999995 264
1731937174838 299.45342200000005 265
1731937184938 299.46129300000007 266
1731937195045 299.47164799999996 267
1731937205148 299.48083799999995 268
1731937215244 299.48972200000003 269
1731937225366 299.5065420000001 270
1731937235460 299.51492299999995 271
1731937245569 299.5225909999999 272
1731937255661 299.5315109999999 273
1731937265757 299.5403409999999 274
1731937275833 299.548538 275
1731937285912 299.55910399999993 276
1731937296017 299.5688540000001 277
1731937306109 299.58454200000006 278
1731937316225 299.59417600000006 279
1731937326326 299.696003 280
1731937336421 299.70350800000006 281
1731937346525 299.71245799999997 282
1731937356645 299.7219520000001 283
1731937366747 299.7447870000001 284
1731937376865 299.754592 285
1731937386958 299.77254300000004 286
1731937397052 299.77960800000005 287
1731937407142 299.78815499999996 288
1731937417267 299.7979110000001 289
1731937427363 299.8060700000001 290
1731937437478 299.815247 291
1731937447547 299.824214 292
1731937457663 299.833519 293
1731937467770 299.8591530000001 294
1731937477877 299.86768699999993 295
1731937487946 299.87637799999993 296
1731937498057 299.88367199999993 297
1731937508160 299.8926060000001 298
1731937518265 299.90237 299
1731937528370 299.91325600000005 300
1731937538481 299.924712 301
1731937548575 299.94440299999997 302
1731937558692 299.95166500000005 303
1731937568809 299.9607269999999 304
1731937578918 299.969515 305
1731937589019 299.97720000000004 306
1731937599111 299.98880299999996 307
1731937609215 299.99776799999995 308
1731937619335 300.013954 309
1731937629439 300.09647399999994 310
1731937639565 300.10618 311
1731937649668 300.1135220000001 312
