1731934501813 0.00034600000000040154 0
1731934511863 0.02764100000000269 1
1731934521917 0.054608000000001766 2
1731934531982 0.06769700000000256 3
1731934542049 0.0812310000000025 4
1731934552105 0.09566099999999977 5
1731934562157 0.1023270000000025 6
1731934572212 0.11746000000000123 7
1731934582269 0.12574800000000153 8
1731934592326 0.14287999999999812 9
1731934602390 0.1788349999999994 10
1731934612464 0.22986099999999965 11
1731934622561 0.25431199999999876 12
1731934632627 0.268892000000001 13
1731934642703 0.31270800000000065 14
1731934652772 0.3403509999999983 15
1731934662833 0.46440600000000387 16
1731934672908 0.5644229999999979 17
1731934682982 1.004476000000004 18
1731934693040 1.0132779999999997 19
1731934703119 1.0207219999999992 20
1731934713188 1.5518179999999973 21
1731934723267 1.586309 22
1731934733335 1.5929009999999977 23
1731934743420 1.6061770000000024 24
1731934753497 1.6421410000000023 25
1731934763574 1.775745999999998 26
1731934773638 1.8657090000000025 27
1731934783717 2.013938000000003 28
1731934793797 2.1548289999999994 29
1731934803882 2.2203170000000014 30
1731934813948 2.3508190000000013 31
1731934824031 2.6213690000000014 32
1731934834113 2.7323829999999987 33
1731934844195 2.8142619999999994 34
1731934854265 2.8967209999999994 35
1731934864345 3.067349 36
1731934874403 3.158631999999997 37
1731934884472 3.253453999999998 38
1731934894542 3.3962000000000003 39
1731934904622 17.450632999999996 40
1731934914687 18.979532000000006 41
1731934924751 18.988388 42
1731934934817 18.995252000000008 43
1731934944877 19.003183000000007 44
1731934954946 19.011983999999998 45
1731934965029 19.022755000000004 46
1731934975123 19.81474 47
1731934985194 19.955044 48
1731934995279 24.190420000000003 49
1731935005351 24.253714000000002 50
1731935015436 24.507723999999996 51
1731935026007 25.005238000000006 52
1731935036089 25.018373999999994 53
1731935046186 25.027292000000003 54
1731935056265 25.035156999999998 55
1731935066342 25.058312 56
1731935076410 25.080926000000005 57
1731935086475 25.106704000000008 58
1731935096554 25.113988000000006 59
1731935106619 25.149647 60
1731935116679 25.169141999999994 61
1731935126766 25.180840000000003 62
1731935136850 25.200543999999994 63
1731935146924 25.224276000000003 64
1731935157007 25.232461999999998 65
1731935167082 25.254982999999996 66
1731935177152 25.284938999999994 67
1731935187223 25.292437000000007 68
1731935197292 25.298654999999997 69
1731935207367 25.309758000000002 70
1731935217445 25.348765 71
1731935227542 25.361962000000005 72
1731935237617 25.369248 73
1731935247695 25.383165000000005 74
1731935257796 25.401176000000007 75
1731935267890 25.407961999999998 76
1731935277973 25.415194 77
1731935288048 25.434207 78
1731935298112 25.444327 79
1731935308192 25.480230000000006 80
1731935318263 25.507822000000004 81
1731935328355 25.525416000000007 82
1731935338432 25.538256000000004 83
1731935348525 25.652296000000007 84
1731935358602 25.686588 85
1731935368683 25.776781 86
1731935378766 25.793131000000002 87
1731935388842 25.806595 88
1731935398917 25.819545000000005 89
1731935409010 25.839700000000008 90
1731935419099 25.852010000000007 91
1731935429181 25.868261000000004 92
1731935439262 25.878068999999996 93
1731935449340 25.909413999999998 94
1731935459413 25.917023 95
1731935469492 25.979944000000003 96
1731935479579 25.999587000000005 97
1731935489678 26.010756 98
1731935499768 26.017283000000006 99
1731935509838 26.024287 100
1731935519923 26.037172999999996 101
1731935530014 26.054119999999998 102
1731935540092 26.062146999999996 103
1731935550172 26.094293000000008 104
1731935560264 26.104416999999998 105
1731935570359 26.136707 106
1731935580438 26.171048 107
1731935590513 26.210344000000006 108
1731935600608 26.216814 109
1731935610695 26.245154999999997 110
1731935620783 26.256645000000006 111
1731935630870 26.278413999999998 112
1731935640934 26.297472 113
1731935651035 26.324754999999996 114
1731935661125 26.423682999999997 115
1731935671204 26.441837000000007 116
1731935681283 26.576966999999996 117
1731935691362 26.591787999999994 118
1731935701450 26.605981 119
1731935711518 26.618899 120
1731935721608 26.640052999999995 121
1731935731686 26.669855 122
1731935741764 26.679069999999996 123
1731935751858 26.715314000000006 124
1731935761937 26.742772000000002 125
1731935772022 26.754835999999997 126
1731935782123 26.778819999999996 127
1731935792199 26.797587000000007 128
1731935802305 26.815202 129
1731935812406 26.836431000000005 130
1731935822493 26.872580999999997 131
1731935832576 26.881760999999997 132
1731935842651 26.913094 133
1731935852732 26.939477999999994 134
1731935862808 26.950666999999996 135
1731935872905 26.981520000000003 136
1731935882996 27.005949 137
1731935893078 27.024006999999997 138
1731935903156 27.043852 139
1731935913229 27.051523000000003 140
1731935923312 27.081554999999994 141
1731935933392 27.088758999999996 142
1731935943470 27.110647 143
1731935953552 27.13745 144
1731935963641 27.153053999999997 145
1731935973709 27.159824 146
1731935983788 27.166026000000002 147
1731935993883 27.181022999999996 148
1731936003957 27.195730999999995 149
1731936014044 27.218417000000002 150
1731936024127 27.246547000000007 151
1731936034221 27.329527 152
1731936044316 27.342617000000004 153
1731936054404 27.470354 154
1731936064482 27.527020000000007 155
1731936074566 27.573530000000005 156
1731936084663 27.626542999999998 157
1731936094760 27.666634000000002 158
1731936104852 27.742086 159
1731936114951 27.790664000000007 160
1731936125048 27.850255000000004 161
1731936135134 27.8596 162
1731936145233 27.867447999999996 163
1731936155313 27.873748000000006 164
1731936165386 27.892297999999997 165
1731936175459 27.899344 166
1731936185547 27.911174000000003 167
1731936195619 27.919729000000004 168
1731936205693 27.941956000000005 169
1731936215762 27.965436999999994 170
1731936225847 28.002430000000004 171
1731936235926 28.009569999999997 172
1731936246035 28.034429000000003 173
1731936256129 28.046408999999997 174
1731936266208 28.065871 175
1731936276323 28.073217 176
1731936286419 28.092101999999997 177
1731936296508 28.098616000000007 178
1731936306605 28.105401999999998 179
1731936316693 28.139824000000004 180
1731936326784 28.147461000000007 181
1731936336843 28.163436000000004 182
1731936346939 28.294516 183
1731936357041 28.339011 184
1731936367141 28.348546 185
1731936377229 28.403914999999998 186
1731936387367 28.450410000000005 187
1731936397481 28.480754000000005 188
1731936407564 28.649499000000006 189
1731936417629 28.687647 190
1731936427709 28.718028000000004 191
1731936437798 28.750995000000003 192
1731936447886 28.774442000000008 193
1731936457982 28.811280999999994 194
1731936468077 28.836956 195
1731936478159 28.846396 196
1731936488262 28.864621999999997 197
1731936498355 28.895139 198
1731936508470 28.902401999999995 199
1731936518545 28.950153999999998 200
1731936528634 28.991132000000007 201
1731936538728 29.001453999999995 202
1731936548797 29.030028 203
1731936558887 29.090393000000006 204
1731936568989 29.104820000000004 205
1731936579082 29.132866000000007 206
1731936589188 29.273058000000006 207
1731936599281 29.317684999999997 208
1731936609388 29.391920999999996 209
1731936619484 29.569826000000006 210
1731936629597 29.608777000000003 211
1731936639695 29.637035999999995 212
1731936649783 29.662554 213
1731936659866 29.756614 214
1731936669943 29.771663000000004 215
1731936680041 29.810776000000004 216
1731936690130 29.840444000000005 217
1731936700214 29.875586 218
1731936710312 29.921825 219
1731936720415 30.473898000000005 220
1731936730514 30.499173 221
1731936740623 30.593424 222
1731936750700 30.623174000000006 223
1731936760800 30.659276000000006 224
1731936770898 30.684562999999997 225
1731936780992 30.690967999999998 226
1731936791084 30.699968999999996 227
1731936801192 30.717608999999996 228
1731936811289 30.726138000000006 229
1731936821377 30.739849000000007 230
1731936831470 30.771311999999995 231
1731936841566 30.785646 232
1731936851663 30.816232 233
1731936861748 30.845905000000002 234
1731936871842 30.859246 235
1731936881949 30.907650000000004 236
1731936892053 30.960449999999994 237
1731936902123 31.003079 238
1731936912233 31.064706 239
1731936922321 31.098876000000004 240
1731936932435 31.105744 241
1731936942507 31.134758000000005 242
1731936952588 31.145229 243
1731936962662 31.192541000000006 244
1731936972788 31.214129999999997 245
1731936982883 31.226960000000005 246
1731936992992 31.281878000000006 247
1731937003100 31.296437999999995 248
1731937013206 31.315646 249
1731937023315 31.355494000000007 250
1731937033416 31.363111000000004 251
1731937043523 31.382288000000003 252
1731937053626 31.393539000000004 253
1731937063731 31.405310999999998 254
1731937073836 31.414722999999995 255
1731937083933 31.430403999999996 256
1731937094049 31.438523000000004 257
1731937104145 31.447530999999998 258
1731937114252 31.457015999999996 259
1731937124365 31.468575 260
1731937134453 31.477442999999994 261
1731937144557 31.490748999999994 262
1731937154628 31.499421999999996 263
1731937164722 31.507457000000002 264
1731937174838 31.515845999999996 265
1731937184938 31.522745999999998 266
1731937195045 31.532494999999997 267
1731937205148 31.540955999999994 268
1731937215244 31.549694000000002 269
1731937225366 31.562058000000007 270
1731937235460 31.570456000000007 271
1731937245569 31.581326000000004 272
1731937255661 31.590227999999996 273
1731937265757 31.598583000000005 274
1731937275833 31.606676000000007 275
1731937285912 31.615831999999997 276
1731937296017 31.624738000000008 277
1731937306109 31.636115000000004 278
1731937316225 31.645184 279
1731937326326 31.683475 280
1731937336421 31.69086 281
1731937346525 31.699742 282
1731937356645 31.709293000000002 283
1731937366747 31.724526999999995 284
1731937376865 31.733143999999996 285
1731937386958 31.746532000000002 286
1731937397052 31.753112 287
1731937407142 31.761724 288
1731937417267 31.771078000000003 289
1731937427363 31.778783000000004 290
1731937437478 31.786745999999994 291
1731937447547 31.795538000000008 292
1731937457663 31.804621999999995 293
1731937467770 31.822457 294
1731937477877 31.830945999999997 295
1731937487946 31.842901999999995 296
1731937498057 31.850105999999997 297
1731937508160 31.858103 298
1731937518265 31.867377000000005 299
1731937528370 31.874911999999995 300
1731937538481 31.883684000000002 301
1731937548575 31.896504000000007 302
1731937558692 31.903400000000005 303
1731937568809 31.911952 304
1731937578918 31.920091 305
1731937589019 31.927902000000003 306
1731937599111 31.939542000000003 307
1731937609215 31.950841999999994 308
1731937619335 31.964406999999994 309
1731937629439 31.990167999999997 310
1731937639565 31.999046000000007 311
1731937649668 32.006266999999994 312
