1731934501813 31.4 0
1731934511863 61.4 1
1731934521917 67.2 2
1731934531982 72.7 3
1731934542049 78.0 4
1731934552105 82.6 5
1731934562157 90.0 6
1731934572212 72.4 7
1731934582269 71.5 8
1731934592326 49.3 9
1731934602390 54.3 10
1731934612464 59.8 11
1731934622561 65.5 12
1731934632627 78.9 13
1731934642703 69.1 14
1731934652772 69.4 15
1731934662833 48.8 16
1731934672908 54.0 17
1731934682982 59.1 18
1731934693040 63.8 19
1731934703119 71.6 20
1731934713188 68.2 21
1731934723267 69.3 22
1731934733335 48.4 23
1731934743420 53.5 24
1731934753497 58.1 25
1731934763574 63.1 26
1731934773638 67.8 27
1731934783717 66.8 28
1731934793797 67.5 29
1731934803882 45.9 30
1731934813948 49.7 31
1731934824031 54.1 32
1731934834113 58.4 33
1731934844195 61.9 34
1731934854265 65.8 35
1731934864345 69.4 36
1731934874403 67.0 37
1731934884472 67.6 38
1731934894542 47.5 39
1731934904622 51.7 40
1731934914687 54.3 41
1731934924751 58.2 42
1731934934817 61.8 43
1731934944877 65.6 44
1731934954946 66.1 45
1731934965029 70.2 46
1731934975123 45.1 47
1731934985194 47.3 48
1731934995279 51.4 49
1731935005351 55.3 50
1731935015436 59.5 51
1731935026007 63.6 52
1731935036089 67.8 53
1731935046186 66.2 54
1731935056265 66.0 55
1731935066342 47.7 56
1731935076410 51.5 57
1731935086475 56.0 58
1731935096554 60.2 59
1731935106619 64.5 60
1731935116679 66.9 61
1731935126766 66.9 62
1731935136850 45.4 63
1731935146924 46.8 64
1731935157007 53.1 65
1731935167082 56.1 66
1731935177152 60.5 67
1731935187223 65.0 68
1731935197292 79.7 69
1731935207367 70.0 70
1731935217445 68.6 71
1731935227542 47.6 72
1731935237617 48.9 73
1731935247695 52.5 74
1731935257796 54.6 75
1731935267890 58.2 76
1731935277973 61.9 77
1731935288048 65.9 78
1731935298112 68.0 79
1731935308192 70.5 80
1731935318263 68.6 81
1731935328355 48.9 82
1731935338432 50.7 83
1731935348525 54.1 84
1731935358602 57.7 85
1731935368683 61.2 86
1731935378766 63.9 87
1731935388842 66.2 88
1731935398917 70.8 89
1731935409010 67.6 90
1731935419099 46.4 91
1731935429181 49.7 92
1731935439262 52.7 93
1731935449340 54.6 94
1731935459413 58.8 95
1731935469492 59.7 96
1731935479579 60.2 97
1731935489678 64.3 98
1731935499768 68.0 99
1731935509838 71.2 100
1731935519923 69.1 101
1731935530014 47.4 102
1731935540092 48.9 103
1731935550172 52.7 104
1731935560264 56.5 105
1731935570359 60.9 106
1731935580438 65.2 107
1731935590513 67.1 108
1731935600608 70.7 109
1731935610695 69.6 110
1731935620783 71.1 111
1731935630870 50.3 112
1731935640934 54.0 113
1731935651035 57.2 114
1731935661125 59.4 115
1731935671204 63.7 116
1731935681283 69.2 117
1731935691362 68.5 118
1731935701450 72.6 119
1731935711518 49.3 120
1731935721608 54.3 121
1731935731686 57.2 122
1731935741764 59.0 123
1731935751858 61.5 124
1731935761937 66.2 125
1731935772022 69.1 126
1731935782123 72.8 127
1731935792199 70.5 128
1731935802305 72.9 129
1731935812406 50.8 130
1731935822493 54.9 131
1731935832576 53.8 132
1731935842651 60.6 133
1731935852732 62.5 134
1731935862808 66.2 135
1731935872905 90.5 136
1731935882996 70.0 137
1731935893078 70.6 138
1731935903156 49.8 139
1731935913229 53.1 140
1731935923312 57.3 141
1731935933392 61.1 142
1731935943470 64.3 143
1731935953552 67.8 144
1731935963641 70.2 145
1731935973709 70.2 146
1731935983788 48.6 147
1731935993883 51.4 148
1731936003957 55.2 149
1731936014044 56.5 150
1731936024127 58.7 151
1731936034221 60.7 152
1731936044316 64.9 153
1731936054404 66.6 154
1731936064482 74.8 155
1731936074566 69.6 156
1731936084663 73.4 157
1731936094760 48.2 158
1731936104852 50.8 159
1731936114951 53.6 160
1731936125048 56.0 161
1731936135134 57.2 162
1731936145233 62.2 163
1731936155313 61.4 164
1731936165386 63.0 165
1731936175459 66.0 166
1731936185547 68.9 167
1731936195619 70.4 168
1731936205693 70.8 169
1731936215762 49.1 170
1731936225847 51.5 171
1731936235926 53.8 172
1731936246035 55.4 173
1731936256129 60.6 174
1731936266208 63.3 175
1731936276323 66.8 176
1731936286419 69.8 177
1731936296508 70.0 178
1731936306605 69.7 179
1731936316693 50.2 180
1731936326784 52.3 181
1731936336843 54.2 182
1731936346939 55.8 183
1731936357041 59.3 184
1731936367141 62.7 185
1731936377229 66.5 186
1731936387367 69.9 187
1731936397481 91.4 188
1731936407564 71.2 189
1731936417629 73.2 190
1731936427709 50.6 191
1731936437798 52.5 192
1731936447886 54.7 193
1731936457982 61.1 194
1731936468077 61.1 195
1731936478159 63.8 196
1731936488262 64.9 197
1731936498355 67.8 198
1731936508470 89.4 199
1731936518545 73.2 200
1731936528634 70.4 201
1731936538728 50.5 202
1731936548797 52.3 203
1731936558887 55.3 204
1731936568989 58.8 205
1731936579082 62.3 206
1731936589188 61.1 207
1731936599281 66.4 208
1731936609388 69.0 209
1731936619484 71.9 210
1731936629597 71.4 211
1731936639695 49.9 212
1731936649783 54.1 213
1731936659866 57.2 214
1731936669943 61.1 215
1731936680041 64.5 216
1731936690130 67.9 217
1731936700214 70.2 218
1731936710312 71.0 219
1731936720415 75.5 220
1731936730514 46.0 221
1731936740623 54.1 222
1731936750700 56.0 223
1731936760800 57.0 224
1731936770898 59.9 225
1731936780992 62.8 226
1731936791084 65.8 227
1731936801192 67.5 228
1731936811289 69.6 229
1731936821377 70.7 230
1731936831470 71.5 231
1731936841566 72.0 232
1731936851663 52.0 233
1731936861748 54.4 234
1731936871842 55.6 235
1731936881949 57.2 236
1731936892053 61.1 237
1731936902123 63.9 238
1731936912233 67.9 239
1731936922321 64.1 240
1731936932435 71.2 241
1731936942507 72.1 242
1731936952588 49.6 243
1731936962662 51.5 244
1731936972788 53.3 245
1731936982883 55.2 246
1731936992992 53.6 247
1731937003100 60.4 248
1731937013206 64.1 249
1731937023315 58.7 250
1731937033416 66.8 251
1731937043523 68.6 252
1731937053626 69.8 253
1731937063731 72.6 254
1731937073836 49.3 255
1731937083933 53.0 256
1731937094049 54.9 257
1731937104145 56.7 258
1731937114252 58.3 259
1731937124365 60.7 260
1731937134453 64.1 261
1731937144557 67.7 262
1731937154628 70.0 263
1731937164722 69.2 264
1731937174838 69.8 265
1731937184938 49.2 266
1731937195045 51.3 267
1731937205148 54.8 268
1731937215244 56.4 269
1731937225366 58.7 270
1731937235460 62.2 271
1731937245569 66.7 272
1731937255661 74.3 273
1731937265757 69.9 274
1731937275833 73.5 275
1731937285912 49.1 276
1731937296017 51.6 277
1731937306109 53.7 278
1731937316225 57.4 279
1731937326326 60.0 280
1731937336421 62.0 281
1731937346525 63.9 282
1731937356645 66.0 283
1731937366747 70.3 284
1731937376865 70.4 285
1731937386958 73.5 286
1731937397052 51.5 287
1731937407142 55.8 288
1731937417267 58.5 289
1731937427363 62.6 290
1731937437478 66.7 291
1731937447547 69.3 292
1731937457663 70.5 293
1731937467770 70.9 294
1731937477877 48.6 295
1731937487946 52.6 296
1731937498057 56.1 297
1731937508160 59.8 298
1731937518265 66.0 299
1731937528370 65.5 300
1731937538481 74.4 301
1731937548575 71.5 302
1731937558692 71.0 303
1731937568809 49.1 304
1731937578918 53.2 305
1731937589019 55.2 306
1731937599111 57.0 307
1731937609215 59.8 308
1731937619335 64.8 309
1731937629439 67.8 310
1731937639565 69.3 311
1731937649668 71.4 312
