1731934501813 10538.0 0
1731934511863 20607.1 1
1731934521917 22551.9 2
1731934531982 24401.9 3
1731934542049 26176.6 4
1731934552105 27699.3 5
1731934562157 30194.3 6
1731934572212 24304.0 7
1731934582269 23995.6 8
1731934592326 16524.7 9
1731934602390 18201.7 10
1731934612464 20056.0 11
1731934622561 21964.4 12
1731934632627 26466.0 13
1731934642703 23182.1 14
1731934652772 23293.5 15
1731934662833 16388.3 16
1731934672908 18102.5 17
1731934682982 19830.5 18
1731934693040 21412.5 19
1731934703119 24035.3 20
1731934713188 22879.9 21
1731934723267 23254.5 22
1731934733335 16222.4 23
1731934743420 17955.3 24
1731934753497 19496.6 25
1731934763574 21156.8 26
1731934773638 22748.5 27
1731934783717 22424.4 28
1731934793797 22643.7 29
1731934803882 15397.4 30
1731934813948 16680.6 31
1731934824031 18159.9 32
1731934834113 19593.9 33
1731934844195 20773.0 34
1731934854265 22091.3 35
1731934864345 23287.4 36
1731934874403 22479.0 37
1731934884472 22672.2 38
1731934894542 15934.3 39
1731934904622 17336.1 40
1731934914687 18219.8 41
1731934924751 19529.3 42
1731934934817 20725.9 43
1731934944877 22010.3 44
1731934954946 22187.5 45
1731934965029 23564.7 46
1731934975123 15116.9 47
1731934985194 15871.6 48
1731934995279 17229.9 49
1731935005351 18539.6 50
1731935015436 19961.6 51
1731935026007 21334.1 52
1731935036089 22736.3 53
1731935046186 22204.4 54
1731935056265 22131.5 55
1731935066342 16015.2 56
1731935076410 17283.9 57
1731935086475 18779.6 58
1731935096554 20191.8 59
1731935106619 21644.7 60
1731935116679 22443.1 61
1731935126766 22460.1 62
1731935136850 15219.2 63
1731935146924 15684.4 64
1731935157007 17828.5 65
1731935167082 18815.1 66
1731935177152 20304.2 67
1731935187223 21803.5 68
1731935197292 26722.6 69
1731935207367 23497.8 70
1731935217445 23027.7 71
1731935227542 15954.1 72
1731935237617 16389.4 73
1731935247695 17614.5 74
1731935257796 18309.4 75
1731935267890 19525.6 76
1731935277973 20773.3 77
1731935288048 22123.0 78
1731935298112 22820.0 79
1731935308192 23666.9 80
1731935318263 23013.9 81
1731935328355 16413.6 82
1731935338432 17021.3 83
1731935348525 18141.6 84
1731935358602 19371.8 85
1731935368683 20516.1 86
1731935378766 21424.1 87
1731935388842 22199.0 88
1731935398917 23744.0 89
1731935409010 22664.8 90
1731935419099 15551.5 91
1731935429181 16683.8 92
1731935439262 17689.1 93
1731935449340 18329.3 94
1731935459413 19717.6 95
1731935469492 20044.5 96
1731935479579 20207.5 97
1731935489678 21563.3 98
1731935499768 22817.8 99
1731935509838 23884.1 100
1731935519923 23186.9 101
1731935530014 15904.7 102
1731935540092 16415.5 103
1731935550172 17670.0 104
1731935560264 18961.5 105
1731935570359 20442.5 106
1731935580438 21879.4 107
1731935590513 22499.9 108
1731935600608 23735.4 109
1731935610695 23360.2 110
1731935620783 23868.0 111
1731935630870 16879.2 112
1731935640934 18101.1 113
1731935651035 19174.5 114
1731935661125 19943.8 115
1731935671204 21363.2 116
1731935681283 23222.1 117
1731935691362 22991.5 118
1731935701450 24363.1 119
1731935711518 16547.2 120
1731935721608 18216.1 121
1731935731686 19198.0 122
1731935741764 19795.2 123
1731935751858 20633.5 124
1731935761937 22195.9 125
1731935772022 23193.6 126
1731935782123 24420.8 127
1731935792199 23641.1 128
1731935802305 24459.6 129
1731935812406 17029.2 130
1731935822493 18417.3 131
1731935832576 18034.5 132
1731935842651 20331.4 133
1731935852732 20978.5 134
1731935862808 22211.8 135
1731935872905 30376.3 136
1731935882996 23468.5 137
1731935893078 23675.3 138
1731935903156 16708.6 139
1731935913229 17814.7 140
1731935923312 19228.9 141
1731935933392 20503.4 142
1731935943470 21582.8 143
1731935953552 22750.6 144
1731935963641 23555.4 145
1731935973709 23563.2 146
1731935983788 16315.6 147
1731935993883 17234.0 148
1731936003957 18515.6 149
1731936014044 18962.1 150
1731936024127 19678.6 151
1731936034221 20347.9 152
1731936044316 21776.9 153
1731936054404 22342.8 154
1731936064482 25105.0 155
1731936074566 23355.8 156
1731936084663 24612.3 157
1731936094760 16171.0 158
1731936104852 17050.0 159
1731936114951 17986.5 160
1731936125048 18799.0 161
1731936135134 19200.9 162
1731936145233 20851.2 163
1731936155313 20608.8 164
1731936165386 21121.6 165
1731936175459 22129.3 166
1731936185547 23116.3 167
1731936195619 23609.5 168
1731936205693 23765.4 169
1731936215762 16481.2 170
1731936225847 17262.0 171
1731936235926 18054.5 172
1731936246035 18592.0 173
1731936256129 20336.1 174
1731936266208 21251.3 175
1731936276323 22426.0 176
1731936286419 23415.1 177
1731936296508 23494.4 178
1731936306605 23385.0 179
1731936316693 16832.5 180
1731936326784 17532.9 181
1731936336843 18171.0 182
1731936346939 18728.7 183
1731936357041 19887.4 184
1731936367141 21021.0 185
1731936377229 22302.0 186
1731936387367 23453.0 187
1731936397481 30649.5 188
1731936407564 23900.3 189
1731936417629 24568.0 190
1731936427709 16974.0 191
1731936437798 17621.7 192
1731936447886 18345.2 193
1731936457982 20500.8 194
1731936468077 20513.8 195
1731936478159 21408.1 196
1731936488262 21763.4 197
1731936498355 22752.6 198
1731936508470 29976.5 199
1731936518545 24543.5 200
1731936528634 23608.2 201
1731936538728 16927.1 202
1731936548797 17546.7 203
1731936558887 18550.7 204
1731936568989 19730.5 205
1731936579082 20886.3 206
1731936589188 20484.5 207
1731936599281 22270.7 208
1731936609388 23144.7 209
1731936619484 24123.9 210
1731936629597 23950.1 211
1731936639695 16735.9 212
1731936649783 18166.5 213
1731936659866 19184.1 214
1731936669943 20497.2 215
1731936680041 21643.5 216
1731936690130 22789.9 217
1731936700214 23546.9 218
1731936710312 23819.1 219
1731936720415 25337.4 220
1731936730514 15417.4 221
1731936740623 18150.4 222
1731936750700 18801.3 223
1731936760800 19127.2 224
1731936770898 20080.2 225
1731936780992 21083.3 226
1731936791084 22084.7 227
1731936801192 22643.4 228
1731936811289 23357.6 229
1731936821377 23711.2 230
1731936831470 23999.4 231
1731936841566 24148.3 232
1731936851663 17456.7 233
1731936861748 18261.1 234
1731936871842 18668.1 235
1731936881949 19184.2 236
1731936892053 20507.2 237
1731936902123 21437.1 238
1731936912233 22790.4 239
1731936922321 21500.8 240
1731936932435 23894.7 241
1731936942507 24180.3 242
1731936952588 16636.1 243
1731936962662 17269.1 244
1731936972788 17896.9 245
1731936982883 18525.5 246
1731936992992 17996.0 247
1731937003100 20279.7 248
1731937013206 21521.5 249
1731937023315 19694.2 250
1731937033416 22396.6 251
1731937043523 23007.5 252
1731937053626 23401.4 253
1731937063731 24346.2 254
1731937073836 16551.7 255
1731937083933 17772.2 256
1731937094049 18421.4 257
1731937104145 19012.8 258
1731937114252 19563.0 259
1731937124365 20375.8 260
1731937134453 21489.7 261
1731937144557 22700.7 262
1731937154628 23498.1 263
1731937164722 23227.8 264
1731937174838 23401.4 265
1731937184938 16508.1 266
1731937195045 17212.6 267
1731937205148 18396.7 268
1731937215244 18909.6 269
1731937225366 19694.9 270
1731937235460 20875.4 271
1731937245569 22381.1 272
1731937255661 24924.7 273
1731937265757 23442.5 274
1731937275833 24661.1 275
1731937285912 16458.4 276
1731937296017 17297.8 277
1731937306109 18028.5 278
1731937316225 19259.7 279
1731937326326 20143.2 280
1731937336421 20814.0 281
1731937346525 21432.0 282
1731937356645 22156.9 283
1731937366747 23576.0 284
1731937376865 23610.9 285
1731937386958 24644.0 286
1731937397052 17284.6 287
1731937407142 18735.2 288
1731937417267 19612.6 289
1731937427363 21002.4 290
1731937437478 22361.4 291
1731937447547 23247.2 292
1731937457663 23654.5 293
1731937467770 23783.2 294
1731937477877 16299.7 295
1731937487946 17662.8 296
1731937498057 18806.7 297
1731937508160 20048.0 298
1731937518265 22142.0 299
1731937528370 21963.8 300
1731937538481 24971.5 301
1731937548575 23972.7 302
1731937558692 23803.9 303
1731937568809 16456.1 304
1731937578918 17847.2 305
1731937589019 18522.8 306
1731937599111 19130.5 307
1731937609215 20070.1 308
1731937619335 21737.1 309
1731937629439 22746.6 310
1731937639565 23251.1 311
1731937649668 23952.2 312
