1731061595128 0.3668619791666667 6144
1731061683118 0.2802734375 9216
1731061771065 0.16608072916666666 12288
1731061864343 0.2639973958333333 15360
1731061962662 0.1126953125 18432
1731062065702 0.0326171875 21504
1731062174210 0.06666666666666667 24576
1731062272662 0.07819010416666666 27648
1731062361322 0.090234375 30720
1731062459373 0.09557291666666666 33792
1731062537275 0.153515625 36864
1731062633540 0.22955729166666666 39936
1731062749000 0.250390625 43008
1731062845618 0.3455078125 46080
1731062955928 0.20826822916666668 49152
1731063050557 0.3390625 52224
1731063150949 0.2862630208333333 55296
1731063295007 0.3580729166666667 58368
1731063473604 0.278515625 61440
1731063600073 0.19244791666666666 64512
1731063703430 0.0865234375 67584
1731063794640 0.07701822916666666 70656
1731063915571 0.26907552083333336 73728
1731064032891 0.06321614583333333 76800
1731064149907 0.13020833333333334 79872
1731064249855 0.08658854166666667 82944
1731064358632 0.171484375 86016
1731064489748 0.0748046875 89088
1731064607438 0.2833333333333333 92160
1731064742040 0.10865885416666667 95232
1731064865489 0.065625 98304
1731064979953 0.13177083333333334 101376
