1731061595131 0.2 6144
1731061683123 0.2 9216
1731061771070 0.2 12288
1731061864346 0.2 15360
1731061962666 0.2 18432
1731062065705 0.2 21504
1731062174215 0.2 24576
1731062272668 0.2 27648
1731062361339 0.2 30720
1731062459377 0.2 33792
1731062537292 0.2 36864
1731062633544 0.2 39936
1731062749003 0.2 43008
1731062845623 0.2 46080
1731062955932 0.2 49152
1731063050574 0.2 52224
1731063150953 0.2 55296
1731063295010 0.2 58368
1731063473609 0.2 61440
1731063600077 0.2 64512
1731063703436 0.2 67584
1731063794645 0.2 70656
1731063915576 0.2 73728
1731064032895 0.2 76800
1731064149912 0.2 79872
1731064249858 0.2 82944
1731064358636 0.2 86016
1731064489753 0.2 89088
1731064607441 0.2 92160
1731064742045 0.2 95232
1731064865494 0.2 98304
1731064979969 0.2 101376
