1731061595138 -2.837877035140991 6144
1731061683145 -2.837877035140991 9216
1731061771078 -2.837877035140991 12288
1731061864354 -2.837877035140991 15360
1731061962676 -2.837877035140991 18432
1731062065711 -2.837877035140991 21504
1731062174224 -2.837877035140991 24576
1731062272675 -2.837877035140991 27648
1731062361344 -2.837877035140991 30720
1731062459385 -2.837877035140991 33792
1731062537303 -2.837877035140991 36864
1731062633555 -2.837877035140991 39936
1731062749010 -2.837877035140991 43008
1731062845635 -2.837877035140991 46080
1731062955939 -2.837877035140991 49152
1731063050584 -2.837877035140991 52224
1731063150962 -2.837877035140991 55296
1731063295017 -2.837877035140991 58368
1731063473629 -2.837877035140991 61440
1731063600084 -2.837877035140991 64512
1731063703446 -2.837877035140991 67584
1731063794652 -2.837877035140991 70656
1731063915587 -2.837877035140991 73728
1731064032902 -2.837877035140991 76800
1731064149922 -2.837877035140991 79872
1731064249863 -2.837877035140991 82944
1731064358643 -2.837877035140991 86016
1731064489776 -2.837877035140991 89088
1731064607449 -2.837877035140991 92160
1731064742055 -2.837877035140991 95232
1731064865505 -2.837877035140991 98304
1731064979979 -2.837877035140991 101376
