1731061595146 0.00039385600000000005 6144
1731061683155 0.000387712 9216
1731061771087 0.000381568 12288
1731061864361 0.000375424 15360
1731061962685 0.00036928000000000004 18432
1731062065717 0.000363136 21504
1731062174233 0.000356992 24576
1731062272697 0.000350848 27648
1731062361350 0.00034470400000000004 30720
1731062459394 0.00033856 33792
1731062537313 0.000332416 36864
1731062633564 0.000326272 39936
1731062749018 0.00032012800000000004 43008
1731062845647 0.000313984 46080
1731062955947 0.00030784000000000003 49152
1731063050594 0.000301696 52224
1731063150984 0.00029555200000000003 55296
1731063295025 0.000289408 58368
1731063473639 0.00028326400000000003 61440
1731063600091 0.00027712000000000006 64512
1731063703457 0.00027097600000000003 67584
1731063794664 0.000264832 70656
1731063915597 0.00025868800000000003 73728
1731064032910 0.000252544 76800
1731064149944 0.0002464 79872
1731064249868 0.000240256 82944
1731064358662 0.00023411200000000002 86016
1731064489786 0.000227968 89088
1731064607456 0.00022182400000000002 92160
1731064742077 0.00021568000000000002 95232
1731064865515 0.000209536 98304
1731064979990 0.000203392 101376
