1731061595154 5.0 6144
1731061683166 10.0 9216
1731061771096 15.0 12288
1731061864368 20.0 15360
1731061962702 25.0 18432
1731062065722 30.0 21504
1731062174242 35.0 24576
1731062272706 40.0 27648
1731062361356 45.0 30720
1731062459403 50.0 33792
1731062537324 55.0 36864
1731062633575 60.0 39936
1731062749028 65.0 43008
1731062845658 70.0 46080
1731062955954 75.0 49152
1731063050604 80.0 52224
1731063150996 85.0 55296
1731063295032 90.0 58368
1731063473648 95.0 61440
1731063600109 100.0 64512
1731063703467 105.0 67584
1731063794674 110.0 70656
1731063915608 115.0 73728
1731064032917 120.0 76800
1731064149957 125.0 79872
1731064249874 130.0 82944
1731064358669 135.0 86016
1731064489795 140.0 89088
1731064607463 145.0 92160
1731064742087 150.0 95232
1731064865525 155.0 98304
1731064980000 160.0 101376
