1731061595157 0.008843320794403553 6144
1731061683172 -0.010786439540485542 9216
1731061771101 -0.0002419071892897288 12288
1731061864372 -7.379876139263312e-05 15360
1731061962707 -0.0033714186244954663 18432
1731062065725 -0.0030867812844614186 21504
1731062174246 -0.004355230725680789 24576
1731062272710 -0.006444729305803776 27648
1731062361359 -0.00195596896422406 30720
1731062459408 -0.00535870095094045 33792
1731062537330 -8.879785115520159e-05 36864
1731062633579 -0.0011409629601985215 39936
1731062749032 0.0012015115624914566 43008
1731062845663 0.007095927217354377 46080
1731062955958 -0.0015710576437413693 49152
1731063050609 -0.00034409062936902046 52224
1731063151001 0.006679897072414557 55296
1731063295036 0.03455481737231215 58368
1731063473653 0.013875549876441557 61440
1731063600113 0.007573785493150353 64512
1731063703472 0.005651856244852146 67584
1731063794679 -0.0022349998199691374 70656
1731063915613 0.013253296787540118 73728
1731064032920 0.00042342433395485085 76800
1731064149962 0.0011361860204488039 79872
1731064249877 0.0031655595327417054 82944
1731064358673 -0.004494107188656926 86016
1731064489800 0.004714574137081703 89088
1731064607467 0.0310904772952199 92160
1731064742092 0.00661074003825585 95232
1731064865531 -0.002260594783971707 98304
1731064980005 0.012541361494610707 101376
