1731061595165 0.07549408742537102 6144
1731061683182 0.09337281777213018 9216
1731061771110 2.0978338340918223 12288
1731061864379 1.9871459300319354 15360
1731061962716 5.630175773302714 18432
1731062065731 7.811744324366251 21504
1731062174267 8.127952432632446 24576
1731062272716 6.177732753753662 27648
1731062361366 5.960743498802185 30720
1731062459424 4.282170073191325 33792
1731062537340 5.319599239031474 36864
1731062633589 3.061095988750458 39936
1731062749042 6.181483229001363 43008
1731062845674 10.889844465255738 46080
1731062955972 3.3033737262090046 49152
1731063050619 8.461625878016154 52224
1731063151011 7.249572618802389 55296
1731063295044 73.55456860860188 58368
1731063473663 106.49082819620769 61440
1731063600120 41.98057174682617 64512
1731063703483 18.707441902160646 67584
1731063794689 7.264185396830241 70656
1731063915624 162.9903345743815 73728
1731064032927 11.719602902730307 76800
1731064149973 22.459347025553384 79872
1731064249884 25.379002730051678 82944
1731064358680 10.33156000773112 86016
1731064489811 61.02566795349121 89088
1731064607474 94.36678479512533 92160
1731064742101 16.29701830546061 95232
1731064865541 40.06712741851807 98304
1731064980014 211.46405181884765 101376
