1731088784836 0.0180374663323164 6144
1731088875347 0.0196439940482378 9216
1731088959404 0.005489949136972427 12288
1731089051924 0.004071027506142855 15360
1731089149978 0.0060366615653038025 18432
1731089229504 0.005032815504819155 21504
1731089316867 0.005169339943677187 24576
1731089405631 0.005001250654459 27648
1731089499497 0.003798011690378189 30720
1731089592180 0.007037506904453039 33792
1731089675087 0.01081653218716383 36864
1731089760668 0.006678951904177666 39936
1731089842853 0.00704942224547267 43008
1731089919553 0.0048072789795696735 46080
1731089988499 0.006461021956056356 49152
1731090063446 0.005961830262094736 52224
1731090140098 0.010389833711087704 55296
1731090220279 0.006466178223490715 58368
1731090301393 0.005742518696933985 61440
1731090385979 0.009585941210389137 64512
1731090446575 0.008213731460273266 67584
1731090519044 0.004612917546182871 70656
1731090590680 0.013232276774942875 73728
1731090650515 0.004513390827924013 76800
1731090719262 0.011980700306594372 79872
1731090774488 0.012730780988931656 82944
1731090832131 0.02039751596748829 86016
1731090907832 0.017073705792427063 89088
1731090993679 0.05309103801846504 92160
1731091082020 0.013896811753511429 95232
1731091153501 0.01190035417675972 98304
1731091226695 0.02343559078872204 101376
1731091322457 0.009398783557116985 104448
1731091394740 0.015232889913022518 107520
1731091489073 0.007612943649291992 110592
1731091564999 0.015477314591407776 113664
1731091651232 0.004434565547853708 116736
1731091728688 0.008456219919025898 119808
1731091816709 0.00838503334671259 122880
1731091911680 0.00796701293438673 125952
1731092005663 0.010164245963096619 129024
1731092090755 0.0073644667863845825 132096
1731092218293 0.003006699262186885 135168
1731092306725 0.01405408512800932 138240
1731092404235 0.02254851721227169 141312
1731092491416 0.038320306688547134 144384
1731092583242 0.01766943372786045 147456
1731092656860 0.007501692045480013 150528
1731092742119 0.0035434362944215536 153600
1731092824440 0.01244847197085619 156672
1731092909777 0.006398653145879507 159744
1731092998868 0.0022773013915866613 162816
1731093098005 0.0007716091349720955 165888
1731093170163 0.00520338024944067 168960
1731093262773 0.004413420334458351 172032
1731093346411 0.0015285025583580136 175104
1731093428363 0.0027823038399219513 178176
1731093517343 0.004219359252601862 181248
1731093596209 0.0037670107558369637 184320
1731093678883 0.0014168769121170044 187392
1731093765738 0.001280732685700059 190464
1731093853186 0.0018450586358085275 193536
1731093941709 0.005035681184381247 196608
1731094032700 0.0038029432762414217 199680
1731094121612 0.00012685777619481087 202752
