1731088784848 1.0 6144
1731088875358 1.0 9216
1731088959433 1.0 12288
1731089051936 1.0 15360
1731089149992 1.0 18432
1731089229518 1.0 21504
1731089316875 1.0 24576
1731089405647 1.0 27648
1731089499510 1.0 30720
1731089592191 1.0 33792
1731089675097 1.0 36864
1731089760684 1.0 39936
1731089842867 1.0 43008
1731089919564 1.0 46080
1731089988514 1.0 49152
1731090063456 1.0 52224
1731090140114 1.0 55296
1731090220293 1.0 58368
1731090301410 1.0 61440
1731090385993 1.0 64512
1731090446588 1.0 67584
1731090519055 1.0 70656
1731090590697 1.0 73728
1731090650526 1.0 76800
1731090719274 1.0 79872
1731090774511 1.0 82944
1731090832144 1.0 86016
1731090907848 1.0 89088
1731090993707 1.0 92160
1731091082034 1.0 95232
1731091153510 1.0 98304
1731091226725 1.0 101376
1731091322473 1.0 104448
1731091394755 1.0 107520
1731091489084 1.0 110592
1731091565026 1.0 113664
1731091651243 1.0 116736
1731091728699 1.0 119808
1731091816718 1.0 122880
1731091911697 1.0 125952
1731092005674 1.0 129024
1731092090768 1.0 132096
1731092218306 1.0 135168
1731092306736 1.0 138240
1731092404247 1.0 141312
1731092491443 1.0 144384
1731092583257 1.0 147456
1731092656870 1.0 150528
1731092742130 1.0 153600
1731092824451 1.0 156672
1731092909786 1.0 159744
1731092998880 1.0 162816
1731093098014 1.0 165888
1731093170175 1.0 168960
1731093262787 1.0 172032
1731093346423 1.0 175104
1731093428374 1.0 178176
1731093517362 1.0 181248
1731093596220 1.0 184320
1731093678894 1.0 187392
1731093765749 1.0 190464
1731093853202 1.0 193536
1731093941720 1.0 196608
1731094032710 1.0 199680
1731094121626 1.0 202752
