1731088784840 0.38125 6144
1731088875351 0.2654296875 9216
1731088959421 0.0427734375 12288
1731089051928 0.04055989583333333 15360
1731089149983 0.0388671875 18432
1731089229509 0.04192708333333333 21504
1731089316870 0.06302083333333333 24576
1731089405636 0.065234375 27648
1731089499501 0.0671875 30720
1731089592183 0.08580729166666666 33792
1731089675090 0.1220703125 36864
1731089760674 0.114453125 39936
1731089842858 0.09680989583333334 43008
1731089919557 0.04635416666666667 46080
1731089988504 0.06881510416666667 49152
1731090063450 0.0998046875 52224
1731090140103 0.10618489583333333 55296
1731090220284 0.106640625 58368
1731090301400 0.06634114583333334 61440
1731090385984 0.13548177083333332 64512
1731090446579 0.14348958333333334 67584
1731090519047 0.05423177083333333 70656
1731090590685 0.13606770833333334 73728
1731090650519 0.07532552083333334 76800
1731090719266 0.1521484375 79872
1731090774492 0.1787109375 82944
1731090832135 0.16985677083333334 86016
1731090907838 0.21028645833333334 89088
1731090993685 0.36549479166666665 92160
1731091082025 0.0802734375 95232
1731091153504 0.09954427083333334 98304
1731091226713 0.09537760416666667 101376
1731091322462 0.0771484375 104448
1731091394745 0.08502604166666666 107520
1731091489076 0.0296875 110592
1731091565004 0.1 113664
1731091651235 0.031184895833333334 116736
1731091728692 0.08274739583333333 119808
1731091816712 0.062109375 122880
1731091911686 0.12799479166666666 125952
1731092005667 0.10598958333333333 129024
1731092090759 0.0439453125 132096
1731092218297 0.0236328125 135168
1731092306728 0.08509114583333334 138240
1731092404239 0.11100260416666667 141312
1731092491421 0.16197916666666667 144384
1731092583247 0.06783854166666667 147456
1731092656863 0.042252604166666666 150528
1731092742123 0.010091145833333334 153600
1731092824444 0.056901041666666666 156672
1731092909781 0.0263671875 159744
1731092998872 0.005078125 162816
1731093098008 0.0010416666666666667 165888
1731093170168 0.03561197916666667 168960
1731093262778 0.022721354166666666 172032
1731093346415 0.00390625 175104
1731093428367 0.0077473958333333336 178176
1731093517345 0.031575520833333336 181248
1731093596212 0.02265625 184320
1731093678887 0.027994791666666668 187392
1731093765741 0.005208333333333333 190464
1731093853191 0.0134765625 193536
1731093941713 0.0302734375 196608
1731094032703 0.018033854166666665 199680
1731094121617 0.00013020833333333333 202752
