1731088784856 6.496906280517578e-06 6144
1731088875378 -0.0008684396743774414 9216
1731088959444 0.05385732650756836 12288
1731089051943 0.11532443761825562 15360
1731089150001 0.16499662399291992 18432
1731089229527 0.16895204782485962 21504
1731089316881 0.2767369747161865 24576
1731089405654 0.2949129343032837 27648
1731089499517 0.406658411026001 30720
1731089592199 0.4202616810798645 33792
1731089675116 0.3231646418571472 36864
1731089760706 0.44156819581985474 39936
1731089842876 0.43333256244659424 43008
1731089919571 0.527651309967041 46080
1731089988524 0.4772682189941406 49152
1731090063464 0.6908926367759705 52224
1731090140124 0.6228350400924683 55296
1731090220317 0.5780741572380066 58368
1731090301420 0.5513719916343689 61440
1731090386004 0.5707801580429077 64512
1731090446597 0.6982893943786621 67584
1731090519062 0.6845451593399048 70656
1731090590709 0.877084493637085 73728
1731090650533 0.7089831829071045 76800
1731090719281 0.9088553190231323 79872
1731090774518 0.832669198513031 82944
1731090832154 0.9182949662208557 86016
1731090907859 0.956515908241272 89088
1731090993717 0.18458032608032227 92160
1731091082042 0.760903000831604 95232
1731091153516 0.5948388576507568 98304
1731091226735 0.7035641670227051 101376
1731091322484 0.003177165985107422 104448
1731091394765 0.49923843145370483 107520
1731091489091 0.727629542350769 110592
1731091565037 -0.023255586624145508 113664
1731091651251 0.22376006841659546 116736
1731091728706 0.2344660758972168 119808
1731091816725 0.31767725944519043 122880
1731091911708 0.40721243619918823 125952
1731092005681 0.4403231739997864 129024
1731092090777 0.6919428706169128 132096
1731092218314 0.4403640627861023 135168
1731092306743 0.2876617908477783 138240
1731092404254 0.5821231007575989 141312
1731092491454 0.6683481931686401 144384
1731092583268 0.7181653380393982 147456
1731092656876 0.5422607660293579 150528
1731092742137 0.2166745662689209 153600
1731092824458 0.33499574661254883 156672
1731092909792 0.39409685134887695 159744
1731092998887 0.25008392333984375 162816
1731093098020 0.28682875633239746 165888
1731093170197 0.37300729751586914 168960
1731093262797 0.3396000862121582 172032
1731093346433 0.6966590285301208 175104
1731093428380 0.5905717611312866 178176
1731093517367 0.5885124206542969 181248
1731093596227 0.6342185139656067 184320
1731093678901 0.4859080910682678 187392
1731093765756 0.704935610294342 190464
1731093853214 0.5742465257644653 193536
1731093941727 0.4736669063568115 196608
1731094032717 0.5792696475982666 199680
1731094121635 0.4362194538116455 202752
