1731088784864 -0.22852051258087158 6144
1731088875388 6.77997350692749 9216
1731088959456 8.621916770935059 12288
1731089051963 5.132219314575195 15360
1731089150018 7.746108055114746 18432
1731089229536 12.109952926635742 21504
1731089316886 6.598026752471924 24576
1731089405660 9.13530445098877 27648
1731089499524 8.42922592163086 30720
1731089592206 7.947506427764893 33792
1731089675123 4.166961669921875 36864
1731089760717 4.036900520324707 39936
1731089842885 12.878150939941406 43008
1731089919578 7.937169551849365 46080
1731089988532 5.573080062866211 49152
1731090063473 2.69431734085083 52224
1731090140134 2.397127389907837 55296
1731090220327 2.9326117038726807 58368
1731090301430 4.154074668884277 61440
1731090386013 3.050567865371704 64512
1731090446607 0.6833728551864624 67584
1731090519069 -0.04292328655719757 70656
1731090590721 1.617161750793457 73728
1731090650541 3.690159797668457 76800
1731090719288 1.5335500240325928 79872
1731090774525 4.8098249435424805 82944
1731090832163 1.407063364982605 86016
1731090907864 0.6290106177330017 89088
1731090993727 43.962799072265625 92160
1731091082052 14.214300155639648 95232
1731091153522 25.548471450805664 98304
1731091226746 5.79197359085083 101376
1731091322495 91.890625 104448
1731091394775 21.057926177978516 107520
1731091489098 7.168741703033447 110592
1731091565048 73.92567443847656 113664
1731091651258 33.729515075683594 116736
1731091728713 326.2345886230469 119808
1731091816731 11.752969741821289 122880
1731091911719 185.2979278564453 125952
1731092005688 29.5172061920166 129024
1731092090786 15.812148094177246 132096
1731092218323 199.42730712890625 135168
1731092306750 54.85138702392578 138240
1731092404261 29.675554275512695 141312
1731092491464 33.38335418701172 144384
1731092583278 21.278493881225586 147456
1731092656883 30.211196899414062 150528
1731092742144 33.35723876953125 153600
1731092824465 58.29892349243164 156672
1731092909798 20.45533561706543 159744
1731092998897 37.820472717285156 162816
1731093098025 32.80510711669922 165888
1731093170207 152.02035522460938 168960
1731093262807 39.21746063232422 172032
1731093346443 29.652633666992188 175104
1731093428386 27.733558654785156 178176
1731093517372 90.19535064697266 181248
1731093596234 96.07897186279297 184320
1731093678909 92.03038787841797 187392
1731093765765 30.600534439086914 190464
1731093853224 44.62337875366211 193536
1731093941747 55.91504669189453 196608
1731094032724 124.55764770507812 199680
1731094121657 49.25673294067383 202752
