1731088784868 5.0 6144
1731088875393 10.0 9216
1731088959462 15.0 12288
1731089051968 20.0 15360
1731089150024 25.0 18432
1731089229540 30.0 21504
1731089316889 35.0 24576
1731089405664 40.0 27648
1731089499528 45.0 30720
1731089592210 50.0 33792
1731089675127 55.0 36864
1731089760722 60.0 39936
1731089842889 65.0 43008
1731089919591 70.0 46080
1731089988535 75.0 49152
1731090063478 80.0 52224
1731090140140 85.0 55296
1731090220332 90.0 58368
1731090301435 95.0 61440
1731090386018 100.0 64512
1731090446613 105.0 67584
1731090519073 110.0 70656
1731090590725 115.0 73728
1731090650544 120.0 76800
1731090719292 125.0 79872
1731090774528 130.0 82944
1731090832180 135.0 86016
1731090907867 140.0 89088
1731090993732 145.0 92160
1731091082057 150.0 95232
1731091153526 155.0 98304
1731091226751 160.0 101376
1731091322500 165.0 104448
1731091394780 170.0 107520
1731091489102 175.0 110592
1731091565053 180.0 113664
1731091651261 185.0 116736
1731091728717 190.0 119808
1731091816734 195.0 122880
1731091911724 200.0 125952
1731092005692 205.0 129024
1731092090792 210.0 132096
1731092218327 215.0 135168
1731092306754 220.0 138240
1731092404265 225.0 141312
1731092491469 230.0 144384
1731092583284 235.0 147456
1731092656886 240.0 150528
1731092742148 245.0 153600
1731092824469 250.0 156672
1731092909801 255.0 159744
1731092998902 260.0 162816
1731093098028 265.0 165888
1731093170211 270.0 168960
1731093262812 275.0 172032
1731093346448 280.0 175104
1731093428390 285.0 178176
1731093517374 290.0 181248
1731093596238 295.0 184320
1731093678912 300.0 187392
1731093765770 305.0 190464
1731093853230 310.0 193536
1731093941752 315.0 196608
1731094032726 320.0 199680
1731094121662 325.0 202752
