1731088784872 0.005736933865894874 6144
1731088875398 -0.002115559671074152 9216
1731088959468 -0.0015742599653700987 12288
1731089051973 -0.0011755345078806082 15360
1731089150029 -0.0049571642652153965 18432
1731089229545 -0.00431622212442259 21504
1731089316892 -0.004084287599350016 24576
1731089405667 -0.003236229997128248 27648
1731089499531 -0.007080800629531344 30720
1731089592214 -0.00521238607664903 33792
1731089675131 -0.004792926305284103 36864
1731089760727 -0.0013639601102719704 39936
1731089842894 -0.008043920574709772 43008
1731089919594 -0.0035033004824072123 46080
1731089988539 -0.006219088053330779 49152
1731090063483 -0.006080682824055354 52224
1731090140144 -0.0031071992901464305 55296
1731090220338 -0.0009339839220046997 58368
1731090301441 -0.0025491689952711265 61440
1731090386034 -0.002036812932540973 64512
1731090446619 -0.007543209288269281 67584
1731090519076 -0.0012997314799576998 70656
1731090590730 -0.0096229061173896 73728
1731090650548 -0.0024791380700965723 76800
1731090719295 -0.0008697364013642072 79872
1731090774532 -0.0024037981793905297 82944
1731090832184 -0.006317418813705444 86016
1731090907870 -0.005215526449804505 89088
1731090993738 0.01334461991985639 92160
1731091082062 0.0016942634247243404 95232
1731091153537 -0.006623530962194006 98304
1731091226756 -0.002043396250034372 101376
1731091322506 0.009041181486099958 104448
1731091394785 -0.0011948373634368182 107520
1731091489106 -0.001902518483499686 110592
1731091565057 0.004049173928797245 113664
1731091651265 -8.286312222480774e-05 116736
1731091728721 0.016811414000888664 119808
1731091816738 0.0007757610951860745 122880
1731091911729 0.01406552988725404 125952
1731092005695 -0.005160908587276936 129024
1731092090796 -0.001606996962800622 132096
1731092218330 0.00038739127727846305 135168
1731092306757 0.006954659381881357 138240
1731092404269 0.007760219182819128 141312
1731092491473 0.006296654293934504 144384
1731092583290 0.006584338952476779 147456
1731092656890 0.005342465476132929 150528
1731092742152 0.0014058079415311417 153600
1731092824472 0.01647929448323945 156672
1731092909804 -0.000824028921003143 159744
1731092998907 0.0020172666758298875 162816
1731093098031 -0.0002445571745435397 165888
1731093170216 0.0038016516094406447 168960
1731093262816 0.002389246209835013 172032
1731093346453 -0.003090937932332357 175104
1731093428393 -0.0012876409261176984 178176
1731093517377 0.00800964372853438 181248
1731093596242 -0.0015661662289251884 184320
1731093678916 0.009876505487288039 187392
1731093765774 0.0002984882099553943 190464
1731093853235 0.0002378892774383227 193536
1731093941756 0.003248691186308861 196608
1731094032729 0.001531412514547507 199680
1731094121667 -0.0005683828921367724 202752
