1731088784882 1.0 6144
1731088875402 1.0 9216
1731088959472 1.0 12288
1731089051978 1.0 15360
1731089150034 1.0 18432
1731089229549 1.0 21504
1731089316894 1.0 24576
1731089405670 1.0 27648
1731089499535 1.0 30720
1731089592217 1.0 33792
1731089675134 1.0 36864
1731089760732 1.0 39936
1731089842899 1.0 43008
1731089919598 1.0 46080
1731089988543 1.0 49152
1731090063486 1.0 52224
1731090140151 1.0 55296
1731090220343 1.0 58368
1731090301446 1.0 61440
1731090386039 1.0 64512
1731090446624 1.0 67584
1731090519080 1.0 70656
1731090590734 1.0 73728
1731090650551 1.0 76800
1731090719299 1.0 79872
1731090774535 1.0 82944
1731090832189 1.0 86016
1731090907873 1.0 89088
1731090993743 1.0 92160
1731091082066 1.0 95232
1731091153541 1.0 98304
1731091226762 1.0 101376
1731091322511 1.0 104448
1731091394790 1.0 107520
1731091489109 1.0 110592
1731091565062 1.0 113664
1731091651269 1.0 116736
1731091728724 1.0 119808
1731091816741 1.0 122880
1731091911733 1.0 125952
1731092005699 1.0 129024
1731092090801 1.0 132096
1731092218334 1.0 135168
1731092306761 1.0 138240
1731092404273 1.0 141312
1731092491478 1.0 144384
1731092583296 1.0 147456
1731092656893 1.0 150528
1731092742155 1.0 153600
1731092824476 1.0 156672
1731092909807 1.0 159744
1731092998911 1.0 162816
1731093098034 1.0 165888
1731093170219 1.0 168960
1731093262821 1.0 172032
1731093346465 1.0 175104
1731093428397 1.0 178176
1731093517379 1.0 181248
1731093596246 1.0 184320
1731093678920 1.0 187392
1731093765779 1.0 190464
1731093853241 1.0 193536
1731093941761 1.0 196608
1731094032732 1.0 199680
1731094121671 1.0 202752
