1731088784885 0.08308550740281741 6144
1731088875407 6.196803919474283 9216
1731088959478 7.881701564788818 12288
1731089051982 9.480673249562582 15360
1731089150040 10.896551275253296 18432
1731089229554 12.386617946624757 21504
1731089316897 6.839301697413126 24576
1731089405674 9.89670295715332 27648
1731089499538 7.887955156962077 30720
1731089592221 9.170159689585368 33792
1731089675138 5.784035181999206 36864
1731089760738 5.723458035786947 39936
1731089842903 8.19054889678955 43008
1731089919601 7.955231062571207 46080
1731089988556 6.302009638150533 49152
1731090063489 2.4618036846319833 52224
1731090140157 2.402227587501208 55296
1731090220349 4.842139474550883 58368
1731090301452 3.441348866621653 61440
1731090386044 4.702416916688283 64512
1731090446631 3.437107801437378 67584
1731090519085 1.1367133071025213 70656
1731090590751 1.9562038739522298 73728
1731090650555 3.8868175953626634 76800
1731090719303 1.2470161149899164 79872
1731090774539 3.7253828048706055 82944
1731090832193 1.6165856659412383 86016
1731090907877 0.9994514187177023 89088
1731090993748 58.051568285624185 92160
1731091082071 11.901584196090699 95232
1731091153546 21.20372953414917 98304
1731091226767 7.786950365702311 101376
1731091322515 98.65184783935547 104448
1731091394795 25.59077345530192 107520
1731091489113 8.294173669815063 110592
1731091565067 63.91485811869303 113664
1731091651273 32.65996669133504 116736
1731091728728 279.47838439941404 119808
1731091816744 15.641466490427653 122880
1731091911739 208.2586700439453 125952
1731092005703 30.717893155415855 129024
1731092090806 22.78240229288737 132096
1731092218338 164.44373143513997 135168
1731092306783 58.95900192260742 138240
1731092404289 38.32895723978678 141312
1731092491484 34.51212431589762 144384
1731092583300 24.07391789754232 147456
1731092656896 30.489693387349448 150528
1731092742159 32.51230271657308 153600
1731092824479 80.9732426961263 156672
1731092909810 22.91375471750895 159744
1731092998916 46.87606035868327 162816
1731093098037 34.52907155354818 165888
1731093170223 143.78498662312825 168960
1731093262826 40.9006165822347 172032
1731093346470 29.65817756652832 175104
1731093428399 29.64249064127604 178176
1731093517382 108.18357721964519 181248
1731093596250 107.91200002034505 184320
1731093678923 86.11698824564616 187392
1731093765783 29.830604553222656 190464
1731093853246 41.372853724161786 193536
1731093941766 76.03545303344727 196608
1731094032734 111.59137852986653 199680
1731094121677 55.01516952514648 202752
