1731065927772 1.0 6144
1731065978201 1.0 9216
1731066055033 1.0 12288
1731066132783 1.0 15360
1731066205678 1.0 18432
1731066284139 1.0 21504
1731066358275 1.0 24576
1731066427946 1.0 27648
1731066525075 1.0 30720
1731066608924 1.0 33792
1731066687281 1.0 36864
1731066765357 1.0 39936
1731066827635 1.0 43008
1731066899313 1.0 46080
1731066970251 1.0 49152
1731067035866 1.0 52224
1731067110174 1.0 55296
1731067171895 1.0 58368
1731067231509 1.0 61440
1731067293468 1.0 64512
1731067375655 1.0 67584
1731067449214 1.0 70656
1731067525439 1.0 73728
1731067602237 1.0 76800
1731067679230 1.0 79872
1731067767559 1.0 82944
1731067879802 1.0 86016
1731067960253 1.0 89088
1731068035431 1.0 92160
1731068122056 1.0 95232
1731068226020 1.0 98304
1731068322089 1.0 101376
1731068417461 1.0 104448
1731068491045 1.0 107520
1731068565314 1.0 110592
1731068641704 1.0 113664
1731068743283 1.0 116736
1731068845557 1.0 119808
1731068923047 1.0 122880
1731069043248 1.0 125952
1731069129427 1.0 129024
1731069218397 1.0 132096
1731069320625 1.0 135168
1731069398354 1.0 138240
1731069477939 1.0 141312
1731069551275 1.0 144384
1731069619354 1.0 147456
1731069681009 1.0 150528
1731069758989 1.0 153600
1731069825256 1.0 156672
1731069901770 1.0 159744
1731069969480 1.0 162816
1731070053348 1.0 165888
1731070126910 1.0 168960
1731070202582 1.0 172032
1731070271364 1.0 175104
1731070340265 1.0 178176
1731070412602 1.0 181248
1731070480394 1.0 184320
1731070547826 1.0 187392
1731070622067 1.0 190464
1731070695174 1.0 193536
1731070773938 1.0 196608
1731070862051 1.0 199680
1731070937322 1.0 202752
