1731065927768 0.2 6144
1731065978198 0.2 9216
1731066055029 0.2 12288
1731066132779 0.2 15360
1731066205673 0.2 18432
1731066284133 0.2 21504
1731066358270 0.2 24576
1731066427941 0.2 27648
1731066525070 0.2 30720
1731066608919 0.2 33792
1731066687277 0.2 36864
1731066765354 0.2 39936
1731066827632 0.2 43008
1731066899308 0.2 46080
1731066970248 0.2 49152
1731067035861 0.2 52224
1731067110169 0.2 55296
1731067171890 0.2 58368
1731067231504 0.2 61440
1731067293451 0.2 64512
1731067375649 0.2 67584
1731067449209 0.2 70656
1731067525435 0.2 73728
1731067602231 0.2 76800
1731067679226 0.2 79872
1731067767555 0.2 82944
1731067879798 0.2 86016
1731067960247 0.2 89088
1731068035426 0.2 92160
1731068122052 0.2 95232
1731068226016 0.2 98304
1731068322085 0.2 101376
1731068417457 0.2 104448
1731068491040 0.2 107520
1731068565308 0.2 110592
1731068641699 0.2 113664
1731068743279 0.2 116736
1731068845551 0.2 119808
1731068923043 0.2 122880
1731069043244 0.2 125952
1731069129421 0.2 129024
1731069218391 0.2 132096
1731069320620 0.2 135168
1731069398349 0.2 138240
1731069477935 0.2 141312
1731069551270 0.2 144384
1731069619350 0.2 147456
1731069681005 0.2 150528
1731069758985 0.2 153600
1731069825251 0.2 156672
1731069901765 0.2 159744
1731069969475 0.2 162816
1731070053343 0.2 165888
1731070126905 0.2 168960
1731070202577 0.2 172032
1731070271346 0.2 175104
1731070340261 0.2 178176
1731070412584 0.2 181248
1731070480390 0.2 184320
1731070547821 0.2 187392
1731070622062 0.2 190464
1731070695168 0.2 193536
1731070773933 0.2 196608
1731070862046 0.2 199680
1731070937317 0.2 202752
