1731065927764 0.38287760416666666 6144
1731065978194 0.2659505208333333 9216
1731066055024 0.25625 12288
1731066132775 0.08177083333333333 15360
1731066205669 0.05227864583333333 18432
1731066284128 0.07649739583333333 21504
1731066358265 0.055859375 24576
1731066427936 0.0927734375 27648
1731066525064 0.0548828125 30720
1731066608914 0.06920572916666666 33792
1731066687272 0.0578125 36864
1731066765350 0.0681640625 39936
1731066827628 0.07701822916666666 43008
1731066899291 0.069921875 46080
1731066970244 0.11256510416666667 49152
1731067035855 0.10970052083333333 52224
1731067110164 0.10442708333333334 55296
1731067171886 0.07239583333333334 58368
1731067231498 0.1939453125 61440
1731067293446 0.102734375 64512
1731067375644 0.10924479166666666 67584
1731067449205 0.146875 70656
1731067525430 0.11868489583333333 73728
1731067602226 0.11809895833333334 76800
1731067679222 0.14967447916666668 79872
1731067767550 0.2517578125 82944
1731067879795 0.179296875 86016
1731067960242 0.26875 89088
1731068035421 0.12102864583333334 92160
1731068122047 0.09700520833333333 95232
1731068226012 0.08821614583333333 98304
1731068322080 0.1001953125 101376
1731068417452 0.07994791666666666 104448
1731068491035 0.0951171875 107520
1731068565303 0.092578125 110592
1731068641694 0.1615234375 113664
1731068743275 0.048502604166666664 116736
1731068845546 0.11295572916666667 119808
1731068923039 0.23834635416666666 122880
1731069043239 0.2404296875 125952
1731069129404 0.14381510416666668 129024
1731069218386 0.14381510416666668 132096
1731069320615 0.08274739583333333 135168
1731069398345 0.11861979166666667 138240
1731069477932 0.15462239583333334 141312
1731069551265 0.1904296875 144384
1731069619346 0.14440104166666667 147456
1731069681001 0.1373046875 150528
1731069758981 0.1791015625 153600
1731069825246 0.18450520833333334 156672
1731069901760 0.0880859375 159744
1731069969471 0.13776041666666666 162816
1731070053338 0.08040364583333333 165888
1731070126900 0.094140625 168960
1731070202572 0.06555989583333334 172032
1731070271341 0.064453125 175104
1731070340256 0.10598958333333333 178176
1731070412579 0.03704427083333333 181248
1731070480386 0.0841796875 184320
1731070547817 0.038346354166666666 187392
1731070622057 0.0533203125 190464
1731070695163 0.020768229166666666 193536
1731070773928 0.018880208333333332 196608
1731070862041 0.005403645833333333 199680
1731070937312 0.0013671875 202752
