1731065927775 -2.837877035140991 6144
1731065978205 -2.837877035140991 9216
1731066055038 -2.837877035140991 12288
1731066132786 -2.837877035140991 15360
1731066205682 -2.837877035140991 18432
1731066284144 -2.837877035140991 21504
1731066358280 -2.837877035140991 24576
1731066427951 -2.837877035140991 27648
1731066525081 -2.837877035140991 30720
1731066608940 -2.837877035140991 33792
1731066687286 -2.837877035140991 36864
1731066765375 -2.837877035140991 39936
1731066827639 -2.837877035140991 43008
1731066899319 -2.837877035140991 46080
1731066970255 -2.837877035140991 49152
1731067035883 -2.837877035140991 52224
1731067110178 -2.837877035140991 55296
1731067171900 -2.837877035140991 58368
1731067231514 -2.837877035140991 61440
1731067293474 -2.837877035140991 64512
1731067375660 -2.837877035140991 67584
1731067449218 -2.837877035140991 70656
1731067525444 -2.837877035140991 73728
1731067602242 -2.837877035140991 76800
1731067679233 -2.837877035140991 79872
1731067767564 -2.837877035140991 82944
1731067879806 -2.837877035140991 86016
1731067960258 -2.837877035140991 89088
1731068035447 -2.837877035140991 92160
1731068122061 -2.837877035140991 95232
1731068226025 -2.837877035140991 98304
1731068322094 -2.837877035140991 101376
1731068417466 -2.837877035140991 104448
1731068491050 -2.837877035140991 107520
1731068565319 -2.837877035140991 110592
1731068641709 -2.837877035140991 113664
1731068743300 -2.837877035140991 116736
1731068845563 -2.837877035140991 119808
1731068923050 -2.837877035140991 122880
1731069043253 -2.837877035140991 125952
1731069129432 -2.837877035140991 129024
1731069218403 -2.837877035140991 132096
1731069320630 -2.837877035140991 135168
1731069398358 -2.837877035140991 138240
1731069477942 -2.837877035140991 141312
1731069551279 -2.837877035140991 144384
1731069619359 -2.837877035140991 147456
1731069681013 -2.837877035140991 150528
1731069758992 -2.837877035140991 153600
1731069825261 -2.837877035140991 156672
1731069901776 -2.837877035140991 159744
1731069969484 -2.837877035140991 162816
1731070053364 -2.837877035140991 165888
1731070126915 -2.837877035140991 168960
1731070202587 -2.837877035140991 172032
1731070271370 -2.837877035140991 175104
1731070340269 -2.837877035140991 178176
1731070412607 -2.837877035140991 181248
1731070480399 -2.837877035140991 184320
1731070547831 -2.837877035140991 187392
1731070622073 -2.837877035140991 190464
1731070695179 -2.837877035140991 193536
1731070773943 -2.837877035140991 196608
1731070862056 -2.837877035140991 199680
1731070937328 -2.837877035140991 202752
