1731065927780 -0.10762321949005127 6144
1731065978209 0.0012543201446533203 9216
1731066055042 0.1630460023880005 12288
1731066132790 0.006731748580932617 15360
1731066205687 0.07962667942047119 18432
1731066284149 0.1313367486000061 21504
1731066358285 0.20632702112197876 24576
1731066427957 0.25051796436309814 27648
1731066525086 0.3696775436401367 30720
1731066608946 0.38707882165908813 33792
1731066687291 0.47790026664733887 36864
1731066765379 0.5683770179748535 39936
1731066827644 0.5995974540710449 43008
1731066899325 0.6336354613304138 46080
1731066970258 0.6480070948600769 49152
1731067035888 0.660615086555481 52224
1731067110183 0.8026179075241089 55296
1731067171904 0.5201678276062012 58368
1731067231519 0.7380530834197998 61440
1731067293479 0.8567445278167725 64512
1731067375665 0.8947765231132507 67584
1731067449223 0.6946409940719604 70656
1731067525449 0.8349159359931946 73728
1731067602248 0.840469241142273 76800
1731067679237 0.8636544942855835 79872
1731067767568 0.1585022211074829 82944
1731067879809 0.6988201141357422 86016
1731067960264 0.7751468420028687 89088
1731068035452 0.8309313058853149 92160
1731068122066 0.06625831127166748 95232
1731068226029 0.43886590003967285 98304
1731068322098 0.4790728688240051 101376
1731068417471 0.4513643980026245 104448
1731068491067 0.6826554536819458 107520
1731068565324 0.49271929264068604 110592
1731068641715 0.8925978541374207 113664
1731068743304 0.8441152572631836 116736
1731068845568 0.4176204204559326 119808
1731068923054 0.773686408996582 122880
1731069043257 0.5413812398910522 125952
1731069129438 0.7013840675354004 129024
1731069218408 0.6265761852264404 132096
1731069320635 0.6847133636474609 135168
1731069398363 0.7146068811416626 138240
1731069477947 0.8195571899414062 141312
1731069551284 0.9010326862335205 144384
1731069619363 0.8964200615882874 147456
1731069681017 0.8761900663375854 150528
1731069758996 -0.03090214729309082 153600
1731069825266 0.7047164440155029 156672
1731069901781 0.8766872882843018 159744
1731069969489 0.8982240557670593 162816
1731070053369 0.9311736822128296 165888
1731070126921 0.3158528804779053 168960
1731070202592 0.21155506372451782 172032
1731070271375 0.8625925779342651 175104
1731070340274 0.8870216608047485 178176
1731070412612 0.7890926003456116 181248
1731070480403 0.874451756477356 184320
1731070547835 0.445199191570282 187392
1731070622078 0.9507749676704407 190464
1731070695184 0.9294681549072266 193536
1731070773949 0.6026790738105774 196608
1731070862061 0.8564146161079407 199680
1731070937333 0.5643918514251709 202752
