1731065927787 0.015161329880356789 6144
1731065978216 3.6019864082336426 9216
1731066055063 -0.03404403477907181 12288
1731066132811 3.614048719406128 15360
1731066205709 12.976884841918945 18432
1731066284159 7.995331287384033 21504
1731066358296 12.808870315551758 24576
1731066427967 7.079855442047119 27648
1731066525097 5.189599990844727 30720
1731066608957 7.762209892272949 33792
1731066687301 8.21193790435791 36864
1731066765388 2.6604104042053223 39936
1731066827651 6.437816619873047 43008
1731066899336 3.60691499710083 46080
1731066970265 2.89237380027771 49152
1731067035899 6.020515441894531 52224
1731067110192 1.2571396827697754 55296
1731067171913 2.203803777694702 58368
1731067231529 1.0212990045547485 61440
1731067293489 1.4997302293777466 64512
1731067375676 2.0336413383483887 67584
1731067449243 9.891999244689941 70656
1731067525459 8.219226837158203 73728
1731067602259 3.5551531314849854 76800
1731067679244 8.326325416564941 79872
1731067767578 75.8037109375 82944
1731067879816 19.667621612548828 86016
1731067960275 21.123363494873047 89088
1731068035464 17.447996139526367 92160
1731068122076 14.311147689819336 95232
1731068226038 27.60520362854004 98304
1731068322107 32.84482955932617 101376
1731068417481 34.53377914428711 104448
1731068491078 33.10822677612305 107520
1731068565335 45.16674041748047 110592
1731068641725 16.759376525878906 113664
1731068743311 11.994770050048828 116736
1731068845579 47.79554748535156 119808
1731068923061 25.803518295288086 122880
1731069043266 181.3017578125 125952
1731069129449 148.51319885253906 129024
1731069218419 275.3192138671875 132096
1731069320645 192.39466857910156 135168
1731069398372 34.6968879699707 138240
1731069477954 36.78470230102539 141312
1731069551294 17.868349075317383 144384
1731069619385 20.414400100708008 147456
1731069681026 5.901398181915283 150528
1731069759003 877.7527465820312 153600
1731069825275 61.21478271484375 156672
1731069901791 5.487154960632324 159744
1731069969497 10.408445358276367 162816
1731070053379 4.506065368652344 165888
1731070126931 208.25738525390625 168960
1731070202603 213.40914916992188 172032
1731070271386 7.364742755889893 175104
1731070340283 8.26030445098877 178176
1731070412621 33.00927734375 181248
1731070480412 8.446470260620117 184320
1731070547845 183.17979431152344 187392
1731070622088 4.751847267150879 190464
1731070695194 8.695131301879883 193536
1731070773959 31.50889778137207 196608
1731070862082 13.467503547668457 199680
1731070937344 40.93196105957031 202752
