1731065927798 5.0 6144
1731065978220 10.0 9216
1731066055068 15.0 12288
1731066132815 20.0 15360
1731066205714 25.0 18432
1731066284163 30.0 21504
1731066358301 35.0 24576
1731066427972 40.0 27648
1731066525102 45.0 30720
1731066608962 50.0 33792
1731066687306 55.0 36864
1731066765393 60.0 39936
1731066827654 65.0 43008
1731066899341 70.0 46080
1731066970269 75.0 49152
1731067035904 80.0 52224
1731067110196 85.0 55296
1731067171918 90.0 58368
1731067231534 95.0 61440
1731067293495 100.0 64512
1731067375681 105.0 67584
1731067449248 110.0 70656
1731067525463 115.0 73728
1731067602264 120.0 76800
1731067679247 125.0 79872
1731067767583 130.0 82944
1731067879820 135.0 86016
1731067960280 140.0 89088
1731068035469 145.0 92160
1731068122081 150.0 95232
1731068226043 155.0 98304
1731068322111 160.0 101376
1731068417485 165.0 104448
1731068491083 170.0 107520
1731068565340 175.0 110592
1731068641730 180.0 113664
1731068743315 185.0 116736
1731068845595 190.0 119808
1731068923065 195.0 122880
1731069043271 200.0 125952
1731069129455 205.0 129024
1731069218424 210.0 132096
1731069320650 215.0 135168
1731069398376 220.0 138240
1731069477957 225.0 141312
1731069551299 230.0 144384
1731069619390 235.0 147456
1731069681031 240.0 150528
1731069759007 245.0 153600
1731069825280 250.0 156672
1731069901796 255.0 159744
1731069969502 260.0 162816
1731070053384 265.0 165888
1731070126936 270.0 168960
1731070202608 275.0 172032
1731070271391 280.0 175104
1731070340287 285.0 178176
1731070412626 290.0 181248
1731070480416 295.0 184320
1731070547850 300.0 187392
1731070622094 305.0 190464
1731070695200 310.0 193536
1731070773964 315.0 196608
1731070862087 320.0 199680
1731070937350 325.0 202752
