1731065927806 1.0 6144
1731065978228 1.0 9216
1731066055079 1.0 12288
1731066132824 1.0 15360
1731066205724 1.0 18432
1731066284173 1.0 21504
1731066358323 1.0 24576
1731066427994 1.0 27648
1731066525113 1.0 30720
1731066608973 1.0 33792
1731066687315 1.0 36864
1731066765402 1.0 39936
1731066827661 1.0 43008
1731066899352 1.0 46080
1731066970276 1.0 49152
1731067035914 1.0 52224
1731067110205 1.0 55296
1731067171927 1.0 58368
1731067231545 1.0 61440
1731067293505 1.0 64512
1731067375692 1.0 67584
1731067449258 1.0 70656
1731067525472 1.0 73728
1731067602275 1.0 76800
1731067679254 1.0 79872
1731067767594 1.0 82944
1731067879827 1.0 86016
1731067960291 1.0 89088
1731068035479 1.0 92160
1731068122090 1.0 95232
1731068226052 1.0 98304
1731068322120 1.0 101376
1731068417494 1.0 104448
1731068491093 1.0 107520
1731068565351 1.0 110592
1731068641741 1.0 113664
1731068743322 1.0 116736
1731068845606 1.0 119808
1731068923073 1.0 122880
1731069043292 1.0 125952
1731069129466 1.0 129024
1731069218434 1.0 132096
1731069320660 1.0 135168
1731069398385 1.0 138240
1731069477965 1.0 141312
1731069551309 1.0 144384
1731069619400 1.0 147456
1731069681040 1.0 150528
1731069759014 1.0 153600
1731069825292 1.0 156672
1731069901807 1.0 159744
1731069969511 1.0 162816
1731070053394 1.0 165888
1731070126946 1.0 168960
1731070202618 1.0 172032
1731070271401 1.0 175104
1731070340296 1.0 178176
1731070412637 1.0 181248
1731070480425 1.0 184320
1731070547860 1.0 187392
1731070622104 1.0 190464
1731070695210 1.0 193536
1731070773975 1.0 196608
1731070862097 1.0 199680
1731070937361 1.0 202752
