1731065927810 0.08348538776238759 6144
1731065978231 2.1937909414370855 9216
1731066055084 0.05127051441619793 12288
1731066132829 8.057526683807373 15360
1731066205729 11.270469284057617 18432
1731066284178 7.165653959910075 21504
1731066358329 10.108979590733846 24576
1731066427999 7.811115837097168 27648
1731066525118 6.063937576611837 30720
1731066608978 11.395225652058919 33792
1731066687320 8.057910474141439 36864
1731066765406 7.1807071447372435 39936
1731066827665 5.995650132497151 43008
1731066899358 3.4381683548291524 46080
1731066970279 4.309541543324788 49152
1731067035920 4.125296370188395 52224
1731067110209 2.0604592223962146 55296
1731067171931 4.03773820400238 58368
1731067231550 2.0486118733882903 61440
1731067293510 2.467783010005951 64512
1731067375697 2.236498902241389 67584
1731067449263 11.398792028427124 70656
1731067525477 8.272556177775066 73728
1731067602280 6.329181090990702 76800
1731067679257 7.270113563537597 79872
1731067767599 71.77974688212076 82944
1731067879832 24.46003163655599 86016
1731067960296 24.329474925994873 89088
1731068035485 15.636632664998372 92160
1731068122095 21.995576063791912 95232
1731068226056 33.188807551066084 98304
1731068322124 35.890190760294594 101376
1731068417499 36.342082023620605 104448
1731068491098 39.14678872426351 107520
1731068565356 52.25045267740885 110592
1731068641746 18.08198413848877 113664
1731068743325 15.99231252670288 116736
1731068845611 36.494607543945314 119808
1731068923076 37.99089635213216 122880
1731069043298 245.907150777181 125952
1731069129472 175.17081349690756 129024
1731069218439 302.74100901285806 132096
1731069320664 202.62344258626302 135168
1731069398389 50.41613693237305 138240
1731069477968 33.16488482157389 141312
1731069551314 15.830405457814534 144384
1731069619405 16.768582407633463 147456
1731069681044 6.102521546681722 150528
1731069759018 889.7925842285156 153600
1731069825297 58.80427411397298 156672
1731069901812 6.320703236262004 159744
1731069969515 12.068409554163615 162816
1731070053398 5.894720872243245 165888
1731070126952 248.45451812744142 168960
1731070202623 247.3239710489909 172032
1731070271406 10.942647075653076 175104
1731070340300 6.7812156518300375 178176
1731070412641 28.356430530548096 181248
1731070480429 5.067452541987101 184320
1731070547864 122.65073877970377 187392
1731070622109 5.305648374557495 190464
1731070695215 9.462751531600953 193536
1731070773980 41.60328693389893 196608
1731070862102 15.295779387156168 199680
1731070937367 44.52593987782796 202752
