1732650250570 0.0 0
1732650260627 14.6 1
1732650270679 10.0 2
1732650280729 12.5 3
1732650290790 11.9 4
1732650300848 13.3 5
1732650310902 11.7 6
1732650320969 7.4 7
1732650331037 6.6 8
1732650341100 8.7 9
1732650351176 9.6 10
1732650361242 11.7 11
1732650371303 9.2 12
1732650381379 9.0 13
1732650391432 8.7 14
1732650401521 7.8 15
1732650411584 10.0 16
1732650421656 7.4 17
1732650431715 8.4 18
1732650441770 11.3 19
1732650451833 11.3 20
1732650461879 7.7 21
1732650471947 8.0 22
1732650482025 6.7 23
1732650492096 7.8 24
1732650502168 7.2 25
1732650512234 9.4 26
1732650522298 11.1 27
1732650532367 12.9 28
1732650542449 8.3 29
1732650552511 7.2 30
1732650562589 9.3 31
1732650572666 8.1 32
1732650582732 10.1 33
1732650592826 9.3 34
1732650602904 10.9 35
1732650612988 7.5 36
1732650623057 7.7 37
1732650633148 10.4 38
1732650643236 7.4 39
1732650653315 8.7 40
1732650663379 10.8 41
1732650673460 11.3 42
1732650683542 8.0 43
1732650693615 7.1 44
1732650703701 10.9 45
1732650713787 9.2 46
1732650723844 11.3 47
1732650733921 8.4 48
1732650743989 9.0 49
1732650754067 10.0 50
1732650764153 6.5 51
1732650774240 8.4 52
1732650784312 8.8 53
1732650794398 8.2 54
1732650804477 10.2 55
1732650814565 10.4 56
1732650824649 9.0 57
1732650834719 8.8 58
1732650844777 6.1 59
1732650854859 7.3 60
1732650864946 9.0 61
1732650875022 8.9 62
1732650885093 9.0 63
1732650895194 10.8 64
1732650905268 10.3 65
1732650915340 6.4 66
1732650925427 8.1 67
1732650935527 8.8 68
1732650945604 9.2 69
1732650955675 10.5 70
1732650965752 9.6 71
1732650975821 9.0 72
1732650985899 7.3 73
1732650995973 9.3 74
1732651006035 11.5 75
1732651016104 10.1 76
1732651026197 8.0 77
1732651036281 8.9 78
1732651046355 8.3 79
1732651056464 9.8 80
1732651066537 8.1 81
1732651076593 9.2 82
1732651086647 9.3 83
1732651096739 10.2 84
1732651106825 10.7 85
1732651116878 11.0 86
1732651126935 7.7 87
1732651136990 6.7 88
1732651147057 6.1 89
1732651157113 8.1 90
1732651167196 7.8 91
1732651177268 10.8 92
1732651187363 8.6 93
1732651197444 8.1 94
1732651207520 8.1 95
1732651217624 8.5 96
1732651227711 6.6 97
1732651237787 8.3 98
1732651247860 8.0 99
1732651257943 9.6 100
1732651268019 10.5 101
1732651278120 8.6 102
1732651288191 8.5 103
1732651298269 8.3 104
1732651308359 6.6 105
1732651318447 8.7 106
1732651328532 7.8 107
1732651338602 7.0 108
1732651348689 10.2 109
1732651358786 6.7 110
1732651368841 10.5 111
1732651378919 8.9 112
1732651388991 7.7 113
1732651399087 6.7 114
1732651409146 10.6 115
1732651419226 8.1 116
1732651429306 7.3 117
1732651439401 8.2 118
1732651449459 10.3 119
1732651459545 8.7 120
1732651469630 7.5 121
1732651479697 7.3 122
1732651489769 9.1 123
1732651499830 9.9 124
1732651509887 8.2 125
1732651519949 9.5 126
1732651530013 8.1 127
1732651540076 7.4 128
1732651550131 7.2 129
1732651560218 10.1 130
1732651570294 9.1 131
1732651580375 11.8 132
1732651590436 7.8 133
1732651600522 7.8 134
1732651610597 8.9 135
1732651620691 6.4 136
1732651630768 7.3 137
1732651640856 11.1 138
1732651650944 10.8 139
1732651661034 10.4 140
1732651671127 8.8 141
1732651681215 8.6 142
1732651691300 8.6 143
1732651701389 6.6 144
1732651711482 8.9 145
1732651721571 8.4 146
1732651731646 9.4 147
1732651741733 9.9 148
1732651751835 8.7 149
1732651761920 7.5 150
1732651771996 6.8 151
1732651782081 7.9 152
1732651792180 8.3 153
1732651802262 10.4 154
1732651812375 10.2 155
1732651822468 8.3 156
1732651832552 8.9 157
1732651842636 6.5 158
1732651852704 10.0 159
1732651862779 8.1 160
1732651872861 8.3 161
1732651882944 11.0 162
1732651893037 9.4 163
1732651903124 9.6 164
1732651913215 7.9 165
1732651923310 10.0 166
1732651933378 8.9 167
1732651943459 8.7 168
1732651953558 13.1 169
1732651963641 8.7 170
1732651973726 10.2 171
1732651983815 14.7 172
1732651993885 12.1 173
1732652003949 13.9 174
1732652014034 15.9 175
1732652024131 12.1 176
1732652034217 14.9 177
1732652044311 15.0 178
1732652054407 13.8 179
1732652064500 12.2 180
1732652074589 12.8 181
1732652084685 16.2 182
1732652094780 14.3 183
1732652104853 13.9 184
1732652114946 8.5 185
1732652125037 10.5 186
1732652135147 7.9 187
1732652145238 6.8 188
1732652155336 9.6 189
1732652165422 8.8 190
1732652175518 9.9 191
1732652185606 6.7 192
1732652195707 6.3 193
1732652205790 10.4 194
1732652215886 8.4 195
1732652225978 6.3 196
1732652236078 8.6 197
1732652246176 11.4 198
1732652256256 10.9 199
1732652266367 9.2 200
1732652276465 8.5 201
1732652286558 7.2 202
1732652296658 7.1 203
1732652306762 11.0 204
1732652316855 8.7 205
1732652326950 9.1 206
1732652337052 10.5 207
1732652347152 9.4 208
1732652357226 6.3 209
1732652367342 9.4 210
1732652377454 10.5 211
1732652387566 8.5 212
1732652397666 8.9 213
1732652407768 13.2 214
1732652417850 7.3 215
1732652427933 7.9 216
1732652438029 10.4 217
1732652448127 9.8 218
1732652458224 9.0 219
1732652468862 8.1 220
1732652478968 9.7 221
1732652489078 6.8 222
1732652499166 9.1 223
1732652509260 11.0 224
1732652519337 8.2 225
1732652529419 10.7 226
1732652539524 9.4 227
1732652549630 8.5 228
1732652559756 6.6 229
1732652569852 10.5 230
1732652579962 9.1 231
1732652590067 9.1 232
1732652600170 9.2 233
1732652610275 8.8 234
1732652620382 8.0 235
1732652630492 6.8 236
1732652640577 8.8 237
1732652650670 9.9 238
1732652660771 12.2 239
1732652670862 11.3 240
1732652680973 13.2 241
1732652691060 7.9 242
1732652701158 8.3 243
1732652711244 8.4 244
1732652721344 13.5 245
1732652731467 10.4 246
1732652741591 10.3 247
1732652751688 10.8 248
1732652761774 12.3 249
1732652771871 8.4 250
1732652781973 11.1 251
1732652792081 9.8 252
1732652802183 9.7 253
1732652812287 10.5 254
1732652822381 8.8 255
1732652832485 6.5 256
1732652842590 9.9 257
1732652852683 9.3 258
1732652862792 9.3 259
1732652872912 8.7 260
1732652883091 10.3 261
1732652893203 8.0 262
1732652903303 6.4 263
1732652913392 6.6 264
1732652923468 10.6 265
1732652933584 10.5 266
1732652943693 9.1 267
1732652953795 8.2 268
1732652963905 9.6 269
1732652974019 6.5 270
1732652984130 10.6 271
1732652994219 9.6 272
1732653004310 11.0 273
1732653014424 10.7 274
1732653024543 7.9 275
1732653034660 6.2 276
1732653044756 7.9 277
1732653054864 10.1 278
1732653064966 9.3 279
1732653075075 9.3 280
1732653085184 9.9 281
1732653095303 8.3 282
1732653105402 6.8 283
1732653115491 8.5 284
1732653125570 10.4 285
1732653135689 10.3 286
1732653145790 8.6 287
1732653155892 9.5 288
1732653165952 6.6 289
1732653176058 8.6 290
1732653186169 10.8 291
1732653196265 10.9 292
1732653206387 11.6 293
1732653216496 7.4 294
1732653226611 7.2 295
1732653236728 11.7 296
1732653246839 10.7 297
1732653256941 10.6 298
1732653267038 9.4 299
1732653277135 6.3 300
1732653287256 9.9 301
1732653297349 9.2 302
1732653307460 10.1 303
1732653317553 9.8 304
1732653327662 10.2 305
1732653337776 6.8 306
1732653347893 6.9 307
1732653358013 10.8 308
1732653368086 8.6 309
1732653378187 10.6 310
1732653388301 9.2 311
1732653398431 9.5 312
1732653408542 6.0 313
1732653418649 9.2 314
1732653428760 6.9 315
1732653438864 9.0 316
1732653448994 10.4 317
1732653459108 8.4 318
1732653469220 8.6 319
1732653479321 6.2 320
1732653489440 8.5 321
1732653499565 7.8 322
1732653509650 10.7 323
1732653519772 11.1 324
1732653529872 6.9 325
1732653539975 7.8 326
1732653550097 6.0 327
1732653560214 9.1 328
1732653570338 10.5 329
1732653580470 8.2 330
1732653590571 8.9 331
1732653600682 8.8 332
1732653610798 6.8 333
1732653620917 6.2 334
1732653631025 10.4 335
1732653641137 9.4 336
1732653651233 7.4 337
1732653661326 7.1 338
1732653671420 10.1 339
1732653681495 6.6 340
1732653691600 7.8 341
1732653701731 8.6 342
1732653711819 7.4 343
1732653721921 10.8 344
1732653732022 8.3 345
1732653742149 8.6 346
1732653752260 8.4 347
1732653762363 6.8 348
1732653772448 6.0 349
1732653782541 8.7 350
1732653792660 8.2 351
1732653802772 9.9 352
1732653812855 9.6 353
1732653822957 7.3 354
1732653833072 8.2 355
1732653843190 6.0 356
1732653853314 7.5 357
1732653863430 8.2 358
1732653873550 9.4 359
1732653883671 8.1 360
1732653893786 9.3 361
1732653903908 6.8 362
1732653914023 8.0 363
1732653924138 6.1 364
1732653934254 7.7 365
1732653944378 10.4 366
1732653954501 8.2 367
1732653964617 9.5 368
1732653974725 7.7 369
1732653984860 9.5 370
1732653994976 6.2 371
1732654005094 6.7 372
1732654015210 10.2 373
1732654025337 9.0 374
1732654035455 8.4 375
1732654045596 8.7 376
1732654055713 9.1 377
1732654065841 6.5 378
1732654075945 8.8 379
1732654086039 10.1 380
1732654096158 7.9 381
1732654106269 8.3 382
1732654116387 7.0 383
1732654126514 9.0 384
1732654136630 6.0 385
1732654146749 8.4 386
1732654156872 6.4 387
1732654167004 9.3 388
1732654177122 8.1 389
1732654187249 10.2 390
1732654197384 8.2 391
1732654207501 7.5 392
1732654217624 6.2 393
1732654227754 10.1 394
1732654237878 8.7 395
1732654247987 8.6 396
1732654258095 8.7 397
1732654268214 8.3 398
1732654278310 6.7 399
1732654288409 7.6 400
1732654298524 9.0 401
1732654308655 10.1 402
1732654318785 7.1 403
1732654328913 10.1 404
1732654339042 8.1 405
1732654349178 6.5 406
1732654359310 7.0 407
1732654369430 10.0 408
1732654379557 9.4 409
1732654389686 8.2 410
1732654399812 10.2 411
1732654409917 6.8 412
1732654420028 6.6 413
1732654430142 7.0 414
1732654440283 7.2 415
1732654450403 8.3 416
1732654460536 8.0 417
1732654470668 10.3 418
1732654480758 10.8 419
1732654490870 6.1 420
1732654501001 7.0 421
1732654511136 8.0 422
1732654521263 9.6 423
1732654531391 7.3 424
1732654541520 9.0 425
1732654551647 8.6 426
1732654561776 8.4 427
1732654571940 6.2 428
1732654582055 6.0 429
1732654592191 10.3 430
1732654602318 7.1 431
1732654612445 9.2 432
1732654622541 8.3 433
1732654632677 8.6 434
1732654642800 7.6 435
1732654652919 6.0 436
1732654663053 7.0 437
1732654673177 9.9 438
1732654683303 8.4 439
1732654693437 7.5 440
1732654703577 9.0 441
1732654713703 8.7 442
1732654723832 7.8 443
1732654733966 6.0 444
1732654744095 9.4 445
1732654754218 10.0 446
1732654764339 8.1 447
1732654774475 10.2 448
1732654784601 8.4 449
1732654794714 6.1 450
1732654804837 7.2 451
1732654814972 10.5 452
1732654825103 7.4 453
1732654835248 9.6 454
1732654845401 10.9 455
1732654855531 8.2 456
1732654865628 8.1 457
1732654875750 10.6 458
1732654885831 9.4 459
1732654895963 10.7 460
1732654906047 9.3 461
1732654916191 11.8 462
1732654926273 8.1 463
1732654936391 7.4 464
1732654946520 8.4 465
1732654956649 8.9 466
1732654966782 8.9 467
1732654976911 11.1 468
1732654987036 10.0 469
1732654997157 10.5 470
