1732650250570 139576.4 0
1732650260627 139576.3 1
1732650270679 139576.3 2
1732650280729 139576.3 3
1732650290790 139576.2 4
1732650300848 139575.3 5
1732650310902 139569.9 6
1732650320969 139566.5 7
1732650331037 139564.5 8
1732650341100 139563.8 9
1732650351176 139562.2 10
1732650361242 139559.2 11
1732650371303 139556.7 12
1732650381379 139556.3 13
1732650391432 139555.7 14
1732650401521 139554.8 15
1732650411584 139552.0 16
1732650421656 139549.9 17
1732650431715 139548.3 18
1732650441770 139572.9 19
1732650451833 139571.5 20
1732650461879 139568.9 21
1732650471947 139565.2 22
1732650482025 139559.9 23
1732650492096 139601.9 24
1732650502168 139601.9 25
1732650512234 139601.9 26
1732650522298 139554.1 27
1732650532367 139554.1 28
1732650542449 139554.1 29
1732650552511 139554.1 30
1732650562589 139554.1 31
1732650572666 139554.0 32
1732650582732 139554.0 33
1732650592826 139554.0 34
1732650602904 139554.0 35
1732650612988 139554.0 36
1732650623057 139554.0 37
1732650633148 139553.9 38
1732650643236 139553.9 39
1732650653315 139553.9 40
1732650663379 139553.9 41
1732650673460 139553.9 42
1732650683542 139553.8 43
1732650693615 139553.8 44
1732650703701 139553.8 45
1732650713787 139553.8 46
1732650723844 139553.7 47
1732650733921 139553.7 48
1732650743989 139553.7 49
1732650754067 139553.7 50
1732650764153 139553.7 51
1732650774240 139553.6 52
1732650784312 139553.6 53
1732650794398 139553.6 54
1732650804477 139553.6 55
1732650814565 139553.6 56
1732650824649 139553.5 57
1732650834719 139553.5 58
1732650844777 139553.5 59
1732650854859 139553.5 60
1732650864946 139553.5 61
1732650875022 139553.5 62
1732650885093 139553.5 63
1732650895194 139553.5 64
1732650905268 139553.5 65
1732650915340 139553.4 66
1732650925427 139553.4 67
1732650935527 139553.4 68
1732650945604 139553.4 69
1732650955675 139553.4 70
1732650965752 139553.4 71
1732650975821 139553.4 72
1732650985899 139553.3 73
1732650995973 139553.3 74
1732651006035 139553.3 75
1732651016104 139553.3 76
1732651026197 139553.2 77
1732651036281 139553.2 78
1732651046355 139553.2 79
1732651056464 139553.2 80
1732651066537 139553.2 81
1732651076593 139552.9 82
1732651086647 139552.9 83
1732651096739 139552.1 84
1732651106825 139553.6 85
1732651116878 139553.5 86
1732651126935 139553.5 87
1732651136990 139553.5 88
1732651147057 139553.5 89
1732651157113 139553.5 90
1732651167196 139553.5 91
1732651177268 139553.5 92
1732651187363 139553.5 93
1732651197444 139553.4 94
1732651207520 139553.4 95
1732651217624 139553.4 96
1732651227711 139553.4 97
1732651237787 139553.4 98
1732651247860 139553.4 99
1732651257943 139553.4 100
1732651268019 139553.4 101
1732651278120 139553.3 102
1732651288191 139553.3 103
1732651298269 139553.3 104
1732651308359 139553.3 105
1732651318447 139553.3 106
1732651328532 139553.3 107
1732651338602 139553.3 108
1732651348689 139553.2 109
1732651358786 139553.2 110
1732651368841 139553.2 111
1732651378919 139553.2 112
1732651388991 139553.2 113
1732651399087 139553.2 114
1732651409146 139553.2 115
1732651419226 139553.2 116
1732651429306 139553.2 117
1732651439401 139553.2 118
1732651449459 139553.1 119
1732651459545 139553.1 120
1732651469630 139553.1 121
1732651479697 139553.1 122
1732651489769 139553.1 123
1732651499830 139553.1 124
1732651509887 139553.1 125
1732651519949 139553.1 126
1732651530013 139553.0 127
1732651540076 139553.0 128
1732651550131 139553.0 129
1732651560218 139553.0 130
1732651570294 139553.0 131
1732651580375 139550.3 132
1732651590436 139550.4 133
1732651600522 139550.4 134
1732651610597 139550.4 135
1732651620691 139550.4 136
1732651630768 139550.4 137
1732651640856 139550.3 138
1732651650944 139549.8 139
1732651661034 139551.3 140
1732651671127 139551.3 141
1732651681215 139551.3 142
1732651691300 139551.3 143
1732651701389 139551.3 144
1732651711482 139551.3 145
1732651721571 139551.2 146
1732651731646 139551.2 147
1732651741733 139551.2 148
1732651751835 139551.2 149
1732651761920 139551.2 150
1732651771996 139551.2 151
1732651782081 139551.2 152
1732651792180 139551.2 153
1732651802262 139551.2 154
1732651812375 139551.1 155
1732651822468 139551.1 156
1732651832552 139551.1 157
1732651842636 139551.1 158
1732651852704 139551.1 159
1732651862779 139551.1 160
1732651872861 139551.1 161
1732651882944 139551.0 162
1732651893037 139551.0 163
1732651903124 139551.0 164
1732651913215 139551.0 165
1732651923310 139550.8 166
1732651933378 139550.9 167
1732651943459 139550.9 168
1732651953558 139666.7 169
1732651963641 139666.5 170
1732651973726 139666.5 171
1732651983815 139663.0 172
1732651993885 139666.6 173
1732652003949 139668.9 174
1732652014034 139664.2 175
1732652024131 139667.7 176
1732652034217 139667.5 177
1732652044311 139666.5 178
1732652054407 139666.2 179
1732652064500 139669.8 180
1732652074589 139665.0 181
1732652084685 139668.6 182
1732652094780 139663.9 183
1732652104853 139667.4 184
1732652114946 139667.4 185
1732652125037 139667.4 186
1732652135147 139667.4 187
1732652145238 139667.4 188
1732652155336 139667.4 189
1732652165422 139667.4 190
1732652175518 139667.3 191
1732652185606 139667.3 192
1732652195707 139667.3 193
1732652205790 139667.3 194
1732652215886 139667.3 195
1732652225978 139667.3 196
1732652236078 139667.2 197
1732652246176 139667.2 198
1732652256256 139667.2 199
1732652266367 139667.1 200
1732652276465 139667.1 201
1732652286558 139667.1 202
1732652296658 139667.1 203
1732652306762 139667.1 204
1732652316855 139667.1 205
1732652326950 139667.1 206
1732652337052 139667.1 207
1732652347152 139667.1 208
1732652357226 139667.1 209
1732652367342 139667.0 210
1732652377454 139667.0 211
1732652387566 139667.0 212
1732652397666 139667.0 213
1732652407768 139664.5 214
1732652417850 139664.5 215
1732652427933 139664.5 216
1732652438029 139664.5 217
1732652448127 139664.5 218
1732652458224 139664.5 219
1732652468862 139664.5 220
1732652478968 139664.5 221
1732652489078 139664.4 222
1732652499166 139664.4 223
1732652509260 139664.4 224
1732652519337 139664.4 225
1732652529419 139664.4 226
1732652539524 139664.4 227
1732652549630 139664.3 228
1732652559756 139664.3 229
1732652569852 139664.3 230
1732652579962 139664.3 231
1732652590067 139664.3 232
1732652600170 139664.3 233
1732652610275 139664.3 234
1732652620382 139664.3 235
1732652630492 139664.2 236
1732652640577 139664.2 237
1732652650670 139664.2 238
1732652660771 139662.9 239
1732652670862 139661.6 240
1732652680973 139659.3 241
1732652691060 139658.4 242
1732652701158 139659.2 243
1732652711244 139659.2 244
1732652721344 139658.4 245
1732652731467 139658.4 246
1732652741591 139658.4 247
1732652751688 139658.3 248
1732652761774 139655.2 249
1732652771871 139654.9 250
1732652781973 139654.9 251
1732652792081 139654.8 252
1732652802183 139654.8 253
1732652812287 139654.8 254
1732652822381 139654.7 255
1732652832485 139654.5 256
1732652842590 139654.5 257
1732652852683 139654.5 258
1732652862792 139654.5 259
1732652872912 139654.5 260
1732652883091 139654.5 261
1732652893203 139654.4 262
1732652903303 139654.4 263
1732652913392 139654.4 264
1732652923468 139654.4 265
1732652933584 139654.4 266
1732652943693 139654.3 267
1732652953795 139654.3 268
1732652963905 139654.3 269
1732652974019 139654.3 270
1732652984130 139654.3 271
1732652994219 139654.3 272
1732653004310 139654.3 273
1732653014424 139654.3 274
1732653024543 139654.3 275
1732653034660 139654.3 276
1732653044756 139654.2 277
1732653054864 139654.2 278
1732653064966 139654.2 279
1732653075075 139654.2 280
1732653085184 139654.2 281
1732653095303 139654.2 282
1732653105402 139654.2 283
1732653115491 139654.2 284
1732653125570 139654.2 285
1732653135689 139654.1 286
1732653145790 139654.1 287
1732653155892 139654.1 288
1732653165952 139654.1 289
1732653176058 139654.1 290
1732653186169 139654.1 291
1732653196265 139654.1 292
1732653206387 139654.0 293
1732653216496 139654.0 294
1732653226611 139654.0 295
1732653236728 139654.0 296
1732653246839 139654.0 297
1732653256941 139654.0 298
1732653267038 139654.0 299
1732653277135 139654.0 300
1732653287256 139654.0 301
1732653297349 139654.0 302
1732653307460 139653.9 303
1732653317553 139653.9 304
1732653327662 139653.9 305
1732653337776 139653.9 306
1732653347893 139653.9 307
1732653358013 139653.9 308
1732653368086 139653.9 309
1732653378187 139653.9 310
1732653388301 139653.8 311
1732653398431 139653.8 312
1732653408542 139653.8 313
1732653418649 139653.8 314
1732653428760 139653.8 315
1732653438864 139653.8 316
1732653448994 139653.7 317
1732653459108 139653.7 318
1732653469220 139653.7 319
1732653479321 139653.7 320
1732653489440 139653.7 321
1732653499565 139653.7 322
1732653509650 139653.7 323
1732653519772 139653.7 324
1732653529872 139653.7 325
1732653539975 139653.7 326
1732653550097 139653.6 327
1732653560214 139653.6 328
1732653570338 139653.6 329
1732653580470 139653.6 330
1732653590571 139653.6 331
1732653600682 139653.6 332
1732653610798 139653.6 333
1732653620917 139653.6 334
1732653631025 139653.6 335
1732653641137 139653.5 336
1732653651233 139653.5 337
1732653661326 139653.5 338
1732653671420 139653.5 339
1732653681495 139653.5 340
1732653691600 139653.4 341
1732653701731 139653.4 342
1732653711819 139653.4 343
1732653721921 139653.4 344
1732653732022 139653.4 345
1732653742149 139653.4 346
1732653752260 139653.4 347
1732653762363 139653.4 348
1732653772448 139653.3 349
1732653782541 139653.3 350
1732653792660 139653.3 351
1732653802772 139653.3 352
1732653812855 139653.3 353
1732653822957 139653.3 354
1732653833072 139653.3 355
1732653843190 139653.3 356
1732653853314 139653.3 357
1732653863430 139653.3 358
1732653873550 139653.2 359
1732653883671 139653.2 360
1732653893786 139653.2 361
1732653903908 139653.2 362
1732653914023 139653.2 363
1732653924138 139653.2 364
1732653934254 139653.2 365
1732653944378 139653.1 366
1732653954501 139653.1 367
1732653964617 139653.1 368
1732653974725 139653.1 369
1732653984860 139653.1 370
1732653994976 139653.1 371
1732654005094 139653.1 372
1732654015210 139653.1 373
1732654025337 139653.1 374
1732654035455 139653.0 375
1732654045596 139653.0 376
1732654055713 139653.0 377
1732654065841 139653.0 378
1732654075945 139653.0 379
1732654086039 139653.0 380
1732654096158 139653.0 381
1732654106269 139653.0 382
1732654116387 139652.9 383
1732654126514 139652.9 384
1732654136630 139652.9 385
1732654146749 139652.9 386
1732654156872 139652.9 387
1732654167004 139652.9 388
1732654177122 139652.9 389
1732654187249 139652.9 390
1732654197384 139652.9 391
1732654207501 139652.9 392
1732654217624 139652.8 393
1732654227754 139652.8 394
1732654237878 139652.8 395
1732654247987 139652.8 396
1732654258095 139652.8 397
1732654268214 139652.8 398
1732654278310 139652.8 399
1732654288409 139652.7 400
1732654298524 139652.7 401
1732654308655 139652.7 402
1732654318785 139652.7 403
1732654328913 139652.7 404
1732654339042 139652.7 405
1732654349178 139652.7 406
1732654359310 139652.7 407
1732654369430 139652.7 408
1732654379557 139652.7 409
1732654389686 139652.6 410
1732654399812 139652.6 411
1732654409917 139652.6 412
1732654420028 139652.6 413
1732654430142 139652.6 414
1732654440283 139652.6 415
1732654450403 139652.5 416
1732654460536 139652.5 417
1732654470668 139652.5 418
1732654480758 139652.5 419
1732654490870 139652.5 420
1732654501001 139652.5 421
1732654511136 139652.5 422
1732654521263 139652.5 423
1732654531391 139652.4 424
1732654541520 139652.4 425
1732654551647 139652.4 426
1732654561776 139652.4 427
1732654571940 139652.4 428
1732654582055 139652.4 429
1732654592191 139652.4 430
1732654602318 139652.4 431
1732654612445 139652.4 432
1732654622541 139652.3 433
1732654632677 139652.3 434
1732654642800 139652.3 435
1732654652919 139652.3 436
1732654663053 139652.3 437
1732654673177 139652.3 438
1732654683303 139652.3 439
1732654693437 139652.3 440
1732654703577 139652.2 441
1732654713703 139652.2 442
1732654723832 139652.2 443
1732654733966 139652.2 444
1732654744095 139652.2 445
1732654754218 139652.2 446
1732654764339 139652.2 447
1732654774475 139652.2 448
1732654784601 139652.2 449
1732654794714 139652.1 450
1732654804837 139652.1 451
1732654814972 139652.1 452
1732654825103 139652.1 453
1732654835248 139652.1 454
1732654845401 139652.1 455
1732654855531 139652.1 456
1732654865628 139652.5 457
1732654875750 139652.5 458
1732654885831 139652.5 459
1732654895963 139652.5 460
1732654906047 139652.5 461
1732654916191 139652.5 462
1732654926273 139652.4 463
1732654936391 139652.4 464
1732654946520 139652.4 465
1732654956649 139652.4 466
1732654966782 139652.4 467
1732654976911 139652.4 468
1732654987036 139652.4 469
1732654997157 139652.4 470
