1732650250570 46.8 0
1732650260627 46.8 1
1732650270679 46.8 2
1732650280729 46.8 3
1732650290790 46.8 4
1732650300848 46.8 5
1732650310902 46.8 6
1732650320969 46.8 7
1732650331037 46.8 8
1732650341100 46.8 9
1732650351176 46.8 10
1732650361242 46.8 11
1732650371303 46.8 12
1732650381379 46.8 13
1732650391432 46.8 14
1732650401521 46.8 15
1732650411584 46.8 16
1732650421656 46.8 17
1732650431715 46.8 18
1732650441770 46.8 19
1732650451833 46.8 20
1732650461879 46.8 21
1732650471947 46.8 22
1732650482025 46.8 23
1732650492096 46.8 24
1732650502168 46.8 25
1732650512234 46.8 26
1732650522298 46.8 27
1732650532367 46.8 28
1732650542449 46.8 29
1732650552511 46.8 30
1732650562589 46.8 31
1732650572666 46.8 32
1732650582732 46.8 33
1732650592826 46.8 34
1732650602904 46.8 35
1732650612988 46.8 36
1732650623057 46.8 37
1732650633148 46.8 38
1732650643236 46.8 39
1732650653315 46.8 40
1732650663379 46.8 41
1732650673460 46.8 42
1732650683542 46.8 43
1732650693615 46.8 44
1732650703701 46.8 45
1732650713787 46.8 46
1732650723844 46.8 47
1732650733921 46.8 48
1732650743989 46.8 49
1732650754067 46.8 50
1732650764153 46.8 51
1732650774240 46.8 52
1732650784312 46.8 53
1732650794398 46.8 54
1732650804477 46.8 55
1732650814565 46.8 56
1732650824649 46.8 57
1732650834719 46.8 58
1732650844777 46.8 59
1732650854859 46.8 60
1732650864946 46.8 61
1732650875022 46.8 62
1732650885093 46.8 63
1732650895194 46.8 64
1732650905268 46.8 65
1732650915340 46.8 66
1732650925427 46.8 67
1732650935527 46.8 68
1732650945604 46.8 69
1732650955675 46.8 70
1732650965752 46.8 71
1732650975821 46.8 72
1732650985899 46.8 73
1732650995973 46.8 74
1732651006035 46.8 75
1732651016104 46.8 76
1732651026197 46.8 77
1732651036281 46.8 78
1732651046355 46.8 79
1732651056464 46.8 80
1732651066537 46.8 81
1732651076593 46.8 82
1732651086647 46.8 83
1732651096739 46.8 84
1732651106825 46.8 85
1732651116878 46.8 86
1732651126935 46.8 87
1732651136990 46.8 88
1732651147057 46.8 89
1732651157113 46.8 90
1732651167196 46.8 91
1732651177268 46.8 92
1732651187363 46.8 93
1732651197444 46.8 94
1732651207520 46.8 95
1732651217624 46.8 96
1732651227711 46.8 97
1732651237787 46.8 98
1732651247860 46.8 99
1732651257943 46.8 100
1732651268019 46.8 101
1732651278120 46.8 102
1732651288191 46.8 103
1732651298269 46.8 104
1732651308359 46.8 105
1732651318447 46.8 106
1732651328532 46.8 107
1732651338602 46.8 108
1732651348689 46.8 109
1732651358786 46.8 110
1732651368841 46.8 111
1732651378919 46.8 112
1732651388991 46.8 113
1732651399087 46.8 114
1732651409146 46.8 115
1732651419226 46.8 116
1732651429306 46.8 117
1732651439401 46.8 118
1732651449459 46.8 119
1732651459545 46.8 120
1732651469630 46.8 121
1732651479697 46.8 122
1732651489769 46.8 123
1732651499830 46.8 124
1732651509887 46.8 125
1732651519949 46.8 126
1732651530013 46.8 127
1732651540076 46.8 128
1732651550131 46.8 129
1732651560218 46.8 130
1732651570294 46.8 131
1732651580375 46.8 132
1732651590436 46.8 133
1732651600522 46.8 134
1732651610597 46.8 135
1732651620691 46.8 136
1732651630768 46.8 137
1732651640856 46.8 138
1732651650944 46.8 139
1732651661034 46.8 140
1732651671127 46.8 141
1732651681215 46.8 142
1732651691300 46.8 143
1732651701389 46.8 144
1732651711482 46.8 145
1732651721571 46.8 146
1732651731646 46.8 147
1732651741733 46.8 148
1732651751835 46.8 149
1732651761920 46.8 150
1732651771996 46.8 151
1732651782081 46.8 152
1732651792180 46.8 153
1732651802262 46.8 154
1732651812375 46.8 155
1732651822468 46.8 156
1732651832552 46.8 157
1732651842636 46.8 158
1732651852704 46.8 159
1732651862779 46.8 160
1732651872861 46.8 161
1732651882944 46.8 162
1732651893037 46.8 163
1732651903124 46.8 164
1732651913215 46.8 165
1732651923310 46.8 166
1732651933378 46.8 167
1732651943459 46.8 168
1732651953558 46.8 169
1732651963641 46.8 170
1732651973726 46.8 171
1732651983815 46.8 172
1732651993885 46.8 173
1732652003949 46.8 174
1732652014034 46.8 175
1732652024131 46.8 176
1732652034217 46.8 177
1732652044311 46.8 178
1732652054407 46.8 179
1732652064500 46.8 180
1732652074589 46.8 181
1732652084685 46.8 182
1732652094780 46.8 183
1732652104853 46.8 184
1732652114946 46.8 185
1732652125037 46.8 186
1732652135147 46.8 187
1732652145238 46.8 188
1732652155336 46.8 189
1732652165422 46.8 190
1732652175518 46.8 191
1732652185606 46.8 192
1732652195707 46.8 193
1732652205790 46.8 194
1732652215886 46.8 195
1732652225978 46.8 196
1732652236078 46.8 197
1732652246176 46.8 198
1732652256256 46.8 199
1732652266367 46.8 200
1732652276465 46.8 201
1732652286558 46.8 202
1732652296658 46.8 203
1732652306762 46.8 204
1732652316855 46.8 205
1732652326950 46.8 206
1732652337052 46.8 207
1732652347152 46.8 208
1732652357226 46.8 209
1732652367342 46.8 210
1732652377454 46.8 211
1732652387566 46.8 212
1732652397666 46.8 213
1732652407768 46.8 214
1732652417850 46.8 215
1732652427933 46.8 216
1732652438029 46.8 217
1732652448127 46.8 218
1732652458224 46.8 219
1732652468862 46.8 220
1732652478968 46.8 221
1732652489078 46.8 222
1732652499166 46.8 223
1732652509260 46.8 224
1732652519337 46.8 225
1732652529419 46.8 226
1732652539524 46.8 227
1732652549630 46.8 228
1732652559756 46.8 229
1732652569852 46.8 230
1732652579962 46.8 231
1732652590067 46.8 232
1732652600170 46.8 233
1732652610275 46.8 234
1732652620382 46.8 235
1732652630492 46.8 236
1732652640577 46.8 237
1732652650670 46.8 238
1732652660771 46.8 239
1732652670862 46.8 240
1732652680973 46.8 241
1732652691060 46.8 242
1732652701158 46.8 243
1732652711244 46.8 244
1732652721344 46.8 245
1732652731467 46.8 246
1732652741591 46.8 247
1732652751688 46.8 248
1732652761774 46.8 249
1732652771871 46.8 250
1732652781973 46.8 251
1732652792081 46.8 252
1732652802183 46.8 253
1732652812287 46.8 254
1732652822381 46.8 255
1732652832485 46.8 256
1732652842590 46.8 257
1732652852683 46.8 258
1732652862792 46.8 259
1732652872912 46.8 260
1732652883091 46.8 261
1732652893203 46.8 262
1732652903303 46.8 263
1732652913392 46.8 264
1732652923468 46.8 265
1732652933584 46.8 266
1732652943693 46.8 267
1732652953795 46.8 268
1732652963905 46.8 269
1732652974019 46.8 270
1732652984130 46.8 271
1732652994219 46.8 272
1732653004310 46.8 273
1732653014424 46.8 274
1732653024543 46.8 275
1732653034660 46.8 276
1732653044756 46.8 277
1732653054864 46.8 278
1732653064966 46.8 279
1732653075075 46.8 280
1732653085184 46.8 281
1732653095303 46.8 282
1732653105402 46.8 283
1732653115491 46.8 284
1732653125570 46.8 285
1732653135689 46.8 286
1732653145790 46.8 287
1732653155892 46.8 288
1732653165952 46.8 289
1732653176058 46.8 290
1732653186169 46.8 291
1732653196265 46.8 292
1732653206387 46.8 293
1732653216496 46.8 294
1732653226611 46.8 295
1732653236728 46.8 296
1732653246839 46.8 297
1732653256941 46.8 298
1732653267038 46.8 299
1732653277135 46.8 300
1732653287256 46.8 301
1732653297349 46.8 302
1732653307460 46.8 303
1732653317553 46.8 304
1732653327662 46.8 305
1732653337776 46.8 306
1732653347893 46.8 307
1732653358013 46.8 308
1732653368086 46.8 309
1732653378187 46.8 310
1732653388301 46.8 311
1732653398431 46.8 312
1732653408542 46.8 313
1732653418649 46.8 314
1732653428760 46.8 315
1732653438864 46.8 316
1732653448994 46.8 317
1732653459108 46.8 318
1732653469220 46.8 319
1732653479321 46.8 320
1732653489440 46.8 321
1732653499565 46.8 322
1732653509650 46.8 323
1732653519772 46.8 324
1732653529872 46.8 325
1732653539975 46.8 326
1732653550097 46.8 327
1732653560214 46.8 328
1732653570338 46.8 329
1732653580470 46.8 330
1732653590571 46.8 331
1732653600682 46.8 332
1732653610798 46.8 333
1732653620917 46.8 334
1732653631025 46.8 335
1732653641137 46.8 336
1732653651233 46.8 337
1732653661326 46.8 338
1732653671420 46.8 339
1732653681495 46.8 340
1732653691600 46.8 341
1732653701731 46.8 342
1732653711819 46.8 343
1732653721921 46.8 344
1732653732022 46.8 345
1732653742149 46.8 346
1732653752260 46.8 347
1732653762363 46.8 348
1732653772448 46.8 349
1732653782541 46.8 350
1732653792660 46.8 351
1732653802772 46.8 352
1732653812855 46.8 353
1732653822957 46.8 354
1732653833072 46.8 355
1732653843190 46.8 356
1732653853314 46.8 357
1732653863430 46.8 358
1732653873550 46.8 359
1732653883671 46.8 360
1732653893786 46.8 361
1732653903908 46.8 362
1732653914023 46.8 363
1732653924138 46.8 364
1732653934254 46.8 365
1732653944378 46.8 366
1732653954501 46.8 367
1732653964617 46.8 368
1732653974725 46.8 369
1732653984860 46.8 370
1732653994976 46.8 371
1732654005094 46.8 372
1732654015210 46.8 373
1732654025337 46.8 374
1732654035455 46.8 375
1732654045596 46.8 376
1732654055713 46.8 377
1732654065841 46.8 378
1732654075945 46.8 379
1732654086039 46.8 380
1732654096158 46.8 381
1732654106269 46.8 382
1732654116387 46.8 383
1732654126514 46.8 384
1732654136630 46.8 385
1732654146749 46.8 386
1732654156872 46.8 387
1732654167004 46.8 388
1732654177122 46.8 389
1732654187249 46.8 390
1732654197384 46.8 391
1732654207501 46.8 392
1732654217624 46.8 393
1732654227754 46.8 394
1732654237878 46.8 395
1732654247987 46.8 396
1732654258095 46.8 397
1732654268214 46.8 398
1732654278310 46.8 399
1732654288409 46.8 400
1732654298524 46.8 401
1732654308655 46.8 402
1732654318785 46.8 403
1732654328913 46.8 404
1732654339042 46.8 405
1732654349178 46.8 406
1732654359310 46.8 407
1732654369430 46.8 408
1732654379557 46.8 409
1732654389686 46.8 410
1732654399812 46.8 411
1732654409917 46.8 412
1732654420028 46.8 413
1732654430142 46.8 414
1732654440283 46.8 415
1732654450403 46.8 416
1732654460536 46.8 417
1732654470668 46.8 418
1732654480758 46.8 419
1732654490870 46.8 420
1732654501001 46.8 421
1732654511136 46.8 422
1732654521263 46.8 423
1732654531391 46.8 424
1732654541520 46.8 425
1732654551647 46.8 426
1732654561776 46.8 427
1732654571940 46.8 428
1732654582055 46.8 429
1732654592191 46.8 430
1732654602318 46.8 431
1732654612445 46.8 432
1732654622541 46.8 433
1732654632677 46.8 434
1732654642800 46.8 435
1732654652919 46.8 436
1732654663053 46.8 437
1732654673177 46.8 438
1732654683303 46.8 439
1732654693437 46.8 440
1732654703577 46.8 441
1732654713703 46.8 442
1732654723832 46.8 443
1732654733966 46.8 444
1732654744095 46.8 445
1732654754218 46.8 446
1732654764339 46.8 447
1732654774475 46.8 448
1732654784601 46.8 449
1732654794714 46.8 450
1732654804837 46.8 451
1732654814972 46.8 452
1732654825103 46.8 453
1732654835248 46.8 454
1732654845401 46.8 455
1732654855531 46.8 456
1732654865628 46.8 457
1732654875750 46.8 458
1732654885831 46.8 459
1732654895963 46.8 460
1732654906047 46.8 461
1732654916191 46.8 462
1732654926273 46.8 463
1732654936391 46.8 464
1732654946520 46.8 465
1732654956649 46.8 466
1732654966782 46.8 467
1732654976911 46.8 468
1732654987036 46.8 469
1732654997157 46.8 470
