1732650250570 11.0 0
1732650260627 6.0 1
1732650270679 45.0 2
1732650280729 45.0 3
1732650290790 43.0 4
1732650300848 44.0 5
1732650310902 1.0 6
1732650320969 19.0 7
1732650331037 26.0 8
1732650341100 41.0 9
1732650351176 37.0 10
1732650361242 36.0 11
1732650371303 9.0 12
1732650381379 1.0 13
1732650391432 26.0 14
1732650401521 23.0 15
1732650411584 39.0 16
1732650421656 2.0 17
1732650431715 42.0 18
1732650441770 42.0 19
1732650451833 42.0 20
1732650461879 2.0 21
1732650471947 24.0 22
1732650482025 27.0 23
1732650492096 1.0 24
1732650502168 1.0 25
1732650512234 34.0 26
1732650522298 39.0 27
1732650532367 36.0 28
1732650542449 25.0 29
1732650552511 13.0 30
1732650562589 2.0 31
1732650572666 41.0 32
1732650582732 2.0 33
1732650592826 38.0 34
1732650602904 43.0 35
1732650612988 26.0 36
1732650623057 38.0 37
1732650633148 1.0 38
1732650643236 35.0 39
1732650653315 37.0 40
1732650663379 41.0 41
1732650673460 1.0 42
1732650683542 26.0 43
1732650693615 26.0 44
1732650703701 40.0 45
1732650713787 37.0 46
1732650723844 1.0 47
1732650733921 41.0 48
1732650743989 20.0 49
1732650754067 1.0 50
1732650764153 15.0 51
1732650774240 37.0 52
1732650784312 39.0 53
1732650794398 1.0 54
1732650804477 36.0 55
1732650814565 1.0 56
1732650824649 45.0 57
1732650834719 25.0 58
1732650844777 13.0 59
1732650854859 36.0 60
1732650864946 47.0 61
1732650875022 41.0 62
1732650885093 28.0 63
1732650895194 41.0 64
1732650905268 1.0 65
1732650915340 22.0 66
1732650925427 1.0 67
1732650935527 42.0 68
1732650945604 36.0 69
1732650955675 1.0 70
1732650965752 42.0 71
1732650975821 38.0 72
1732650985899 25.0 73
1732650995973 37.0 74
1732651006035 35.0 75
1732651016104 2.0 76
1732651026197 38.0 77
1732651036281 37.0 78
1732651046355 36.0 79
1732651056464 26.0 80
1732651066537 23.0 81
1732651076593 2.0 82
1732651086647 2.0 83
1732651096739 4.0 84
1732651106825 39.0 85
1732651116878 36.0 86
1732651126935 1.0 87
1732651136990 19.0 88
1732651147057 26.0 89
1732651157113 46.0 90
1732651167196 1.0 91
1732651177268 36.0 92
1732651187363 34.0 93
1732651197444 37.0 94
1732651207520 1.0 95
1732651217624 13.0 96
1732651227711 26.0 97
1732651237787 1.0 98
1732651247860 44.0 99
1732651257943 1.0 100
1732651268019 44.0 101
1732651278120 40.0 102
1732651288191 44.0 103
1732651298269 1.0 104
1732651308359 26.0 105
1732651318447 42.0 106
1732651328532 3.0 107
1732651338602 1.0 108
1732651348689 1.0 109
1732651358786 40.0 110
1732651368841 37.0 111
1732651378919 39.0 112
1732651388991 16.0 113
1732651399087 42.0 114
1732651409146 36.0 115
1732651419226 2.0 116
1732651429306 1.0 117
1732651439401 1.0 118
1732651449459 37.0 119
1732651459545 40.0 120
1732651469630 24.0 121
1732651479697 42.0 122
1732651489769 41.0 123
1732651499830 1.0 124
1732651509887 1.0 125
1732651519949 39.0 126
1732651530013 34.0 127
1732651540076 26.0 128
1732651550131 40.0 129
1732651560218 2.0 130
1732651570294 35.0 131
1732651580375 34.0 132
1732651590436 2.0 133
1732651600522 37.0 134
1732651610597 23.0 135
1732651620691 26.0 136
1732651630768 42.0 137
1732651640856 37.0 138
1732651650944 9.0 139
1732651661034 1.0 140
1732651671127 41.0 141
1732651681215 36.0 142
1732651691300 25.0 143
1732651701389 1.0 144
1732651711482 1.0 145
1732651721571 1.0 146
1732651731646 36.0 147
1732651741733 2.0 148
1732651751835 35.0 149
1732651761920 1.0 150
1732651771996 19.0 151
1732651782081 40.0 152
1732651792180 1.0 153
1732651802262 42.0 154
1732651812375 1.0 155
1732651822468 38.0 156
1732651832552 12.0 157
1732651842636 14.0 158
1732651852704 35.0 159
1732651862779 2.0 160
1732651872861 39.0 161
1732651882944 38.0 162
1732651893037 1.0 163
1732651903124 12.0 164
1732651913215 29.0 165
1732651923310 33.0 166
1732651933378 1.0 167
1732651943459 45.0 168
1732651953558 45.0 169
1732651963641 1.0 170
1732651973726 7.0 171
1732651983815 26.0 172
1732651993885 22.0 173
1732652003949 42.0 174
1732652014034 44.0 175
1732652024131 6.0 176
1732652034217 41.0 177
1732652044311 5.0 178
1732652054407 30.0 179
1732652064500 16.0 180
1732652074589 6.0 181
1732652084685 39.0 182
1732652094780 5.0 183
1732652104853 41.0 184
1732652114946 1.0 185
1732652125037 1.0 186
1732652135147 13.0 187
1732652145238 25.0 188
1732652155336 37.0 189
1732652165422 1.0 190
1732652175518 2.0 191
1732652185606 1.0 192
1732652195707 1.0 193
1732652205790 37.0 194
1732652215886 22.0 195
1732652225978 23.0 196
1732652236078 42.0 197
1732652246176 35.0 198
1732652256256 20.0 199
1732652266367 39.0 200
1732652276465 33.0 201
1732652286558 17.0 202
1732652296658 40.0 203
1732652306762 38.0 204
1732652316855 37.0 205
1732652326950 32.0 206
1732652337052 33.0 207
1732652347152 26.0 208
1732652357226 25.0 209
1732652367342 36.0 210
1732652377454 29.0 211
1732652387566 37.0 212
1732652397666 2.0 213
1732652407768 44.0 214
1732652417850 22.0 215
1732652427933 35.0 216
1732652438029 39.0 217
1732652448127 1.0 218
1732652458224 1.0 219
1732652468862 1.0 220
1732652478968 0.0 221
1732652489078 19.0 222
1732652499166 39.0 223
1732652509260 39.0 224
1732652519337 33.0 225
1732652529419 37.0 226
1732652539524 1.0 227
1732652549630 26.0 228
1732652559756 25.0 229
1732652569852 40.0 230
1732652579962 2.0 231
1732652590067 40.0 232
1732652600170 34.0 233
1732652610275 21.0 234
1732652620382 5.0 235
1732652630492 21.0 236
1732652640577 36.0 237
1732652650670 40.0 238
1732652660771 37.0 239
1732652670862 40.0 240
1732652680973 4.0 241
1732652691060 13.0 242
1732652701158 36.0 243
1732652711244 34.0 244
1732652721344 32.0 245
1732652731467 1.0 246
1732652741591 42.0 247
1732652751688 42.0 248
1732652761774 29.0 249
1732652771871 44.0 250
1732652781973 41.0 251
1732652792081 1.0 252
1732652802183 41.0 253
1732652812287 35.0 254
1732652822381 26.0 255
1732652832485 26.0 256
1732652842590 35.0 257
1732652852683 1.0 258
1732652862792 40.0 259
1732652872912 1.0 260
1732652883091 42.0 261
1732652893203 1.0 262
1732652903303 25.0 263
1732652913392 1.0 264
1732652923468 36.0 265
1732652933584 36.0 266
1732652943693 34.0 267
1732652953795 27.0 268
1732652963905 17.0 269
1732652974019 26.0 270
1732652984130 40.0 271
1732652994219 34.0 272
1732653004310 38.0 273
1732653014424 36.0 274
1732653024543 16.0 275
1732653034660 1.0 276
1732653044756 2.0 277
1732653054864 42.0 278
1732653064966 1.0 279
1732653075075 1.0 280
1732653085184 40.0 281
1732653095303 14.0 282
1732653105402 16.0 283
1732653115491 35.0 284
1732653125570 35.0 285
1732653135689 34.0 286
1732653145790 2.0 287
1732653155892 1.0 288
1732653165952 16.0 289
1732653176058 42.0 290
1732653186169 34.0 291
1732653196265 40.0 292
1732653206387 36.0 293
1732653216496 15.0 294
1732653226611 32.0 295
1732653236728 36.0 296
1732653246839 40.0 297
1732653256941 33.0 298
1732653267038 24.0 299
1732653277135 26.0 300
1732653287256 1.0 301
1732653297349 42.0 302
1732653307460 1.0 303
1732653317553 29.0 304
1732653327662 1.0 305
1732653337776 16.0 306
1732653347893 41.0 307
1732653358013 39.0 308
1732653368086 30.0 309
1732653378187 36.0 310
1732653388301 39.0 311
1732653398431 25.0 312
1732653408542 25.0 313
1732653418649 38.0 314
1732653428760 0.0 315
1732653438864 34.0 316
1732653448994 36.0 317
1732653459108 1.0 318
1732653469220 1.0 319
1732653479321 25.0 320
1732653489440 35.0 321
1732653499565 37.0 322
1732653509650 35.0 323
1732653519772 38.0 324
1732653529872 0.0 325
1732653539975 25.0 326
1732653550097 26.0 327
1732653560214 37.0 328
1732653570338 34.0 329
1732653580470 28.0 330
1732653590571 33.0 331
1732653600682 0.0 332
1732653610798 25.0 333
1732653620917 31.0 334
1732653631025 32.0 335
1732653641137 1.0 336
1732653651233 0.0 337
1732653661326 0.0 338
1732653671420 34.0 339
1732653681495 25.0 340
1732653691600 37.0 341
1732653701731 0.0 342
1732653711819 0.0 343
1732653721921 38.0 344
1732653732022 0.0 345
1732653742149 39.0 346
1732653752260 33.0 347
1732653762363 25.0 348
1732653772448 25.0 349
1732653782541 35.0 350
1732653792660 0.0 351
1732653802772 35.0 352
1732653812855 0.0 353
1732653822957 0.0 354
1732653833072 25.0 355
1732653843190 24.0 356
1732653853314 37.0 357
1732653863430 0.0 358
1732653873550 0.0 359
1732653883671 0.0 360
1732653893786 34.0 361
1732653903908 0.0 362
1732653914023 15.0 363
1732653924138 25.0 364
1732653934254 0.0 365
1732653944378 33.0 366
1732653954501 35.0 367
1732653964617 0.0 368
1732653974725 0.0 369
1732653984860 0.0 370
1732653994976 25.0 371
1732654005094 39.0 372
1732654015210 34.0 373
1732654025337 37.0 374
1732654035455 33.0 375
1732654045596 42.0 376
1732654055713 25.0 377
1732654065841 13.0 378
1732654075945 32.0 379
1732654086039 37.0 380
1732654096158 39.0 381
1732654106269 1.0 382
1732654116387 0.0 383
1732654126514 0.0 384
1732654136630 25.0 385
1732654146749 33.0 386
1732654156872 0.0 387
1732654167004 37.0 388
1732654177122 1.0 389
1732654187249 38.0 390
1732654197384 36.0 391
1732654207501 25.0 392
1732654217624 40.0 393
1732654227754 32.0 394
1732654237878 33.0 395
1732654247987 32.0 396
1732654258095 31.0 397
1732654268214 35.0 398
1732654278310 25.0 399
1732654288409 30.0 400
1732654298524 33.0 401
1732654308655 0.0 402
1732654318785 42.0 403
1732654328913 31.0 404
1732654339042 33.0 405
1732654349178 12.0 406
1732654359310 37.0 407
1732654369430 0.0 408
1732654379557 33.0 409
1732654389686 34.0 410
1732654399812 37.0 411
1732654409917 21.0 412
1732654420028 0.0 413
1732654430142 0.0 414
1732654440283 30.0 415
1732654450403 30.0 416
1732654460536 0.0 417
1732654470668 36.0 418
1732654480758 31.0 419
1732654490870 25.0 420
1732654501001 0.0 421
1732654511136 39.0 422
1732654521263 0.0 423
1732654531391 31.0 424
1732654541520 38.0 425
1732654551647 35.0 426
1732654561776 12.0 427
1732654571940 15.0 428
1732654582055 25.0 429
1732654592191 30.0 430
1732654602318 0.0 431
1732654612445 36.0 432
1732654622541 33.0 433
1732654632677 38.0 434
1732654642800 25.0 435
1732654652919 25.0 436
1732654663053 0.0 437
1732654673177 0.0 438
1732654683303 31.0 439
1732654693437 1.0 440
1732654703577 32.0 441
1732654713703 0.0 442
1732654723832 19.0 443
1732654733966 12.0 444
1732654744095 40.0 445
1732654754218 0.0 446
1732654764339 33.0 447
1732654774475 25.0 448
1732654784601 0.0 449
1732654794714 15.0 450
1732654804837 42.0 451
1732654814972 26.0 452
1732654825103 25.0 453
1732654835248 38.0 454
1732654845401 35.0 455
1732654855531 26.0 456
1732654865628 40.0 457
1732654875750 1.0 458
1732654885831 2.0 459
1732654895963 40.0 460
1732654906047 35.0 461
1732654916191 45.0 462
1732654926273 26.0 463
1732654936391 44.0 464
1732654946520 2.0 465
1732654956649 29.0 466
1732654966782 38.0 467
1732654976911 3.0 468
1732654987036 29.0 469
1732654997157 17.0 470
