1732650250570 82.0 0
1732650260627 108.8 1
1732650270679 183.0 2
1732650280729 181.8 3
1732650290790 181.8 4
1732650300848 187.7 5
1732650310902 120.5 6
1732650320969 117.8 7
1732650331037 118.5 8
1732650341100 142.7 9
1732650351176 125.4 10
1732650361242 190.9 11
1732650371303 121.2 12
1732650381379 117.9 13
1732650391432 117.3 14
1732650401521 117.7 15
1732650411584 185.0 16
1732650421656 114.8 17
1732650431715 183.6 18
1732650441770 184.9 19
1732650451833 182.8 20
1732650461879 114.8 21
1732650471947 116.7 22
1732650482025 116.3 23
1732650492096 113.7 24
1732650502168 113.5 25
1732650512234 185.0 26
1732650522298 188.4 27
1732650532367 185.7 28
1732650542449 116.1 29
1732650552511 115.9 30
1732650562589 114.3 31
1732650572666 183.9 32
1732650582732 121.9 33
1732650592826 185.4 34
1732650602904 186.2 35
1732650612988 116.6 36
1732650623057 142.4 37
1732650633148 154.2 38
1732650643236 126.1 39
1732650653315 187.9 40
1732650663379 189.7 41
1732650673460 120.4 42
1732650683542 116.9 43
1732650693615 116.1 44
1732650703701 178.8 45
1732650713787 127.1 46
1732650723844 120.1 47
1732650733921 174.6 48
1732650743989 118.1 49
1732650754067 138.0 50
1732650764153 117.2 51
1732650774240 137.7 52
1732650784312 152.8 53
1732650794398 132.4 54
1732650804477 184.4 55
1732650814565 161.4 56
1732650824649 187.0 57
1732650834719 116.3 58
1732650844777 116.3 59
1732650854859 186.5 60
1732650864946 186.0 61
1732650875022 184.0 62
1732650885093 115.1 63
1732650895194 183.8 64
1732650905268 159.8 65
1732650915340 116.0 66
1732650925427 122.2 67
1732650935527 148.5 68
1732650945604 119.2 69
1732650955675 157.4 70
1732650965752 186.4 71
1732650975821 184.2 72
1732650985899 116.8 73
1732650995973 186.1 74
1732651006035 180.0 75
1732651016104 115.6 76
1732651026197 193.8 77
1732651036281 186.8 78
1732651046355 187.0 79
1732651056464 116.5 80
1732651066537 115.7 81
1732651076593 116.8 82
1732651086647 115.0 83
1732651096739 114.5 84
1732651106825 150.6 85
1732651116878 184.0 86
1732651126935 114.6 87
1732651136990 116.1 88
1732651147057 115.6 89
1732651157113 188.1 90
1732651167196 113.6 91
1732651177268 190.6 92
1732651187363 146.6 93
1732651197444 129.7 94
1732651207520 113.2 95
1732651217624 115.8 96
1732651227711 115.2 97
1732651237787 113.2 98
1732651247860 184.9 99
1732651257943 116.0 100
1732651268019 184.6 101
1732651278120 147.9 102
1732651288191 157.0 103
1732651298269 130.1 104
1732651308359 115.1 105
1732651318447 183.0 106
1732651328532 112.9 107
1732651338602 113.0 108
1732651348689 151.8 109
1732651358786 129.3 110
1732651368841 148.4 111
1732651378919 184.9 112
1732651388991 115.6 113
1732651399087 136.7 114
1732651409146 184.8 115
1732651419226 113.5 116
1732651429306 120.4 117
1732651439401 113.4 118
1732651449459 184.9 119
1732651459545 169.2 120
1732651469630 116.1 121
1732651479697 186.4 122
1732651489769 191.1 123
1732651499830 133.1 124
1732651509887 125.9 125
1732651519949 190.5 126
1732651530013 133.3 127
1732651540076 116.2 128
1732651550131 189.5 129
1732651560218 116.1 130
1732651570294 183.0 131
1732651580375 182.8 132
1732651590436 114.5 133
1732651600522 184.3 134
1732651610597 115.7 135
1732651620691 115.3 136
1732651630768 126.7 137
1732651640856 185.6 138
1732651650944 114.7 139
1732651661034 151.3 140
1732651671127 188.0 141
1732651681215 148.8 142
1732651691300 115.6 143
1732651701389 127.7 144
1732651711482 134.3 145
1732651721571 126.4 146
1732651731646 186.9 147
1732651741733 113.9 148
1732651751835 184.3 149
1732651761920 170.2 150
1732651771996 115.1 151
1732651782081 185.2 152
1732651792180 113.1 153
1732651802262 194.2 154
1732651812375 114.0 155
1732651822468 185.1 156
1732651832552 114.9 157
1732651842636 114.5 158
1732651852704 152.0 159
1732651862779 115.8 160
1732651872861 183.2 161
1732651882944 178.7 162
1732651893037 113.4 163
1732651903124 113.5 164
1732651913215 115.2 165
1732651923310 185.1 166
1732651933378 167.1 167
1732651943459 158.2 168
1732651953558 184.6 169
1732651963641 113.3 170
1732651973726 116.8 171
1732651983815 115.3 172
1732651993885 115.8 173
1732652003949 187.8 174
1732652014034 194.2 175
1732652024131 135.5 176
1732652034217 189.6 177
1732652044311 140.4 178
1732652054407 117.4 179
1732652064500 116.9 180
1732652074589 115.3 181
1732652084685 191.0 182
1732652094780 168.8 183
1732652104853 187.6 184
1732652114946 112.9 185
1732652125037 127.9 186
1732652135147 115.5 187
1732652145238 115.2 188
1732652155336 160.9 189
1732652165422 113.4 190
1732652175518 137.2 191
1732652185606 113.1 192
1732652195707 112.7 193
1732652205790 183.2 194
1732652215886 115.0 195
1732652225978 115.3 196
1732652236078 186.1 197
1732652246176 189.3 198
1732652256256 171.6 199
1732652266367 185.2 200
1732652276465 116.8 201
1732652286558 116.0 202
1732652296658 183.9 203
1732652306762 181.5 204
1732652316855 182.2 205
1732652326950 118.6 206
1732652337052 183.3 207
1732652347152 116.5 208
1732652357226 116.4 209
1732652367342 183.8 210
1732652377454 180.0 211
1732652387566 185.0 212
1732652397666 114.5 213
1732652407768 190.2 214
1732652417850 116.7 215
1732652427933 156.5 216
1732652438029 147.4 217
1732652448127 114.9 218
1732652458224 114.7 219
1732652468862 114.4 220
1732652478968 128.5 221
1732652489078 115.6 222
1732652499166 184.7 223
1732652509260 186.0 224
1732652519337 168.3 225
1732652529419 144.8 226
1732652539524 115.2 227
1732652549630 116.8 228
1732652559756 116.2 229
1732652569852 184.3 230
1732652579962 114.9 231
1732652590067 176.9 232
1732652600170 162.1 233
1732652610275 170.2 234
1732652620382 115.3 235
1732652630492 116.2 236
1732652640577 154.4 237
1732652650670 176.2 238
1732652660771 160.4 239
1732652670862 190.6 240
1732652680973 161.8 241
1732652691060 116.6 242
1732652701158 190.2 243
1732652711244 185.0 244
1732652721344 187.2 245
1732652731467 114.4 246
1732652741591 160.1 247
1732652751688 189.6 248
1732652761774 117.9 249
1732652771871 187.2 250
1732652781973 187.3 251
1732652792081 154.5 252
1732652802183 185.2 253
1732652812287 174.7 254
1732652822381 116.0 255
1732652832485 115.9 256
1732652842590 170.1 257
1732652852683 152.0 258
1732652862792 184.8 259
1732652872912 114.2 260
1732652883091 183.6 261
1732652893203 114.5 262
1732652903303 115.5 263
1732652913392 112.9 264
1732652923468 147.1 265
1732652933584 162.5 266
1732652943693 171.9 267
1732652953795 118.7 268
1732652963905 116.1 269
1732652974019 115.6 270
1732652984130 185.6 271
1732652994219 183.6 272
1732653004310 186.0 273
1732653014424 186.0 274
1732653024543 116.9 275
1732653034660 115.7 276
1732653044756 114.1 277
1732653054864 184.8 278
1732653064966 114.6 279
1732653075075 140.0 280
1732653085184 190.4 281
1732653095303 116.7 282
1732653105402 115.8 283
1732653115491 191.1 284
1732653125570 183.4 285
1732653135689 160.8 286
1732653145790 130.0 287
1732653155892 139.8 288
1732653165952 115.6 289
1732653176058 181.1 290
1732653186169 184.7 291
1732653196265 185.7 292
1732653206387 187.3 293
1732653216496 116.7 294
1732653226611 152.3 295
1732653236728 180.4 296
1732653246839 181.8 297
1732653256941 184.6 298
1732653267038 117.4 299
1732653277135 116.9 300
1732653287256 154.5 301
1732653297349 189.8 302
1732653307460 138.1 303
1732653317553 185.5 304
1732653327662 129.5 305
1732653337776 116.8 306
1732653347893 129.0 307
1732653358013 150.3 308
1732653368086 184.3 309
1732653378187 166.6 310
1732653388301 186.9 311
1732653398431 115.1 312
1732653408542 114.4 313
1732653418649 182.4 314
1732653428760 112.2 315
1732653438864 185.2 316
1732653448994 184.0 317
1732653459108 113.1 318
1732653469220 113.2 319
1732653479321 114.4 320
1732653489440 171.8 321
1732653499565 182.8 322
1732653509650 186.3 323
1732653519772 190.6 324
1732653529872 112.9 325
1732653539975 114.2 326
1732653550097 114.5 327
1732653560214 175.3 328
1732653570338 152.0 329
1732653580470 153.4 330
1732653590571 132.4 331
1732653600682 111.3 332
1732653610798 113.5 333
1732653620917 142.7 334
1732653631025 145.2 335
1732653641137 111.5 336
1732653651233 110.1 337
1732653661326 110.9 338
1732653671420 165.9 339
1732653681495 112.7 340
1732653691600 180.5 341
1732653701731 110.3 342
1732653711819 109.8 343
1732653721921 181.2 344
1732653732022 158.9 345
1732653742149 180.0 346
1732653752260 122.1 347
1732653762363 110.7 348
1732653772448 112.8 349
1732653782541 159.2 350
1732653792660 109.4 351
1732653802772 160.6 352
1732653812855 109.5 353
1732653822957 108.8 354
1732653833072 111.9 355
1732653843190 111.5 356
1732653853314 142.8 357
1732653863430 108.5 358
1732653873550 112.2 359
1732653883671 108.7 360
1732653893786 144.5 361
1732653903908 108.6 362
1732653914023 111.4 363
1732653924138 111.3 364
1732653934254 108.4 365
1732653944378 157.1 366
1732653954501 170.0 367
1732653964617 109.1 368
1732653974725 108.6 369
1732653984860 149.9 370
1732653994976 111.7 371
1732654005094 159.6 372
1732654015210 181.9 373
1732654025337 150.7 374
1732654035455 144.1 375
1732654045596 162.3 376
1732654055713 111.1 377
1732654065841 112.1 378
1732654075945 150.6 379
1732654086039 143.2 380
1732654096158 181.5 381
1732654106269 108.9 382
1732654116387 109.0 383
1732654126514 109.0 384
1732654136630 111.0 385
1732654146749 139.8 386
1732654156872 107.8 387
1732654167004 141.8 388
1732654177122 107.9 389
1732654187249 175.0 390
1732654197384 180.9 391
1732654207501 111.5 392
1732654217624 127.4 393
1732654227754 171.6 394
1732654237878 166.3 395
1732654247987 159.9 396
1732654258095 143.4 397
1732654268214 142.0 398
1732654278310 111.7 399
1732654288409 141.6 400
1732654298524 144.4 401
1732654308655 130.2 402
1732654318785 115.8 403
1732654328913 152.3 404
1732654339042 144.2 405
1732654349178 111.2 406
1732654359310 149.2 407
1732654369430 126.5 408
1732654379557 142.5 409
1732654389686 149.2 410
1732654399812 144.6 411
1732654409917 111.3 412
1732654420028 109.6 413
1732654430142 107.7 414
1732654440283 140.8 415
1732654450403 169.1 416
1732654460536 107.7 417
1732654470668 182.3 418
1732654480758 173.7 419
1732654490870 111.8 420
1732654501001 108.6 421
1732654511136 183.9 422
1732654521263 136.6 423
1732654531391 117.1 424
1732654541520 143.5 425
1732654551647 152.9 426
1732654561776 141.2 427
1732654571940 111.7 428
1732654582055 112.1 429
1732654592191 141.9 430
1732654602318 108.1 431
1732654612445 144.1 432
1732654622541 137.8 433
1732654632677 168.3 434
1732654642800 111.0 435
1732654652919 109.9 436
1732654663053 107.6 437
1732654673177 133.4 438
1732654683303 141.8 439
1732654693437 107.4 440
1732654703577 140.9 441
1732654713703 107.5 442
1732654723832 110.9 443
1732654733966 110.3 444
1732654744095 178.1 445
1732654754218 164.1 446
1732654764339 182.0 447
1732654774475 179.0 448
1732654784601 124.6 449
1732654794714 112.1 450
1732654804837 143.5 451
1732654814972 185.6 452
1732654825103 179.2 453
1732654835248 143.9 454
1732654845401 171.6 455
1732654855531 113.4 456
1732654865628 142.2 457
1732654875750 111.6 458
1732654885831 112.0 459
1732654895963 188.9 460
1732654906047 181.2 461
1732654916191 184.3 462
1732654926273 114.5 463
1732654936391 154.3 464
1732654946520 133.8 465
1732654956649 184.0 466
1732654966782 161.3 467
1732654976911 112.3 468
1732654987036 183.6 469
1732654997157 128.1 470
