1732650250570 9.8 0
1732650260627 17.2 1
1732650270679 25.9 2
1732650280729 26.0 3
1732650290790 26.0 4
1732650300848 26.2 5
1732650310902 26.0 6
1732650320969 35.6 7
1732650331037 35.6 8
1732650341100 35.6 9
1732650351176 35.6 10
1732650361242 35.6 11
1732650371303 35.5 12
1732650381379 35.6 13
1732650391432 35.5 14
1732650401521 35.6 15
1732650411584 35.5 16
1732650421656 35.5 17
1732650431715 35.5 18
1732650441770 35.5 19
1732650451833 35.5 20
1732650461879 35.5 21
1732650471947 35.4 22
1732650482025 35.4 23
1732650492096 35.5 24
1732650502168 35.5 25
1732650512234 35.5 26
1732650522298 35.6 27
1732650532367 35.5 28
1732650542449 35.5 29
1732650552511 35.5 30
1732650562589 35.5 31
1732650572666 35.5 32
1732650582732 35.5 33
1732650592826 35.5 34
1732650602904 35.5 35
1732650612988 35.5 36
1732650623057 35.5 37
1732650633148 35.5 38
1732650643236 35.5 39
1732650653315 35.5 40
1732650663379 35.5 41
1732650673460 35.6 42
1732650683542 35.6 43
1732650693615 35.4 44
1732650703701 35.4 45
1732650713787 35.4 46
1732650723844 35.4 47
1732650733921 35.4 48
1732650743989 35.4 49
1732650754067 35.4 50
1732650764153 35.4 51
1732650774240 35.4 52
1732650784312 35.4 53
1732650794398 35.5 54
1732650804477 35.5 55
1732650814565 35.5 56
1732650824649 35.5 57
1732650834719 35.5 58
1732650844777 35.5 59
1732650854859 35.5 60
1732650864946 35.5 61
1732650875022 35.5 62
1732650885093 35.5 63
1732650895194 35.5 64
1732650905268 35.5 65
1732650915340 35.5 66
1732650925427 35.5 67
1732650935527 35.5 68
1732650945604 35.5 69
1732650955675 35.5 70
1732650965752 35.5 71
1732650975821 35.5 72
1732650985899 35.5 73
1732650995973 35.4 74
1732651006035 35.5 75
1732651016104 35.4 76
1732651026197 35.4 77
1732651036281 35.4 78
1732651046355 35.4 79
1732651056464 35.4 80
1732651066537 35.4 81
1732651076593 35.4 82
1732651086647 35.4 83
1732651096739 35.5 84
1732651106825 35.5 85
1732651116878 35.4 86
1732651126935 35.4 87
1732651136990 35.4 88
1732651147057 35.4 89
1732651157113 35.4 90
1732651167196 35.4 91
1732651177268 35.4 92
1732651187363 35.4 93
1732651197444 35.4 94
1732651207520 35.4 95
1732651217624 35.4 96
1732651227711 35.4 97
1732651237787 35.4 98
1732651247860 35.4 99
1732651257943 35.4 100
1732651268019 35.4 101
1732651278120 35.4 102
1732651288191 35.4 103
1732651298269 35.4 104
1732651308359 35.4 105
1732651318447 35.4 106
1732651328532 35.4 107
1732651338602 35.4 108
1732651348689 35.4 109
1732651358786 35.4 110
1732651368841 35.4 111
1732651378919 35.3 112
1732651388991 35.3 113
1732651399087 35.3 114
1732651409146 35.3 115
1732651419226 35.3 116
1732651429306 35.3 117
1732651439401 35.3 118
1732651449459 35.3 119
1732651459545 35.3 120
1732651469630 35.3 121
1732651479697 35.3 122
1732651489769 35.3 123
1732651499830 35.3 124
1732651509887 35.3 125
1732651519949 35.3 126
1732651530013 35.3 127
1732651540076 35.3 128
1732651550131 35.3 129
1732651560218 35.4 130
1732651570294 35.4 131
1732651580375 35.4 132
1732651590436 35.3 133
1732651600522 35.3 134
1732651610597 35.3 135
1732651620691 35.3 136
1732651630768 35.3 137
1732651640856 35.3 138
1732651650944 35.4 139
1732651661034 35.4 140
1732651671127 35.4 141
1732651681215 35.4 142
1732651691300 35.5 143
1732651701389 35.4 144
1732651711482 35.4 145
1732651721571 35.4 146
1732651731646 35.4 147
1732651741733 35.4 148
1732651751835 35.4 149
1732651761920 35.4 150
1732651771996 35.4 151
1732651782081 35.4 152
1732651792180 35.4 153
1732651802262 35.4 154
1732651812375 35.4 155
1732651822468 35.4 156
1732651832552 35.4 157
1732651842636 35.4 158
1732651852704 35.4 159
1732651862779 35.5 160
1732651872861 35.5 161
1732651882944 35.4 162
1732651893037 35.4 163
1732651903124 35.4 164
1732651913215 35.4 165
1732651923310 35.4 166
1732651933378 35.4 167
1732651943459 35.4 168
1732651953558 36.8 169
1732651963641 37.0 170
1732651973726 37.0 171
1732651983815 35.6 172
1732651993885 35.6 173
1732652003949 35.6 174
1732652014034 35.6 175
1732652024131 35.6 176
1732652034217 35.6 177
1732652044311 35.6 178
1732652054407 35.6 179
1732652064500 35.6 180
1732652074589 35.6 181
1732652084685 35.6 182
1732652094780 35.6 183
1732652104853 35.6 184
1732652114946 35.6 185
1732652125037 35.6 186
1732652135147 35.6 187
1732652145238 35.6 188
1732652155336 35.6 189
1732652165422 35.6 190
1732652175518 35.6 191
1732652185606 35.6 192
1732652195707 35.6 193
1732652205790 35.6 194
1732652215886 35.6 195
1732652225978 35.6 196
1732652236078 35.6 197
1732652246176 35.5 198
1732652256256 35.5 199
1732652266367 35.5 200
1732652276465 35.5 201
1732652286558 35.5 202
1732652296658 35.5 203
1732652306762 35.5 204
1732652316855 35.5 205
1732652326950 35.5 206
1732652337052 35.5 207
1732652347152 35.5 208
1732652357226 35.5 209
1732652367342 35.5 210
1732652377454 35.5 211
1732652387566 35.5 212
1732652397666 35.5 213
1732652407768 35.5 214
1732652417850 35.5 215
1732652427933 35.5 216
1732652438029 35.5 217
1732652448127 35.5 218
1732652458224 35.5 219
1732652468862 35.5 220
1732652478968 35.5 221
1732652489078 35.5 222
1732652499166 35.5 223
1732652509260 35.5 224
1732652519337 35.5 225
1732652529419 35.5 226
1732652539524 35.5 227
1732652549630 35.4 228
1732652559756 35.4 229
1732652569852 35.4 230
1732652579962 35.4 231
1732652590067 35.4 232
1732652600170 35.4 233
1732652610275 35.4 234
1732652620382 35.4 235
1732652630492 35.4 236
1732652640577 35.4 237
1732652650670 35.4 238
1732652660771 35.7 239
1732652670862 35.6 240
1732652680973 35.6 241
1732652691060 35.7 242
1732652701158 36.0 243
1732652711244 36.4 244
1732652721344 35.7 245
1732652731467 36.9 246
1732652741591 36.9 247
1732652751688 36.9 248
1732652761774 35.7 249
1732652771871 35.6 250
1732652781973 35.6 251
1732652792081 35.7 252
1732652802183 35.7 253
1732652812287 35.7 254
1732652822381 35.7 255
1732652832485 35.7 256
1732652842590 35.7 257
1732652852683 35.7 258
1732652862792 35.7 259
1732652872912 35.7 260
1732652883091 35.7 261
1732652893203 35.7 262
1732652903303 35.7 263
1732652913392 35.7 264
1732652923468 35.7 265
1732652933584 35.7 266
1732652943693 35.7 267
1732652953795 35.7 268
1732652963905 35.6 269
1732652974019 35.6 270
1732652984130 35.6 271
1732652994219 35.6 272
1732653004310 35.6 273
1732653014424 35.6 274
1732653024543 35.6 275
1732653034660 35.6 276
1732653044756 35.6 277
1732653054864 35.6 278
1732653064966 35.6 279
1732653075075 35.6 280
1732653085184 35.6 281
1732653095303 35.6 282
1732653105402 35.6 283
1732653115491 35.6 284
1732653125570 35.6 285
1732653135689 35.6 286
1732653145790 35.5 287
1732653155892 35.5 288
1732653165952 35.5 289
1732653176058 35.5 290
1732653186169 35.5 291
1732653196265 35.5 292
1732653206387 35.5 293
1732653216496 35.5 294
1732653226611 35.5 295
1732653236728 35.5 296
1732653246839 35.5 297
1732653256941 35.5 298
1732653267038 35.5 299
1732653277135 35.5 300
1732653287256 35.5 301
1732653297349 35.5 302
1732653307460 35.5 303
1732653317553 35.5 304
1732653327662 35.5 305
1732653337776 35.5 306
1732653347893 35.5 307
1732653358013 35.5 308
1732653368086 35.5 309
1732653378187 35.5 310
1732653388301 35.5 311
1732653398431 35.5 312
1732653408542 35.5 313
1732653418649 35.5 314
1732653428760 35.5 315
1732653438864 35.5 316
1732653448994 35.4 317
1732653459108 35.4 318
1732653469220 35.4 319
1732653479321 35.4 320
1732653489440 35.4 321
1732653499565 35.4 322
1732653509650 35.4 323
1732653519772 35.4 324
1732653529872 35.4 325
1732653539975 35.4 326
1732653550097 35.4 327
1732653560214 35.4 328
1732653570338 35.4 329
1732653580470 35.4 330
1732653590571 35.4 331
1732653600682 35.4 332
1732653610798 35.4 333
1732653620917 35.4 334
1732653631025 35.4 335
1732653641137 35.4 336
1732653651233 35.4 337
1732653661326 35.4 338
1732653671420 35.4 339
1732653681495 35.4 340
1732653691600 35.4 341
1732653701731 36.0 342
1732653711819 36.0 343
1732653721921 36.0 344
1732653732022 36.0 345
1732653742149 36.0 346
1732653752260 36.0 347
1732653762363 36.0 348
1732653772448 36.0 349
1732653782541 36.0 350
1732653792660 36.0 351
1732653802772 36.0 352
1732653812855 36.0 353
1732653822957 36.0 354
1732653833072 36.0 355
1732653843190 36.0 356
1732653853314 36.0 357
1732653863430 36.0 358
1732653873550 36.0 359
1732653883671 36.0 360
1732653893786 36.0 361
1732653903908 36.0 362
1732653914023 36.0 363
1732653924138 36.0 364
1732653934254 36.0 365
1732653944378 36.0 366
1732653954501 36.0 367
1732653964617 36.0 368
1732653974725 36.0 369
1732653984860 36.0 370
1732653994976 36.0 371
1732654005094 36.0 372
1732654015210 36.0 373
1732654025337 36.0 374
1732654035455 36.0 375
1732654045596 36.0 376
1732654055713 36.0 377
1732654065841 36.0 378
1732654075945 36.0 379
1732654086039 36.0 380
1732654096158 36.0 381
1732654106269 36.0 382
1732654116387 36.0 383
1732654126514 36.0 384
1732654136630 35.9 385
1732654146749 35.9 386
1732654156872 35.9 387
1732654167004 35.9 388
1732654177122 35.9 389
1732654187249 35.9 390
1732654197384 35.9 391
1732654207501 35.9 392
1732654217624 35.9 393
1732654227754 35.9 394
1732654237878 35.9 395
1732654247987 35.9 396
1732654258095 35.9 397
1732654268214 35.9 398
1732654278310 35.9 399
1732654288409 35.9 400
1732654298524 35.7 401
1732654308655 35.7 402
1732654318785 35.7 403
1732654328913 35.7 404
1732654339042 35.7 405
1732654349178 35.7 406
1732654359310 35.7 407
1732654369430 35.7 408
1732654379557 35.7 409
1732654389686 35.7 410
1732654399812 35.7 411
1732654409917 35.7 412
1732654420028 35.7 413
1732654430142 35.7 414
1732654440283 35.7 415
1732654450403 35.7 416
1732654460536 35.7 417
1732654470668 35.7 418
1732654480758 35.7 419
1732654490870 35.7 420
1732654501001 35.7 421
1732654511136 35.7 422
1732654521263 35.7 423
1732654531391 35.7 424
1732654541520 35.7 425
1732654551647 35.7 426
1732654561776 35.7 427
1732654571940 35.7 428
1732654582055 35.7 429
1732654592191 35.7 430
1732654602318 35.7 431
1732654612445 35.7 432
1732654622541 35.7 433
1732654632677 35.7 434
1732654642800 35.7 435
1732654652919 35.7 436
1732654663053 35.7 437
1732654673177 35.7 438
1732654683303 35.7 439
1732654693437 35.7 440
1732654703577 35.7 441
1732654713703 35.7 442
1732654723832 35.7 443
1732654733966 35.7 444
1732654744095 35.7 445
1732654754218 35.7 446
1732654764339 35.7 447
1732654774475 35.7 448
1732654784601 35.7 449
1732654794714 35.7 450
1732654804837 35.7 451
1732654814972 35.7 452
1732654825103 35.7 453
1732654835248 35.7 454
1732654845401 35.9 455
1732654855531 35.7 456
1732654865628 36.2 457
1732654875750 36.3 458
1732654885831 36.1 459
1732654895963 36.2 460
1732654906047 36.2 461
1732654916191 36.2 462
1732654926273 36.1 463
1732654936391 36.1 464
1732654946520 36.1 465
1732654956649 36.1 466
1732654966782 36.1 467
1732654976911 36.1 468
1732654987036 36.1 469
1732654997157 36.1 470
