1732650250570 22.2 0
1732650260627 29.4 1
1732650270679 49.5 2
1732650280729 49.1 3
1732650290790 49.1 4
1732650300848 50.7 5
1732650310902 32.6 6
1732650320969 31.8 7
1732650331037 32.0 8
1732650341100 38.6 9
1732650351176 33.9 10
1732650361242 51.6 11
1732650371303 32.8 12
1732650381379 31.9 13
1732650391432 31.7 14
1732650401521 31.8 15
1732650411584 50.0 16
1732650421656 31.0 17
1732650431715 49.6 18
1732650441770 50.0 19
1732650451833 49.4 20
1732650461879 31.0 21
1732650471947 31.6 22
1732650482025 31.4 23
1732650492096 30.7 24
1732650502168 30.7 25
1732650512234 50.0 26
1732650522298 50.9 27
1732650532367 50.2 28
1732650542449 31.4 29
1732650552511 31.3 30
1732650562589 30.9 31
1732650572666 49.7 32
1732650582732 32.9 33
1732650592826 50.1 34
1732650602904 50.3 35
1732650612988 31.5 36
1732650623057 38.5 37
1732650633148 41.7 38
1732650643236 34.1 39
1732650653315 50.8 40
1732650663379 51.3 41
1732650673460 32.5 42
1732650683542 31.6 43
1732650693615 31.4 44
1732650703701 48.3 45
1732650713787 34.4 46
1732650723844 32.5 47
1732650733921 47.2 48
1732650743989 31.9 49
1732650754067 37.3 50
1732650764153 31.7 51
1732650774240 37.2 52
1732650784312 41.3 53
1732650794398 35.8 54
1732650804477 49.8 55
1732650814565 43.6 56
1732650824649 50.5 57
1732650834719 31.4 58
1732650844777 31.4 59
1732650854859 50.4 60
1732650864946 50.3 61
1732650875022 49.7 62
1732650885093 31.1 63
1732650895194 49.7 64
1732650905268 43.2 65
1732650915340 31.4 66
1732650925427 33.0 67
1732650935527 40.1 68
1732650945604 32.2 69
1732650955675 42.5 70
1732650965752 50.4 71
1732650975821 49.8 72
1732650985899 31.6 73
1732650995973 50.3 74
1732651006035 48.7 75
1732651016104 31.3 76
1732651026197 52.4 77
1732651036281 50.5 78
1732651046355 50.5 79
1732651056464 31.5 80
1732651066537 31.3 81
1732651076593 31.6 82
1732651086647 31.1 83
1732651096739 30.9 84
1732651106825 40.7 85
1732651116878 49.7 86
1732651126935 31.0 87
1732651136990 31.4 88
1732651147057 31.2 89
1732651157113 50.8 90
1732651167196 30.7 91
1732651177268 51.5 92
1732651187363 39.6 93
1732651197444 35.1 94
1732651207520 30.6 95
1732651217624 31.3 96
1732651227711 31.1 97
1732651237787 30.6 98
1732651247860 50.0 99
1732651257943 31.3 100
1732651268019 49.9 101
1732651278120 40.0 102
1732651288191 42.4 103
1732651298269 35.2 104
1732651308359 31.1 105
1732651318447 49.5 106
1732651328532 30.5 107
1732651338602 30.5 108
1732651348689 41.0 109
1732651358786 34.9 110
1732651368841 40.1 111
1732651378919 50.0 112
1732651388991 31.2 113
1732651399087 36.9 114
1732651409146 50.0 115
1732651419226 30.7 116
1732651429306 32.5 117
1732651439401 30.6 118
1732651449459 50.0 119
1732651459545 45.7 120
1732651469630 31.4 121
1732651479697 50.4 122
1732651489769 51.6 123
1732651499830 36.0 124
1732651509887 34.0 125
1732651519949 51.5 126
1732651530013 36.0 127
1732651540076 31.4 128
1732651550131 51.2 129
1732651560218 31.4 130
1732651570294 49.5 131
1732651580375 49.4 132
1732651590436 30.9 133
1732651600522 49.8 134
1732651610597 31.3 135
1732651620691 31.2 136
1732651630768 34.2 137
1732651640856 50.2 138
1732651650944 31.0 139
1732651661034 40.9 140
1732651671127 50.8 141
1732651681215 40.2 142
1732651691300 31.2 143
1732651701389 34.5 144
1732651711482 36.3 145
1732651721571 34.2 146
1732651731646 50.5 147
1732651741733 30.8 148
1732651751835 49.8 149
1732651761920 46.0 150
1732651771996 31.1 151
1732651782081 50.1 152
1732651792180 30.6 153
1732651802262 52.5 154
1732651812375 30.8 155
1732651822468 50.0 156
1732651832552 31.1 157
1732651842636 30.9 158
1732651852704 41.1 159
1732651862779 31.3 160
1732651872861 49.5 161
1732651882944 48.3 162
1732651893037 30.7 163
1732651903124 30.7 164
1732651913215 31.1 165
1732651923310 50.0 166
1732651933378 45.1 167
1732651943459 42.8 168
1732651953558 49.9 169
1732651963641 30.6 170
1732651973726 31.6 171
1732651983815 31.2 172
1732651993885 31.3 173
1732652003949 50.8 174
1732652014034 52.5 175
1732652024131 36.6 176
1732652034217 51.3 177
1732652044311 37.9 178
1732652054407 31.7 179
1732652064500 31.6 180
1732652074589 31.2 181
1732652084685 51.6 182
1732652094780 45.6 183
1732652104853 50.7 184
1732652114946 30.5 185
1732652125037 34.6 186
1732652135147 31.2 187
1732652145238 31.1 188
1732652155336 43.5 189
1732652165422 30.6 190
1732652175518 37.1 191
1732652185606 30.6 192
1732652195707 30.4 193
1732652205790 49.5 194
1732652215886 31.1 195
1732652225978 31.2 196
1732652236078 50.3 197
1732652246176 51.2 198
1732652256256 46.4 199
1732652266367 50.1 200
1732652276465 31.6 201
1732652286558 31.4 202
1732652296658 49.7 203
1732652306762 49.1 204
1732652316855 49.2 205
1732652326950 32.0 206
1732652337052 49.5 207
1732652347152 31.5 208
1732652357226 31.5 209
1732652367342 49.7 210
1732652377454 48.6 211
1732652387566 50.0 212
1732652397666 30.9 213
1732652407768 51.4 214
1732652417850 31.5 215
1732652427933 42.3 216
1732652438029 39.8 217
1732652448127 31.1 218
1732652458224 31.0 219
1732652468862 30.9 220
1732652478968 34.7 221
1732652489078 31.2 222
1732652499166 49.9 223
1732652509260 50.3 224
1732652519337 45.5 225
1732652529419 39.1 226
1732652539524 31.1 227
1732652549630 31.6 228
1732652559756 31.4 229
1732652569852 49.8 230
1732652579962 31.1 231
1732652590067 47.8 232
1732652600170 43.8 233
1732652610275 46.0 234
1732652620382 31.2 235
1732652630492 31.4 236
1732652640577 41.7 237
1732652650670 47.6 238
1732652660771 43.3 239
1732652670862 51.5 240
1732652680973 43.7 241
1732652691060 31.5 242
1732652701158 51.4 243
1732652711244 50.0 244
1732652721344 50.6 245
1732652731467 30.9 246
1732652741591 43.3 247
1732652751688 51.2 248
1732652761774 31.9 249
1732652771871 50.6 250
1732652781973 50.6 251
1732652792081 41.7 252
1732652802183 50.1 253
1732652812287 47.2 254
1732652822381 31.4 255
1732652832485 31.3 256
1732652842590 46.0 257
1732652852683 41.1 258
1732652862792 49.9 259
1732652872912 30.9 260
1732652883091 49.6 261
1732652893203 31.0 262
1732652903303 31.2 263
1732652913392 30.5 264
1732652923468 39.7 265
1732652933584 43.9 266
1732652943693 46.4 267
1732652953795 32.1 268
1732652963905 31.4 269
1732652974019 31.2 270
1732652984130 50.2 271
1732652994219 49.6 272
1732653004310 50.3 273
1732653014424 50.3 274
1732653024543 31.6 275
1732653034660 31.3 276
1732653044756 30.8 277
1732653054864 50.0 278
1732653064966 31.0 279
1732653075075 37.8 280
1732653085184 51.5 281
1732653095303 31.5 282
1732653105402 31.3 283
1732653115491 51.6 284
1732653125570 49.6 285
1732653135689 43.5 286
1732653145790 35.1 287
1732653155892 37.8 288
1732653165952 31.2 289
1732653176058 48.9 290
1732653186169 49.9 291
1732653196265 50.2 292
1732653206387 50.6 293
1732653216496 31.6 294
1732653226611 41.2 295
1732653236728 48.8 296
1732653246839 49.1 297
1732653256941 49.9 298
1732653267038 31.7 299
1732653277135 31.6 300
1732653287256 41.8 301
1732653297349 51.3 302
1732653307460 37.3 303
1732653317553 50.1 304
1732653327662 35.0 305
1732653337776 31.6 306
1732653347893 34.9 307
1732653358013 40.6 308
1732653368086 49.8 309
1732653378187 45.0 310
1732653388301 50.5 311
1732653398431 31.1 312
1732653408542 30.9 313
1732653418649 49.3 314
1732653428760 30.3 315
1732653438864 50.1 316
1732653448994 49.7 317
1732653459108 30.6 318
1732653469220 30.6 319
1732653479321 30.9 320
1732653489440 46.4 321
1732653499565 49.4 322
1732653509650 50.3 323
1732653519772 51.5 324
1732653529872 30.5 325
1732653539975 30.9 326
1732653550097 30.9 327
1732653560214 47.4 328
1732653570338 41.1 329
1732653580470 41.5 330
1732653590571 35.8 331
1732653600682 30.1 332
1732653610798 30.7 333
1732653620917 38.6 334
1732653631025 39.3 335
1732653641137 30.1 336
1732653651233 29.8 337
1732653661326 30.0 338
1732653671420 44.8 339
1732653681495 30.5 340
1732653691600 48.8 341
1732653701731 29.8 342
1732653711819 29.7 343
1732653721921 49.0 344
1732653732022 43.0 345
1732653742149 48.6 346
1732653752260 33.0 347
1732653762363 29.9 348
1732653772448 30.5 349
1732653782541 43.0 350
1732653792660 29.6 351
1732653802772 43.4 352
1732653812855 29.6 353
1732653822957 29.4 354
1732653833072 30.2 355
1732653843190 30.1 356
1732653853314 38.6 357
1732653863430 29.3 358
1732653873550 30.3 359
1732653883671 29.4 360
1732653893786 39.1 361
1732653903908 29.4 362
1732653914023 30.1 363
1732653924138 30.1 364
1732653934254 29.3 365
1732653944378 42.5 366
1732653954501 46.0 367
1732653964617 29.5 368
1732653974725 29.3 369
1732653984860 40.5 370
1732653994976 30.2 371
1732654005094 43.1 372
1732654015210 49.2 373
1732654025337 40.7 374
1732654035455 39.0 375
1732654045596 43.9 376
1732654055713 30.0 377
1732654065841 30.3 378
1732654075945 40.7 379
1732654086039 38.7 380
1732654096158 49.1 381
1732654106269 29.4 382
1732654116387 29.5 383
1732654126514 29.5 384
1732654136630 30.0 385
1732654146749 37.8 386
1732654156872 29.1 387
1732654167004 38.3 388
1732654177122 29.2 389
1732654187249 47.3 390
1732654197384 48.9 391
1732654207501 30.1 392
1732654217624 34.4 393
1732654227754 46.4 394
1732654237878 45.0 395
1732654247987 43.2 396
1732654258095 38.7 397
1732654268214 38.4 398
1732654278310 30.2 399
1732654288409 38.3 400
1732654298524 39.0 401
1732654308655 35.2 402
1732654318785 31.3 403
1732654328913 41.2 404
1732654339042 39.0 405
1732654349178 30.1 406
1732654359310 40.3 407
1732654369430 34.2 408
1732654379557 38.5 409
1732654389686 40.3 410
1732654399812 39.1 411
1732654409917 30.1 412
1732654420028 29.6 413
1732654430142 29.1 414
1732654440283 38.1 415
1732654450403 45.7 416
1732654460536 29.1 417
1732654470668 49.3 418
1732654480758 47.0 419
1732654490870 30.2 420
1732654501001 29.4 421
1732654511136 49.7 422
1732654521263 36.9 423
1732654531391 31.6 424
1732654541520 38.8 425
1732654551647 41.3 426
1732654561776 38.2 427
1732654571940 30.2 428
1732654582055 30.3 429
1732654592191 38.3 430
1732654602318 29.2 431
1732654612445 38.9 432
1732654622541 37.3 433
1732654632677 45.5 434
1732654642800 30.0 435
1732654652919 29.7 436
1732654663053 29.1 437
1732654673177 36.1 438
1732654683303 38.3 439
1732654693437 29.0 440
1732654703577 38.1 441
1732654713703 29.1 442
1732654723832 30.0 443
1732654733966 29.8 444
1732654744095 48.1 445
1732654754218 44.4 446
1732654764339 49.2 447
1732654774475 48.4 448
1732654784601 33.7 449
1732654794714 30.3 450
1732654804837 38.8 451
1732654814972 50.2 452
1732654825103 48.4 453
1732654835248 38.9 454
1732654845401 46.4 455
1732654855531 30.6 456
1732654865628 38.4 457
1732654875750 30.2 458
1732654885831 30.3 459
1732654895963 51.0 460
1732654906047 49.0 461
1732654916191 49.8 462
1732654926273 30.9 463
1732654936391 41.7 464
1732654946520 36.2 465
1732654956649 49.7 466
1732654966782 43.6 467
1732654976911 30.4 468
1732654987036 49.6 469
1732654997157 34.6 470
