1732650250570 2512.7 0
1732650260627 4438.6 1
1732650270679 6679.5 2
1732650280729 6694.7 3
1732650290790 6689.8 4
1732650300848 6747.8 5
1732650310902 6707.5 6
1732650320969 9183.3 7
1732650331037 9180.8 8
1732650341100 9176.5 9
1732650351176 9186.2 10
1732650361242 9185.5 11
1732650371303 9156.0 12
1732650381379 9182.9 13
1732650391432 9159.4 14
1732650401521 9161.9 15
1732650411584 9147.8 16
1732650421656 9146.3 17
1732650431715 9141.2 18
1732650441770 9141.2 19
1732650451833 9141.3 20
1732650461879 9141.3 21
1732650471947 9130.8 22
1732650482025 9133.5 23
1732650492096 9138.0 24
1732650502168 9141.5 25
1732650512234 9149.7 26
1732650522298 9164.0 27
1732650532367 9157.2 28
1732650542449 9155.2 29
1732650552511 9155.2 30
1732650562589 9158.9 31
1732650572666 9158.0 32
1732650582732 9159.4 33
1732650592826 9158.0 34
1732650602904 9148.4 35
1732650612988 9148.4 36
1732650623057 9147.2 37
1732650633148 9148.3 38
1732650643236 9147.7 39
1732650653315 9150.9 40
1732650663379 9150.9 41
1732650673460 9184.0 42
1732650683542 9165.2 43
1732650693615 9134.4 44
1732650703701 9130.6 45
1732650713787 9131.7 46
1732650723844 9128.6 47
1732650733921 9133.5 48
1732650743989 9127.7 49
1732650754067 9127.5 50
1732650764153 9127.8 51
1732650774240 9122.3 52
1732650784312 9124.2 53
1732650794398 9150.7 54
1732650804477 9157.1 55
1732650814565 9137.4 56
1732650824649 9137.1 57
1732650834719 9137.1 58
1732650844777 9136.4 59
1732650854859 9138.5 60
1732650864946 9140.6 61
1732650875022 9140.6 62
1732650885093 9140.9 63
1732650895194 9140.6 64
1732650905268 9140.6 65
1732650915340 9140.6 66
1732650925427 9140.9 67
1732650935527 9140.6 68
1732650945604 9140.9 69
1732650955675 9140.9 70
1732650965752 9140.6 71
1732650975821 9143.7 72
1732650985899 9138.3 73
1732650995973 9122.0 74
1732651006035 9140.3 75
1732651016104 9134.9 76
1732651026197 9119.2 77
1732651036281 9115.9 78
1732651046355 9115.9 79
1732651056464 9115.9 80
1732651066537 9125.4 81
1732651076593 9133.8 82
1732651086647 9124.7 83
1732651096739 9154.3 84
1732651106825 9144.6 85
1732651116878 9119.8 86
1732651126935 9120.1 87
1732651136990 9119.8 88
1732651147057 9119.9 89
1732651157113 9119.9 90
1732651167196 9119.8 91
1732651177268 9123.7 92
1732651187363 9119.8 93
1732651197444 9119.8 94
1732651207520 9119.8 95
1732651217624 9119.8 96
1732651227711 9119.8 97
1732651237787 9120.1 98
1732651247860 9119.8 99
1732651257943 9120.1 100
1732651268019 9119.9 101
1732651278120 9119.9 102
1732651288191 9119.9 103
1732651298269 9119.9 104
1732651308359 9119.9 105
1732651318447 9119.9 106
1732651328532 9119.9 107
1732651338602 9119.9 108
1732651348689 9120.2 109
1732651358786 9119.9 110
1732651368841 9119.9 111
1732651378919 9096.1 112
1732651388991 9096.1 113
1732651399087 9096.1 114
1732651409146 9096.1 115
1732651419226 9096.5 116
1732651429306 9096.5 117
1732651439401 9096.5 118
1732651449459 9096.1 119
1732651459545 9096.1 120
1732651469630 9096.1 121
1732651479697 9096.1 122
1732651489769 9096.1 123
1732651499830 9096.5 124
1732651509887 9096.5 125
1732651519949 9096.1 126
1732651530013 9096.1 127
1732651540076 9096.1 128
1732651550131 9096.1 129
1732651560218 9112.9 130
1732651570294 9122.3 131
1732651580375 9117.8 132
1732651590436 9105.4 133
1732651600522 9105.0 134
1732651610597 9105.1 135
1732651620691 9105.1 136
1732651630768 9107.1 137
1732651640856 9105.1 138
1732651650944 9113.2 139
1732651661034 9122.5 140
1732651671127 9111.3 141
1732651681215 9112.6 142
1732651691300 9139.9 143
1732651701389 9123.1 144
1732651711482 9114.0 145
1732651721571 9114.0 146
1732651731646 9113.6 147
1732651741733 9114.0 148
1732651751835 9113.6 149
1732651761920 9113.6 150
1732651771996 9113.6 151
1732651782081 9113.6 152
1732651792180 9113.6 153
1732651802262 9113.6 154
1732651812375 9114.0 155
1732651822468 9113.6 156
1732651832552 9113.6 157
1732651842636 9113.6 158
1732651852704 9118.4 159
1732651862779 9136.8 160
1732651872861 9142.1 161
1732651882944 9124.1 162
1732651893037 9115.0 163
1732651903124 9127.6 164
1732651913215 9130.4 165
1732651923310 9127.0 166
1732651933378 9116.7 167
1732651943459 9120.1 168
1732651953558 9483.1 169
1732651963641 9531.8 170
1732651973726 9540.5 171
1732651983815 9180.4 172
1732651993885 9170.5 173
1732652003949 9170.5 174
1732652014034 9166.3 175
1732652024131 9166.8 176
1732652034217 9166.3 177
1732652044311 9162.3 178
1732652054407 9164.2 179
1732652064500 9164.4 180
1732652074589 9176.4 181
1732652084685 9175.8 182
1732652094780 9168.0 183
1732652104853 9175.6 184
1732652114946 9169.9 185
1732652125037 9169.9 186
1732652135147 9169.6 187
1732652145238 9169.6 188
1732652155336 9169.6 189
1732652165422 9169.9 190
1732652175518 9170.1 191
1732652185606 9169.6 192
1732652195707 9165.4 193
1732652205790 9167.5 194
1732652215886 9167.5 195
1732652225978 9167.5 196
1732652236078 9167.5 197
1732652246176 9145.7 198
1732652256256 9143.0 199
1732652266367 9142.5 200
1732652276465 9142.3 201
1732652286558 9142.3 202
1732652296658 9142.3 203
1732652306762 9142.3 204
1732652316855 9142.3 205
1732652326950 9142.3 206
1732652337052 9141.6 207
1732652347152 9141.6 208
1732652357226 9141.6 209
1732652367342 9141.6 210
1732652377454 9141.6 211
1732652387566 9141.6 212
1732652397666 9141.9 213
1732652407768 9157.7 214
1732652417850 9152.6 215
1732652427933 9152.6 216
1732652438029 9152.8 217
1732652448127 9153.0 218
1732652458224 9153.0 219
1732652468862 9153.0 220
1732652478968 9152.8 221
1732652489078 9152.6 222
1732652499166 9152.8 223
1732652509260 9152.6 224
1732652519337 9152.8 225
1732652529419 9152.8 226
1732652539524 9153.0 227
1732652549630 9129.9 228
1732652559756 9127.9 229
1732652569852 9127.9 230
1732652579962 9127.9 231
1732652590067 9127.6 232
1732652600170 9127.6 233
1732652610275 9127.9 234
1732652620382 9127.6 235
1732652630492 9127.6 236
1732652640577 9127.6 237
1732652650670 9129.0 238
1732652660771 9202.2 239
1732652670862 9168.5 240
1732652680973 9164.2 241
1732652691060 9192.4 242
1732652701158 9265.2 243
1732652711244 9392.8 244
1732652721344 9190.3 245
1732652731467 9506.1 246
1732652741591 9518.2 247
1732652751688 9507.7 248
1732652761774 9188.7 249
1732652771871 9180.7 250
1732652781973 9177.8 251
1732652792081 9198.2 252
1732652802183 9188.9 253
1732652812287 9188.9 254
1732652822381 9188.6 255
1732652832485 9188.6 256
1732652842590 9188.6 257
1732652852683 9189.0 258
1732652862792 9188.7 259
1732652872912 9188.7 260
1732652883091 9188.8 261
1732652893203 9188.8 262
1732652903303 9188.7 263
1732652913392 9188.7 264
1732652923468 9188.7 265
1732652933584 9188.7 266
1732652943693 9189.0 267
1732652953795 9188.8 268
1732652963905 9168.8 269
1732652974019 9168.7 270
1732652984130 9168.7 271
1732652994219 9168.7 272
1732653004310 9168.7 273
1732653014424 9168.7 274
1732653024543 9168.7 275
1732653034660 9169.0 276
1732653044756 9169.0 277
1732653054864 9168.7 278
1732653064966 9169.0 279
1732653075075 9169.0 280
1732653085184 9168.7 281
1732653095303 9168.7 282
1732653105402 9169.1 283
1732653115491 9168.7 284
1732653125570 9168.7 285
1732653135689 9168.7 286
1732653145790 9145.9 287
1732653155892 9145.4 288
1732653165952 9145.4 289
1732653176058 9139.1 290
1732653186169 9139.1 291
1732653196265 9139.1 292
1732653206387 9141.4 293
1732653216496 9139.1 294
1732653226611 9139.1 295
1732653236728 9137.1 296
1732653246839 9139.1 297
1732653256941 9139.2 298
1732653267038 9139.1 299
1732653277135 9139.1 300
1732653287256 9143.6 301
1732653297349 9143.3 302
1732653307460 9143.6 303
1732653317553 9143.3 304
1732653327662 9143.6 305
1732653337776 9143.3 306
1732653347893 9143.3 307
1732653358013 9143.3 308
1732653368086 9143.3 309
1732653378187 9143.3 310
1732653388301 9143.3 311
1732653398431 9157.5 312
1732653408542 9156.0 313
1732653418649 9156.0 314
1732653428760 9156.0 315
1732653438864 9156.0 316
1732653448994 9119.3 317
1732653459108 9119.1 318
1732653469220 9119.1 319
1732653479321 9114.9 320
1732653489440 9115.1 321
1732653499565 9117.0 322
1732653509650 9117.0 323
1732653519772 9117.0 324
1732653529872 9117.0 325
1732653539975 9117.2 326
1732653550097 9117.2 327
1732653560214 9117.0 328
1732653570338 9117.0 329
1732653580470 9117.0 330
1732653590571 9117.2 331
1732653600682 9117.0 332
1732653610798 9117.0 333
1732653620917 9117.0 334
1732653631025 9117.0 335
1732653641137 9117.0 336
1732653651233 9117.0 337
1732653661326 9117.0 338
1732653671420 9117.0 339
1732653681495 9117.0 340
1732653691600 9117.2 341
1732653701731 9270.9 342
1732653711819 9264.4 343
1732653721921 9264.4 344
1732653732022 9266.5 345
1732653742149 9268.6 346
1732653752260 9268.6 347
1732653762363 9268.6 348
1732653772448 9268.6 349
1732653782541 9268.6 350
1732653792660 9273.4 351
1732653802772 9273.5 352
1732653812855 9273.4 353
1732653822957 9273.5 354
1732653833072 9273.5 355
1732653843190 9271.3 356
1732653853314 9271.3 357
1732653863430 9270.7 358
1732653873550 9270.7 359
1732653883671 9270.9 360
1732653893786 9270.7 361
1732653903908 9270.7 362
1732653914023 9278.4 363
1732653924138 9278.4 364
1732653934254 9278.4 365
1732653944378 9278.4 366
1732653954501 9278.4 367
1732653964617 9278.4 368
1732653974725 9278.4 369
1732653984860 9278.4 370
1732653994976 9272.1 371
1732654005094 9272.1 372
1732654015210 9272.1 373
1732654025337 9272.8 374
1732654035455 9280.7 375
1732654045596 9280.7 376
1732654055713 9280.6 377
1732654065841 9280.6 378
1732654075945 9280.6 379
1732654086039 9279.9 380
1732654096158 9281.4 381
1732654106269 9281.5 382
1732654116387 9281.5 383
1732654126514 9281.5 384
1732654136630 9246.1 385
1732654146749 9246.1 386
1732654156872 9246.1 387
1732654167004 9246.1 388
1732654177122 9246.1 389
1732654187249 9246.1 390
1732654197384 9246.1 391
1732654207501 9246.1 392
1732654217624 9246.1 393
1732654227754 9246.1 394
1732654237878 9246.1 395
1732654247987 9248.0 396
1732654258095 9246.1 397
1732654268214 9246.1 398
1732654278310 9246.1 399
1732654288409 9246.1 400
1732654298524 9197.0 401
1732654308655 9197.0 402
1732654318785 9197.1 403
1732654328913 9197.0 404
1732654339042 9197.3 405
1732654349178 9205.8 406
1732654359310 9197.0 407
1732654369430 9197.0 408
1732654379557 9197.6 409
1732654389686 9197.6 410
1732654399812 9197.8 411
1732654409917 9197.8 412
1732654420028 9197.1 413
1732654430142 9197.0 414
1732654440283 9197.0 415
1732654450403 9197.0 416
1732654460536 9197.0 417
1732654470668 9197.0 418
1732654480758 9197.0 419
1732654490870 9197.0 420
1732654501001 9197.0 421
1732654511136 9197.0 422
1732654521263 9197.0 423
1732654531391 9197.0 424
1732654541520 9197.0 425
1732654551647 9197.0 426
1732654561776 9197.0 427
1732654571940 9197.0 428
1732654582055 9197.0 429
1732654592191 9197.0 430
1732654602318 9197.0 431
1732654612445 9197.0 432
1732654622541 9197.1 433
1732654632677 9197.0 434
1732654642800 9197.0 435
1732654652919 9197.1 436
1732654663053 9197.0 437
1732654673177 9197.0 438
1732654683303 9192.8 439
1732654693437 9192.9 440
1732654703577 9192.8 441
1732654713703 9192.9 442
1732654723832 9192.8 443
1732654733966 9192.8 444
1732654744095 9192.8 445
1732654754218 9192.8 446
1732654764339 9192.8 447
1732654774475 9192.8 448
1732654784601 9192.8 449
1732654794714 9192.8 450
1732654804837 9192.8 451
1732654814972 9192.8 452
1732654825103 9195.0 453
1732654835248 9194.9 454
1732654845401 9264.2 455
1732654855531 9209.2 456
1732654865628 9321.1 457
1732654875750 9344.3 458
1732654885831 9315.6 459
1732654895963 9317.7 460
1732654906047 9317.4 461
1732654916191 9317.4 462
1732654926273 9307.2 463
1732654936391 9307.0 464
1732654946520 9307.2 465
1732654956649 9306.9 466
1732654966782 9306.9 467
1732654976911 9307.2 468
1732654987036 9306.9 469
1732654997157 9307.6 470
