1732650250570 23.6 0
1732650260627 45.3 1
1732650270679 60.3 2
1732650280729 65.8 3
1732650290790 71.4 4
1732650300848 74.6 5
1732650310902 93.9 6
1732650320969 76.9 7
1732650331037 75.5 8
1732650341100 56.2 9
1732650351176 60.0 10
1732650361242 66.0 11
1732650371303 69.7 12
1732650381379 75.7 13
1732650391432 75.5 14
1732650401521 72.4 15
1732650411584 53.7 16
1732650421656 58.9 17
1732650431715 59.2 18
1732650441770 64.7 19
1732650451833 70.0 20
1732650461879 79.0 21
1732650471947 73.3 22
1732650482025 75.5 23
1732650492096 52.3 24
1732650502168 54.3 25
1732650512234 58.5 26
1732650522298 64.1 27
1732650532367 71.5 28
1732650542449 74.2 29
1732650552511 74.4 30
1732650562589 56.7 31
1732650572666 56.6 32
1732650582732 58.5 33
1732650592826 64.9 34
1732650602904 70.9 35
1732650612988 75.5 36
1732650623057 50.8 37
1732650633148 51.0 38
1732650643236 58.2 39
1732650653315 61.1 40
1732650663379 67.0 41
1732650673460 67.4 42
1732650683542 75.1 43
1732650693615 75.9 44
1732650703701 54.4 45
1732650713787 57.7 46
1732650723844 59.1 47
1732650733921 63.4 48
1732650743989 67.2 49
1732650754067 75.8 50
1732650764153 72.6 51
1732650774240 51.1 52
1732650784312 54.8 53
1732650794398 51.3 54
1732650804477 61.5 55
1732650814565 66.5 56
1732650824649 69.8 57
1732650834719 76.2 58
1732650844777 74.2 59
1732650854859 51.6 60
1732650864946 55.1 61
1732650875022 58.9 62
1732650885093 61.9 63
1732650895194 67.2 64
1732650905268 85.3 65
1732650915340 74.7 66
1732650925427 51.8 67
1732650935527 55.7 68
1732650945604 59.6 69
1732650955675 60.1 70
1732650965752 69.2 71
1732650975821 72.6 72
1732650985899 74.5 73
1732650995973 51.0 74
1732651006035 56.7 75
1732651016104 65.0 76
1732651026197 62.0 77
1732651036281 65.8 78
1732651046355 67.6 79
1732651056464 74.5 80
1732651066537 72.4 81
1732651076593 49.2 82
1732651086647 53.2 83
1732651096739 58.6 84
1732651106825 64.1 85
1732651116878 70.1 86
1732651126935 72.8 87
1732651136990 70.8 88
1732651147057 74.1 89
1732651157113 51.6 90
1732651167196 53.8 91
1732651177268 60.0 92
1732651187363 63.1 93
1732651197444 66.4 94
1732651207520 74.2 95
1732651217624 71.5 96
1732651227711 74.6 97
1732651237787 53.0 98
1732651247860 54.0 99
1732651257943 61.5 100
1732651268019 63.2 101
1732651278120 66.7 102
1732651288191 69.8 103
1732651298269 92.8 104
1732651308359 74.3 105
1732651318447 52.1 106
1732651328532 54.3 107
1732651338602 60.3 108
1732651348689 60.4 109
1732651358786 61.4 110
1732651368841 67.1 111
1732651378919 70.3 112
1732651388991 73.1 113
1732651399087 50.3 114
1732651409146 56.3 115
1732651419226 59.0 116
1732651429306 56.6 117
1732651439401 63.1 118
1732651449459 68.3 119
1732651459545 71.9 120
1732651469630 72.9 121
1732651479697 51.7 122
1732651489769 55.9 123
1732651499830 61.1 124
1732651509887 61.0 125
1732651519949 69.0 126
1732651530013 71.8 127
1732651540076 73.0 128
1732651550131 51.8 129
1732651560218 57.1 130
1732651570294 60.5 131
1732651580375 66.7 132
1732651590436 70.1 133
1732651600522 69.7 134
1732651610597 75.7 135
1732651620691 74.8 136
1732651630768 51.5 137
1732651640856 57.9 138
1732651650944 62.3 139
1732651661034 65.0 140
1732651671127 67.8 141
1732651681215 71.7 142
1732651691300 74.8 143
1732651701389 45.9 144
1732651711482 53.6 145
1732651721571 53.2 146
1732651731646 61.6 147
1732651741733 67.3 148
1732651751835 71.3 149
1732651761920 79.6 150
1732651771996 75.9 151
1732651782081 51.8 152
1732651792180 54.8 153
1732651802262 60.8 154
1732651812375 66.3 155
1732651822468 69.3 156
1732651832552 76.2 157
1732651842636 76.3 158
1732651852704 55.6 159
1732651862779 58.1 160
1732651872861 60.1 161
1732651882944 65.8 162
1732651893037 73.3 163
1732651903124 75.5 164
1732651913215 75.0 165
1732651923310 54.2 166
1732651933378 57.2 167
1732651943459 59.2 168
1732651953558 66.1 169
1732651963641 68.6 170
1732651973726 70.3 171
1732651983815 74.0 172
1732651993885 74.2 173
1732652003949 53.7 174
1732652014034 60.1 175
1732652024131 57.8 176
1732652034217 66.2 177
1732652044311 67.2 178
1732652054407 76.8 179
1732652064500 76.9 180
1732652074589 47.6 181
1732652084685 57.5 182
1732652094780 61.0 183
1732652104853 64.4 184
1732652114946 66.7 185
1732652125037 70.1 186
1732652135147 73.2 187
1732652145238 76.5 188
1732652155336 55.9 189
1732652165422 59.9 190
1732652175518 64.4 191
1732652185606 65.0 192
1732652195707 65.1 193
1732652205790 70.7 194
1732652215886 76.6 195
1732652225978 76.0 196
1732652236078 53.7 197
1732652246176 59.6 198
1732652256256 65.4 199
1732652266367 69.2 200
1732652276465 72.4 201
1732652286558 75.6 202
1732652296658 52.4 203
1732652306762 57.5 204
1732652316855 60.9 205
1732652326950 63.9 206
1732652337052 69.1 207
1732652347152 76.4 208
1732652357226 75.2 209
1732652367342 54.7 210
1732652377454 60.7 211
1732652387566 63.9 212
1732652397666 68.2 213
1732652407768 74.0 214
1732652417850 74.2 215
1732652427933 53.0 216
1732652438029 58.7 217
1732652448127 59.9 218
1732652458224 62.6 219
1732652468862 72.9 220
1732652478968 75.0 221
1732652489078 73.3 222
1732652499166 54.6 223
1732652509260 60.4 224
1732652519337 63.5 225
1732652529419 68.5 226
1732652539524 71.2 227
1732652549630 74.6 228
1732652559756 73.9 229
1732652569852 56.4 230
1732652579962 60.1 231
1732652590067 64.3 232
1732652600170 68.5 233
1732652610275 71.4 234
1732652620382 76.9 235
1732652630492 74.2 236
1732652640577 54.8 237
1732652650670 59.2 238
1732652660771 65.1 239
1732652670862 68.2 240
1732652680973 89.6 241
1732652691060 74.9 242
1732652701158 53.5 243
1732652711244 57.2 244
1732652721344 62.7 245
1732652731467 66.8 246
1732652741591 70.3 247
1732652751688 72.8 248
1732652761774 76.8 249
1732652771871 52.6 250
1732652781973 56.8 251
1732652792081 55.9 252
1732652802183 63.9 253
1732652812287 69.7 254
1732652822381 76.8 255
1732652832485 75.6 256
1732652842590 56.1 257
1732652852683 60.0 258
1732652862792 63.4 259
1732652872912 72.1 260
1732652883091 70.9 261
1732652893203 73.9 262
1732652903303 74.5 263
1732652913392 51.4 264
1732652923468 56.4 265
1732652933584 62.5 266
1732652943693 66.4 267
1732652953795 69.0 268
1732652963905 75.9 269
1732652974019 76.0 270
1732652984130 55.1 271
1732652994219 59.0 272
1732653004310 64.8 273
1732653014424 70.7 274
1732653024543 74.0 275
1732653034660 50.7 276
1732653044756 52.5 277
1732653054864 57.3 278
1732653064966 63.0 279
1732653075075 59.0 280
1732653085184 69.8 281
1732653095303 73.5 282
1732653105402 76.2 283
1732653115491 53.5 284
1732653125570 59.8 285
1732653135689 65.7 286
1732653145790 71.4 287
1732653155892 93.8 288
1732653165952 76.2 289
1732653176058 53.5 290
1732653186169 59.1 291
1732653196265 64.9 292
1732653206387 71.3 293
1732653216496 74.7 294
1732653226611 51.1 295
1732653236728 56.8 296
1732653246839 62.6 297
1732653256941 68.4 298
1732653267038 75.9 299
1732653277135 73.4 300
1732653287256 53.9 301
1732653297349 57.7 302
1732653307460 60.1 303
1732653317553 67.5 304
1732653327662 68.3 305
1732653337776 75.6 306
1732653347893 50.9 307
1732653358013 56.2 308
1732653368086 59.8 309
1732653378187 65.3 310
1732653388301 69.1 311
1732653398431 74.5 312
1732653408542 73.1 313
1732653418649 53.8 314
1732653428760 55.0 315
1732653438864 58.9 316
1732653448994 65.1 317
1732653459108 69.5 318
1732653469220 75.2 319
1732653479321 75.6 320
1732653489440 53.5 321
1732653499565 56.9 322
1732653509650 62.8 323
1732653519772 68.8 324
1732653529872 73.7 325
1732653539975 75.9 326
1732653550097 73.7 327
1732653560214 54.8 328
1732653570338 60.6 329
1732653580470 64.2 330
1732653590571 67.8 331
1732653600682 74.8 332
1732653610798 76.3 333
1732653620917 51.2 334
1732653631025 57.3 335
1732653641137 62.3 336
1732653651233 62.2 337
1732653661326 67.3 338
1732653671420 72.4 339
1732653681495 76.9 340
1732653691600 53.0 341
1732653701731 56.2 342
1732653711819 58.2 343
1732653721921 63.1 344
1732653732022 66.1 345
1732653742149 69.5 346
1732653752260 73.0 347
1732653762363 76.2 348
1732653772448 75.7 349
1732653782541 54.1 350
1732653792660 57.8 351
1732653802772 63.2 352
1732653812855 68.6 353
1732653822957 70.7 354
1732653833072 75.0 355
1732653843190 72.2 356
1732653853314 53.0 357
1732653863430 57.1 358
1732653873550 61.1 359
1732653883671 59.8 360
1732653893786 68.4 361
1732653903908 71.9 362
1732653914023 73.2 363
1732653924138 76.4 364
1732653934254 56.3 365
1732653944378 59.0 366
1732653954501 62.1 367
1732653964617 66.7 368
1732653974725 71.6 369
1732653984860 69.4 370
1732653994976 73.5 371
1732654005094 51.5 372
1732654015210 56.9 373
1732654025337 61.4 374
1732654035455 64.4 375
1732654045596 69.1 376
1732654055713 75.5 377
1732654065841 74.1 378
1732654075945 55.3 379
1732654086039 62.3 380
1732654096158 65.6 381
1732654106269 69.4 382
1732654116387 73.3 383
1732654126514 77.2 384
1732654136630 77.2 385
1732654146749 54.9 386
1732654156872 55.9 387
1732654167004 60.2 388
1732654177122 64.3 389
1732654187249 69.3 390
1732654197384 72.8 391
1732654207501 76.7 392
1732654217624 52.5 393
1732654227754 58.3 394
1732654237878 62.7 395
1732654247987 65.7 396
1732654258095 69.9 397
1732654268214 73.4 398
1732654278310 76.5 399
1732654288409 53.2 400
1732654298524 56.8 401
1732654308655 61.0 402
1732654318785 64.8 403
1732654328913 71.0 404
1732654339042 73.7 405
1732654349178 74.5 406
1732654359310 52.2 407
1732654369430 52.3 408
1732654379557 62.9 409
1732654389686 66.2 410
1732654399812 72.3 411
1732654409917 74.8 412
1732654420028 48.3 413
1732654430142 54.6 414
1732654440283 56.9 415
1732654450403 60.4 416
1732654460536 63.3 417
1732654470668 68.7 418
1732654480758 74.3 419
1732654490870 75.9 420
1732654501001 53.3 421
1732654511136 56.3 422
1732654521263 55.8 423
1732654531391 63.4 424
1732654541520 67.6 425
1732654551647 70.5 426
1732654561776 74.2 427
1732654571940 75.1 428
1732654582055 52.7 429
1732654592191 58.4 430
1732654602318 58.7 431
1732654612445 65.5 432
1732654622541 69.2 433
1732654632677 72.7 434
1732654642800 75.4 435
1732654652919 77.9 436
1732654663053 54.0 437
1732654673177 58.6 438
1732654683303 62.6 439
1732654693437 61.2 440
1732654703577 69.5 441
1732654713703 73.4 442
1732654723832 74.6 443
1732654733966 74.6 444
1732654744095 57.1 445
1732654754218 62.4 446
1732654764339 65.9 447
1732654774475 71.4 448
1732654784601 78.5 449
1732654794714 74.5 450
1732654804837 52.6 451
1732654814972 58.7 452
1732654825103 61.1 453
1732654835248 66.7 454
1732654845401 73.0 455
1732654855531 74.8 456
1732654865628 52.9 457
1732654875750 57.3 458
1732654885831 64.7 459
1732654895963 65.7 460
1732654906047 67.7 461
1732654916191 73.2 462
1732654926273 76.7 463
1732654936391 52.0 464
1732654946520 53.5 465
1732654956649 57.1 466
1732654966782 60.1 467
1732654976911 65.5 468
1732654987036 69.5 469
1732654997157 74.2 470
