1732650250570 7910.4 0
1732650260627 15188.1 1
1732650270679 20223.3 2
1732650280729 22073.8 3
1732650290790 23948.6 4
1732650300848 25023.8 5
1732650310902 31512.3 6
1732650320969 25785.6 7
1732650331037 25314.9 8
1732650341100 18838.7 9
1732650351176 20125.4 10
1732650361242 22137.3 11
1732650371303 23386.3 12
1732650381379 25396.9 13
1732650391432 25331.0 14
1732650401521 24296.2 15
1732650411584 18017.3 16
1732650421656 19763.9 17
1732650431715 19862.1 18
1732650441770 21720.9 19
1732650451833 23477.3 20
1732650461879 26510.7 21
1732650471947 24593.5 22
1732650482025 25329.7 23
1732650492096 17551.9 24
1732650502168 18208.6 25
1732650512234 19642.9 26
1732650522298 21495.5 27
1732650532367 23990.4 28
1732650542449 24891.4 29
1732650552511 24964.1 30
1732650562589 19027.1 31
1732650572666 18994.7 32
1732650582732 19634.2 33
1732650592826 21758.8 34
1732650602904 23771.1 35
1732650612988 25315.9 36
1732650623057 17030.4 37
1732650633148 17114.9 38
1732650643236 19519.5 39
1732650653315 20492.2 40
1732650663379 22464.6 41
1732650673460 22605.7 42
1732650683542 25203.0 43
1732650693615 25447.6 44
1732650703701 18238.1 45
1732650713787 19348.7 46
1732650723844 19836.0 47
1732650733921 21254.8 48
1732650743989 22560.6 49
1732650754067 25435.6 50
1732650764153 24344.9 51
1732650774240 17139.1 52
1732650784312 18394.3 53
1732650794398 17200.0 54
1732650804477 20632.3 55
1732650814565 22303.4 56
1732650824649 23412.6 57
1732650834719 25553.1 58
1732650844777 24878.4 59
1732650854859 17303.7 60
1732650864946 18484.0 61
1732650875022 19748.2 62
1732650885093 20778.0 63
1732650895194 22533.6 64
1732650905268 28621.1 65
1732650915340 25067.4 66
1732650925427 17375.7 67
1732650935527 18674.5 68
1732650945604 20009.5 69
1732650955675 20147.7 70
1732650965752 23222.1 71
1732650975821 24344.3 72
1732650985899 25001.9 73
1732650995973 17102.6 74
1732651006035 19018.9 75
1732651016104 21817.5 76
1732651026197 20785.4 77
1732651036281 22061.5 78
1732651046355 22689.4 79
1732651056464 25000.9 80
1732651066537 24276.0 81
1732651076593 16518.6 82
1732651086647 17850.0 83
1732651096739 19656.7 84
1732651106825 21516.5 85
1732651116878 23524.3 86
1732651126935 24426.8 87
1732651136990 23752.6 88
1732651147057 24876.4 89
1732651157113 17304.3 90
1732651167196 18038.7 91
1732651177268 20121.7 92
1732651187363 21183.3 93
1732651197444 22289.7 94
1732651207520 24884.3 95
1732651217624 24000.1 96
1732651227711 25028.5 97
1732651237787 17786.4 98
1732651247860 18104.5 99
1732651257943 20624.9 100
1732651268019 21197.7 101
1732651278120 22387.7 102
1732651288191 23408.8 103
1732651298269 31144.3 104
1732651308359 24928.6 105
1732651318447 17476.9 106
1732651328532 18227.5 107
1732651338602 20240.3 108
1732651348689 20252.6 109
1732651358786 20597.6 110
1732651368841 22517.8 111
1732651378919 23593.2 112
1732651388991 24525.6 113
1732651399087 16877.1 114
1732651409146 18873.8 115
1732651419226 19794.2 116
1732651429306 18997.6 117
1732651439401 21178.9 118
1732651449459 22919.0 119
1732651459545 24109.4 120
1732651469630 24468.5 121
1732651479697 17329.5 122
1732651489769 18738.7 123
1732651499830 20497.8 124
1732651509887 20451.3 125
1732651519949 23140.6 126
1732651530013 24094.3 127
1732651540076 24489.9 128
1732651550131 17388.2 129
1732651560218 19166.4 130
1732651570294 20286.6 131
1732651580375 22366.3 132
1732651590436 23505.7 133
1732651600522 23369.2 134
1732651610597 25393.9 135
1732651620691 25110.6 136
1732651630768 17262.5 137
1732651640856 19426.8 138
1732651650944 20890.1 139
1732651661034 21812.0 140
1732651671127 22758.8 141
1732651681215 24046.9 142
1732651691300 25084.2 143
1732651701389 15404.3 144
1732651711482 17971.5 145
1732651721571 17849.5 146
1732651731646 20661.6 147
1732651741733 22588.4 148
1732651751835 23933.2 149
1732651761920 26705.4 150
1732651771996 25450.8 151
1732651782081 17370.9 152
1732651792180 18373.3 153
1732651802262 20396.0 154
1732651812375 22258.0 155
1732651822468 23247.4 156
1732651832552 25567.8 157
1732651842636 25591.4 158
1732651852704 18662.0 159
1732651862779 19498.6 160
1732651872861 20170.5 161
1732651882944 22065.0 162
1732651893037 24588.1 163
1732651903124 25339.5 164
1732651913215 25162.3 165
1732651923310 18180.2 166
1732651933378 19190.4 167
1732651943459 19858.4 168
1732651953558 22166.1 169
1732651963641 23010.9 170
1732651973726 23583.6 171
1732651983815 24809.7 172
1732651993885 24892.9 173
1732652003949 18002.4 174
1732652014034 20171.0 175
1732652024131 19407.7 176
1732652034217 22201.2 177
1732652044311 22529.4 178
1732652054407 25772.7 179
1732652064500 25808.5 180
1732652074589 15977.2 181
1732652084685 19299.9 182
1732652094780 20473.7 183
1732652104853 21619.4 184
1732652114946 22375.8 185
1732652125037 23526.6 186
1732652135147 24546.6 187
1732652145238 25674.1 188
1732652155336 18747.7 189
1732652165422 20080.2 190
1732652175518 21600.4 191
1732652185606 21797.0 192
1732652195707 21825.8 193
1732652205790 23727.4 194
1732652215886 25696.4 195
1732652225978 25505.4 196
1732652236078 18003.9 197
1732652246176 20004.4 198
1732652256256 21957.1 199
1732652266367 23226.4 200
1732652276465 24287.9 201
1732652286558 25361.2 202
1732652296658 17567.6 203
1732652306762 19294.9 204
1732652316855 20442.0 205
1732652326950 21444.3 206
1732652337052 23169.8 207
1732652347152 25637.5 208
1732652357226 25225.0 209
1732652367342 18343.8 210
1732652377454 20373.7 211
1732652387566 21424.1 212
1732652397666 22865.1 213
1732652407768 24828.7 214
1732652417850 24903.9 215
1732652427933 17774.0 216
1732652438029 19706.1 217
1732652448127 20109.9 218
1732652458224 20994.7 219
1732652468862 24449.0 220
1732652478968 25166.6 221
1732652489078 24580.2 222
1732652499166 18316.4 223
1732652509260 20268.7 224
1732652519337 21292.2 225
1732652529419 22967.4 226
1732652539524 23890.7 227
1732652549630 25011.1 228
1732652559756 24779.4 229
1732652569852 18912.0 230
1732652579962 20175.0 231
1732652590067 21560.2 232
1732652600170 22968.9 233
1732652610275 23957.7 234
1732652620382 25815.3 235
1732652630492 24880.2 236
1732652640577 18401.1 237
1732652650670 19844.9 238
1732652660771 21851.2 239
1732652670862 22889.1 240
1732652680973 30050.2 241
1732652691060 25144.4 242
1732652701158 17937.8 243
1732652711244 19191.1 244
1732652721344 21040.7 245
1732652731467 22422.2 246
1732652741591 23576.2 247
1732652751688 24407.1 248
1732652761774 25777.1 249
1732652771871 17639.9 250
1732652781973 19069.0 251
1732652792081 18742.0 252
1732652802183 21451.0 253
1732652812287 23375.7 254
1732652822381 25763.7 255
1732652832485 25361.3 256
1732652842590 18812.8 257
1732652852683 20129.1 258
1732652862792 21255.3 259
1732652872912 24190.8 260
1732652883091 23772.5 261
1732652893203 24783.1 262
1732652903303 24993.5 263
1732652913392 17254.3 264
1732652923468 18937.9 265
1732652933584 20967.2 266
1732652943693 22269.0 267
1732652953795 23157.0 268
1732652963905 25473.9 269
1732652974019 25491.0 270
1732652984130 18498.4 271
1732652994219 19784.1 272
1732653004310 21744.5 273
1732653014424 23718.2 274
1732653024543 24830.8 275
1732653034660 17012.7 276
1732653044756 17630.0 277
1732653054864 19212.2 278
1732653064966 21119.6 279
1732653075075 19799.9 280
1732653085184 23416.2 281
1732653095303 24644.5 282
1732653105402 25567.2 283
1732653115491 17960.5 284
1732653125570 20053.5 285
1732653135689 22046.7 286
1732653145790 23942.4 287
1732653155892 31464.3 288
1732653165952 25575.3 289
1732653176058 17933.6 290
1732653186169 19842.4 291
1732653196265 21773.7 292
1732653206387 23932.9 293
1732653216496 25052.1 294
1732653226611 17143.1 295
1732653236728 19046.8 296
1732653246839 20986.2 297
1732653256941 22938.1 298
1732653267038 25469.8 299
1732653277135 24617.4 300
1732653287256 18084.3 301
1732653297349 19355.7 302
1732653307460 20160.9 303
1732653317553 22641.6 304
1732653327662 22903.4 305
1732653337776 25356.6 306
1732653347893 17079.0 307
1732653358013 18860.2 308
1732653368086 20047.8 309
1732653378187 21904.1 310
1732653388301 23193.4 311
1732653398431 24984.0 312
1732653408542 24519.6 313
1732653418649 18059.1 314
1732653428760 18451.4 315
1732653438864 19758.0 316
1732653448994 21851.8 317
1732653459108 23311.1 318
1732653469220 25243.2 319
1732653479321 25376.2 320
1732653489440 17944.9 321
1732653499565 19074.5 322
1732653509650 21061.3 323
1732653519772 23069.6 324
1732653529872 24713.3 325
1732653539975 25450.3 326
1732653550097 24722.6 327
1732653560214 18385.9 328
1732653570338 20320.6 329
1732653580470 21527.8 330
1732653590571 22756.2 331
1732653600682 25097.7 332
1732653610798 25599.5 333
1732653620917 17173.7 334
1732653631025 19238.8 335
1732653641137 20914.2 336
1732653651233 20860.6 337
1732653661326 22580.4 338
1732653671420 24291.2 339
1732653681495 25801.0 340
1732653691600 17768.0 341
1732653701731 18848.7 342
1732653711819 19535.7 343
1732653721921 21169.8 344
1732653732022 22186.6 345
1732653742149 23326.5 346
1732653752260 24501.1 347
1732653762363 25573.0 348
1732653772448 25394.3 349
1732653782541 18163.9 350
1732653792660 19393.5 351
1732653802772 21193.0 352
1732653812855 23010.6 353
1732653822957 23707.0 354
1732653833072 25146.2 355
1732653843190 24220.5 356
1732653853314 17784.4 357
1732653863430 19172.4 358
1732653873550 20489.0 359
1732653883671 20078.4 360
1732653893786 22952.3 361
1732653903908 24134.8 362
1732653914023 24554.9 363
1732653924138 25624.2 364
1732653934254 18874.5 365
1732653944378 19807.5 366
1732653954501 20821.3 367
1732653964617 22393.8 368
1732653974725 24005.0 369
1732653984860 23279.3 370
1732653994976 24656.8 371
1732654005094 17268.8 372
1732654015210 19105.7 373
1732654025337 20614.2 374
1732654035455 21621.9 375
1732654045596 23184.4 376
1732654055713 25342.3 377
1732654065841 24861.4 378
1732654075945 18568.9 379
1732654086039 20896.2 380
1732654096158 22005.9 381
1732654106269 23276.5 382
1732654116387 24583.6 383
1732654126514 25915.0 384
1732654136630 25914.6 385
1732654146749 18407.4 386
1732654156872 18757.3 387
1732654167004 20206.0 388
1732654177122 21572.3 389
1732654187249 23253.3 390
1732654197384 24416.8 391
1732654207501 25716.8 392
1732654217624 17604.5 393
1732654227754 19555.9 394
1732654237878 21029.2 395
1732654247987 22054.2 396
1732654258095 23448.5 397
1732654268214 24614.1 398
1732654278310 25654.4 399
1732654288409 17847.8 400
1732654298524 19053.8 401
1732654308655 20473.6 402
1732654318785 21746.6 403
1732654328913 23824.4 404
1732654339042 24726.9 405
1732654349178 25000.7 406
1732654359310 17501.9 407
1732654369430 17537.6 408
1732654379557 21111.3 409
1732654389686 22210.5 410
1732654399812 24245.9 411
1732654409917 25104.1 412
1732654420028 16189.9 413
1732654430142 18309.1 414
1732654440283 19095.2 415
1732654450403 20267.3 416
1732654460536 21246.7 417
1732654470668 23055.4 418
1732654480758 24931.0 419
1732654490870 25476.0 420
1732654501001 17895.0 421
1732654511136 18892.7 422
1732654521263 18712.6 423
1732654531391 21286.9 424
1732654541520 22666.2 425
1732654551647 23639.2 426
1732654561776 24884.6 427
1732654571940 25208.9 428
1732654582055 17685.4 429
1732654592191 19591.7 430
1732654602318 19699.6 431
1732654612445 21961.6 432
1732654622541 23216.6 433
1732654632677 24398.2 434
1732654642800 25309.3 435
1732654652919 26143.9 436
1732654663053 18115.0 437
1732654673177 19662.8 438
1732654683303 20999.9 439
1732654693437 20533.3 440
1732654703577 23330.7 441
1732654713703 24623.1 442
1732654723832 25036.8 443
1732654733966 25012.4 444
1732654744095 19165.2 445
1732654754218 20949.5 446
1732654764339 22123.3 447
1732654774475 23944.9 448
1732654784601 26325.8 449
1732654794714 24982.7 450
1732654804837 17647.2 451
1732654814972 19686.7 452
1732654825103 20512.9 453
1732654835248 22382.1 454
1732654845401 24477.5 455
1732654855531 25094.2 456
1732654865628 17731.0 457
1732654875750 19212.1 458
1732654885831 21718.5 459
1732654895963 22036.8 460
1732654906047 22715.6 461
1732654916191 24550.3 462
1732654926273 25745.5 463
1732654936391 17447.1 464
1732654946520 17965.3 465
1732654956649 19159.5 466
1732654966782 20164.1 467
1732654976911 21972.3 468
1732654987036 23312.0 469
1732654997157 24901.0 470
