1732474182181 58.0 3072
1732474262467 46.0 6144
1732474328994 46.0 9216
1732474391280 47.0 12288
1732474455485 47.0 15360
1732474511998 48.0 18432
1732474568241 49.0 21504
1732474618055 50.0 24576
1732474681684 50.0 27648
1732474740564 50.0 30720
1732474795692 50.0 33792
1732474852902 50.0 36864
1732474912417 51.0 39936
1732474964448 51.0 43008
1732475034548 50.0 46080
1732475098870 50.0 49152
1732475154186 50.0 52224
1732475213603 51.0 55296
1732475262699 51.0 58368
1732475320390 51.0 61440
1732475384428 51.0 64512
1732475441900 51.0 67584
1732475507687 51.0 70656
1732475566996 51.0 73728
1732475634638 51.0 76800
1732475694058 51.0 79872
1732475759701 50.0 82944
1732475817476 50.0 86016
1732475895037 50.0 89088
1732475957878 50.0 92160
1732476025745 50.0 95232
1732476096527 49.0 98304
1732476166602 49.0 101376
1732476237120 49.0 104448
1732476306223 49.0 107520
1732476364246 49.0 110592
1732476426107 49.0 113664
1732476489412 49.0 116736
1732476553226 49.0 119808
1732476616599 49.0 122880
1732476685957 49.0 125952
1732476750762 49.0 129024
1732476812690 49.0 132096
1732476867537 49.0 135168
1732476934817 49.0 138240
1732476996060 49.0 141312
1732477060261 49.0 144384
1732477119041 49.0 147456
1732477176685 49.0 150528
1732477240374 49.0 153600
1732477311547 49.0 156672
1732477376909 49.0 159744
1732477438052 49.0 162816
1732477495413 49.0 165888
1732477562593 49.0 168960
1732477625970 49.0 172032
1732477692675 49.0 175104
1732477755566 49.0 178176
1732477819863 49.0 181248
1732477882917 49.0 184320
1732477943856 49.0 187392
1732478016669 49.0 190464
1732478075358 49.0 193536
1732478139103 49.0 196608
1732478202455 49.0 199680
1732478261227 49.0 202752
