1732474182193 52.0 3072
1732474262477 132.0 6144
1732474329000 198.0 9216
1732474391290 261.0 12288
1732474455507 325.0 15360
1732474512007 381.0 18432
1732474568247 438.0 21504
1732474618065 488.0 24576
1732474681706 551.0 27648
1732474740587 610.0 30720
1732474795702 665.0 33792
1732474852913 722.0 36864
1732474912425 782.0 39936
1732474964458 834.0 43008
1732475034559 904.0 46080
1732475098877 968.0 49152
1732475154206 1024.0 52224
1732475213613 1083.0 55296
1732475262707 1132.0 58368
1732475320400 1190.0 61440
1732475384449 1254.0 64512
1732475441910 1311.0 67584
1732475507697 1377.0 70656
1732475567005 1436.0 73728
1732475634646 1504.0 76800
1732475694079 1564.0 79872
1732475759713 1629.0 82944
1732475817487 1687.0 86016
1732475895045 1765.0 89088
1732475957899 1827.0 92160
1732476025754 1895.0 95232
1732476096538 1966.0 98304
1732476166610 2036.0 101376
1732476237131 2107.0 104448
1732476306229 2176.0 107520
1732476364256 2234.0 110592
1732476426117 2296.0 113664
1732476489418 2359.0 116736
1732476553235 2423.0 119808
1732476616609 2486.0 122880
1732476685968 2555.0 125952
1732476750772 2620.0 129024
1732476812700 2682.0 132096
1732476867550 2737.0 135168
1732476934838 2804.0 138240
1732476996069 2866.0 141312
1732477060284 2930.0 144384
1732477119057 2989.0 147456
1732477176696 3046.0 150528
1732477240384 3110.0 153600
1732477311558 3181.0 156672
1732477376916 3246.0 159744
1732477438063 3308.0 162816
1732477495425 3365.0 165888
1732477562604 3432.0 168960
1732477625978 3495.0 172032
1732477692686 3562.0 175104
1732477755590 3625.0 178176
1732477819873 3689.0 181248
1732477882926 3752.0 184320
1732477943867 3813.0 187392
1732478016680 3886.0 190464
1732478075369 3945.0 193536
1732478139114 4009.0 196608
1732478202466 4072.0 199680
1732478261238 4131.0 202752
