1732474182199 3072.0 3072
1732474262483 6144.0 6144
1732474329003 9216.0 9216
1732474391296 12288.0 12288
1732474455512 15360.0 15360
1732474512012 18432.0 18432
1732474568250 21504.0 21504
1732474618071 24576.0 24576
1732474681711 27648.0 27648
1732474740593 30720.0 30720
1732474795706 33792.0 33792
1732474852919 36864.0 36864
1732474912428 39936.0 39936
1732474964463 43008.0 43008
1732475034564 46080.0 46080
1732475098881 49152.0 49152
1732475154212 52224.0 52224
1732475213618 55296.0 55296
1732475262723 58368.0 58368
1732475320405 61440.0 61440
1732475384454 64512.0 64512
1732475441916 67584.0 67584
1732475507701 70656.0 70656
1732475567022 73728.0 73728
1732475634649 76800.0 76800
1732475694084 79872.0 79872
1732475759719 82944.0 82944
1732475817492 86016.0 86016
1732475895049 89088.0 89088
1732475957905 92160.0 92160
1732476025758 95232.0 95232
1732476096543 98304.0 98304
1732476166614 101376.0 101376
1732476237136 104448.0 104448
1732476306232 107520.0 107520
1732476364262 110592.0 110592
1732476426123 113664.0 113664
1732476489421 116736.0 116736
1732476553240 119808.0 119808
1732476616614 122880.0 122880
1732476685973 125952.0 125952
1732476750778 129024.0 129024
1732476812704 132096.0 132096
1732476867557 135168.0 135168
1732476934844 138240.0 138240
1732476996074 141312.0 141312
1732477060289 144384.0 144384
1732477119062 147456.0 147456
1732477176713 150528.0 150528
1732477240388 153600.0 153600
1732477311563 156672.0 156672
1732477376920 159744.0 159744
1732477438068 162816.0 162816
1732477495430 165888.0 165888
1732477562609 168960.0 168960
1732477625982 172032.0 172032
1732477692692 175104.0 175104
1732477755595 178176.0 178176
1732477819878 181248.0 181248
1732477882931 184320.0 184320
1732477943872 187392.0 187392
1732478016685 190464.0 190464
1732478075374 193536.0 193536
1732478139120 196608.0 196608
1732478202471 199680.0 199680
1732478261244 202752.0 202752
