1732481166062 0.0 0
1732481176131 13.7 1
1732481186204 10.5 2
1732481196283 10.6 3
1732481206343 10.5 4
1732481216408 10.8 5
1732481226463 9.5 6
1732481236520 6.0 7
1732481246563 10.3 8
1732481256629 7.2 9
1732481266692 10.9 10
1732481276740 10.3 11
1732481286821 7.5 12
1732481296887 9.6 13
1732481306956 10.1 14
1732481317039 6.5 15
1732481327122 9.5 16
1732481337193 11.3 17
1732481347264 10.9 18
1732481357345 10.0 19
1732481367426 7.6 20
1732481377490 10.2 21
1732481387569 8.9 22
1732481397653 6.8 23
1732481407729 7.8 24
1732481417782 9.2 25
1732481427831 10.5 26
1732481437897 8.5 27
1732481447961 7.7 28
1732481458021 11.0 29
1732481468214 8.8 30
1732481478289 9.1 31
1732481488359 7.3 32
1732481498424 9.5 33
1732481508515 9.1 34
1732481518582 9.5 35
1732481528634 10.8 36
1732481538709 10.7 37
1732481548788 9.2 38
1732481558874 8.6 39
1732481568944 7.9 40
1732481579024 10.0 41
1732481589101 8.1 42
1732481599187 9.5 43
1732481609274 9.0 44
1732481619359 10.5 45
1732481629430 9.3 46
1732481639527 8.3 47
1732481649609 7.1 48
1732481659685 8.2 49
1732481669759 11.2 50
1732481679830 11.3 51
1732481689915 8.9 52
1732481699995 11.7 53
1732481710072 8.1 54
1732481720151 8.7 55
1732481730234 9.1 56
1732481740315 9.4 57
1732481750407 8.8 58
1732481760481 11.2 59
1732481770556 8.1 60
1732481780640 9.9 61
1732481790717 7.0 62
1732481800787 8.1 63
1732481810865 7.0 64
1732481820924 7.9 65
1732481831008 9.4 66
1732481841080 10.4 67
1732481851154 10.0 68
1732481861229 10.3 69
1732481871291 7.1 70
1732481881392 8.8 71
1732481891472 7.8 72
1732481901561 9.2 73
1732481911645 8.3 74
1732481921717 9.6 75
1732481931797 9.3 76
1732481941895 8.0 77
1732481951979 10.8 78
1732481962080 10.1 79
1732481972170 7.6 80
1732481982248 8.2 81
1732481992337 7.8 82
1732482002420 10.3 83
1732482012510 9.9 84
1732482022601 10.0 85
1732482032684 7.9 86
1732482042782 8.7 87
1732482052871 7.6 88
1732482062957 10.0 89
1732482073031 9.4 90
1732482083110 9.0 91
1732482093200 10.4 92
1732482103271 8.9 93
1732482113359 10.9 94
1732482123447 8.0 95
1732482133534 7.0 96
1732482143619 10.6 97
1732482153695 8.2 98
1732482163776 9.0 99
1732482173880 9.1 100
1732482183960 8.3 101
1732482194045 10.1 102
1732482204166 10.0 103
1732482214236 6.0 104
1732482224308 10.2 105
1732482234394 9.1 106
1732482244483 10.0 107
1732482254576 9.3 108
1732482264670 9.0 109
1732482274746 10.4 110
1732482284856 10.3 111
1732482294941 6.3 112
1732482305018 9.1 113
1732482315092 8.5 114
1732482325172 7.7 115
1732482335267 9.8 116
1732482345358 10.5 117
1732482355453 10.8 118
1732482365551 8.1 119
1732482375602 8.6 120
1732482385684 7.9 121
1732482395779 7.0 122
1732482405850 10.2 123
1732482415927 9.5 124
1732482426007 9.7 125
1732482436094 6.9 126
1732482446192 10.1 127
1732482456263 9.7 128
1732482466344 6.4 129
1732482476444 7.2 130
1732482486547 9.8 131
1732482496623 7.9 132
1732482506734 10.0 133
1732482516828 9.3 134
1732482526912 9.2 135
1732482537016 7.6 136
1732482547090 9.8 137
1732482557190 6.8 138
1732482567275 10.2 139
1732482577367 10.2 140
1732482587444 8.7 141
1732482597540 8.2 142
1732482607624 9.4 143
1732482617727 8.1 144
1732482627822 9.7 145
1732482637918 6.1 146
1732482648013 8.1 147
1732482658103 10.2 148
1732482668204 9.2 149
1732482678300 7.8 150
1732482688376 10.6 151
1732482698469 8.1 152
1732482708550 11.1 153
1732482718644 11.3 154
1732482728728 6.5 155
1732482738831 7.4 156
1732482748912 9.0 157
1732482759007 9.8 158
1732482769080 8.3 159
1732482779157 10.0 160
1732482789237 8.3 161
1732482799327 7.5 162
1732482809418 9.3 163
1732482819507 7.6 164
1732482829608 8.1 165
1732482839687 9.8 166
1732482849768 11.0 167
1732482859871 8.4 168
1732482869960 10.7 169
1732482880025 7.8 170
1732482890104 9.2 171
1732482900195 9.3 172
1732482910270 7.4 173
1732482920345 6.3 174
1732482930434 10.5 175
1732482940522 8.8 176
1732482950616 8.8 177
1732482960705 9.0 178
1732482970809 10.9 179
1732482980902 10.2 180
1732482990970 7.8 181
1732483001067 6.4 182
1732483011153 8.2 183
1732483021247 9.4 184
1732483031339 9.9 185
1732483041434 8.2 186
1732483051526 9.6 187
1732483061618 8.5 188
1732483071715 10.9 189
1732483081814 6.6 190
1732483091900 10.8 191
1732483101999 6.6 192
1732483112095 9.3 193
1732483122176 10.3 194
1732483132258 10.4 195
1732483142351 8.7 196
1732483152444 7.7 197
1732483162511 8.7 198
1732483172587 6.0 199
1732483182694 9.8 200
1732483192768 10.7 201
1732483202871 10.7 202
1732483212965 9.8 203
1732483223056 7.3 204
1732483233163 7.4 205
1732483243262 9.2 206
1732483253358 7.3 207
1732483263455 9.7 208
1732483273553 9.9 209
1732483283653 6.6 210
1732483293752 7.6 211
1732483303839 10.4 212
1732483313935 10.6 213
1732483324026 9.9 214
1732483334125 6.7 215
1732483344213 7.1 216
1732483354296 9.8 217
1732483364401 10.9 218
1732483374499 10.2 219
1732483384582 9.6 220
1732483394667 7.6 221
1732483404739 8.8 222
1732483414840 7.6 223
1732483424921 10.2 224
1732483435006 6.8 225
1732483445121 10.3 226
1732483455226 7.0 227
1732483465320 8.2 228
1732483475407 11.2 229
1732483485510 11.4 230
1732483495610 11.8 231
1732483505713 7.0 232
1732483515815 9.9 233
1732483525904 8.4 234
1732483535999 6.4 235
1732483546108 9.0 236
1732483556200 10.9 237
1732483566279 9.6 238
1732483576379 9.6 239
1732483586470 7.6 240
1732483596579 9.0 241
1732483606688 11.1 242
1732483616784 7.7 243
1732483626890 10.5 244
1732483636993 10.3 245
1732483647078 8.9 246
1732483657163 8.2 247
1732483667247 8.5 248
1732483677329 10.7 249
1732483687486 7.5 250
1732483697580 10.4 251
1732483707681 6.4 252
1732483717761 8.5 253
1732483727858 10.6 254
1732483737969 6.9 255
1732483748048 9.2 256
1732483758160 10.0 257
1732483768257 8.4 258
1732483778367 9.9 259
1732483788486 6.4 260
1732483798581 8.3 261
1732483808683 8.3 262
1732483818791 10.1 263
1732483828893 8.5 264
1732483839013 10.4 265
1732483849119 9.6 266
1732483859232 9.1 267
1732483869345 7.1 268
1732483879456 7.7 269
1732483889562 10.7 270
1732483899682 7.9 271
1732483909777 9.5 272
1732483919883 11.1 273
1732483929984 10.8 274
1732483940102 10.2 275
1732483950213 6.4 276
1732483960303 6.5 277
1732483970410 8.5 278
1732483980513 9.0 279
1732483990639 9.0 280
1732484000735 9.9 281
1732484010845 7.8 282
1732484020927 7.9 283
1732484031035 9.2 284
1732484041145 6.9 285
1732484051248 9.1 286
1732484061346 8.1 287
1732484071456 10.0 288
1732484081567 8.2 289
1732484091669 10.7 290
1732484101781 13.6 291
1732484111879 15.5 292
1732484121995 10.6 293
1732484132108 10.1 294
1732484142220 11.9 295
1732484152332 11.3 296
1732484162415 13.3 297
1732484172492 15.4 298
1732484182585 14.2 299
1732484192713 12.5 300
1732484202812 16.6 301
1732484212918 12.1 302
1732484223012 15.3 303
1732484233124 17.7 304
1732484243248 17.3 305
1732484253363 17.2 306
1732484263460 16.2 307
1732484273584 14.0 308
1732484283669 13.5 309
1732484293755 12.7 310
1732484303866 16.4 311
1732484313942 12.0 312
1732484324051 15.4 313
1732484334170 16.0 314
1732484344251 14.9 315
1732484354363 22.3 316
1732484364473 18.4 317
1732484374593 20.4 318
1732484384696 10.3 319
1732484394798 8.3 320
1732484404907 9.0 321
1732484415025 17.2 322
1732484425111 20.9 323
1732484435199 13.2 324
1732484445302 16.5 325
1732484455395 21.2 326
1732484465482 20.5 327
1732484475573 16.1 328
1732484485697 21.0 329
1732484495799 11.7 330
1732484505916 11.1 331
1732484516032 23.1 332
1732484526148 16.6 333
1732484536263 10.4 334
1732484546375 11.8 335
1732484556473 12.1 336
1732484566600 10.2 337
1732484576713 11.1 338
1732484586825 8.5 339
1732484596940 12.8 340
1732484607056 8.8 341
1732484617173 8.6 342
1732484627296 12.6 343
1732484637402 12.0 344
1732484647524 11.4 345
1732484657627 8.8 346
1732484667752 9.9 347
1732484677864 9.7 348
1732484687973 9.9 349
1732484698093 12.1 350
1732484708208 11.2 351
1732484718325 10.6 352
1732484728428 8.8 353
1732484738815 8.0 354
1732484748939 11.7 355
1732484759050 8.3 356
1732484769163 11.8 357
1732484779283 11.0 358
1732484789387 8.3 359
1732484799488 7.8 360
1732484809600 10.1 361
1732484819682 11.3 362
1732484829763 9.5 363
1732484839860 7.5 364
1732484849994 6.8 365
1732484860107 9.5 366
1732484870243 11.2 367
1732484880346 11.5 368
1732484890472 13.2 369
1732484900578 11.2 370
1732484910712 9.7 371
1732484920823 10.5 372
1732484930926 9.4 373
1732484941049 9.6 374
1732484951166 9.8 375
1732484961279 10.6 376
1732484971369 10.9 377
1732484981491 10.9 378
1732484991605 8.9 379
1732485001687 9.6 380
1732485012230 12.0 381
1732485022346 10.5 382
1732485032462 7.8 383
1732485042542 12.1 384
1732485052660 9.6 385
1732485062762 9.5 386
1732485072864 10.9 387
1732485082955 10.4 388
1732485093668 11.6 389
1732485103795 10.1 390
1732485113893 10.0 391
1732485124020 17.6 392
1732485134140 18.1 393
1732485144256 11.8 394
1732485154388 11.4 395
1732485164507 14.7 396
1732485174628 15.8 397
1732485184747 9.2 398
1732485194860 17.1 399
1732485205005 14.7 400
1732485215135 8.2 401
1732485225271 10.6 402
1732485235398 15.1 403
1732485245502 12.8 404
1732485255620 16.6 405
1732485265716 14.7 406
1732485275817 10.3 407
1732485285938 16.7 408
1732485296062 12.7 409
1732485306195 17.1 410
1732485316317 13.6 411
1732485326437 14.7 412
1732485336520 15.9 413
1732485346650 17.5 414
1732485356767 16.1 415
1732485366870 15.3 416
1732485376957 15.9 417
1732485387040 12.6 418
1732485397114 13.1 419
1732485407194 12.8 420
1732485417326 17.1 421
1732485427430 14.9 422
1732485437551 16.4 423
1732485447695 16.4 424
1732485457838 16.0 425
1732485467981 11.9 426
1732485478105 13.4 427
1732485488244 12.5 428
1732485498373 16.3 429
1732485508501 15.9 430
1732485518620 14.0 431
1732485528747 13.5 432
1732485538870 14.6 433
1732485548962 10.8 434
1732485559061 16.4 435
1732485569191 12.6 436
1732485579319 15.4 437
1732485589432 11.6 438
1732485599564 14.3 439
1732485609686 10.7 440
1732485619830 15.9 441
1732485629941 11.1 442
1732485640073 15.5 443
1732485650161 12.1 444
1732485660277 14.2 445
1732485670406 11.4 446
1732485680535 13.7 447
1732485690663 15.5 448
1732485700789 15.7 449
1732485710920 13.0 450
1732485721008 14.6 451
1732485731087 13.2 452
1732485741202 12.0 453
1732485751314 13.5 454
1732485761443 12.8 455
1732485771528 15.2 456
1732485781671 12.6 457
1732485791803 14.3 458
1732485801892 13.1 459
1732485812025 12.7 460
1732485822144 12.4 461
1732485832255 13.3 462
1732485842378 16.3 463
1732485852480 15.4 464
1732485862601 14.6 465
1732485872720 11.8 466
1732485882843 12.8 467
1732485892968 12.1 468
1732485903083 12.9 469
1732485913227 15.6 470
1732485923363 11.6 471
1732485933479 13.8 472
1732485943620 13.8 473
1732485953715 14.7 474
1732485963844 13.7 475
1732485973963 12.4 476
1732485984086 11.1 477
1732485994204 15.5 478
1732486004349 13.0 479
1732486014475 11.7 480
1732486024625 16.2 481
1732486034746 14.9 482
1732486044876 13.5 483
1732486055013 14.6 484
1732486065157 12.3 485
1732486075280 15.3 486
1732486085410 11.8 487
1732486095539 11.0 488
1732486105676 15.2 489
1732486115766 12.5 490
1732486125902 15.7 491
1732486136033 15.9 492
1732486146114 15.4 493
1732486156239 13.4 494
1732486166373 11.2 495
1732486176508 11.6 496
1732486186638 13.7 497
1732486196733 15.0 498
1732486206825 12.7 499
1732486216914 11.7 500
1732486227035 12.0 501
1732486237361 15.1 502
1732486247458 12.7 503
1732486257557 11.9 504
1732486267657 15.1 505
1732486277798 9.3 506
1732486287942 12.9 507
1732486298037 15.9 508
1732486308151 15.2 509
1732486318282 13.7 510
1732486328425 14.4 511
1732486338553 8.8 512
1732486348711 13.9 513
1732486358871 18.8 514
1732486369002 17.3 515
1732486379148 19.5 516
1732486389285 15.4 517
1732486399427 11.0 518
1732486409586 14.5 519
1732486419708 12.9 520
1732486429853 8.1 521
1732486439985 16.5 522
1732486450128 15.1 523
1732486460262 16.0 524
1732486470369 15.0 525
1732486480498 11.4 526
1732486490604 12.3 527
1732486500731 14.1 528
1732486510866 8.7 529
1732486520998 10.5 530
1732486531106 11.0 531
1732486541186 12.5 532
1732486551292 11.8 533
1732486561421 8.1 534
1732486571549 15.1 535
1732486581689 13.2 536
1732486591837 11.9 537
1732486601987 9.7 538
1732486612136 10.8 539
1732486622278 14.5 540
1732486632403 12.6 541
1732486642538 16.0 542
1732486652666 17.8 543
1732486662808 15.7 544
1732486672944 13.7 545
1732486683090 11.5 546
1732486693229 12.7 547
1732486703332 10.5 548
1732486713442 15.3 549
1732486723603 14.5 550
1732486733740 12.6 551
1732486743873 11.8 552
1732486754020 10.2 553
1732486764162 15.5 554
1732486774312 13.2 555
1732486784460 14.0 556
1732486794602 15.4 557
1732486804753 14.5 558
1732486814888 12.8 559
1732486824995 12.5 560
1732486835104 13.9 561
1732486845255 11.6 562
