1732481166062 139860.7 0
1732481176131 139860.7 1
1732481186204 139860.6 2
1732481196283 139860.6 3
1732481206343 139860.6 4
1732481216408 139860.6 5
1732481226463 139860.6 6
1732481236520 139860.6 7
1732481246563 139860.6 8
1732481256629 139860.6 9
1732481266692 139860.5 10
1732481276740 139860.5 11
1732481286821 139860.5 12
1732481296887 139860.5 13
1732481306956 139860.5 14
1732481317039 139860.5 15
1732481327122 139860.5 16
1732481337193 139860.5 17
1732481347264 139860.4 18
1732481357345 139860.4 19
1732481367426 139860.4 20
1732481377490 139860.4 21
1732481387569 139860.4 22
1732481397653 139860.4 23
1732481407729 139860.4 24
1732481417782 139860.3 25
1732481427831 139860.3 26
1732481437897 139860.3 27
1732481447961 139860.3 28
1732481458021 139860.3 29
1732481468214 139860.3 30
1732481478289 139860.3 31
1732481488359 139860.3 32
1732481498424 139860.2 33
1732481508515 139860.2 34
1732481518582 139860.2 35
1732481528634 139860.2 36
1732481538709 139860.2 37
1732481548788 139860.2 38
1732481558874 139860.2 39
1732481568944 139860.1 40
1732481579024 139860.1 41
1732481589101 139860.1 42
1732481599187 139860.1 43
1732481609274 139860.1 44
1732481619359 139860.1 45
1732481629430 139860.1 46
1732481639527 139860.1 47
1732481649609 139860.0 48
1732481659685 139860.0 49
1732481669759 139860.0 50
1732481679830 139860.0 51
1732481689915 139860.0 52
1732481699995 139860.0 53
1732481710072 139860.0 54
1732481720151 139860.0 55
1732481730234 139859.9 56
1732481740315 139859.9 57
1732481750407 139859.9 58
1732481760481 139859.9 59
1732481770556 139859.9 60
1732481780640 139859.9 61
1732481790717 139859.9 62
1732481800787 139859.9 63
1732481810865 139859.8 64
1732481820924 139859.8 65
1732481831008 139859.8 66
1732481841080 139859.8 67
1732481851154 139859.8 68
1732481861229 139859.8 69
1732481871291 139859.8 70
1732481881392 139859.8 71
1732481891472 139859.7 72
1732481901561 139859.7 73
1732481911645 139859.7 74
1732481921717 139859.7 75
1732481931797 139859.7 76
1732481941895 139859.7 77
1732481951979 139859.7 78
1732481962080 139859.7 79
1732481972170 139859.6 80
1732481982248 139859.6 81
1732481992337 139859.6 82
1732482002420 139859.6 83
1732482012510 139859.6 84
1732482022601 139859.6 85
1732482032684 139859.6 86
1732482042782 139859.6 87
1732482052871 139859.5 88
1732482062957 139859.5 89
1732482073031 139859.5 90
1732482083110 139859.5 91
1732482093200 139859.5 92
1732482103271 139859.5 93
1732482113359 139859.5 94
1732482123447 139859.5 95
1732482133534 139859.4 96
1732482143619 139859.4 97
1732482153695 139859.4 98
1732482163776 139859.4 99
1732482173880 139859.4 100
1732482183960 139859.4 101
1732482194045 139859.4 102
1732482204166 139859.3 103
1732482214236 139859.3 104
1732482224308 139859.3 105
1732482234394 139859.3 106
1732482244483 139859.3 107
1732482254576 139859.3 108
1732482264670 139859.3 109
1732482274746 139859.2 110
1732482284856 139859.2 111
1732482294941 139859.2 112
1732482305018 139859.2 113
1732482315092 139859.2 114
1732482325172 139859.2 115
1732482335267 139859.2 116
1732482345358 139859.2 117
1732482355453 139859.2 118
1732482365551 139859.1 119
1732482375602 139859.1 120
1732482385684 139859.1 121
1732482395779 139859.1 122
1732482405850 139859.1 123
1732482415927 139859.1 124
1732482426007 139859.1 125
1732482436094 139859.1 126
1732482446192 139859.0 127
1732482456263 139859.0 128
1732482466344 139859.0 129
1732482476444 139859.0 130
1732482486547 139859.0 131
1732482496623 139859.0 132
1732482506734 139859.0 133
1732482516828 139858.9 134
1732482526912 139858.9 135
1732482537016 139858.9 136
1732482547090 139858.9 137
1732482557190 139858.9 138
1732482567275 139858.9 139
1732482577367 139858.9 140
1732482587444 139858.9 141
1732482597540 139858.8 142
1732482607624 139858.8 143
1732482617727 139858.8 144
1732482627822 139858.8 145
1732482637918 139858.8 146
1732482648013 139858.8 147
1732482658103 139858.8 148
1732482668204 139858.8 149
1732482678300 139858.7 150
1732482688376 139858.7 151
1732482698469 139858.7 152
1732482708550 139858.7 153
1732482718644 139858.7 154
1732482728728 139858.7 155
1732482738831 139858.7 156
1732482748912 139858.7 157
1732482759007 139858.7 158
1732482769080 139858.7 159
1732482779157 139858.7 160
1732482789237 139858.7 161
1732482799327 139858.7 162
1732482809418 139858.6 163
1732482819507 139858.6 164
1732482829608 139858.6 165
1732482839687 139858.6 166
1732482849768 139858.6 167
1732482859871 139858.6 168
1732482869960 139858.6 169
1732482880025 139858.6 170
1732482890104 139858.6 171
1732482900195 139858.5 172
1732482910270 139858.5 173
1732482920345 139858.5 174
1732482930434 139858.5 175
1732482940522 139858.5 176
1732482950616 139858.5 177
1732482960705 139858.5 178
1732482970809 139858.5 179
1732482980902 139858.4 180
1732482990970 139858.4 181
1732483001067 139858.4 182
1732483011153 139858.4 183
1732483021247 139858.4 184
1732483031339 139858.4 185
1732483041434 139858.4 186
1732483051526 139858.4 187
1732483061618 139858.3 188
1732483071715 139858.3 189
1732483081814 139858.3 190
1732483091900 139858.3 191
1732483101999 139858.3 192
1732483112095 139858.3 193
1732483122176 139858.3 194
1732483132258 139858.3 195
1732483142351 139858.3 196
1732483152444 139858.2 197
1732483162511 139858.2 198
1732483172587 139858.2 199
1732483182694 139858.2 200
1732483192768 139858.2 201
1732483202871 139858.2 202
1732483212965 139858.2 203
1732483223056 139858.2 204
1732483233163 139858.1 205
1732483243262 139858.1 206
1732483253358 139858.1 207
1732483263455 139858.1 208
1732483273553 139858.1 209
1732483283653 139858.1 210
1732483293752 139858.1 211
1732483303839 139858.1 212
1732483313935 139858.1 213
1732483324026 139858.0 214
1732483334125 139858.0 215
1732483344213 139858.0 216
1732483354296 139858.0 217
1732483364401 139858.0 218
1732483374499 139858.0 219
1732483384582 139858.0 220
1732483394667 139858.0 221
1732483404739 139858.0 222
1732483414840 139857.9 223
1732483424921 139857.9 224
1732483435006 139857.9 225
1732483445121 139857.9 226
1732483455226 139857.9 227
1732483465320 139857.9 228
1732483475407 139857.9 229
1732483485510 139857.9 230
1732483495610 139857.9 231
1732483505713 139857.8 232
1732483515815 139857.8 233
1732483525904 139857.8 234
1732483535999 139857.8 235
1732483546108 139857.8 236
1732483556200 139857.8 237
1732483566279 139857.8 238
1732483576379 139857.8 239
1732483586470 139857.7 240
1732483596579 139857.7 241
1732483606688 139857.7 242
1732483616784 139857.7 243
1732483626890 139857.7 244
1732483636993 139857.7 245
1732483647078 139857.7 246
1732483657163 139857.7 247
1732483667247 139857.7 248
1732483677329 139857.6 249
1732483687486 139857.6 250
1732483697580 139857.6 251
1732483707681 139857.6 252
1732483717761 139857.6 253
1732483727858 139857.6 254
1732483737969 139857.6 255
1732483748048 139857.6 256
1732483758160 139857.5 257
1732483768257 139857.5 258
1732483778367 139857.5 259
1732483788486 139857.5 260
1732483798581 139857.5 261
1732483808683 139857.5 262
1732483818791 139857.5 263
1732483828893 139857.5 264
1732483839013 139857.5 265
1732483849119 139857.4 266
1732483859232 139857.4 267
1732483869345 139857.4 268
1732483879456 139857.4 269
1732483889562 139857.4 270
1732483899682 139857.4 271
1732483909777 139857.4 272
1732483919883 139857.3 273
1732483929984 139857.3 274
1732483940102 139857.3 275
1732483950213 139857.3 276
1732483960303 139857.3 277
1732483970410 139857.3 278
1732483980513 139857.3 279
1732483990639 139857.3 280
1732484000735 139857.3 281
1732484010845 139857.3 282
1732484020927 139857.2 283
1732484031035 139857.2 284
1732484041145 139857.2 285
1732484051248 139857.2 286
1732484061346 139857.2 287
1732484071456 139857.2 288
1732484081567 139857.2 289
1732484091669 139857.2 290
1732484101781 139857.1 291
1732484111879 139858.5 292
1732484121995 139856.7 293
1732484132108 139856.7 294
1732484142220 139856.5 295
1732484152332 139856.2 296
1732484162415 139854.8 297
1732484172492 139852.1 298
1732484182585 139849.6 299
1732484192713 139846.6 300
1732484202812 139848.2 301
1732484212918 139847.9 302
1732484223012 139845.4 303
1732484233124 139846.0 304
1732484243248 139845.0 305
1732484253363 139844.8 306
1732484263460 139848.1 307
1732484273584 139840.3 308
1732484283669 139843.6 309
1732484293755 139841.0 310
1732484303866 139841.1 311
1732484313942 139844.6 312
1732484324051 139840.0 313
1732484334170 139843.4 314
1732484344251 139841.8 315
1732484354363 139845.8 316
1732484364473 139840.9 317
1732484374593 139845.3 318
1732484384696 139845.3 319
1732484394798 139845.3 320
1732484404907 139845.3 321
1732484415025 139841.7 322
1732484425111 139845.2 323
1732484435199 139842.8 324
1732484445302 139841.7 325
1732484455395 139845.2 326
1732484465482 139845.0 327
1732484475573 139844.0 328
1732484485697 139843.7 329
1732484495799 139845.1 330
1732484505916 139845.1 331
1732484516032 139847.3 332
1732484526148 139846.2 333
1732484536263 139846.0 334
1732484546375 139845.9 335
1732484556473 139845.9 336
1732484566600 139845.7 337
1732484576713 139845.7 338
1732484586825 139845.7 339
1732484596940 139845.3 340
1732484607056 139845.2 341
1732484617173 139845.0 342
1732484627296 139844.9 343
1732484637402 139844.8 344
1732484647524 139844.7 345
1732484657627 139844.7 346
1732484667752 139857.0 347
1732484677864 139857.0 348
1732484687973 139857.0 349
1732484698093 139856.9 350
1732484708208 139856.9 351
1732484718325 139856.9 352
1732484728428 139856.9 353
1732484738815 139855.4 354
1732484748939 139855.3 355
1732484759050 139855.3 356
1732484769163 139855.3 357
1732484779283 139855.3 358
1732484789387 139855.3 359
1732484799488 139855.3 360
1732484809600 139855.3 361
1732484819682 139855.3 362
1732484829763 139855.2 363
1732484839860 139855.2 364
1732484849994 139855.2 365
1732484860107 139855.2 366
1732484870243 139855.2 367
1732484880346 139855.2 368
1732484890472 139855.2 369
1732484900578 139855.1 370
1732484910712 139855.1 371
1732484920823 139855.1 372
1732484930926 139855.1 373
1732484941049 139855.0 374
1732484951166 139855.0 375
1732484961279 139855.0 376
1732484971369 139855.0 377
1732484981491 139855.0 378
1732484991605 139855.0 379
1732485001687 139855.0 380
1732485012230 139854.9 381
1732485022346 139854.9 382
1732485032462 139854.9 383
1732485042542 139854.6 384
1732485052660 139854.3 385
1732485062762 139854.2 386
1732485072864 139854.1 387
1732485082955 139854.0 388
1732485093668 139853.9 389
1732485103795 139855.2 390
1732485113893 139854.6 391
1732485124020 139850.8 392
1732485134140 139853.0 393
1732485144256 139852.7 394
1732485154388 139852.7 395
1732485164507 139854.0 396
1732485174628 139850.5 397
1732485184747 139851.8 398
1732485194860 139851.5 399
1732485205005 139850.3 400
1732485215135 139852.8 401
1732485225271 139851.6 402
1732485235398 139839.7 403
1732485245502 139844.2 404
1732485255620 139843.2 405
1732485265716 139840.9 406
1732485275817 139839.7 407
1732485285938 139843.2 408
1732485296062 139840.8 409
1732485306195 139844.3 410
1732485316317 139844.0 411
1732485326437 139843.2 412
1732485336520 139842.9 413
1732485346650 139845.2 414
1732485356767 139840.6 415
1732485366870 139839.5 416
1732485376957 139844.2 417
1732485387040 139844.0 418
1732485397114 139845.1 419
1732485407194 139845.0 420
1732485417326 139843.2 421
1732485427430 139845.3 422
1732485437551 139840.6 423
1732485447695 139843.9 424
1732485457838 139839.3 425
1732485467981 139842.8 426
1732485478105 139842.5 427
1732485488244 139841.6 428
1732485498373 139840.1 429
1732485508501 139843.5 430
1732485518620 139838.8 431
1732485528747 139842.3 432
1732485538870 139837.7 433
1732485548962 139841.2 434
1732485559061 139841.0 435
1732485569191 139840.1 436
1732485579319 139839.8 437
1732485589432 139839.8 438
1732485599564 139841.2 439
1732485609686 139844.5 440
1732485619830 139839.9 441
1732485629941 139841.2 442
1732485640073 139842.1 443
1732485650161 139841.1 444
1732485660277 139840.9 445
1732485670406 139844.4 446
1732485680535 139839.8 447
1732485690663 139842.1 448
1732485700789 139837.4 449
1732485710920 139841.0 450
1732485721008 139840.6 451
1732485731087 139839.7 452
1732485741202 139839.4 453
1732485751314 139842.9 454
1732485761443 139838.3 455
1732485771528 139841.8 456
1732485781671 139837.1 457
1732485791803 139839.4 458
1732485801892 139842.9 459
1732485812025 139838.3 460
1732485822144 139841.8 461
1732485832255 139841.6 462
1732485842378 139840.7 463
1732485852480 139840.4 464
1732485862601 139844.0 465
1732485872720 139838.1 466
1732485882843 139841.6 467
1732485892968 139837.0 468
1732485903083 139840.3 469
1732485913227 139839.4 470
1732485923363 139839.1 471
1732485933479 139841.4 472
1732485943620 139840.5 473
1732485953715 139840.3 474
1732485963844 139843.8 475
1732485973963 139839.1 476
1732485984086 139842.6 477
1732485994204 139837.9 478
1732486004349 139841.4 479
1732486014475 139841.2 480
1732486024625 139839.1 481
1732486034746 139838.8 482
1732486044876 139842.3 483
1732486055013 139837.7 484
1732486065157 139841.2 485
1732486075280 139836.6 486
1732486085410 139840.1 487
1732486095539 139842.4 488
1732486105676 139837.7 489
1732486115766 139841.2 490
1732486125902 139841.0 491
1732486136033 139840.1 492
1732486146114 139839.9 493
1732486156239 139843.4 494
1732486166373 139838.7 495
1732486176508 139842.3 496
1732486186638 139836.4 497
1732486196733 139839.8 498
1732486206825 139839.6 499
1732486216914 139837.4 500
1732486227035 139837.4 501
1732486237361 139840.8 502
1732486247458 139839.9 503
1732486257557 139839.6 504
1732486267657 139838.6 505
1732486277798 139838.6 506
1732486287942 139838.5 507
1732486298037 139845.1 508
1732486308151 139843.8 509
1732486318282 139843.8 510
1732486328425 139840.1 511
1732486338553 139841.3 512
1732486348711 139838.8 513
1732486358871 139840.5 514
1732486369002 139834.2 515
1732486379148 139837.7 516
1732486389285 139837.4 517
1732486399427 139841.0 518
1732486409586 139841.3 519
1732486419708 139841.0 520
1732486429853 139841.0 521
1732486439985 139844.5 522
1732486450128 139839.9 523
1732486460262 139843.2 524
1732486470369 139838.6 525
1732486480498 139841.9 526
1732486490604 139842.0 527
1732486500731 139837.3 528
1732486510866 139837.3 529
1732486520998 139837.3 530
1732486531106 139837.3 531
1732486541186 139837.3 532
1732486551292 139837.2 533
1732486561421 139837.2 534
1732486571549 139841.8 535
1732486581689 139837.2 536
1732486591837 139841.8 537
1732486601987 139841.8 538
1732486612136 139841.8 539
1732486622278 139839.4 540
1732486632403 139842.8 541
1732486642538 139840.0 542
1732486652666 139840.5 543
1732486662808 139842.8 544
1732486672944 139838.4 545
1732486683090 139841.9 546
1732486693229 139840.7 547
1732486703332 139840.7 548
1732486713442 139837.3 549
1732486723603 139840.8 550
1732486733740 139839.3 551
1732486743873 139838.4 552
1732486754020 139838.2 553
1732486764162 139841.7 554
1732486774312 139837.1 555
1732486784460 139840.6 556
1732486794602 139835.9 557
1732486804753 139838.2 558
1732486814888 139841.7 559
1732486824995 139837.1 560
1732486835104 139839.2 561
1732486845255 139839.2 562
