1732481166062 46.7 0
1732481176131 46.7 1
1732481186204 46.7 2
1732481196283 46.7 3
1732481206343 46.7 4
1732481216408 46.7 5
1732481226463 46.7 6
1732481236520 46.7 7
1732481246563 46.7 8
1732481256629 46.7 9
1732481266692 46.7 10
1732481276740 46.7 11
1732481286821 46.7 12
1732481296887 46.7 13
1732481306956 46.7 14
1732481317039 46.7 15
1732481327122 46.7 16
1732481337193 46.7 17
1732481347264 46.7 18
1732481357345 46.7 19
1732481367426 46.7 20
1732481377490 46.7 21
1732481387569 46.7 22
1732481397653 46.7 23
1732481407729 46.7 24
1732481417782 46.7 25
1732481427831 46.7 26
1732481437897 46.7 27
1732481447961 46.7 28
1732481458021 46.7 29
1732481468214 46.7 30
1732481478289 46.7 31
1732481488359 46.7 32
1732481498424 46.7 33
1732481508515 46.7 34
1732481518582 46.7 35
1732481528634 46.7 36
1732481538709 46.7 37
1732481548788 46.7 38
1732481558874 46.7 39
1732481568944 46.7 40
1732481579024 46.7 41
1732481589101 46.7 42
1732481599187 46.7 43
1732481609274 46.7 44
1732481619359 46.7 45
1732481629430 46.7 46
1732481639527 46.7 47
1732481649609 46.7 48
1732481659685 46.7 49
1732481669759 46.7 50
1732481679830 46.7 51
1732481689915 46.7 52
1732481699995 46.7 53
1732481710072 46.7 54
1732481720151 46.7 55
1732481730234 46.7 56
1732481740315 46.7 57
1732481750407 46.7 58
1732481760481 46.7 59
1732481770556 46.7 60
1732481780640 46.7 61
1732481790717 46.7 62
1732481800787 46.7 63
1732481810865 46.7 64
1732481820924 46.7 65
1732481831008 46.7 66
1732481841080 46.7 67
1732481851154 46.7 68
1732481861229 46.7 69
1732481871291 46.7 70
1732481881392 46.7 71
1732481891472 46.7 72
1732481901561 46.7 73
1732481911645 46.7 74
1732481921717 46.7 75
1732481931797 46.7 76
1732481941895 46.7 77
1732481951979 46.7 78
1732481962080 46.7 79
1732481972170 46.7 80
1732481982248 46.7 81
1732481992337 46.7 82
1732482002420 46.7 83
1732482012510 46.7 84
1732482022601 46.7 85
1732482032684 46.7 86
1732482042782 46.7 87
1732482052871 46.7 88
1732482062957 46.7 89
1732482073031 46.7 90
1732482083110 46.7 91
1732482093200 46.7 92
1732482103271 46.7 93
1732482113359 46.7 94
1732482123447 46.7 95
1732482133534 46.7 96
1732482143619 46.7 97
1732482153695 46.7 98
1732482163776 46.7 99
1732482173880 46.7 100
1732482183960 46.7 101
1732482194045 46.7 102
1732482204166 46.7 103
1732482214236 46.7 104
1732482224308 46.7 105
1732482234394 46.7 106
1732482244483 46.7 107
1732482254576 46.7 108
1732482264670 46.7 109
1732482274746 46.7 110
1732482284856 46.7 111
1732482294941 46.7 112
1732482305018 46.7 113
1732482315092 46.7 114
1732482325172 46.7 115
1732482335267 46.7 116
1732482345358 46.7 117
1732482355453 46.7 118
1732482365551 46.7 119
1732482375602 46.7 120
1732482385684 46.7 121
1732482395779 46.7 122
1732482405850 46.7 123
1732482415927 46.7 124
1732482426007 46.7 125
1732482436094 46.7 126
1732482446192 46.7 127
1732482456263 46.7 128
1732482466344 46.7 129
1732482476444 46.7 130
1732482486547 46.7 131
1732482496623 46.7 132
1732482506734 46.7 133
1732482516828 46.7 134
1732482526912 46.7 135
1732482537016 46.7 136
1732482547090 46.7 137
1732482557190 46.7 138
1732482567275 46.7 139
1732482577367 46.7 140
1732482587444 46.7 141
1732482597540 46.7 142
1732482607624 46.7 143
1732482617727 46.7 144
1732482627822 46.7 145
1732482637918 46.7 146
1732482648013 46.7 147
1732482658103 46.7 148
1732482668204 46.7 149
1732482678300 46.7 150
1732482688376 46.7 151
1732482698469 46.7 152
1732482708550 46.7 153
1732482718644 46.7 154
1732482728728 46.7 155
1732482738831 46.7 156
1732482748912 46.7 157
1732482759007 46.7 158
1732482769080 46.7 159
1732482779157 46.7 160
1732482789237 46.7 161
1732482799327 46.7 162
1732482809418 46.7 163
1732482819507 46.7 164
1732482829608 46.7 165
1732482839687 46.7 166
1732482849768 46.7 167
1732482859871 46.7 168
1732482869960 46.7 169
1732482880025 46.7 170
1732482890104 46.7 171
1732482900195 46.7 172
1732482910270 46.7 173
1732482920345 46.7 174
1732482930434 46.7 175
1732482940522 46.7 176
1732482950616 46.7 177
1732482960705 46.7 178
1732482970809 46.7 179
1732482980902 46.7 180
1732482990970 46.7 181
1732483001067 46.7 182
1732483011153 46.7 183
1732483021247 46.7 184
1732483031339 46.7 185
1732483041434 46.7 186
1732483051526 46.7 187
1732483061618 46.7 188
1732483071715 46.7 189
1732483081814 46.7 190
1732483091900 46.7 191
1732483101999 46.7 192
1732483112095 46.7 193
1732483122176 46.7 194
1732483132258 46.7 195
1732483142351 46.7 196
1732483152444 46.7 197
1732483162511 46.7 198
1732483172587 46.7 199
1732483182694 46.7 200
1732483192768 46.7 201
1732483202871 46.7 202
1732483212965 46.7 203
1732483223056 46.7 204
1732483233163 46.7 205
1732483243262 46.7 206
1732483253358 46.7 207
1732483263455 46.7 208
1732483273553 46.7 209
1732483283653 46.7 210
1732483293752 46.7 211
1732483303839 46.7 212
1732483313935 46.7 213
1732483324026 46.7 214
1732483334125 46.7 215
1732483344213 46.7 216
1732483354296 46.7 217
1732483364401 46.7 218
1732483374499 46.7 219
1732483384582 46.7 220
1732483394667 46.7 221
1732483404739 46.7 222
1732483414840 46.7 223
1732483424921 46.7 224
1732483435006 46.7 225
1732483445121 46.7 226
1732483455226 46.7 227
1732483465320 46.7 228
1732483475407 46.7 229
1732483485510 46.7 230
1732483495610 46.7 231
1732483505713 46.7 232
1732483515815 46.7 233
1732483525904 46.7 234
1732483535999 46.7 235
1732483546108 46.7 236
1732483556200 46.7 237
1732483566279 46.7 238
1732483576379 46.7 239
1732483586470 46.7 240
1732483596579 46.7 241
1732483606688 46.7 242
1732483616784 46.7 243
1732483626890 46.7 244
1732483636993 46.7 245
1732483647078 46.7 246
1732483657163 46.7 247
1732483667247 46.7 248
1732483677329 46.7 249
1732483687486 46.7 250
1732483697580 46.7 251
1732483707681 46.7 252
1732483717761 46.7 253
1732483727858 46.7 254
1732483737969 46.7 255
1732483748048 46.7 256
1732483758160 46.7 257
1732483768257 46.7 258
1732483778367 46.7 259
1732483788486 46.7 260
1732483798581 46.7 261
1732483808683 46.7 262
1732483818791 46.7 263
1732483828893 46.7 264
1732483839013 46.7 265
1732483849119 46.7 266
1732483859232 46.7 267
1732483869345 46.7 268
1732483879456 46.7 269
1732483889562 46.7 270
1732483899682 46.7 271
1732483909777 46.7 272
1732483919883 46.7 273
1732483929984 46.7 274
1732483940102 46.7 275
1732483950213 46.7 276
1732483960303 46.7 277
1732483970410 46.7 278
1732483980513 46.7 279
1732483990639 46.7 280
1732484000735 46.7 281
1732484010845 46.7 282
1732484020927 46.7 283
1732484031035 46.7 284
1732484041145 46.7 285
1732484051248 46.7 286
1732484061346 46.7 287
1732484071456 46.7 288
1732484081567 46.7 289
1732484091669 46.7 290
1732484101781 46.7 291
1732484111879 46.7 292
1732484121995 46.7 293
1732484132108 46.7 294
1732484142220 46.7 295
1732484152332 46.7 296
1732484162415 46.7 297
1732484172492 46.7 298
1732484182585 46.7 299
1732484192713 46.7 300
1732484202812 46.7 301
1732484212918 46.7 302
1732484223012 46.7 303
1732484233124 46.7 304
1732484243248 46.7 305
1732484253363 46.7 306
1732484263460 46.7 307
1732484273584 46.7 308
1732484283669 46.7 309
1732484293755 46.7 310
1732484303866 46.7 311
1732484313942 46.7 312
1732484324051 46.7 313
1732484334170 46.7 314
1732484344251 46.7 315
1732484354363 46.7 316
1732484364473 46.7 317
1732484374593 46.7 318
1732484384696 46.7 319
1732484394798 46.7 320
1732484404907 46.7 321
1732484415025 46.7 322
1732484425111 46.7 323
1732484435199 46.7 324
1732484445302 46.7 325
1732484455395 46.7 326
1732484465482 46.7 327
1732484475573 46.7 328
1732484485697 46.7 329
1732484495799 46.7 330
1732484505916 46.7 331
1732484516032 46.7 332
1732484526148 46.7 333
1732484536263 46.7 334
1732484546375 46.7 335
1732484556473 46.7 336
1732484566600 46.7 337
1732484576713 46.7 338
1732484586825 46.7 339
1732484596940 46.7 340
1732484607056 46.7 341
1732484617173 46.7 342
1732484627296 46.7 343
1732484637402 46.7 344
1732484647524 46.7 345
1732484657627 46.7 346
1732484667752 46.7 347
1732484677864 46.7 348
1732484687973 46.7 349
1732484698093 46.7 350
1732484708208 46.7 351
1732484718325 46.7 352
1732484728428 46.7 353
1732484738815 46.7 354
1732484748939 46.7 355
1732484759050 46.7 356
1732484769163 46.7 357
1732484779283 46.7 358
1732484789387 46.7 359
1732484799488 46.7 360
1732484809600 46.7 361
1732484819682 46.7 362
1732484829763 46.7 363
1732484839860 46.7 364
1732484849994 46.7 365
1732484860107 46.7 366
1732484870243 46.7 367
1732484880346 46.7 368
1732484890472 46.7 369
1732484900578 46.7 370
1732484910712 46.7 371
1732484920823 46.7 372
1732484930926 46.7 373
1732484941049 46.7 374
1732484951166 46.7 375
1732484961279 46.7 376
1732484971369 46.7 377
1732484981491 46.7 378
1732484991605 46.7 379
1732485001687 46.7 380
1732485012230 46.7 381
1732485022346 46.7 382
1732485032462 46.7 383
1732485042542 46.7 384
1732485052660 46.7 385
1732485062762 46.7 386
1732485072864 46.7 387
1732485082955 46.7 388
1732485093668 46.7 389
1732485103795 46.7 390
1732485113893 46.7 391
1732485124020 46.7 392
1732485134140 46.7 393
1732485144256 46.7 394
1732485154388 46.7 395
1732485164507 46.7 396
1732485174628 46.7 397
1732485184747 46.7 398
1732485194860 46.7 399
1732485205005 46.7 400
1732485215135 46.7 401
1732485225271 46.7 402
1732485235398 46.7 403
1732485245502 46.7 404
1732485255620 46.7 405
1732485265716 46.7 406
1732485275817 46.7 407
1732485285938 46.7 408
1732485296062 46.7 409
1732485306195 46.7 410
1732485316317 46.7 411
1732485326437 46.7 412
1732485336520 46.7 413
1732485346650 46.7 414
1732485356767 46.7 415
1732485366870 46.7 416
1732485376957 46.7 417
1732485387040 46.7 418
1732485397114 46.7 419
1732485407194 46.7 420
1732485417326 46.7 421
1732485427430 46.7 422
1732485437551 46.7 423
1732485447695 46.7 424
1732485457838 46.7 425
1732485467981 46.7 426
1732485478105 46.7 427
1732485488244 46.7 428
1732485498373 46.7 429
1732485508501 46.7 430
1732485518620 46.7 431
1732485528747 46.7 432
1732485538870 46.7 433
1732485548962 46.7 434
1732485559061 46.7 435
1732485569191 46.7 436
1732485579319 46.7 437
1732485589432 46.7 438
1732485599564 46.7 439
1732485609686 46.7 440
1732485619830 46.7 441
1732485629941 46.7 442
1732485640073 46.7 443
1732485650161 46.7 444
1732485660277 46.7 445
1732485670406 46.7 446
1732485680535 46.7 447
1732485690663 46.7 448
1732485700789 46.7 449
1732485710920 46.7 450
1732485721008 46.7 451
1732485731087 46.7 452
1732485741202 46.7 453
1732485751314 46.7 454
1732485761443 46.7 455
1732485771528 46.7 456
1732485781671 46.7 457
1732485791803 46.7 458
1732485801892 46.7 459
1732485812025 46.7 460
1732485822144 46.7 461
1732485832255 46.7 462
1732485842378 46.7 463
1732485852480 46.7 464
1732485862601 46.7 465
1732485872720 46.7 466
1732485882843 46.7 467
1732485892968 46.7 468
1732485903083 46.7 469
1732485913227 46.7 470
1732485923363 46.7 471
1732485933479 46.7 472
1732485943620 46.7 473
1732485953715 46.7 474
1732485963844 46.7 475
1732485973963 46.7 476
1732485984086 46.7 477
1732485994204 46.7 478
1732486004349 46.7 479
1732486014475 46.7 480
1732486024625 46.7 481
1732486034746 46.7 482
1732486044876 46.7 483
1732486055013 46.7 484
1732486065157 46.7 485
1732486075280 46.7 486
1732486085410 46.7 487
1732486095539 46.7 488
1732486105676 46.7 489
1732486115766 46.7 490
1732486125902 46.7 491
1732486136033 46.7 492
1732486146114 46.7 493
1732486156239 46.7 494
1732486166373 46.7 495
1732486176508 46.7 496
1732486186638 46.7 497
1732486196733 46.7 498
1732486206825 46.7 499
1732486216914 46.7 500
1732486227035 46.7 501
1732486237361 46.7 502
1732486247458 46.7 503
1732486257557 46.7 504
1732486267657 46.7 505
1732486277798 46.7 506
1732486287942 46.7 507
1732486298037 46.7 508
1732486308151 46.7 509
1732486318282 46.7 510
1732486328425 46.7 511
1732486338553 46.7 512
1732486348711 46.7 513
1732486358871 46.7 514
1732486369002 46.7 515
1732486379148 46.7 516
1732486389285 46.7 517
1732486399427 46.7 518
1732486409586 46.7 519
1732486419708 46.7 520
1732486429853 46.7 521
1732486439985 46.7 522
1732486450128 46.7 523
1732486460262 46.7 524
1732486470369 46.7 525
1732486480498 46.7 526
1732486490604 46.7 527
1732486500731 46.7 528
1732486510866 46.7 529
1732486520998 46.7 530
1732486531106 46.7 531
1732486541186 46.7 532
1732486551292 46.7 533
1732486561421 46.7 534
1732486571549 46.7 535
1732486581689 46.7 536
1732486591837 46.7 537
1732486601987 46.7 538
1732486612136 46.7 539
1732486622278 46.7 540
1732486632403 46.7 541
1732486642538 46.7 542
1732486652666 46.7 543
1732486662808 46.7 544
1732486672944 46.7 545
1732486683090 46.7 546
1732486693229 46.7 547
1732486703332 46.7 548
1732486713442 46.7 549
1732486723603 46.7 550
1732486733740 46.7 551
1732486743873 46.7 552
1732486754020 46.7 553
1732486764162 46.7 554
1732486774312 46.7 555
1732486784460 46.7 556
1732486794602 46.7 557
1732486804753 46.7 558
1732486814888 46.7 559
1732486824995 46.7 560
1732486835104 46.7 561
1732486845255 46.7 562
