1732481166062 10.3 0
1732481176131 18.1 1
1732481186204 26.5 2
1732481196283 26.5 3
1732481206343 26.5 4
1732481216408 26.5 5
1732481226463 26.5 6
1732481236520 36.1 7
1732481246563 36.1 8
1732481256629 36.1 9
1732481266692 36.0 10
1732481276740 35.9 11
1732481286821 35.9 12
1732481296887 35.9 13
1732481306956 35.9 14
1732481317039 35.9 15
1732481327122 35.9 16
1732481337193 35.9 17
1732481347264 35.9 18
1732481357345 35.9 19
1732481367426 35.9 20
1732481377490 35.9 21
1732481387569 35.9 22
1732481397653 35.9 23
1732481407729 35.9 24
1732481417782 35.9 25
1732481427831 35.9 26
1732481437897 35.9 27
1732481447961 35.9 28
1732481458021 35.9 29
1732481468214 35.9 30
1732481478289 35.9 31
1732481488359 35.9 32
1732481498424 35.9 33
1732481508515 35.7 34
1732481518582 35.7 35
1732481528634 35.7 36
1732481538709 35.7 37
1732481548788 35.7 38
1732481558874 35.7 39
1732481568944 35.7 40
1732481579024 35.7 41
1732481589101 35.7 42
1732481599187 35.7 43
1732481609274 35.7 44
1732481619359 35.7 45
1732481629430 35.7 46
1732481639527 35.7 47
1732481649609 35.7 48
1732481659685 35.7 49
1732481669759 35.7 50
1732481679830 35.7 51
1732481689915 35.7 52
1732481699995 35.7 53
1732481710072 35.7 54
1732481720151 35.7 55
1732481730234 35.7 56
1732481740315 35.7 57
1732481750407 35.7 58
1732481760481 35.6 59
1732481770556 35.7 60
1732481780640 35.7 61
1732481790717 35.7 62
1732481800787 35.7 63
1732481810865 35.7 64
1732481820924 35.7 65
1732481831008 35.7 66
1732481841080 35.7 67
1732481851154 35.7 68
1732481861229 35.7 69
1732481871291 35.7 70
1732481881392 35.7 71
1732481891472 35.7 72
1732481901561 35.7 73
1732481911645 35.7 74
1732481921717 35.7 75
1732481931797 35.7 76
1732481941895 35.7 77
1732481951979 35.7 78
1732481962080 35.7 79
1732481972170 35.7 80
1732481982248 35.7 81
1732481992337 35.7 82
1732482002420 35.7 83
1732482012510 35.7 84
1732482022601 35.7 85
1732482032684 35.7 86
1732482042782 35.7 87
1732482052871 35.7 88
1732482062957 35.7 89
1732482073031 35.7 90
1732482083110 35.7 91
1732482093200 35.7 92
1732482103271 35.7 93
1732482113359 35.7 94
1732482123447 35.7 95
1732482133534 35.7 96
1732482143619 35.7 97
1732482153695 35.7 98
1732482163776 35.7 99
1732482173880 35.7 100
1732482183960 35.7 101
1732482194045 35.7 102
1732482204166 35.7 103
1732482214236 35.7 104
1732482224308 35.7 105
1732482234394 35.7 106
1732482244483 35.7 107
1732482254576 35.7 108
1732482264670 35.7 109
1732482274746 35.7 110
1732482284856 35.7 111
1732482294941 35.7 112
1732482305018 35.7 113
1732482315092 35.7 114
1732482325172 35.7 115
1732482335267 35.7 116
1732482345358 35.7 117
1732482355453 35.7 118
1732482365551 35.7 119
1732482375602 35.7 120
1732482385684 35.7 121
1732482395779 35.7 122
1732482405850 35.7 123
1732482415927 35.7 124
1732482426007 35.7 125
1732482436094 35.7 126
1732482446192 35.7 127
1732482456263 35.7 128
1732482466344 35.7 129
1732482476444 35.7 130
1732482486547 35.7 131
1732482496623 35.7 132
1732482506734 35.7 133
1732482516828 35.7 134
1732482526912 35.7 135
1732482537016 35.7 136
1732482547090 35.7 137
1732482557190 35.7 138
1732482567275 35.7 139
1732482577367 35.7 140
1732482587444 35.7 141
1732482597540 35.7 142
1732482607624 35.7 143
1732482617727 35.7 144
1732482627822 35.7 145
1732482637918 35.7 146
1732482648013 35.7 147
1732482658103 35.7 148
1732482668204 35.7 149
1732482678300 35.7 150
1732482688376 35.7 151
1732482698469 35.7 152
1732482708550 35.7 153
1732482718644 35.7 154
1732482728728 35.7 155
1732482738831 35.7 156
1732482748912 35.7 157
1732482759007 35.7 158
1732482769080 35.7 159
1732482779157 35.7 160
1732482789237 35.7 161
1732482799327 35.7 162
1732482809418 35.7 163
1732482819507 35.7 164
1732482829608 35.7 165
1732482839687 35.7 166
1732482849768 35.7 167
1732482859871 35.7 168
1732482869960 35.7 169
1732482880025 35.7 170
1732482890104 35.7 171
1732482900195 35.7 172
1732482910270 35.7 173
1732482920345 35.7 174
1732482930434 35.7 175
1732482940522 35.7 176
1732482950616 35.7 177
1732482960705 35.7 178
1732482970809 35.7 179
1732482980902 35.7 180
1732482990970 35.7 181
1732483001067 35.7 182
1732483011153 35.7 183
1732483021247 35.7 184
1732483031339 35.7 185
1732483041434 35.7 186
1732483051526 35.7 187
1732483061618 35.7 188
1732483071715 35.7 189
1732483081814 35.7 190
1732483091900 35.7 191
1732483101999 35.7 192
1732483112095 35.7 193
1732483122176 35.7 194
1732483132258 35.7 195
1732483142351 35.7 196
1732483152444 35.7 197
1732483162511 35.7 198
1732483172587 35.7 199
1732483182694 35.7 200
1732483192768 35.7 201
1732483202871 35.7 202
1732483212965 35.7 203
1732483223056 35.7 204
1732483233163 35.7 205
1732483243262 35.7 206
1732483253358 35.7 207
1732483263455 35.7 208
1732483273553 35.7 209
1732483283653 35.7 210
1732483293752 35.7 211
1732483303839 35.7 212
1732483313935 35.7 213
1732483324026 35.7 214
1732483334125 35.7 215
1732483344213 35.7 216
1732483354296 35.7 217
1732483364401 35.7 218
1732483374499 35.7 219
1732483384582 35.7 220
1732483394667 35.7 221
1732483404739 35.7 222
1732483414840 35.7 223
1732483424921 35.7 224
1732483435006 35.7 225
1732483445121 35.7 226
1732483455226 35.7 227
1732483465320 35.7 228
1732483475407 35.7 229
1732483485510 35.7 230
1732483495610 35.7 231
1732483505713 35.7 232
1732483515815 35.7 233
1732483525904 35.7 234
1732483535999 35.7 235
1732483546108 35.7 236
1732483556200 35.7 237
1732483566279 35.7 238
1732483576379 35.7 239
1732483586470 35.7 240
1732483596579 35.7 241
1732483606688 35.7 242
1732483616784 35.7 243
1732483626890 35.7 244
1732483636993 35.7 245
1732483647078 35.7 246
1732483657163 35.7 247
1732483667247 35.7 248
1732483677329 35.7 249
1732483687486 35.7 250
1732483697580 35.7 251
1732483707681 35.7 252
1732483717761 35.7 253
1732483727858 35.7 254
1732483737969 35.7 255
1732483748048 35.7 256
1732483758160 35.7 257
1732483768257 35.7 258
1732483778367 35.7 259
1732483788486 35.7 260
1732483798581 35.7 261
1732483808683 35.7 262
1732483818791 35.7 263
1732483828893 35.7 264
1732483839013 35.7 265
1732483849119 35.7 266
1732483859232 35.7 267
1732483869345 35.7 268
1732483879456 35.7 269
1732483889562 35.7 270
1732483899682 35.7 271
1732483909777 35.7 272
1732483919883 35.7 273
1732483929984 35.7 274
1732483940102 35.7 275
1732483950213 35.7 276
1732483960303 35.7 277
1732483970410 35.7 278
1732483980513 35.7 279
1732483990639 35.7 280
1732484000735 35.7 281
1732484010845 35.7 282
1732484020927 35.7 283
1732484031035 35.7 284
1732484041145 35.7 285
1732484051248 35.7 286
1732484061346 35.7 287
1732484071456 35.7 288
1732484081567 35.7 289
1732484091669 35.5 290
1732484101781 35.5 291
1732484111879 35.9 292
1732484121995 35.7 293
1732484132108 35.7 294
1732484142220 35.8 295
1732484152332 35.8 296
1732484162415 36.1 297
1732484172492 36.3 298
1732484182585 36.1 299
1732484192713 36.1 300
1732484202812 36.2 301
1732484212918 36.0 302
1732484223012 35.9 303
1732484233124 36.1 304
1732484243248 35.8 305
1732484253363 35.9 306
1732484263460 35.8 307
1732484273584 35.8 308
1732484283669 35.8 309
1732484293755 35.8 310
1732484303866 35.8 311
1732484313942 35.8 312
1732484324051 35.8 313
1732484334170 35.8 314
1732484344251 35.8 315
1732484354363 36.1 316
1732484364473 36.0 317
1732484374593 35.8 318
1732484384696 35.8 319
1732484394798 35.8 320
1732484404907 35.8 321
1732484415025 35.7 322
1732484425111 35.7 323
1732484435199 35.7 324
1732484445302 35.7 325
1732484455395 35.7 326
1732484465482 35.7 327
1732484475573 35.7 328
1732484485697 35.7 329
1732484495799 35.7 330
1732484505916 35.7 331
1732484516032 35.7 332
1732484526148 35.7 333
1732484536263 35.8 334
1732484546375 35.7 335
1732484556473 35.9 336
1732484566600 35.8 337
1732484576713 35.7 338
1732484586825 35.7 339
1732484596940 35.8 340
1732484607056 35.8 341
1732484617173 35.8 342
1732484627296 35.8 343
1732484637402 35.9 344
1732484647524 35.7 345
1732484657627 35.7 346
1732484667752 35.8 347
1732484677864 35.7 348
1732484687973 35.7 349
1732484698093 35.6 350
1732484708208 35.6 351
1732484718325 35.6 352
1732484728428 35.6 353
1732484738815 35.6 354
1732484748939 35.6 355
1732484759050 35.6 356
1732484769163 35.6 357
1732484779283 35.6 358
1732484789387 35.6 359
1732484799488 35.6 360
1732484809600 35.6 361
1732484819682 35.6 362
1732484829763 35.6 363
1732484839860 35.6 364
1732484849994 35.6 365
1732484860107 35.6 366
1732484870243 35.6 367
1732484880346 35.6 368
1732484890472 35.6 369
1732484900578 35.7 370
1732484910712 35.7 371
1732484920823 35.7 372
1732484930926 35.7 373
1732484941049 35.7 374
1732484951166 35.6 375
1732484961279 35.6 376
1732484971369 35.6 377
1732484981491 35.6 378
1732484991605 35.6 379
1732485001687 35.5 380
1732485012230 35.6 381
1732485022346 35.6 382
1732485032462 35.6 383
1732485042542 35.7 384
1732485052660 35.6 385
1732485062762 35.7 386
1732485072864 35.7 387
1732485082955 35.8 388
1732485093668 35.7 389
1732485103795 35.7 390
1732485113893 35.9 391
1732485124020 36.0 392
1732485134140 36.0 393
1732485144256 35.9 394
1732485154388 35.8 395
1732485164507 35.8 396
1732485174628 35.8 397
1732485184747 35.8 398
1732485194860 35.8 399
1732485205005 35.8 400
1732485215135 35.8 401
1732485225271 35.8 402
1732485235398 35.8 403
1732485245502 35.8 404
1732485255620 35.8 405
1732485265716 35.8 406
1732485275817 35.8 407
1732485285938 35.8 408
1732485296062 35.8 409
1732485306195 35.8 410
1732485316317 35.7 411
1732485326437 35.8 412
1732485336520 35.8 413
1732485346650 35.8 414
1732485356767 35.8 415
1732485366870 35.8 416
1732485376957 35.8 417
1732485387040 35.8 418
1732485397114 35.8 419
1732485407194 35.9 420
1732485417326 36.0 421
1732485427430 35.8 422
1732485437551 36.0 423
1732485447695 35.6 424
1732485457838 35.6 425
1732485467981 35.6 426
1732485478105 35.7 427
1732485488244 35.6 428
1732485498373 35.6 429
1732485508501 35.6 430
1732485518620 35.6 431
1732485528747 35.6 432
1732485538870 35.6 433
1732485548962 35.6 434
1732485559061 35.6 435
1732485569191 35.6 436
1732485579319 35.7 437
1732485589432 35.6 438
1732485599564 35.7 439
1732485609686 35.7 440
1732485619830 35.7 441
1732485629941 35.7 442
1732485640073 35.7 443
1732485650161 35.7 444
1732485660277 35.7 445
1732485670406 35.7 446
1732485680535 35.7 447
1732485690663 35.7 448
1732485700789 35.7 449
1732485710920 35.7 450
1732485721008 35.7 451
1732485731087 35.7 452
1732485741202 35.7 453
1732485751314 35.7 454
1732485761443 35.7 455
1732485771528 35.7 456
1732485781671 35.7 457
1732485791803 35.7 458
1732485801892 35.7 459
1732485812025 35.7 460
1732485822144 35.7 461
1732485832255 35.7 462
1732485842378 35.7 463
1732485852480 35.7 464
1732485862601 35.7 465
1732485872720 35.7 466
1732485882843 35.7 467
1732485892968 35.7 468
1732485903083 35.7 469
1732485913227 35.7 470
1732485923363 35.7 471
1732485933479 35.7 472
1732485943620 35.7 473
1732485953715 35.7 474
1732485963844 35.7 475
1732485973963 35.7 476
1732485984086 35.7 477
1732485994204 35.7 478
1732486004349 35.7 479
1732486014475 35.7 480
1732486024625 35.7 481
1732486034746 35.7 482
1732486044876 35.7 483
1732486055013 35.7 484
1732486065157 35.7 485
1732486075280 35.7 486
1732486085410 35.7 487
1732486095539 35.7 488
1732486105676 35.7 489
1732486115766 35.7 490
1732486125902 35.7 491
1732486136033 35.7 492
1732486146114 35.7 493
1732486156239 35.7 494
1732486166373 35.7 495
1732486176508 35.7 496
1732486186638 35.7 497
1732486196733 35.6 498
1732486206825 35.6 499
1732486216914 35.7 500
1732486227035 35.7 501
1732486237361 35.7 502
1732486247458 35.7 503
1732486257557 35.7 504
1732486267657 35.7 505
1732486277798 35.7 506
1732486287942 35.8 507
1732486298037 36.0 508
1732486308151 35.8 509
1732486318282 35.8 510
1732486328425 35.7 511
1732486338553 35.7 512
1732486348711 35.7 513
1732486358871 35.7 514
1732486369002 35.7 515
1732486379148 35.7 516
1732486389285 35.7 517
1732486399427 35.7 518
1732486409586 35.6 519
1732486419708 35.6 520
1732486429853 35.6 521
1732486439985 35.6 522
1732486450128 35.6 523
1732486460262 35.6 524
1732486470369 35.5 525
1732486480498 35.6 526
1732486490604 35.6 527
1732486500731 35.6 528
1732486510866 35.6 529
1732486520998 35.6 530
1732486531106 35.6 531
1732486541186 35.5 532
1732486551292 35.5 533
1732486561421 35.5 534
1732486571549 35.5 535
1732486581689 35.6 536
1732486591837 35.6 537
1732486601987 35.5 538
1732486612136 35.5 539
1732486622278 35.7 540
1732486632403 35.6 541
1732486642538 36.2 542
1732486652666 36.1 543
1732486662808 35.9 544
1732486672944 35.9 545
1732486683090 35.9 546
1732486693229 35.9 547
1732486703332 35.9 548
1732486713442 35.8 549
1732486723603 35.8 550
1732486733740 35.8 551
1732486743873 35.8 552
1732486754020 35.8 553
1732486764162 35.8 554
1732486774312 35.8 555
1732486784460 35.8 556
1732486794602 35.8 557
1732486804753 35.8 558
1732486814888 35.8 559
1732486824995 35.8 560
1732486835104 35.9 561
1732486845255 35.8 562
