1732481166062 2.0 0
1732481176131 11.0 1
1732481186204 40.0 2
1732481196283 34.0 3
1732481206343 31.0 4
1732481216408 33.0 5
1732481226463 2.0 6
1732481236520 25.0 7
1732481246563 30.0 8
1732481256629 31.0 9
1732481266692 30.0 10
1732481276740 2.0 11
1732481286821 2.0 12
1732481296887 39.0 13
1732481306956 32.0 14
1732481317039 25.0 15
1732481327122 32.0 16
1732481337193 35.0 17
1732481347264 13.0 18
1732481357345 33.0 19
1732481367426 32.0 20
1732481377490 9.0 21
1732481387569 8.0 22
1732481397653 33.0 23
1732481407729 2.0 24
1732481417782 32.0 25
1732481427831 26.0 26
1732481437897 3.0 27
1732481447961 3.0 28
1732481458021 41.0 29
1732481468214 31.0 30
1732481478289 0.0 31
1732481488359 30.0 32
1732481498424 2.0 33
1732481508515 14.0 34
1732481518582 37.0 35
1732481528634 29.0 36
1732481538709 32.0 37
1732481548788 3.0 38
1732481558874 26.0 39
1732481568944 27.0 40
1732481579024 1.0 41
1732481589101 2.0 42
1732481599187 27.0 43
1732481609274 27.0 44
1732481619359 30.0 45
1732481629430 2.0 46
1732481639527 26.0 47
1732481649609 2.0 48
1732481659685 37.0 49
1732481669759 31.0 50
1732481679830 35.0 51
1732481689915 37.0 52
1732481699995 4.0 53
1732481710072 37.0 54
1732481720151 26.0 55
1732481730234 33.0 56
1732481740315 26.0 57
1732481750407 30.0 58
1732481760481 0.0 59
1732481770556 36.0 60
1732481780640 28.0 61
1732481790717 14.0 62
1732481800787 31.0 63
1732481810865 18.0 64
1732481820924 30.0 65
1732481831008 35.0 66
1732481841080 32.0 67
1732481851154 34.0 68
1732481861229 30.0 69
1732481871291 0.0 70
1732481881392 33.0 71
1732481891472 24.0 72
1732481901561 33.0 73
1732481911645 0.0 74
1732481921717 0.0 75
1732481931797 33.0 76
1732481941895 40.0 77
1732481951979 32.0 78
1732481962080 27.0 79
1732481972170 12.0 80
1732481982248 26.0 81
1732481992337 29.0 82
1732482002420 27.0 83
1732482012510 25.0 84
1732482022601 33.0 85
1732482032684 28.0 86
1732482042782 30.0 87
1732482052871 17.0 88
1732482062957 28.0 89
1732482073031 0.0 90
1732482083110 28.0 91
1732482093200 26.0 92
1732482103271 30.0 93
1732482113359 28.0 94
1732482123447 25.0 95
1732482133534 0.0 96
1732482143619 32.0 97
1732482153695 38.0 98
1732482163776 0.0 99
1732482173880 30.0 100
1732482183960 33.0 101
1732482194045 36.0 102
1732482204166 29.0 103
1732482214236 30.0 104
1732482224308 31.0 105
1732482234394 0.0 106
1732482244483 26.0 107
1732482254576 0.0 108
1732482264670 38.0 109
1732482274746 35.0 110
1732482284856 0.0 111
1732482294941 25.0 112
1732482305018 40.0 113
1732482315092 0.0 114
1732482325172 1.0 115
1732482335267 36.0 116
1732482345358 31.0 117
1732482355453 30.0 118
1732482365551 33.0 119
1732482375602 13.0 120
1732482385684 31.0 121
1732482395779 0.0 122
1732482405850 23.0 123
1732482415927 0.0 124
1732482426007 0.0 125
1732482436094 23.0 126
1732482446192 33.0 127
1732482456263 0.0 128
1732482466344 26.0 129
1732482476444 27.0 130
1732482486547 25.0 131
1732482496623 33.0 132
1732482506734 0.0 133
1732482516828 33.0 134
1732482526912 0.0 135
1732482537016 0.0 136
1732482547090 36.0 137
1732482557190 14.0 138
1732482567275 30.0 139
1732482577367 27.0 140
1732482587444 0.0 141
1732482597540 0.0 142
1732482607624 33.0 143
1732482617727 32.0 144
1732482627822 30.0 145
1732482637918 29.0 146
1732482648013 21.0 147
1732482658103 26.0 148
1732482668204 24.0 149
1732482678300 26.0 150
1732482688376 31.0 151
1732482698469 27.0 152
1732482708550 26.0 153
1732482718644 30.0 154
1732482728728 33.0 155
1732482738831 28.0 156
1732482748912 0.0 157
1732482759007 29.0 158
1732482769080 0.0 159
1732482779157 31.0 160
1732482789237 34.0 161
1732482799327 33.0 162
1732482809418 29.0 163
1732482819507 25.0 164
1732482829608 0.0 165
1732482839687 42.0 166
1732482849768 30.0 167
1732482859871 33.0 168
1732482869960 26.0 169
1732482880025 34.0 170
1732482890104 0.0 171
1732482900195 38.0 172
1732482910270 25.0 173
1732482920345 34.0 174
1732482930434 31.0 175
1732482940522 37.0 176
1732482950616 30.0 177
1732482960705 33.0 178
1732482970809 29.0 179
1732482980902 28.0 180
1732482990970 34.0 181
1732483001067 28.0 182
1732483011153 32.0 183
1732483021247 35.0 184
1732483031339 32.0 185
1732483041434 0.0 186
1732483051526 0.0 187
1732483061618 29.0 188
1732483071715 28.0 189
1732483081814 34.0 190
1732483091900 31.0 191
1732483101999 0.0 192
1732483112095 34.0 193
1732483122176 33.0 194
1732483132258 37.0 195
1732483142351 30.0 196
1732483152444 32.0 197
1732483162511 29.0 198
1732483172587 25.0 199
1732483182694 26.0 200
1732483192768 25.0 201
1732483202871 23.0 202
1732483212965 26.0 203
1732483223056 0.0 204
1732483233163 0.0 205
1732483243262 35.0 206
1732483253358 19.0 207
1732483263455 25.0 208
1732483273553 15.0 209
1732483283653 0.0 210
1732483293752 34.0 211
1732483303839 21.0 212
1732483313935 26.0 213
1732483324026 0.0 214
1732483334125 25.0 215
1732483344213 1.0 216
1732483354296 40.0 217
1732483364401 33.0 218
1732483374499 33.0 219
1732483384582 0.0 220
1732483394667 0.0 221
1732483404739 32.0 222
1732483414840 38.0 223
1732483424921 0.0 224
1732483435006 33.0 225
1732483445121 30.0 226
1732483455226 29.0 227
1732483465320 38.0 228
1732483475407 39.0 229
1732483485510 31.0 230
1732483495610 29.0 231
1732483505713 33.0 232
1732483515815 0.0 233
1732483525904 0.0 234
1732483535999 24.0 235
1732483546108 28.0 236
1732483556200 32.0 237
1732483566279 1.0 238
1732483576379 28.0 239
1732483586470 0.0 240
1732483596579 37.0 241
1732483606688 33.0 242
1732483616784 24.0 243
1732483626890 35.0 244
1732483636993 0.0 245
1732483647078 0.0 246
1732483657163 26.0 247
1732483667247 37.0 248
1732483677329 29.0 249
1732483687486 29.0 250
1732483697580 16.0 251
1732483707681 25.0 252
1732483717761 34.0 253
1732483727858 32.0 254
1732483737969 0.0 255
1732483748048 34.0 256
1732483758160 28.0 257
1732483768257 35.0 258
1732483778367 32.0 259
1732483788486 25.0 260
1732483798581 31.0 261
1732483808683 30.0 262
1732483818791 0.0 263
1732483828893 28.0 264
1732483839013 27.0 265
1732483849119 0.0 266
1732483859232 26.0 267
1732483869345 29.0 268
1732483879456 33.0 269
1732483889562 26.0 270
1732483899682 0.0 271
1732483909777 32.0 272
1732483919883 41.0 273
1732483929984 37.0 274
1732483940102 0.0 275
1732483950213 14.0 276
1732483960303 1.0 277
1732483970410 30.0 278
1732483980513 0.0 279
1732483990639 26.0 280
1732484000735 29.0 281
1732484010845 30.0 282
1732484020927 36.0 283
1732484031035 0.0 284
1732484041145 25.0 285
1732484051248 37.0 286
1732484061346 48.0 287
1732484071456 33.0 288
1732484081567 31.0 289
1732484091669 34.0 290
1732484101781 37.0 291
1732484111879 42.0 292
1732484121995 14.0 293
1732484132108 35.0 294
1732484142220 38.0 295
1732484152332 32.0 296
1732484162415 10.0 297
1732484172492 32.0 298
1732484182585 32.0 299
1732484192713 8.0 300
1732484202812 32.0 301
1732484212918 2.0 302
1732484223012 7.0 303
1732484233124 38.0 304
1732484243248 36.0 305
1732484253363 37.0 306
1732484263460 17.0 307
1732484273584 32.0 308
1732484283669 7.0 309
1732484293755 36.0 310
1732484303866 39.0 311
1732484313942 16.0 312
1732484324051 34.0 313
1732484334170 33.0 314
1732484344251 28.0 315
1732484354363 17.0 316
1732484364473 13.0 317
1732484374593 37.0 318
1732484384696 13.0 319
1732484394798 29.0 320
1732484404907 28.0 321
1732484415025 13.0 322
1732484425111 46.0 323
1732484435199 12.0 324
1732484445302 54.0 325
1732484455395 46.0 326
1732484465482 12.0 327
1732484475573 47.0 328
1732484485697 37.0 329
1732484495799 27.0 330
1732484505916 28.0 331
1732484516032 43.0 332
1732484526148 1.0 333
1732484536263 31.0 334
1732484546375 16.0 335
1732484556473 11.0 336
1732484566600 32.0 337
1732484576713 24.0 338
1732484586825 39.0 339
1732484596940 39.0 340
1732484607056 2.0 341
1732484617173 3.0 342
1732484627296 26.0 343
1732484637402 33.0 344
1732484647524 14.0 345
1732484657627 11.0 346
1732484667752 2.0 347
1732484677864 3.0 348
1732484687973 39.0 349
1732484698093 34.0 350
1732484708208 36.0 351
1732484718325 2.0 352
1732484728428 14.0 353
1732484738815 48.0 354
1732484748939 1.0 355
1732484759050 35.0 356
1732484769163 32.0 357
1732484779283 35.0 358
1732484789387 34.0 359
1732484799488 3.0 360
1732484809600 30.0 361
1732484819682 28.0 362
1732484829763 12.0 363
1732484839860 3.0 364
1732484849994 22.0 365
1732484860107 33.0 366
1732484870243 37.0 367
1732484880346 39.0 368
1732484890472 42.0 369
1732484900578 2.0 370
1732484910712 2.0 371
1732484920823 40.0 372
1732484930926 27.0 373
1732484941049 2.0 374
1732484951166 31.0 375
1732484961279 34.0 376
1732484971369 1.0 377
1732484981491 35.0 378
1732484991605 40.0 379
1732485001687 35.0 380
1732485012230 33.0 381
1732485022346 2.0 382
1732485032462 42.0 383
1732485042542 29.0 384
1732485052660 1.0 385
1732485062762 2.0 386
1732485072864 34.0 387
1732485082955 28.0 388
1732485093668 21.0 389
1732485103795 1.0 390
1732485113893 20.0 391
1732485124020 44.0 392
1732485134140 42.0 393
1732485144256 3.0 394
1732485154388 37.0 395
1732485164507 30.0 396
1732485174628 13.0 397
1732485184747 34.0 398
1732485194860 36.0 399
1732485205005 11.0 400
1732485215135 15.0 401
1732485225271 32.0 402
1732485235398 39.0 403
1732485245502 23.0 404
1732485255620 10.0 405
1732485265716 27.0 406
1732485275817 43.0 407
1732485285938 31.0 408
1732485296062 31.0 409
1732485306195 28.0 410
1732485316317 44.0 411
1732485326437 34.0 412
1732485336520 39.0 413
1732485346650 39.0 414
1732485356767 34.0 415
1732485366870 28.0 416
1732485376957 19.0 417
1732485387040 6.0 418
1732485397114 2.0 419
1732485407194 34.0 420
1732485417326 36.0 421
1732485427430 7.0 422
1732485437551 41.0 423
1732485447695 38.0 424
1732485457838 31.0 425
1732485467981 36.0 426
1732485478105 15.0 427
1732485488244 40.0 428
1732485498373 46.0 429
1732485508501 38.0 430
1732485518620 7.0 431
1732485528747 37.0 432
1732485538870 8.0 433
1732485548962 7.0 434
1732485559061 35.0 435
1732485569191 22.0 436
1732485579319 31.0 437
1732485589432 31.0 438
1732485599564 2.0 439
1732485609686 39.0 440
1732485619830 34.0 441
1732485629941 34.0 442
1732485640073 34.0 443
1732485650161 26.0 444
1732485660277 33.0 445
1732485670406 36.0 446
1732485680535 32.0 447
1732485690663 42.0 448
1732485700789 31.0 449
1732485710920 33.0 450
1732485721008 6.0 451
1732485731087 32.0 452
1732485741202 29.0 453
1732485751314 26.0 454
1732485761443 28.0 455
1732485771528 24.0 456
1732485781671 34.0 457
1732485791803 39.0 458
1732485801892 29.0 459
1732485812025 40.0 460
1732485822144 29.0 461
1732485832255 37.0 462
1732485842378 35.0 463
1732485852480 32.0 464
1732485862601 40.0 465
1732485872720 39.0 466
1732485882843 36.0 467
1732485892968 32.0 468
1732485903083 37.0 469
1732485913227 33.0 470
1732485923363 29.0 471
1732485933479 29.0 472
1732485943620 5.0 473
1732485953715 31.0 474
1732485963844 6.0 475
1732485973963 5.0 476
1732485984086 42.0 477
1732485994204 34.0 478
1732486004349 5.0 479
1732486014475 32.0 480
1732486024625 40.0 481
1732486034746 32.0 482
1732486044876 6.0 483
1732486055013 38.0 484
1732486065157 38.0 485
1732486075280 37.0 486
1732486085410 5.0 487
1732486095539 37.0 488
1732486105676 30.0 489
1732486115766 34.0 490
1732486125902 40.0 491
1732486136033 31.0 492
1732486146114 5.0 493
1732486156239 37.0 494
1732486166373 6.0 495
1732486176508 18.0 496
1732486186638 34.0 497
1732486196733 32.0 498
1732486206825 41.0 499
1732486216914 27.0 500
1732486227035 36.0 501
1732486237361 31.0 502
1732486247458 5.0 503
1732486257557 29.0 504
1732486267657 32.0 505
1732486277798 31.0 506
1732486287942 40.0 507
1732486298037 42.0 508
1732486308151 29.0 509
1732486318282 40.0 510
1732486328425 8.0 511
1732486338553 29.0 512
1732486348711 29.0 513
1732486358871 38.0 514
1732486369002 34.0 515
1732486379148 9.0 516
1732486389285 8.0 517
1732486399427 34.0 518
1732486409586 23.0 519
1732486419708 21.0 520
1732486429853 50.0 521
1732486439985 30.0 522
1732486450128 31.0 523
1732486460262 37.0 524
1732486470369 39.0 525
1732486480498 29.0 526
1732486490604 6.0 527
1732486500731 37.0 528
1732486510866 14.0 529
1732486520998 33.0 530
1732486531106 33.0 531
1732486541186 34.0 532
1732486551292 37.0 533
1732486561421 1.0 534
1732486571549 33.0 535
1732486581689 28.0 536
1732486591837 16.0 537
1732486601987 27.0 538
1732486612136 25.0 539
1732486622278 5.0 540
1732486632403 36.0 541
1732486642538 58.0 542
1732486652666 32.0 543
1732486662808 37.0 544
1732486672944 32.0 545
1732486683090 30.0 546
1732486693229 30.0 547
1732486703332 31.0 548
1732486713442 37.0 549
1732486723603 32.0 550
1732486733740 40.0 551
1732486743873 7.0 552
1732486754020 39.0 553
1732486764162 39.0 554
1732486774312 15.0 555
1732486784460 32.0 556
1732486794602 34.0 557
1732486804753 32.0 558
1732486814888 39.0 559
1732486824995 6.0 560
1732486835104 32.0 561
1732486845255 31.0 562
