1732481166062 77.7 0
1732481176131 105.8 1
1732481186204 143.3 2
1732481196283 134.6 3
1732481206343 133.3 4
1732481216408 139.9 5
1732481226463 107.7 6
1732481236520 110.9 7
1732481246563 135.9 8
1732481256629 137.9 9
1732481266692 137.7 10
1732481276740 109.6 11
1732481286821 110.2 12
1732481296887 138.3 13
1732481306956 133.4 14
1732481317039 116.0 15
1732481327122 134.7 16
1732481337193 140.8 17
1732481347264 121.2 18
1732481357345 144.2 19
1732481367426 143.8 20
1732481377490 121.0 21
1732481387569 141.4 22
1732481397653 132.2 23
1732481407729 114.5 24
1732481417782 140.5 25
1732481427831 141.2 26
1732481437897 113.5 27
1732481447961 112.5 28
1732481458021 171.5 29
1732481468214 143.4 30
1732481478289 111.9 31
1732481488359 138.0 32
1732481498424 111.5 33
1732481508515 125.9 34
1732481518582 170.8 35
1732481528634 134.0 36
1732481538709 134.6 37
1732481548788 110.3 38
1732481558874 112.3 39
1732481568944 135.7 40
1732481579024 110.6 41
1732481589101 109.9 42
1732481599187 135.7 43
1732481609274 135.6 44
1732481619359 134.4 45
1732481629430 109.5 46
1732481639527 111.9 47
1732481649609 109.1 48
1732481659685 133.8 49
1732481669759 137.9 50
1732481679830 138.9 51
1732481689915 141.8 52
1732481699995 131.1 53
1732481710072 152.1 54
1732481720151 111.6 55
1732481730234 136.9 56
1732481740315 134.5 57
1732481750407 134.0 58
1732481760481 109.7 59
1732481770556 131.7 60
1732481780640 131.6 61
1732481790717 130.8 62
1732481800787 135.6 63
1732481810865 109.1 64
1732481820924 127.0 65
1732481831008 129.2 66
1732481841080 128.5 67
1732481851154 129.1 68
1732481861229 132.5 69
1732481871291 106.2 70
1732481881392 133.8 71
1732481891472 108.9 72
1732481901561 133.8 73
1732481911645 106.4 74
1732481921717 107.4 75
1732481931797 138.3 76
1732481941895 113.5 77
1732481951979 137.8 78
1732481962080 128.0 79
1732481972170 109.3 80
1732481982248 127.1 81
1732481992337 128.0 82
1732482002420 128.0 83
1732482012510 129.6 84
1732482022601 136.7 85
1732482032684 122.5 86
1732482042782 135.8 87
1732482052871 108.1 88
1732482062957 133.8 89
1732482073031 106.0 90
1732482083110 130.5 91
1732482093200 130.5 92
1732482103271 130.3 93
1732482113359 129.6 94
1732482123447 108.5 95
1732482133534 105.9 96
1732482143619 131.0 97
1732482153695 131.2 98
1732482163776 106.0 99
1732482173880 132.6 100
1732482183960 128.3 101
1732482194045 128.2 102
1732482204166 127.1 103
1732482214236 113.2 104
1732482224308 127.3 105
1732482234394 105.8 106
1732482244483 130.4 107
1732482254576 106.0 108
1732482264670 130.3 109
1732482274746 138.0 110
1732482284856 134.4 111
1732482294941 108.7 112
1732482305018 134.2 113
1732482315092 106.4 114
1732482325172 106.1 115
1732482335267 130.3 116
1732482345358 147.0 117
1732482355453 131.7 118
1732482365551 131.5 119
1732482375602 108.8 120
1732482385684 132.5 121
1732482395779 105.9 122
1732482405850 134.4 123
1732482415927 105.8 124
1732482426007 106.1 125
1732482436094 107.0 126
1732482446192 128.1 127
1732482456263 111.5 128
1732482466344 126.5 129
1732482476444 120.3 130
1732482486547 128.7 131
1732482496623 155.4 132
1732482506734 106.3 133
1732482516828 134.6 134
1732482526912 106.1 135
1732482537016 106.0 136
1732482547090 129.1 137
1732482557190 108.9 138
1732482567275 129.3 139
1732482577367 129.3 140
1732482587444 105.8 141
1732482597540 105.8 142
1732482607624 133.1 143
1732482617727 132.2 144
1732482627822 128.2 145
1732482637918 116.2 146
1732482648013 107.3 147
1732482658103 124.8 148
1732482668204 130.1 149
1732482678300 128.3 150
1732482688376 126.9 151
1732482698469 127.2 152
1732482708550 127.6 153
1732482718644 127.8 154
1732482728728 113.2 155
1732482738831 131.8 156
1732482748912 105.8 157
1732482759007 132.0 158
1732482769080 105.7 159
1732482779157 132.4 160
1732482789237 129.9 161
1732482799327 126.9 162
1732482809418 124.2 163
1732482819507 107.8 164
1732482829608 105.9 165
1732482839687 165.3 166
1732482849768 127.2 167
1732482859871 130.1 168
1732482869960 129.4 169
1732482880025 127.7 170
1732482890104 110.3 171
1732482900195 130.5 172
1732482910270 107.8 173
1732482920345 131.2 174
1732482930434 133.3 175
1732482940522 131.7 176
1732482950616 132.6 177
1732482960705 131.6 178
1732482970809 125.3 179
1732482980902 127.5 180
1732482990970 131.7 181
1732483001067 121.0 182
1732483011153 133.5 183
1732483021247 133.1 184
1732483031339 129.3 185
1732483041434 105.9 186
1732483051526 128.0 187
1732483061618 129.8 188
1732483071715 131.3 189
1732483081814 120.3 190
1732483091900 131.3 191
1732483101999 106.8 192
1732483112095 152.8 193
1732483122176 131.7 194
1732483132258 130.6 195
1732483142351 133.8 196
1732483152444 131.2 197
1732483162511 128.3 198
1732483172587 108.7 199
1732483182694 125.9 200
1732483192768 131.1 201
1732483202871 130.4 202
1732483212965 127.4 203
1732483223056 106.1 204
1732483233163 106.2 205
1732483243262 129.1 206
1732483253358 108.5 207
1732483263455 127.9 208
1732483273553 126.9 209
1732483283653 106.2 210
1732483293752 118.1 211
1732483303839 129.6 212
1732483313935 129.7 213
1732483324026 119.2 214
1732483334125 126.9 215
1732483344213 105.8 216
1732483354296 129.3 217
1732483364401 127.0 218
1732483374499 126.0 219
1732483384582 106.0 220
1732483394667 106.0 221
1732483404739 127.2 222
1732483414840 118.5 223
1732483424921 137.6 224
1732483435006 152.3 225
1732483445121 129.0 226
1732483455226 129.8 227
1732483465320 163.1 228
1732483475407 162.9 229
1732483485510 159.2 230
1732483495610 153.1 231
1732483505713 130.5 232
1732483515815 106.7 233
1732483525904 106.6 234
1732483535999 109.2 235
1732483546108 129.0 236
1732483556200 132.6 237
1732483566279 106.1 238
1732483576379 133.4 239
1732483586470 106.2 240
1732483596579 168.0 241
1732483606688 129.0 242
1732483616784 108.6 243
1732483626890 127.9 244
1732483636993 106.5 245
1732483647078 111.5 246
1732483657163 131.6 247
1732483667247 136.5 248
1732483677329 129.0 249
1732483687486 123.0 250
1732483697580 129.1 251
1732483707681 121.5 252
1732483717761 121.8 253
1732483727858 135.7 254
1732483737969 106.0 255
1732483748048 128.5 256
1732483758160 131.0 257
1732483768257 132.6 258
1732483778367 133.9 259
1732483788486 108.8 260
1732483798581 131.3 261
1732483808683 167.4 262
1732483818791 106.2 263
1732483828893 131.4 264
1732483839013 131.4 265
1732483849119 106.1 266
1732483859232 132.4 267
1732483869345 107.8 268
1732483879456 136.7 269
1732483889562 132.9 270
1732483899682 106.0 271
1732483909777 143.9 272
1732483919883 144.5 273
1732483929984 129.0 274
1732483940102 127.8 275
1732483950213 109.2 276
1732483960303 106.1 277
1732483970410 131.6 278
1732483980513 106.5 279
1732483990639 136.0 280
1732484000735 133.4 281
1732484010845 119.8 282
1732484020927 131.9 283
1732484031035 106.2 284
1732484041145 108.6 285
1732484051248 133.2 286
1732484061346 112.7 287
1732484071456 131.2 288
1732484081567 130.1 289
1732484091669 167.5 290
1732484101781 168.5 291
1732484111879 165.6 292
1732484121995 111.9 293
1732484132108 145.3 294
1732484142220 172.0 295
1732484152332 167.5 296
1732484162415 120.6 297
1732484172492 172.0 298
1732484182585 134.1 299
1732484192713 112.3 300
1732484202812 167.6 301
1732484212918 109.1 302
1732484223012 132.5 303
1732484233124 175.2 304
1732484243248 169.4 305
1732484253363 167.7 306
1732484263460 139.7 307
1732484273584 135.3 308
1732484283669 111.1 309
1732484293755 158.8 310
1732484303866 135.6 311
1732484313942 113.1 312
1732484324051 135.8 313
1732484334170 136.7 314
1732484344251 120.5 315
1732484354363 135.5 316
1732484364473 114.4 317
1732484374593 176.0 318
1732484384696 114.5 319
1732484394798 133.0 320
1732484404907 133.7 321
1732484415025 113.2 322
1732484425111 171.7 323
1732484435199 144.2 324
1732484445302 167.9 325
1732484455395 167.0 326
1732484465482 135.7 327
1732484475573 177.1 328
1732484485697 175.5 329
1732484495799 112.8 330
1732484505916 131.3 331
1732484516032 169.3 332
1732484526148 128.9 333
1732484536263 135.7 334
1732484546375 116.5 335
1732484556473 119.8 336
1732484566600 134.7 337
1732484576713 112.6 338
1732484586825 133.8 339
1732484596940 171.8 340
1732484607056 110.2 341
1732484617173 114.5 342
1732484627296 169.8 343
1732484637402 136.2 344
1732484647524 117.0 345
1732484657627 113.1 346
1732484667752 110.0 347
1732484677864 113.2 348
1732484687973 153.7 349
1732484698093 169.8 350
1732484708208 135.6 351
1732484718325 111.9 352
1732484728428 118.2 353
1732484738815 141.3 354
1732484748939 110.0 355
1732484759050 167.9 356
1732484769163 144.2 357
1732484779283 137.4 358
1732484789387 137.0 359
1732484799488 110.2 360
1732484809600 136.3 361
1732484819682 136.2 362
1732484829763 112.2 363
1732484839860 109.5 364
1732484849994 109.7 365
1732484860107 164.6 366
1732484870243 131.6 367
1732484880346 168.2 368
1732484890472 173.4 369
1732484900578 113.3 370
1732484910712 143.8 371
1732484920823 149.0 372
1732484930926 112.2 373
1732484941049 113.1 374
1732484951166 170.0 375
1732484961279 131.5 376
1732484971369 113.0 377
1732484981491 143.8 378
1732484991605 178.3 379
1732485001687 138.5 380
1732485012230 143.0 381
1732485022346 135.0 382
1732485032462 154.4 383
1732485042542 149.1 384
1732485052660 109.9 385
1732485062762 110.2 386
1732485072864 132.7 387
1732485082955 168.2 388
1732485093668 133.2 389
1732485103795 111.5 390
1732485113893 131.5 391
1732485124020 172.2 392
1732485134140 173.1 393
1732485144256 111.2 394
1732485154388 168.8 395
1732485164507 141.4 396
1732485174628 146.2 397
1732485184747 123.4 398
1732485194860 166.9 399
1732485205005 113.9 400
1732485215135 116.5 401
1732485225271 165.3 402
1732485235398 166.6 403
1732485245502 129.5 404
1732485255620 143.0 405
1732485265716 149.0 406
1732485275817 169.3 407
1732485285938 134.7 408
1732485296062 115.3 409
1732485306195 134.5 410
1732485316317 159.7 411
1732485326437 172.0 412
1732485336520 166.5 413
1732485346650 169.5 414
1732485356767 169.7 415
1732485366870 136.5 416
1732485376957 116.2 417
1732485387040 111.9 418
1732485397114 110.4 419
1732485407194 151.1 420
1732485417326 166.6 421
1732485427430 114.7 422
1732485437551 168.1 423
1732485447695 166.9 424
1732485457838 169.5 425
1732485467981 116.0 426
1732485478105 115.7 427
1732485488244 170.6 428
1732485498373 173.9 429
1732485508501 173.7 430
1732485518620 114.0 431
1732485528747 141.6 432
1732485538870 113.3 433
1732485548962 113.4 434
1732485559061 158.3 435
1732485569191 115.2 436
1732485579319 172.1 437
1732485589432 137.9 438
1732485599564 114.6 439
1732485609686 173.5 440
1732485619830 174.7 441
1732485629941 135.7 442
1732485640073 137.0 443
1732485650161 114.4 444
1732485660277 135.4 445
1732485670406 131.9 446
1732485680535 169.2 447
1732485690663 170.6 448
1732485700789 130.9 449
1732485710920 163.6 450
1732485721008 112.0 451
1732485731087 138.1 452
1732485741202 113.8 453
1732485751314 137.1 454
1732485761443 135.1 455
1732485771528 133.9 456
1732485781671 156.1 457
1732485791803 135.9 458
1732485801892 137.8 459
1732485812025 160.0 460
1732485822144 113.6 461
1732485832255 170.6 462
1732485842378 167.8 463
1732485852480 166.3 464
1732485862601 168.2 465
1732485872720 165.0 466
1732485882843 170.6 467
1732485892968 146.5 468
1732485903083 151.9 469
1732485913227 136.8 470
1732485923363 113.6 471
1732485933479 135.2 472
1732485943620 112.0 473
1732485953715 135.9 474
1732485963844 111.3 475
1732485973963 111.3 476
1732485984086 175.8 477
1732485994204 173.6 478
1732486004349 111.6 479
1732486014475 132.5 480
1732486024625 175.3 481
1732486034746 159.5 482
1732486044876 112.4 483
1732486055013 140.2 484
1732486065157 161.4 485
1732486075280 136.8 486
1732486085410 141.0 487
1732486095539 123.4 488
1732486105676 169.5 489
1732486115766 161.4 490
1732486125902 136.6 491
1732486136033 140.6 492
1732486146114 114.3 493
1732486156239 137.5 494
1732486166373 111.9 495
1732486176508 113.9 496
1732486186638 164.9 497
1732486196733 138.4 498
1732486206825 115.7 499
1732486216914 169.4 500
1732486227035 136.5 501
1732486237361 135.4 502
1732486247458 111.4 503
1732486257557 135.6 504
1732486267657 135.3 505
1732486277798 135.9 506
1732486287942 151.2 507
1732486298037 170.6 508
1732486308151 164.9 509
1732486318282 138.1 510
1732486328425 153.9 511
1732486338553 117.3 512
1732486348711 169.7 513
1732486358871 180.4 514
1732486369002 144.2 515
1732486379148 114.0 516
1732486389285 113.4 517
1732486399427 132.4 518
1732486409586 153.2 519
1732486419708 115.1 520
1732486429853 134.2 521
1732486439985 158.0 522
1732486450128 131.0 523
1732486460262 160.0 524
1732486470369 135.2 525
1732486480498 135.5 526
1732486490604 111.7 527
1732486500731 172.3 528
1732486510866 112.3 529
1732486520998 133.7 530
1732486531106 131.9 531
1732486541186 134.2 532
1732486551292 135.2 533
1732486561421 109.5 534
1732486571549 171.1 535
1732486581689 152.6 536
1732486591837 112.2 537
1732486601987 130.3 538
1732486612136 132.2 539
1732486622278 122.8 540
1732486632403 134.2 541
1732486642538 171.1 542
1732486652666 170.2 543
1732486662808 134.4 544
1732486672944 113.2 545
1732486683090 174.9 546
1732486693229 132.9 547
1732486703332 132.0 548
1732486713442 132.6 549
1732486723603 173.0 550
1732486733740 172.7 551
1732486743873 111.3 552
1732486754020 116.2 553
1732486764162 173.8 554
1732486774312 114.2 555
1732486784460 171.6 556
1732486794602 170.3 557
1732486804753 170.3 558
1732486814888 139.8 559
1732486824995 112.2 560
1732486835104 137.8 561
1732486845255 136.7 562
