1732481166062 2666.9 0
1732481176131 4674.6 1
1732481186204 6821.1 2
1732481196283 6821.1 3
1732481206343 6816.9 4
1732481216408 6816.9 5
1732481226463 6816.9 6
1732481236520 9294.8 7
1732481246563 9295.1 8
1732481256629 9294.8 9
1732481266692 9288.5 10
1732481276740 9260.5 11
1732481286821 9260.2 12
1732481296887 9260.2 13
1732481306956 9260.2 14
1732481317039 9260.2 15
1732481327122 9260.2 16
1732481337193 9260.2 17
1732481347264 9260.6 18
1732481357345 9261.5 19
1732481367426 9261.5 20
1732481377490 9261.8 21
1732481387569 9261.5 22
1732481397653 9261.5 23
1732481407729 9261.5 24
1732481417782 9261.5 25
1732481427831 9261.5 26
1732481437897 9261.8 27
1732481447961 9261.8 28
1732481458021 9261.5 29
1732481468214 9253.0 30
1732481478289 9253.0 31
1732481488359 9255.1 32
1732481498424 9255.4 33
1732481508515 9208.3 34
1732481518582 9208.0 35
1732481528634 9208.0 36
1732481538709 9208.0 37
1732481548788 9208.3 38
1732481558874 9207.9 39
1732481568944 9196.7 40
1732481579024 9201.3 41
1732481589101 9201.2 42
1732481599187 9200.8 43
1732481609274 9200.8 44
1732481619359 9200.8 45
1732481629430 9201.1 46
1732481639527 9200.8 47
1732481649609 9201.2 48
1732481659685 9200.9 49
1732481669759 9200.9 50
1732481679830 9200.9 51
1732481689915 9200.9 52
1732481699995 9201.2 53
1732481710072 9200.9 54
1732481720151 9200.9 55
1732481730234 9200.9 56
1732481740315 9200.9 57
1732481750407 9203.0 58
1732481760481 9183.9 59
1732481770556 9193.0 60
1732481780640 9193.0 61
1732481790717 9193.0 62
1732481800787 9194.5 63
1732481810865 9194.5 64
1732481820924 9195.2 65
1732481831008 9194.5 66
1732481841080 9194.5 67
1732481851154 9194.5 68
1732481861229 9194.5 69
1732481871291 9194.5 70
1732481881392 9194.5 71
1732481891472 9194.5 72
1732481901561 9194.5 73
1732481911645 9194.5 74
1732481921717 9194.5 75
1732481931797 9194.5 76
1732481941895 9194.5 77
1732481951979 9194.5 78
1732481962080 9194.5 79
1732481972170 9194.5 80
1732481982248 9194.5 81
1732481992337 9194.5 82
1732482002420 9194.5 83
1732482012510 9194.5 84
1732482022601 9194.5 85
1732482032684 9194.5 86
1732482042782 9194.5 87
1732482052871 9194.5 88
1732482062957 9194.5 89
1732482073031 9194.5 90
1732482083110 9194.5 91
1732482093200 9194.5 92
1732482103271 9194.5 93
1732482113359 9194.5 94
1732482123447 9194.5 95
1732482133534 9194.5 96
1732482143619 9194.5 97
1732482153695 9194.5 98
1732482163776 9190.3 99
1732482173880 9190.3 100
1732482183960 9190.3 101
1732482194045 9190.3 102
1732482204166 9190.3 103
1732482214236 9190.3 104
1732482224308 9190.3 105
1732482234394 9195.2 106
1732482244483 9195.2 107
1732482254576 9195.2 108
1732482264670 9194.5 109
1732482274746 9194.5 110
1732482284856 9194.5 111
1732482294941 9194.5 112
1732482305018 9194.5 113
1732482315092 9194.5 114
1732482325172 9194.5 115
1732482335267 9194.5 116
1732482345358 9194.5 117
1732482355453 9194.5 118
1732482365551 9194.5 119
1732482375602 9194.5 120
1732482385684 9194.5 121
1732482395779 9194.5 122
1732482405850 9194.5 123
1732482415927 9194.5 124
1732482426007 9194.6 125
1732482436094 9194.6 126
1732482446192 9194.6 127
1732482456263 9194.6 128
1732482466344 9190.4 129
1732482476444 9190.4 130
1732482486547 9190.4 131
1732482496623 9190.4 132
1732482506734 9190.4 133
1732482516828 9190.4 134
1732482526912 9190.4 135
1732482537016 9190.4 136
1732482547090 9190.4 137
1732482557190 9190.4 138
1732482567275 9190.4 139
1732482577367 9190.4 140
1732482587444 9190.4 141
1732482597540 9190.4 142
1732482607624 9190.4 143
1732482617727 9190.4 144
1732482627822 9190.4 145
1732482637918 9190.4 146
1732482648013 9190.4 147
1732482658103 9190.4 148
1732482668204 9192.5 149
1732482678300 9192.5 150
1732482688376 9192.5 151
1732482698469 9194.6 152
1732482708550 9194.6 153
1732482718644 9194.6 154
1732482728728 9194.6 155
1732482738831 9194.6 156
1732482748912 9194.6 157
1732482759007 9196.7 158
1732482769080 9196.7 159
1732482779157 9196.7 160
1732482789237 9196.7 161
1732482799327 9196.7 162
1732482809418 9196.7 163
1732482819507 9196.7 164
1732482829608 9196.7 165
1732482839687 9196.7 166
1732482849768 9196.7 167
1732482859871 9196.7 168
1732482869960 9196.7 169
1732482880025 9196.7 170
1732482890104 9196.7 171
1732482900195 9196.7 172
1732482910270 9196.7 173
1732482920345 9196.7 174
1732482930434 9196.7 175
1732482940522 9196.7 176
1732482950616 9196.7 177
1732482960705 9196.7 178
1732482970809 9196.7 179
1732482980902 9196.7 180
1732482990970 9196.7 181
1732483001067 9196.7 182
1732483011153 9196.7 183
1732483021247 9196.7 184
1732483031339 9196.7 185
1732483041434 9196.8 186
1732483051526 9196.8 187
1732483061618 9196.8 188
1732483071715 9196.8 189
1732483081814 9196.8 190
1732483091900 9196.8 191
1732483101999 9196.7 192
1732483112095 9196.7 193
1732483122176 9196.7 194
1732483132258 9196.7 195
1732483142351 9196.7 196
1732483152444 9196.7 197
1732483162511 9196.7 198
1732483172587 9196.7 199
1732483182694 9196.7 200
1732483192768 9196.7 201
1732483202871 9196.7 202
1732483212965 9196.7 203
1732483223056 9196.7 204
1732483233163 9196.7 205
1732483243262 9196.7 206
1732483253358 9196.7 207
1732483263455 9196.7 208
1732483273553 9196.7 209
1732483283653 9196.7 210
1732483293752 9196.7 211
1732483303839 9196.7 212
1732483313935 9196.7 213
1732483324026 9196.7 214
1732483334125 9196.7 215
1732483344213 9196.7 216
1732483354296 9196.7 217
1732483364401 9196.7 218
1732483374499 9196.7 219
1732483384582 9196.7 220
1732483394667 9196.7 221
1732483404739 9196.7 222
1732483414840 9196.7 223
1732483424921 9196.7 224
1732483435006 9196.7 225
1732483445121 9196.7 226
1732483455226 9196.7 227
1732483465320 9196.7 228
1732483475407 9196.7 229
1732483485510 9196.7 230
1732483495610 9196.7 231
1732483505713 9196.7 232
1732483515815 9196.7 233
1732483525904 9196.7 234
1732483535999 9196.7 235
1732483546108 9196.7 236
1732483556200 9196.7 237
1732483566279 9196.7 238
1732483576379 9196.7 239
1732483586470 9196.7 240
1732483596579 9196.7 241
1732483606688 9196.7 242
1732483616784 9196.7 243
1732483626890 9196.7 244
1732483636993 9196.7 245
1732483647078 9196.7 246
1732483657163 9196.7 247
1732483667247 9196.7 248
1732483677329 9196.7 249
1732483687486 9196.7 250
1732483697580 9196.7 251
1732483707681 9196.7 252
1732483717761 9196.7 253
1732483727858 9196.7 254
1732483737969 9196.7 255
1732483748048 9196.7 256
1732483758160 9196.7 257
1732483768257 9196.7 258
1732483778367 9196.7 259
1732483788486 9196.7 260
1732483798581 9196.7 261
1732483808683 9198.8 262
1732483818791 9198.8 263
1732483828893 9198.8 264
1732483839013 9198.8 265
1732483849119 9198.8 266
1732483859232 9198.8 267
1732483869345 9198.8 268
1732483879456 9198.8 269
1732483889562 9198.8 270
1732483899682 9200.9 271
1732483909777 9200.9 272
1732483919883 9200.9 273
1732483929984 9200.9 274
1732483940102 9200.9 275
1732483950213 9200.9 276
1732483960303 9200.9 277
1732483970410 9200.9 278
1732483980513 9200.9 279
1732483990639 9200.9 280
1732484000735 9200.9 281
1732484010845 9200.9 282
1732484020927 9200.9 283
1732484031035 9200.9 284
1732484041145 9200.9 285
1732484051248 9200.9 286
1732484061346 9200.9 287
1732484071456 9200.9 288
1732484081567 9203.0 289
1732484091669 9149.6 290
1732484101781 9156.6 291
1732484111879 9247.9 292
1732484121995 9212.4 293
1732484132108 9209.6 294
1732484142220 9215.2 295
1732484152332 9215.9 296
1732484162415 9307.0 297
1732484172492 9366.9 298
1732484182585 9296.2 299
1732484192713 9315.1 300
1732484202812 9338.0 301
1732484212918 9267.9 302
1732484223012 9258.5 303
1732484233124 9291.1 304
1732484243248 9237.8 305
1732484253363 9244.6 306
1732484263460 9237.9 307
1732484273584 9237.9 308
1732484283669 9233.6 309
1732484293755 9233.7 310
1732484303866 9233.4 311
1732484313942 9233.6 312
1732484324051 9233.6 313
1732484334170 9233.6 314
1732484344251 9222.8 315
1732484354363 9298.3 316
1732484364473 9273.7 317
1732484374593 9232.3 318
1732484384696 9222.7 319
1732484394798 9217.0 320
1732484404907 9217.0 321
1732484415025 9208.7 322
1732484425111 9212.3 323
1732484435199 9201.4 324
1732484445302 9204.7 325
1732484455395 9207.0 326
1732484465482 9205.5 327
1732484475573 9203.4 328
1732484485697 9208.9 329
1732484495799 9202.7 330
1732484505916 9194.0 331
1732484516032 9210.8 332
1732484526148 9206.4 333
1732484536263 9218.4 334
1732484546375 9210.8 335
1732484556473 9241.4 336
1732484566600 9229.0 337
1732484576713 9208.2 338
1732484586825 9204.1 339
1732484596940 9227.3 340
1732484607056 9217.2 341
1732484617173 9219.4 342
1732484627296 9222.6 343
1732484637402 9240.3 344
1732484647524 9212.4 345
1732484657627 9211.2 346
1732484667752 9215.1 347
1732484677864 9191.0 348
1732484687973 9187.6 349
1732484698093 9173.3 350
1732484708208 9173.3 351
1732484718325 9173.7 352
1732484728428 9173.6 353
1732484738815 9173.3 354
1732484748939 9173.5 355
1732484759050 9173.3 356
1732484769163 9173.3 357
1732484779283 9173.3 358
1732484789387 9173.3 359
1732484799488 9173.6 360
1732484809600 9173.3 361
1732484819682 9173.3 362
1732484829763 9173.4 363
1732484839860 9173.6 364
1732484849994 9173.5 365
1732484860107 9173.0 366
1732484870243 9173.0 367
1732484880346 9174.3 368
1732484890472 9174.1 369
1732484900578 9189.1 370
1732484910712 9189.1 371
1732484920823 9196.3 372
1732484930926 9200.8 373
1732484941049 9207.9 374
1732484951166 9186.7 375
1732484961279 9184.0 376
1732484971369 9185.7 377
1732484981491 9183.8 378
1732484991605 9183.0 379
1732485001687 9153.7 380
1732485012230 9166.7 381
1732485022346 9168.5 382
1732485032462 9169.4 383
1732485042542 9195.9 384
1732485052660 9184.9 385
1732485062762 9191.5 386
1732485072864 9195.6 387
1732485082955 9232.3 388
1732485093668 9209.8 389
1732485103795 9197.9 390
1732485113893 9257.1 391
1732485124020 9275.6 392
1732485134140 9268.7 393
1732485144256 9263.6 394
1732485154388 9236.6 395
1732485164507 9216.0 396
1732485174628 9230.0 397
1732485184747 9222.9 398
1732485194860 9221.6 399
1732485205005 9219.7 400
1732485215135 9216.4 401
1732485225271 9228.0 402
1732485235398 9229.4 403
1732485245502 9220.9 404
1732485255620 9229.1 405
1732485265716 9214.0 406
1732485275817 9217.3 407
1732485285938 9216.1 408
1732485296062 9217.8 409
1732485306195 9221.4 410
1732485316317 9211.7 411
1732485326437 9223.9 412
1732485336520 9224.9 413
1732485346650 9216.8 414
1732485356767 9219.0 415
1732485366870 9214.6 416
1732485376957 9221.2 417
1732485387040 9213.3 418
1732485397114 9229.6 419
1732485407194 9239.9 420
1732485417326 9267.8 421
1732485427430 9227.3 422
1732485437551 9264.6 423
1732485447695 9181.8 424
1732485457838 9177.3 425
1732485467981 9177.5 426
1732485478105 9187.2 427
1732485488244 9174.5 428
1732485498373 9175.2 429
1732485508501 9174.8 430
1732485518620 9179.2 431
1732485528747 9176.9 432
1732485538870 9177.1 433
1732485548962 9176.9 434
1732485559061 9183.7 435
1732485569191 9179.2 436
1732485579319 9195.2 437
1732485589432 9183.6 438
1732485599564 9199.2 439
1732485609686 9193.0 440
1732485619830 9192.6 441
1732485629941 9196.5 442
1732485640073 9206.0 443
1732485650161 9197.4 444
1732485660277 9197.5 445
1732485670406 9197.4 446
1732485680535 9197.6 447
1732485690663 9197.4 448
1732485700789 9197.4 449
1732485710920 9199.5 450
1732485721008 9199.6 451
1732485731087 9199.5 452
1732485741202 9199.5 453
1732485751314 9199.6 454
1732485761443 9199.5 455
1732485771528 9199.5 456
1732485781671 9199.5 457
1732485791803 9199.5 458
1732485801892 9199.6 459
1732485812025 9199.5 460
1732485822144 9199.5 461
1732485832255 9199.6 462
1732485842378 9199.5 463
1732485852480 9199.5 464
1732485862601 9199.5 465
1732485872720 9199.5 466
1732485882843 9199.7 467
1732485892968 9199.7 468
1732485903083 9206.2 469
1732485913227 9200.6 470
1732485923363 9190.0 471
1732485933479 9190.1 472
1732485943620 9190.0 473
1732485953715 9190.0 474
1732485963844 9190.1 475
1732485973963 9190.0 476
1732485984086 9190.1 477
1732485994204 9190.0 478
1732486004349 9189.4 479
1732486014475 9189.3 480
1732486024625 9189.4 481
1732486034746 9189.3 482
1732486044876 9189.4 483
1732486055013 9191.2 484
1732486065157 9191.2 485
1732486075280 9191.4 486
1732486085410 9191.2 487
1732486095539 9191.4 488
1732486105676 9191.4 489
1732486115766 9191.2 490
1732486125902 9191.2 491
1732486136033 9191.2 492
1732486146114 9191.4 493
1732486156239 9191.2 494
1732486166373 9191.2 495
1732486176508 9191.4 496
1732486186638 9191.2 497
1732486196733 9183.9 498
1732486206825 9183.9 499
1732486216914 9195.5 500
1732486227035 9189.7 501
1732486237361 9188.1 502
1732486247458 9190.0 503
1732486257557 9189.9 504
1732486267657 9200.5 505
1732486277798 9195.8 506
1732486287942 9226.0 507
1732486298037 9277.2 508
1732486308151 9226.9 509
1732486318282 9222.6 510
1732486328425 9208.7 511
1732486338553 9204.1 512
1732486348711 9209.3 513
1732486358871 9209.2 514
1732486369002 9209.3 515
1732486379148 9209.1 516
1732486389285 9208.5 517
1732486399427 9194.8 518
1732486409586 9168.5 519
1732486419708 9180.1 520
1732486429853 9179.4 521
1732486439985 9181.3 522
1732486450128 9183.3 523
1732486460262 9186.0 524
1732486470369 9159.8 525
1732486480498 9163.3 526
1732486490604 9167.6 527
1732486500731 9179.6 528
1732486510866 9162.8 529
1732486520998 9162.8 530
1732486531106 9162.7 531
1732486541186 9140.2 532
1732486551292 9140.4 533
1732486561421 9140.2 534
1732486571549 9155.6 535
1732486581689 9169.7 536
1732486591837 9170.8 537
1732486601987 9160.4 538
1732486612136 9160.6 539
1732486622278 9187.3 540
1732486632403 9167.2 541
1732486642538 9339.2 542
1732486652666 9298.7 543
1732486662808 9254.4 544
1732486672944 9238.8 545
1732486683090 9243.0 546
1732486693229 9240.8 547
1732486703332 9245.0 548
1732486713442 9233.4 549
1732486723603 9234.2 550
1732486733740 9233.8 551
1732486743873 9238.3 552
1732486754020 9233.8 553
1732486764162 9233.8 554
1732486774312 9234.0 555
1732486784460 9237.9 556
1732486794602 9228.2 557
1732486804753 9228.2 558
1732486814888 9228.2 559
1732486824995 9236.4 560
1732486835104 9241.5 561
1732486845255 9234.4 562
