1732481166062 0.0003459999988990603 0
1732481176131 0.017905000000610016 1
1732481186204 0.0266460000002553 2
1732481196283 0.036619999998947605 3
1732481206343 0.057318999999552034 4
1732481216408 0.06836699999985285 5
1732481226463 0.0747109999992972 6
1732481236520 0.08136899999954039 7
1732481246563 0.08978500000011991 8
1732481256629 0.09694300000046496 9
1732481266692 0.10337299999991956 10
1732481276740 0.13496499999928346 11
1732481286821 0.14705399999911606 12
1732481296887 0.15370599999914702 13
1732481306956 0.16105199999947217 14
1732481317039 0.16751800000020012 15
1732481327122 0.1752120000001014 16
1732481337193 0.19162800000049174 17
1732481347264 0.19895499999984168 18
1732481357345 0.21022699999957695 19
1732481367426 0.21839700000055018 20
1732481377490 0.22575099999994563 21
1732481387569 0.2333810000000085 22
1732481397653 0.24014299999907962 23
1732481407729 0.24774500000057742 24
1732481417782 0.255341000000044 25
1732481427831 0.26143899999988207 26
1732481437897 0.27319399999942107 27
1732481447961 0.29213700000036624 28
1732481458021 0.3088370000004943 29
1732481468214 0.316144999998869 30
1732481478289 0.3234250000004977 31
1732481488359 0.33056500000020606 32
1732481498424 0.3381730000000971 33
1732481508515 0.35229699999945296 34
1732481518582 0.36351599999943573 35
1732481528634 0.3701359999995475 36
1732481538709 0.3774940000002971 37
1732481548788 0.38500199999907636 38
1732481558874 0.39217199999984587 39
1732481568944 0.40005199999905017 40
1732481579024 0.41553100000055565 41
1732481589101 0.4269449999992503 42
1732481599187 0.43527700000049663 43
1732481609274 0.44243099999948754 44
1732481619359 0.44989299999906507 45
1732481629430 0.4631649999992078 46
1732481639527 0.47044499999901745 47
1732481649609 0.47907300000042596 48
1732481659685 0.4863470000000234 49
1732481669759 0.4974259999999049 50
1732481679830 0.5046579999998357 51
1732481689915 0.5140919999994367 52
1732481699995 0.5230879999999161 53
1732481710072 0.5306239999990794 54
1732481720151 0.5371479999994335 55
1732481730234 0.5433880000000499 56
1732481740315 0.5517939999990631 57
1732481750407 0.577514999999039 58
1732481760481 0.584936999999627 59
1732481770556 0.5926259999996546 60
1732481780640 0.5992260000002716 61
1732481790717 0.6174879999998666 62
1732481800787 0.6258969999998953 63
1732481810865 0.6413059999995312 64
1732481820924 0.6552790000005189 65
1732481831008 0.661855000000287 66
1732481841080 0.6681029999999737 67
1732481851154 0.6755769999999757 68
1732481861229 0.6831369999999879 69
1732481871291 0.6904169999997976 70
1732481881392 0.6978409999992436 71
1732481891472 0.7043929999999818 72
1732481901561 0.7235339999988355 73
1732481911645 0.7317939999993541 74
1732481921717 0.7391779999998107 75
1732481931797 0.7490560000005644 76
1732481941895 0.7571499999994558 77
1732481951979 0.7642919999998412 78
1732481962080 0.771071999999549 79
1732481972170 0.7777939999996306 80
1732481982248 0.7887989999999263 81
1732481992337 0.796662999999171 82
1732482002420 0.8033849999992526 83
1732482012510 0.8100309999990714 84
1732482022601 0.8173169999990932 85
1732482032684 0.8246650000000955 86
1732482042782 0.8321309999992081 87
1732482052871 0.8614139999990584 88
1732482062957 0.86794799999916 89
1732482073031 0.875265999999101 90
1732482083110 0.8821459999999206 91
1732482093200 0.8889500000004773 92
1732482103271 0.8968879999993078 93
1732482113359 0.9089719999992667 94
1732482123447 0.9155900000005204 95
1732482133534 0.9282170000005863 96
1732482143619 0.9347589999997581 97
1732482153695 0.9423569999999017 98
1732482163776 0.9502429999993183 99
1732482173880 0.9605129999999917 100
1732482183960 0.9676829999989423 101
1732482194045 0.9752269999989949 102
1732482204166 0.986321999998836 103
1732482214236 0.9975899999990361 104
1732482224308 1.0050439999995433 105
1732482234394 1.012613999999303 106
1732482244483 1.0189200000004348 107
1732482254576 1.0267279999989114 108
1732482264670 1.0335880000002362 109
1732482274746 1.0406899999998132 110
1732482284856 1.0530010000002221 111
1732482294941 1.0632989999994606 112
1732482305018 1.070332999999664 113
1732482315092 1.0779839999995602 114
1732482325172 1.084951999999248 115
1732482335267 1.0924639999993815 116
1732482345358 1.0988039999992907 117
1732482355453 1.119963999999527 118
1732482365551 1.1329139999998006 119
1732482375602 1.1390539999993052 120
1732482385684 1.1456340000004275 121
1732482395779 1.1546999999991385 122
1732482405850 1.1677449999988312 123
1732482415927 1.1783999999988737 124
1732482426007 1.1866769999996905 125
1732482436094 1.194314000000304 126
1732482446192 1.2046470000004774 127
1732482456263 1.2122369999997318 128
1732482466344 1.218896999998833 129
1732482476444 1.226569999998901 130
1732482486547 1.2333660000003874 131
1732482496623 1.2408230000000913 132
1732482506734 1.2488639999992301 133
1732482516828 1.260270999999193 134
1732482526912 1.2674839999999676 135
1732482537016 1.2788989999990008 136
1732482547090 1.2854169999991427 137
1732482557190 1.292051000000356 138
1732482567275 1.2992909999993572 139
1732482577367 1.3062630000003992 140
1732482587444 1.3136880000001838 141
1732482597540 1.325569999999061 142
1732482607624 1.332511999999042 143
1732482617727 1.3399009999993723 144
1732482627822 1.3467930000006163 145
1732482637918 1.3537230000001728 146
1732482648013 1.3629280000004655 147
1732482658103 1.38577499999883 148
1732482668204 1.3930540000001201 149
1732482678300 1.4058430000004591 150
1732482688376 1.4123729999992065 151
1732482698469 1.4197860000003857 152
1732482708550 1.432355999999345 153
1732482718644 1.4392119999993156 154
1732482728728 1.4457899999997608 155
1732482738831 1.4536109999990003 156
1732482748912 1.4616379999988567 157
1732482759007 1.478081999999631 158
1732482769080 1.486815000000206 159
1732482779157 1.4959889999990992 160
1732482789237 1.5038739999999962 161
1732482799327 1.5111249999990832 162
1732482809418 1.518460999999661 163
1732482819507 1.525536999999531 164
1732482829608 1.5374749999991764 165
1732482839687 1.578269999999975 166
1732482849768 1.5859099999997852 167
1732482859871 1.59302100000059 168
1732482869960 1.599330999999438 169
1732482880025 1.6078440000001137 170
1732482890104 1.6172969999988709 171
1732482900195 1.6253649999998743 172
1732482910270 1.6371719999988272 173
1732482920345 1.6444890000002488 174
1732482930434 1.651358999999502 175
1732482940522 1.658955999999307 176
1732482950616 1.6736650000002555 177
1732482960705 1.688293999999587 178
1732482970809 1.69486599999982 179
1732482980902 1.7053280000000086 180
1732482990970 1.7144960000005085 181
1732483001067 1.7301649999990332 182
1732483011153 1.7467029999988881 183
1732483021247 1.7556519999998272 184
1732483031339 1.7618440000005648 185
1732483041434 1.778876999998829 186
1732483051526 1.787319999999454 187
1732483061618 1.8107399999989866 188
1732483071715 1.8170460000001185 189
1732483081814 1.8244959999992716 190
1732483091900 1.8313859999998385 191
1732483101999 1.8399979999994684 192
1732483112095 1.8466520000001765 193
1732483122176 1.853289999999106 194
1732483132258 1.8645699999997305 195
1732483142351 1.8764570000003005 196
1732483152444 1.8834679999999935 197
1732483162511 1.8912689999997383 198
1732483172587 1.8979249999993044 199
1732483182694 1.9044529999991937 200
1732483192768 1.9171089999999822 201
1732483202871 1.9236889999992854 202
1732483212965 1.9342459999988932 203
1732483223056 1.9434469999996509 204
1732483233163 1.9507659999999305 205
1732483243262 1.957006000000547 206
1732483253358 1.9820909999998548 207
1732483263455 1.9886989999995421 208
1732483273553 1.9964299999992363 209
1732483283653 2.003962999999203 210
1732483293752 2.0162600000003295 211
1732483303839 2.02371999999923 212
1732483313935 2.036560999998983 213
1732483324026 2.0429929999991145 214
1732483334125 2.051158000000214 215
1732483344213 2.0599700000002485 216
1732483354296 2.0663580000000366 217
1732483364401 2.073785999999018 218
1732483374499 2.0892640000001848 219
1732483384582 2.096631000000343 220
1732483394667 2.1043659999995725 221
1732483404739 2.111116000000038 222
1732483414840 2.118524999999863 223
1732483424921 2.125883000000613 224
1732483435006 2.1325010000000475 225
1732483445121 2.1414139999997133 226
1732483455226 2.158480000000054 227
1732483465320 2.165990999999849 228
1732483475407 2.173091000000568 229
1732483485510 2.1797649999989517 230
1732483495610 2.190950000000157 231
1732483505713 2.198345999999219 232
1732483515815 2.2058629999992263 233
1732483525904 2.2171779999989667 234
1732483535999 2.224602000000232 235
1732483546108 2.2324200000002747 236
1732483556200 2.2531720000006317 237
1732483566279 2.2610769999992044 238
1732483576379 2.267909000000145 239
1732483586470 2.2760209999996732 240
1732483596579 2.2900599999993574 241
1732483606688 2.3077359999988403 242
1732483616784 2.3183179999996355 243
1732483626890 2.325039999999717 244
1732483636993 2.332546999999977 245
1732483647078 2.340175999999701 246
1732483657163 2.3474139999998442 247
1732483667247 2.3544870000005176 248
1732483677329 2.3664890000000014 249
1732483687486 2.3740600000000995 250
1732483697580 2.3805739999988873 251
1732483707681 2.3879959999994753 252
1732483717761 2.3952769999996235 253
1732483727858 2.4021389999998064 254
1732483737969 2.414214999998876 255
1732483748048 2.4208070000004227 256
1732483758160 2.432303999999931 257
1732483768257 2.4394149999989168 258
1732483778367 2.4463070000001608 259
1732483788486 2.454035999999178 260
1732483798581 2.460773999999219 261
1732483808683 2.468394999999873 262
1732483818791 2.4762080000000424 263
1732483828893 2.482984000000215 264
1732483839013 2.493925999999192 265
1732483849119 2.5025949999999284 266
1732483859232 2.525765999998839 267
1732483869345 2.5331869999990886 268
1732483879456 2.540168999999878 269
1732483889562 2.5473189999993338 270
1732483899682 2.5562129999998433 271
1732483909777 2.5723720000005414 272
1732483919883 2.579703999999765 273
1732483929984 2.5865579999990587 274
1732483940102 2.5940190000001166 275
1732483950213 2.600811000000249 276
1732483960303 2.6087179999994987 277
1732483970410 2.617978000000221 278
1732483980513 2.626926999999341 279
1732483990639 2.6382069999999658 280
1732484000735 2.644702999999936 281
1732484010845 2.6530600000005506 282
1732484020927 2.65992499999993 283
1732484031035 2.6675180000002 284
1732484041145 2.674832000000606 285
1732484051248 2.6814679999988584 286
1732484061346 2.688786999999138 287
1732484071456 2.7002599999996164 288
1732484081567 2.7073749999999563 289
1732484091669 2.7269149999992806 290
1732484101781 2.7416290000001027 291
1732484111879 2.9258279999994556 292
1732484121995 3.0530710000002728 293
1732484132108 3.0851609999990615 294
1732484142220 3.22487000000001 295
1732484152332 3.2834970000003523 296
1732484162415 3.3917249999994965 297
1732484172492 3.679318999998941 298
1732484182585 3.730040000000372 299
1732484192713 3.839128999999957 300
1732484202812 4.058058999999048 301
1732484212918 4.1169150000005175 302
1732484223012 4.234386000000086 303
1732484233124 4.442571999999927 304
1732484243248 4.522917000000234 305
1732484253363 4.5950080000002345 306
1732484263460 4.661380999999892 307
1732484273584 4.696894000000611 308
1732484283669 4.729491000000053 309
1732484293755 4.7471910000003845 310
1732484303866 4.759109999999055 311
1732484313942 4.765276000000085 312
1732484324051 4.772737999999663 313
1732484334170 4.790740000000369 314
1732484344251 4.802621999999246 315
1732484354363 4.952726999999868 316
1732484364473 5.026617999999871 317
1732484374593 5.108599999999569 318
1732484384696 5.116802999998981 319
1732484394798 5.137923000000228 320
1732484404907 5.146208000000115 321
1732484415025 5.172293999999965 322
1732484425111 5.233571999999185 323
1732484435199 5.241769000000204 324
1732484445302 5.2486749999989115 325
1732484455395 5.262880000000223 326
1732484465482 5.280843999998979 327
1732484475573 5.288248999999269 328
1732484485697 5.294603000000279 329
1732484495799 5.301992999999129 330
1732484505916 5.315870000000359 331
1732484516032 5.327744000000166 332
1732484526148 5.406480999999985 333
1732484536263 5.43996800000059 334
1732484546375 5.4627849999997125 335
1732484556473 5.634946000000127 336
1732484566600 5.651593999999022 337
1732484576713 5.701107999999294 338
1732484586825 5.71069499999976 339
1732484596940 5.735882999999376 340
1732484607056 5.74898199999916 341
1732484617173 5.7603500000004715 342
1732484627296 5.810668000000078 343
1732484637402 5.880151999999725 344
1732484647524 5.894099999999526 345
1732484657627 5.901257999999871 346
1732484667752 11.37430200000017 347
1732484677864 11.405289000000266 348
1732484687973 11.423611000000164 349
1732484698093 11.438506000000416 350
1732484708208 11.446708999999828 351
1732484718325 11.469632000000274 352
1732484728428 11.482124000000113 353
1732484738815 11.491359999999986 354
1732484748939 11.504778000000442 355
1732484759050 11.51138600000013 356
1732484769163 11.528084999999919 357
1732484779283 11.535949999999502 358
1732484789387 11.543208999999479 359
1732484799488 11.561706000000413 360
1732484809600 11.578627999999298 361
1732484819682 11.586691999998948 362
1732484829763 11.59545099999923 363
1732484839860 11.608706999999413 364
1732484849994 11.616430000000037 365
1732484860107 11.630717000000004 366
1732484870243 11.639062000000195 367
1732484880346 11.645759999999427 368
1732484890472 11.656863000000158 369
1732484900578 11.665681000000404 370
1732484910712 11.67475899999954 371
1732484920823 11.698333000000275 372
1732484930926 11.714625999999043 373
1732484941049 11.724924000000101 374
1732484951166 11.745176999998876 375
1732484961279 11.753741999998965 376
1732484971369 11.762867999999798 377
1732484981491 11.788398000000598 378
1732484991605 11.798854999999094 379
1732485001687 11.811475000000428 380
1732485012230 11.817714999999225 381
1732485022346 11.827158000000054 382
1732485032462 11.835669000000053 383
1732485042542 11.857766999999512 384
1732485052660 11.883859999999913 385
1732485062762 11.895344000000478 386
1732485072864 11.92849600000045 387
1732485082955 11.955963999998858 388
1732485093668 11.964084999999614 389
1732485103795 11.979575999999724 390
1732485113893 11.99601900000016 391
1732485124020 12.13473299999896 392
1732485134140 12.179920999999013 393
1732485144256 12.200348999998823 394
1732485154388 12.215049999998882 395
1732485164507 12.268862999999328 396
1732485174628 12.30919299999914 397
1732485184747 12.320648999999321 398
1732485194860 12.346174000000246 399
1732485205005 12.358341999999539 400
1732485215135 12.36962499999936 401
1732485225271 12.390341000000262 402
1732485235398 12.420948999999382 403
1732485245502 12.432698999999047 404
1732485255620 12.441878999999972 405
1732485265716 12.486241000000518 406
1732485275817 12.515155999999479 407
1732485285938 12.538808999999674 408
1732485296062 12.5582059999997 409
1732485306195 12.595143999998982 410
1732485316317 12.614446999999927 411
1732485326437 12.635168999999223 412
1732485336520 12.644894999999451 413
1732485346650 12.66106899999977 414
1732485356767 12.668690000000424 415
1732485366870 12.680618999998842 416
1732485376957 12.688726999998835 417
1732485387040 12.705783999999767 418
1732485397114 12.7564569999995 419
1732485407194 12.77429200000006 420
1732485417326 12.944738000000143 421
1732485427430 13.01277200000004 422
1732485437551 13.070797999998831 423
1732485447695 13.154824999999619 424
1732485457838 13.235985999999684 425
1732485467981 13.245794000000387 426
1732485478105 13.301868000000468 427
1732485488244 13.309854999999516 428
1732485498373 13.3639519999997 429
1732485508501 13.40476999999919 430
1732485518620 13.44377600000007 431
1732485528747 13.4801439999992 432
1732485538870 13.543852999999217 433
1732485548962 13.578175000000556 434
1732485559061 13.597347999999329 435
1732485569191 13.63822699999946 436
1732485579319 13.712813000000097 437
1732485589432 13.719928999998956 438
1732485599564 13.740260999999009 439
1732485609686 13.75019500000053 440
1732485619830 13.821797000000515 441
1732485629941 13.834719999998924 442
1732485640073 13.89962899999955 443
1732485650161 13.90851499999917 444
1732485660277 13.96480800000063 445
1732485670406 13.972587000000203 446
1732485680535 14.024642999998832 447
1732485690663 14.071303000000626 448
1732485700789 14.095714999999473 449
1732485710920 14.141851000000315 450
1732485721008 14.189723999999842 451
1732485731087 14.196640000000116 452
1732485741202 14.245305999998891 453
1732485751314 14.287046999999802 454
1732485761443 14.313766999999643 455
1732485771528 14.36966399999983 456
1732485781671 14.426041000000623 457
1732485791803 14.433321000000433 458
1732485801892 14.490585999999894 459
1732485812025 14.533084999999119 460
1732485822144 14.558037999999215 461
1732485832255 14.603912000000491 462
1732485842378 14.63075899999967 463
1732485852480 14.674048999999286 464
1732485862601 14.724920999999085 465
1732485872720 14.733197999999902 466
1732485882843 14.7947439999989 467
1732485892968 14.846117999999478 468
1732485903083 14.869625999999698 469
1732485913227 14.916078000000198 470
1732485923363 14.955211999998937 471
1732485933479 15.022694999999658 472
1732485943620 15.049473999999464 473
1732485953715 15.094592999999804 474
1732485963844 15.152806000000055 475
1732485973963 15.16012099999898 476
1732485984086 15.215065999998842 477
1732485994204 15.263562000000093 478
1732486004349 15.294346999999107 479
1732486014475 15.352037999999084 480
1732486024625 15.40343600000051 481
1732486034746 15.410053999999946 482
1732486044876 15.4677159999992 483
1732486055013 15.47428199999922 484
1732486065157 15.52614100000028 485
1732486075280 15.589813999999024 486
1732486085410 15.609309999999823 487
1732486095539 15.654013999999734 488
1732486105676 15.708647999999812 489
1732486115766 15.717458999999508 490
1732486125902 15.790656999999555 491
1732486136033 15.839877000000342 492
1732486146114 15.858620999999403 493
1732486156239 15.909347999999227 494
1732486166373 15.961041000000478 495
1732486176508 15.968386999998984 496
1732486186638 16.033767999999327 497
1732486196733 16.07546700000057 498
1732486206825 16.130377999999837 499
1732486216914 16.13768700000037 500
1732486227035 16.15535799999998 501
1732486237361 16.229675000000498 502
1732486247458 16.25368999999955 503
1732486257557 16.299723000000085 504
1732486267657 16.317918999999165 505
1732486277798 16.326626000000033 506
1732486287942 16.368507999999565 507
1732486298037 16.552722999998878 508
1732486308151 16.616018000000622 509
1732486318282 16.63088500000049 510
1732486328425 16.67037100000016 511
1732486338553 16.702175000000352 512
1732486348711 16.721403999999893 513
1732486358871 16.744826000000103 514
1732486369002 16.76408900000024 515
1732486379148 16.774607999999716 516
1732486389285 16.7883499999989 517
1732486399427 16.81019500000002 518
1732486409586 16.858173000000534 519
1732486419708 16.882950999999593 520
1732486429853 16.90492599999925 521
1732486439985 17.005278000000544 522
1732486450128 17.0205619999997 523
1732486460262 17.06877600000007 524
1732486470369 17.09832599999936 525
1732486480498 17.12357299999894 526
1732486490604 17.135098999999173 527
1732486500731 17.18477999999959 528
1732486510866 17.19205200000033 529
1732486520998 17.216832000000068 530
1732486531106 17.232325999999375 531
1732486541186 17.26896300000044 532
1732486551292 17.27551499999936 533
1732486561421 17.294866000000184 534
1732486571549 17.30290000000059 535
1732486581689 17.351394999999684 536
1732486591837 17.358938999999737 537
1732486601987 17.391842999999426 538
1732486612136 17.40991699999904 539
1732486622278 17.459593999999925 540
1732486632403 17.465965999999753 541
1732486642538 17.589114999998856 542
1732486652666 17.65813999999955 543
1732486662808 17.723636999999144 544
1732486672944 17.809406999998828 545
1732486683090 17.857061000000613 546
1732486693229 17.886312999999063 547
1732486703332 17.89813099999992 548
1732486713442 17.976150000000416 549
1732486723603 18.045191999999588 550
1732486733740 18.056651999999303 551
1732486743873 18.099863999999798 552
1732486754020 18.106964000000517 553
1732486764162 18.151029000000563 554
1732486774312 18.194751999999426 555
1732486784460 18.212766000000556 556
1732486794602 18.247788000000583 557
1732486804753 18.29236899999887 558
1732486814888 18.300020999999106 559
1732486824995 18.342569999998886 560
1732486835104 18.34946200000013 561
1732486845255 18.37169200000062 562
