1732481166062 0.0003460000007180497 0
1732481176131 0.018926000000647036 1
1732481186204 0.028152000000773114 2
1732481196283 0.04431800000020303 3
1732481206343 0.11983899999904679 4
1732481216408 0.1297629999990022 5
1732481226463 0.1365349999996397 6
1732481236520 0.14368699999977252 7
1732481246563 0.1524730000001 8
1732481256629 0.1600749999997788 9
1732481266692 0.1677560000007361 10
1732481276740 0.21235100000012608 11
1732481286821 0.22875799999928859 12
1732481296887 0.23579000000063388 13
1732481306956 0.24350400000002992 14
1732481317039 0.2512029999998049 15
1732481327122 0.25998299999992014 16
1732481337193 0.2752629999995406 17
1732481347264 0.282826999999088 18
1732481357345 0.298956000000544 19
1732481367426 0.3082460000005085 20
1732481377490 0.31592599999930826 21
1732481387569 0.3266779999994469 22
1732481397653 0.3358699999989767 23
1732481407729 0.3442159999995056 24
1732481417782 0.35229699999945296 25
1732481427831 0.35870299999987765 26
1732481437897 0.3747349999994185 27
1732481447961 0.40025900000000547 28
1732481458021 0.41889199999968696 29
1732481468214 0.42644900000050256 30
1732481478289 0.43421699999998964 31
1732481488359 0.44170999999914784 32
1732481498424 0.44984499999918626 33
1732481508515 0.5151459999997314 34
1732481518582 0.5309589999997115 35
1732481528634 0.5379250000005413 36
1732481538709 0.5458650000000489 37
1732481548788 0.5614599999989878 38
1732481558874 0.5720949999995355 39
1732481568944 0.5799189999997907 40
1732481579024 0.5993510000007518 41
1732481589101 0.6154950000000099 42
1732481599187 0.6240699999998469 43
1732481609274 0.6315439999998489 44
1732481619359 0.6394519999994372 45
1732481629430 0.6564770000004501 46
1732481639527 0.6639149999991787 47
1732481649609 0.6738330000007409 48
1732481659685 0.6815960000003543 49
1732481669759 0.697201999999379 50
1732481679830 0.7053009999999631 51
1732481689915 0.714748000000327 52
1732481699995 0.723573999999644 53
1732481710072 0.7312490000003891 54
1732481720151 0.7383549999995012 55
1732481730234 0.7449030000007042 56
1732481740315 0.7536110000000917 57
1732481750407 0.7906779999993887 58
1732481760481 0.7984080000005633 59
1732481770556 0.806694000000789 60
1732481780640 0.8140540000003966 61
1732481790717 0.8480400000007648 62
1732481800787 0.8585110000003624 63
1732481810865 0.9237549999998009 64
1732481820924 0.9417319999993197 65
1732481831008 0.9488039999996545 66
1732481841080 0.9553140000007261 67
1732481851154 0.9631570000001375 68
1732481861229 0.9714189999995142 69
1732481871291 0.9799139999995532 70
1732481881392 0.9878169999992679 71
1732481891472 0.9945999999999913 72
1732481901561 1.0211820000004082 73
1732481911645 1.0296870000001945 74
1732481921717 1.037384999999631 75
1732481931797 1.0461340000001655 76
1732481941895 1.0546919999997044 77
1732481951979 1.0622960000000603 78
1732481962080 1.069525999999314 79
1732481972170 1.076478999999381 80
1732481982248 1.092146999999386 81
1732481992337 1.1007699999991019 82
1732482002420 1.1079030000000785 83
1732482012510 1.1151850000005652 84
1732482022601 1.1228499999997439 85
1732482032684 1.1304889999992156 86
1732482042782 1.1390049999990879 87
1732482052871 1.177284999999756 88
1732482062957 1.1840979999997217 89
1732482073031 1.193554999999833 90
1732482083110 1.205764000000272 91
1732482093200 1.2131200000003446 92
1732482103271 1.2220269999997981 93
1732482113359 1.2859129999997094 94
1732482123447 1.2928890000002866 95
1732482133534 1.3105830000004062 96
1732482143619 1.3174159999998665 97
1732482153695 1.3256750000000466 98
1732482163776 1.333900999999969 99
1732482173880 1.3429230000001553 100
1732482183960 1.3505910000003496 101
1732482194045 1.358353999999963 102
1732482204166 1.3781839999992371 103
1732482214236 1.3937150000001566 104
1732482224308 1.4024019999997108 105
1732482234394 1.410491999999067 106
1732482244483 1.4170290000001842 107
1732482254576 1.425068000000465 108
1732482264670 1.4323640000002342 109
1732482274746 1.4503480000003037 110
1732482284856 1.4669099999991886 111
1732482294941 1.4760889999997744 112
1732482305018 1.4835199999997712 113
1732482315092 1.4915970000001835 114
1732482325172 1.498939999999493 115
1732482335267 1.5066509999996924 116
1732482345358 1.5143360000001849 117
1732482355453 1.541320000000269 118
1732482365551 1.558720999999423 119
1732482375602 1.5664429999997083 120
1732482385684 1.5736629999992147 121
1732482395779 1.5831490000000485 122
1732482405850 1.6471000000001368 123
1732482415927 1.656569999999192 124
1732482426007 1.6653499999993073 125
1732482436094 1.6742919999996957 126
1732482446192 1.689313000000766 127
1732482456263 1.6972989999994752 128
1732482466344 1.705112999999983 129
1732482476444 1.713207999999213 130
1732482486547 1.7204320000000735 131
1732482496623 1.7289479999999458 132
1732482506734 1.737887999999657 133
1732482516828 1.7536259999997128 134
1732482526912 1.761130000000776 135
1732482537016 1.7713569999996253 136
1732482547090 1.7782549999992625 137
1732482557190 1.7851599999994505 138
1732482567275 1.7929910000002565 139
1732482577367 1.8002159999996366 140
1732482587444 1.8088489999990998 141
1732482597540 1.8251230000005307 142
1732482607624 1.8325440000007802 143
1732482617727 1.8404140000002371 144
1732482627822 1.8479449999995268 145
1732482637918 1.8554110000004584 146
1732482648013 1.8656709999995655 147
1732482658103 1.891486000000441 148
1732482668204 1.9010359999992943 149
1732482678300 1.9231909999998607 150
1732482688376 1.9299919999994017 151
1732482698469 1.9378749999996217 152
1732482708550 2.0018660000005184 153
1732482718644 2.0092189999995753 154
1732482728728 2.016375999999582 155
1732482738831 2.024504999999408 156
1732482748912 2.0329639999999927 157
1732482759007 2.0611900000003516 158
1732482769080 2.0701310000004014 159
1732482779157 2.0784679999997024 160
1732482789237 2.086876999999731 161
1732482799327 2.0945389999997133 162
1732482809418 2.101807999999437 163
1732482819507 2.124943999999232 164
1732482829608 2.142182999999932 165
1732482839687 2.1697580000000016 166
1732482849768 2.1784310000002733 167
1732482859871 2.185953000000154 168
1732482869960 2.1928360000001703 169
1732482880025 2.2018459999999322 170
1732482890104 2.210909999999785 171
1732482900195 2.219275999999809 172
1732482910270 2.23981300000014 173
1732482920345 2.247892999999749 174
1732482930434 2.2551110000003973 175
1732482940522 2.2632959999991726 176
1732482950616 2.280817000000752 177
1732482960705 2.2990109999991546 178
1732482970809 2.305931999999302 179
1732482980902 2.3209509999996953 180
1732482990970 2.338368000000628 181
1732483001067 2.3623100000004342 182
1732483011153 2.4289869999993243 183
1732483021247 2.4378579999993235 184
1732483031339 2.4443410000003496 185
1732483041434 2.4591490000002523 186
1732483051526 2.4681450000007317 187
1732483061618 2.5033449999991717 188
1732483071715 2.510313999999198 189
1732483081814 2.5180170000003272 190
1732483091900 2.525454999999056 191
1732483101999 2.534475000000384 192
1732483112095 2.5414070000006177 193
1732483122176 2.5483359999998356 194
1732483132258 2.557736999999179 195
1732483142351 2.5738579999997455 196
1732483152444 2.5814360000003944 197
1732483162511 2.5894680000001244 198
1732483172587 2.5964750000002823 199
1732483182694 2.6032909999994445 200
1732483192768 2.624413999999888 201
1732483202871 2.631379000000379 202
1732483212965 2.6459190000005037 203
1732483223056 2.655826000000161 204
1732483233163 2.663436000000729 205
1732483243262 2.6700440000004164 206
1732483253358 2.6995069999993575 207
1732483263455 2.706600999999864 208
1732483273553 2.7146599999996397 209
1732483283653 2.7224239999995916 210
1732483293752 2.739951999999903 211
1732483303839 2.7480849999992643 212
1732483313935 2.8116379999992205 213
1732483324026 2.819050000000061 214
1732483334125 2.8263819999992847 215
1732483344213 2.8357710000000225 216
1732483354296 2.8439830000006623 217
1732483364401 2.8517400000000634 218
1732483374499 2.8699309999992693 219
1732483384582 2.878284000000349 220
1732483394667 2.8907099999996717 221
1732483404739 2.898221999999805 222
1732483414840 2.9064799999996467 223
1732483424921 2.9151440000005095 224
1732483435006 2.9234379999998055 225
1732483445121 2.930624999999054 226
1732483455226 2.956828000000314 227
1732483465320 2.96458100000018 228
1732483475407 2.972222000000329 229
1732483485510 2.9793119999994815 230
1732483495610 2.9896370000005845 231
1732483505713 2.9973119999995106 232
1732483515815 3.005380000000514 233
1732483525904 3.0209890000005544 234
1732483535999 3.0287719999996625 235
1732483546108 3.037709000000177 236
1732483556200 3.0662670000001526 237
1732483566279 3.0749980000000505 238
1732483576379 3.0823959999997896 239
1732483586470 3.0906549999999697 240
1732483596579 3.1198179999992135 241
1732483606688 3.1923289999995177 242
1732483616784 3.2016029999995226 243
1732483626890 3.20945699999902 244
1732483636993 3.2192070000000967 245
1732483647078 3.227461000000403 246
1732483657163 3.2353669999993144 247
1732483667247 3.242742000000362 248
1732483677329 3.25966999999946 249
1732483687486 3.2677779999994527 250
1732483697580 3.274632999999085 251
1732483707681 3.2823690000004717 252
1732483717761 3.300898999999845 253
1732483727858 3.3082059999997 254
1732483737969 3.318312999999762 255
1732483748048 3.3257699999994657 256
1732483758160 3.341668999999456 257
1732483768257 3.349207999999635 258
1732483778367 3.3568670000004204 259
1732483788486 3.365859999999884 260
1732483798581 3.3731129999996483 261
1732483808683 3.3815489999997226 262
1732483818791 3.3898580000004586 263
1732483828893 3.396919999999227 264
1732483839013 3.4136969999999565 265
1732483849119 3.42527599999994 266
1732483859232 3.4533040000005712 267
1732483869345 3.460955999998987 268
1732483879456 3.4684120000001712 269
1732483889562 3.4755150000000867 270
1732483899682 3.486237999999503 271
1732483909777 3.556797999999617 272
1732483919883 3.564564000000246 273
1732483929984 3.571914000000106 274
1732483940102 3.579760000000533 275
1732483950213 3.5868609999997716 276
1732483960303 3.595197000000553 277
1732483970410 3.603689999999915 278
1732483980513 3.6121650000004593 279
1732483990639 3.6277640000007523 280
1732484000735 3.6349580000005517 281
1732484010845 3.6439749999990454 282
1732484020927 3.651071000000229 283
1732484031035 3.659014999999272 284
1732484041145 3.670278999999937 285
1732484051248 3.678715000000011 286
1732484061346 3.686265000000276 287
1732484071456 3.702889000000141 288
1732484081567 3.71075700000074 289
1732484091669 3.7310949999991863 290
1732484101781 3.748907999999574 291
1732484111879 4.677497000000585 292
1732484121995 6.270517999999356 293
1732484132108 7.0384049999993294 294
1732484142220 11.415660000000571 295
1732484152332 12.186547999999675 296
1732484162415 15.625355000000127 297
1732484172492 28.500543000000107 298
1732484182585 29.35888100000011 299
1732484192713 33.23693599999933 300
1732484202812 43.56900399999904 301
1732484212918 43.90057100000013 302
1732484223012 53.18457999999919 303
1732484233124 68.27971699999944 304
1732484243248 75.68857899999966 305
1732484253363 81.26012300000002 306
1732484263460 87.05433400000038 307
1732484273584 90.26669500000025 308
1732484283669 93.08777200000077 309
1732484293755 93.103063999999 310
1732484303866 93.14125299999978 311
1732484313942 93.14772699999958 312
1732484324051 93.1564699999999 313
1732484334170 93.18277200000011 314
1732484344251 93.19901199999913 315
1732484354363 101.60422599999947 316
1732484364473 106.18029299999944 317
1732484374593 112.08364799999981 318
1732484384696 112.09186699999918 319
1732484394798 112.11909500000002 320
1732484404907 112.12761099999989 321
1732484415025 113.12979900000028 322
1732484425111 118.72762200000034 323
1732484435199 118.74705399999948 324
1732484445302 118.75452399999995 325
1732484455395 118.77151299999969 326
1732484465482 118.78656299999966 327
1732484475573 118.79465399999935 328
1732484485697 118.80425099999957 329
1732484495799 118.81202800000028 330
1732484505916 118.8243220000004 331
1732484516032 118.88691999999901 332
1732484526148 125.8817710000003 333
1732484536263 125.99673599999915 334
1732484546375 126.04365499999949 335
1732484556473 126.21815099999912 336
1732484566600 126.27897099999973 337
1732484576713 126.32183299999997 338
1732484586825 126.33079100000032 339
1732484596940 126.41056699999899 340
1732484607056 126.42807999999968 341
1732484617173 126.4551790000005 342
1732484627296 126.50640700000076 343
1732484637402 126.5607259999997 344
1732484647524 126.5886360000004 345
1732484657627 126.59838399999899 346
1732484667752 132.07078100000035 347
1732484677864 132.11973699999908 348
1732484687973 132.14294100000006 349
1732484698093 132.15467999999964 350
1732484708208 132.1627129999997 351
1732484718325 132.18677500000013 352
1732484728428 132.1992850000006 353
1732484738815 132.20846600000004 354
1732484748939 132.2218639999992 355
1732484759050 132.22865400000046 356
1732484769163 132.24931599999945 357
1732484779283 132.25948699999935 358
1732484789387 132.26816300000064 359
1732484799488 132.29286300000058 360
1732484809600 132.35875400000077 361
1732484819682 132.36509800000022 362
1732484829763 132.3739110000006 363
1732484839860 132.39121499999965 364
1732484849994 132.39942899999915 365
1732484860107 132.4139439999999 366
1732484870243 132.4224009999998 367
1732484880346 132.42917699999998 368
1732484890472 132.44459300000017 369
1732484900578 132.45348600000034 370
1732484910712 132.4626819999994 371
1732484920823 132.49448800000027 372
1732484930926 132.5128879999993 373
1732484941049 132.52260000000024 374
1732484951166 132.54033100000015 375
1732484961279 132.5488949999999 376
1732484971369 132.55807800000002 377
1732484981491 132.58931499999926 378
1732484991605 132.60012199999983 379
1732485001687 132.617252 380
1732485012230 132.6239999999998 381
1732485022346 132.6337370000001 382
1732485032462 132.64189599999918 383
1732485042542 132.90796899999987 384
1732485052660 133.20872699999927 385
1732485062762 133.449247999999 386
1732485072864 133.52494999999908 387
1732485082955 133.59938300000067 388
1732485093668 133.615323 389
1732485103795 133.63061600000037 390
1732485113893 133.9803240000001 391
1732485124020 140.81784300000072 392
1732485134140 142.79729899999984 393
1732485144256 142.81658199999947 394
1732485154388 142.83413199999995 395
1732485164507 146.48148500000025 396
1732485174628 149.1724319999994 397
1732485184747 149.18223500000022 398
1732485194860 151.31630399999995 399
1732485205005 151.32632700000067 400
1732485215135 151.33574399999998 401
1732485225271 151.36283600000024 402
1732485235398 153.06155000000035 403
1732485245502 153.07117300000027 404
1732485255620 153.0793190000004 405
1732485265716 155.87311899999986 406
1732485275817 155.90202200000022 407
1732485285938 155.9267720000007 408
1732485296062 155.95471499999985 409
1732485306195 158.19002399999954 410
1732485316317 159.2693589999999 411
1732485326437 159.28776499999913 412
1732485336520 159.29655300000013 413
1732485346650 159.31175000000076 414
1732485356767 159.32052400000066 415
1732485366870 159.33022999999957 416
1732485376957 159.33750099999997 417
1732485387040 159.35695900000064 418
1732485397114 159.55918399999973 419
1732485407194 159.59241099999963 420
1732485417326 167.08778899999925 421
1732485427430 172.6910599999992 422
1732485437551 176.91155199999957 423
1732485447695 182.61108799999965 424
1732485457838 188.12706099999923 425
1732485467981 188.44391799999903 426
1732485478105 192.72314200000073 427
1732485488244 192.73115899999902 428
1732485498373 196.510628 429
1732485508501 200.14412300000004 430
1732485518620 201.41469300000063 431
1732485528747 205.14466899999934 432
1732485538870 209.487697999999 433
1732485548962 212.60155699999996 434
1732485559061 212.6139289999992 435
1732485569191 215.99772800000028 436
1732485579319 220.42319099999986 437
1732485589432 220.43229500000052 438
1732485599564 220.44661300000007 439
1732485609686 220.45495800000026 440
1732485619830 224.55737500000032 441
1732485629941 224.59506599999986 442
1732485640073 228.99949899999956 443
1732485650161 229.00752699999975 444
1732485660277 233.45588399999906 445
1732485670406 233.4645070000006 446
1732485680535 237.3003379999991 447
1732485690663 241.4845490000007 448
1732485700789 241.50337299999956 449
1732485710920 245.35635999999977 450
1732485721008 248.5862820000002 451
1732485731087 248.5937840000006 452
1732485741202 252.1484760000003 453
1732485751314 255.83936899999935 454
1732485761443 255.85998999999902 455
1732485771528 260.7610939999995 456
1732485781671 265.2772499999992 457
1732485791803 265.284529999999 458
1732485801892 269.6025090000003 459
1732485812025 273.73919399999977 460
1732485822144 273.7583859999995 461
1732485832255 278.47091100000034 462
1732485842378 278.4919719999998 463
1732485852480 283.197979999999 464
1732485862601 287.1199859999997 465
1732485872720 287.1283309999999 466
1732485882843 291.38832 467
1732485892968 296.1068749999995 468
1732485903083 296.12677000000076 469
1732485913227 300.75871299999926 470
1732485923363 300.8007149999994 471
1732485933479 306.3670629999997 472
1732485943620 306.38705499999924 473
1732485953715 310.8714579999996 474
1732485963844 315.2270929999995 475
1732485973963 315.2345669999995 476
1732485984086 319.471399 477
1732485994204 324.4773920000007 478
1732486004349 324.50643599999967 479
1732486014475 329.24435599999924 480
1732486024625 333.1635409999999 481
1732486034746 333.170458999999 482
1732486044876 337.6448619999992 483
1732486055013 337.6522750000004 484
1732486065157 340.6878280000001 485
1732486075280 347.0131160000001 486
1732486085410 347.0260959999996 487
1732486095539 351.44206900000063 488
1732486105676 355.8301819999997 489
1732486115766 355.8385820000003 490
1732486125902 361.6543590000001 491
1732486136033 366.288086999999 492
1732486146114 366.3012859999999 493
1732486156239 370.6945049999995 494
1732486166373 374.57684700000027 495
1732486176508 374.5842529999991 496
1732486186638 379.465318999999 497
1732486196733 383.36757600000055 498
1732486206825 387.6090210000002 499
1732486216914 387.616700999999 500
1732486227035 387.6294539999999 501
1732486237361 392.3298730000006 502
1732486247458 392.34855699999935 503
1732486257557 396.5661629999995 504
1732486267657 396.5788649999995 505
1732486277798 396.5869039999998 506
1732486287942 396.6843599999993 507
1732486298037 404.15669100000014 508
1732486308151 408.9380399999991 509
1732486318282 409.0017420000004 510
1732486328425 409.0194310000006 511
1732486338553 411.8998850000007 512
1732486348711 411.9134809999996 513
1732486358871 411.95396000000073 514
1732486369002 411.9637039999998 515
1732486379148 411.97170200000073 516
1732486389285 411.99575299999924 517
1732486399427 412.01348099999996 518
1732486409586 415.9863029999997 519
1732486419708 416.0054849999997 520
1732486429853 416.0168819999999 521
1732486439985 420.06381599999986 522
1732486450128 420.61439599999903 523
1732486460262 423.9953750000004 524
1732486470369 426.69425500000034 525
1732486480498 426.71425400000044 526
1732486490604 426.72245400000065 527
1732486500731 430.3959880000002 528
1732486510866 430.40348300000005 529
1732486520998 430.4241000000002 530
1732486531106 430.44097599999986 531
1732486541186 430.47814599999947 532
1732486551292 430.4847580000005 533
1732486561421 430.4988570000005 534
1732486571549 430.506163 535
1732486581689 433.1290549999994 536
1732486591837 433.1395470000007 537
1732486601987 433.17161599999963 538
1732486612136 433.23603399999956 539
1732486622278 434.47941100000025 540
1732486632403 434.4858430000004 541
1732486642538 438.333736999999 542
1732486652666 442.2129270000005 543
1732486662808 446.40233699999953 544
1732486672944 452.2579740000001 545
1732486683090 456.06033600000046 546
1732486693229 457.961405 547
1732486703332 457.97148899999956 548
1732486713442 465.9504450000004 549
1732486723603 471.57128399999965 550
1732486733740 471.5798250000007 551
1732486743873 475.258722999999 552
1732486754020 475.26656899999944 553
1732486764162 478.87470199999916 554
1732486774312 482.34089200000017 555
1732486784460 482.35741899999994 556
1732486794602 485.697490999999 557
1732486804753 489.3932100000002 558
1732486814888 489.40151999999944 559
1732486824995 492.95724100000007 560
1732486835104 492.96476299999995 561
1732486845255 492.9893940000002 562
