1732481166062 21.4 0
1732481176131 49.8 1
1732481186204 59.0 2
1732481196283 63.3 3
1732481206343 67.7 4
1732481216408 72.8 5
1732481226463 91.6 6
1732481236520 75.2 7
1732481246563 54.0 8
1732481256629 55.5 9
1732481266692 60.1 10
1732481276740 63.7 11
1732481286821 71.1 12
1732481296887 68.5 13
1732481306956 72.0 14
1732481317039 69.6 15
1732481327122 49.8 16
1732481337193 53.8 17
1732481347264 55.5 18
1732481357345 61.2 19
1732481367426 63.7 20
1732481377490 67.4 21
1732481387569 76.5 22
1732481397653 48.1 23
1732481407729 46.6 24
1732481417782 53.5 25
1732481427831 58.3 26
1732481437897 65.1 27
1732481447961 64.3 28
1732481458021 66.6 29
1732481468214 68.9 30
1732481478289 69.6 31
1732481488359 48.0 32
1732481498424 46.6 33
1732481508515 54.3 34
1732481518582 56.9 35
1732481528634 60.5 36
1732481538709 64.4 37
1732481548788 63.1 38
1732481558874 72.8 39
1732481568944 48.9 40
1732481579024 48.1 41
1732481589101 54.6 42
1732481599187 58.6 43
1732481609274 61.7 44
1732481619359 66.4 45
1732481629430 64.4 46
1732481639527 71.4 47
1732481649609 50.6 48
1732481659685 50.0 49
1732481669759 54.3 50
1732481679830 59.1 51
1732481689915 61.6 52
1732481699995 65.4 53
1732481710072 67.3 54
1732481720151 71.7 55
1732481730234 50.3 56
1732481740315 53.0 57
1732481750407 55.4 58
1732481760481 59.4 59
1732481770556 61.4 60
1732481780640 65.4 61
1732481790717 67.2 62
1732481800787 69.8 63
1732481810865 73.8 64
1732481820924 49.9 65
1732481831008 52.9 66
1732481841080 56.7 67
1732481851154 59.9 68
1732481861229 64.0 69
1732481871291 65.8 70
1732481881392 68.5 71
1732481891472 69.9 72
1732481901561 50.9 73
1732481911645 53.3 74
1732481921717 50.3 75
1732481931797 58.6 76
1732481941895 60.6 77
1732481951979 64.5 78
1732481962080 68.4 79
1732481972170 70.9 80
1732481982248 50.0 81
1732481992337 52.2 82
1732482002420 55.4 83
1732482012510 59.0 84
1732482022601 63.6 85
1732482032684 66.3 86
1732482042782 68.9 87
1732482052871 73.6 88
1732482062957 51.6 89
1732482073031 55.2 90
1732482083110 58.2 91
1732482093200 62.2 92
1732482103271 65.1 93
1732482113359 69.0 94
1732482123447 72.2 95
1732482133534 50.0 96
1732482143619 52.9 97
1732482153695 55.3 98
1732482163776 58.4 99
1732482173880 61.7 100
1732482183960 64.5 101
1732482194045 67.5 102
1732482204166 70.6 103
1732482214236 48.1 104
1732482224308 51.0 105
1732482234394 53.8 106
1732482244483 56.5 107
1732482254576 60.1 108
1732482264670 63.1 109
1732482274746 66.7 110
1732482284856 69.8 111
1732482294941 70.7 112
1732482305018 50.0 113
1732482315092 58.9 114
1732482325172 57.0 115
1732482335267 57.8 116
1732482345358 61.3 117
1732482355453 65.1 118
1732482365551 67.6 119
1732482375602 71.1 120
1732482385684 49.9 121
1732482395779 55.2 122
1732482405850 55.5 123
1732482415927 64.3 124
1732482426007 58.3 125
1732482436094 63.5 126
1732482446192 67.4 127
1732482456263 86.2 128
1732482466344 48.6 129
1732482476444 50.2 130
1732482486547 53.7 131
1732482496623 56.0 132
1732482506734 59.1 133
1732482516828 62.4 134
1732482526912 61.2 135
1732482537016 69.1 136
1732482547090 70.7 137
1732482557190 73.0 138
1732482567275 52.1 139
1732482577367 56.1 140
1732482587444 62.8 141
1732482597540 55.4 142
1732482607624 65.1 143
1732482617727 67.2 144
1732482627822 71.3 145
1732482637918 49.5 146
1732482648013 51.6 147
1732482658103 54.5 148
1732482668204 57.7 149
1732482678300 59.5 150
1732482688376 62.4 151
1732482698469 64.3 152
1732482708550 67.9 153
1732482718644 71.1 154
1732482728728 49.0 155
1732482738831 50.8 156
1732482748912 55.0 157
1732482759007 57.1 158
1732482769080 60.0 159
1732482779157 63.4 160
1732482789237 65.7 161
1732482799327 67.4 162
1732482809418 70.1 163
1732482819507 71.6 164
1732482829608 50.9 165
1732482839687 53.3 166
1732482849768 56.7 167
1732482859871 58.8 168
1732482869960 62.9 169
1732482880025 64.9 170
1732482890104 63.5 171
1732482900195 70.5 172
1732482910270 75.2 173
1732482920345 50.5 174
1732482930434 54.8 175
1732482940522 58.1 176
1732482950616 61.1 177
1732482960705 63.8 178
1732482970809 66.7 179
1732482980902 70.0 180
1732482990970 72.1 181
1732483001067 50.3 182
1732483011153 52.5 183
1732483021247 55.3 184
1732483031339 59.3 185
1732483041434 63.1 186
1732483051526 65.4 187
1732483061618 67.8 188
1732483071715 72.0 189
1732483081814 50.0 190
1732483091900 54.1 191
1732483101999 52.1 192
1732483112095 57.4 193
1732483122176 61.3 194
1732483132258 65.1 195
1732483142351 68.4 196
1732483152444 69.8 197
1732483162511 72.5 198
1732483172587 74.8 199
1732483182694 52.4 200
1732483192768 56.2 201
1732483202871 60.5 202
1732483212965 64.3 203
1732483223056 59.8 204
1732483233163 73.8 205
1732483243262 70.8 206
1732483253358 71.2 207
1732483263455 51.8 208
1732483273553 55.7 209
1732483283653 63.0 210
1732483293752 59.2 211
1732483303839 63.1 212
1732483313935 67.6 213
1732483324026 80.4 214
1732483334125 49.8 215
1732483344213 50.3 216
1732483354296 53.5 217
1732483364401 56.5 218
1732483374499 59.5 219
1732483384582 62.1 220
1732483394667 67.2 221
1732483404739 66.4 222
1732483414840 68.9 223
1732483424921 91.4 224
1732483435006 49.2 225
1732483445121 53.1 226
1732483455226 54.6 227
1732483465320 56.0 228
1732483475407 59.3 229
1732483485510 62.2 230
1732483495610 65.2 231
1732483505713 66.0 232
1732483515815 73.1 233
1732483525904 71.1 234
1732483535999 71.6 235
1732483546108 51.5 236
1732483556200 55.6 237
1732483566279 53.9 238
1732483576379 62.1 239
1732483586470 63.9 240
1732483596579 66.4 241
1732483606688 70.3 242
1732483616784 72.2 243
1732483626890 51.7 244
1732483636993 49.0 245
1732483647078 57.2 246
1732483657163 59.4 247
1732483667247 62.2 248
1732483677329 66.5 249
1732483687486 68.2 250
1732483697580 71.7 251
1732483707681 49.2 252
1732483717761 51.4 253
1732483727858 56.1 254
1732483737969 59.8 255
1732483748048 59.8 256
1732483758160 63.6 257
1732483768257 66.3 258
1732483778367 70.6 259
1732483788486 71.6 260
1732483798581 50.8 261
1732483808683 53.0 262
1732483818791 56.5 263
1732483828893 59.3 264
1732483839013 63.7 265
1732483849119 67.1 266
1732483859232 70.2 267
1732483869345 72.7 268
1732483879456 50.6 269
1732483889562 55.5 270
1732483899682 52.5 271
1732483909777 60.9 272
1732483919883 63.9 273
1732483929984 67.1 274
1732483940102 69.9 275
1732483950213 73.3 276
1732483960303 43.2 277
1732483970410 51.5 278
1732483980513 51.5 279
1732483990639 57.9 280
1732484000735 62.5 281
1732484010845 65.1 282
1732484020927 67.2 283
1732484031035 69.9 284
1732484041145 74.6 285
1732484051248 52.1 286
1732484061346 55.2 287
1732484071456 58.9 288
1732484081567 61.1 289
1732484091669 63.7 290
1732484101781 67.3 291
1732484111879 72.1 292
1732484121995 74.7 293
1732484132108 50.6 294
1732484142220 52.9 295
1732484152332 55.0 296
1732484162415 51.5 297
1732484172492 60.3 298
1732484182585 64.6 299
1732484192713 67.2 300
1732484202812 69.8 301
1732484212918 74.2 302
1732484223012 51.3 303
1732484233124 53.9 304
1732484243248 57.5 305
1732484253363 60.3 306
1732484263460 63.4 307
1732484273584 65.6 308
1732484283669 73.3 309
1732484293755 68.9 310
1732484303866 72.9 311
1732484313942 74.9 312
1732484324051 53.0 313
1732484334170 57.4 314
1732484344251 59.4 315
1732484354363 65.1 316
1732484364473 64.6 317
1732484374593 68.3 318
1732484384696 93.1 319
1732484394798 48.2 320
1732484404907 51.0 321
1732484415025 59.4 322
1732484425111 56.3 323
1732484435199 58.5 324
1732484445302 60.2 325
1732484455395 62.9 326
1732484465482 65.5 327
1732484475573 66.8 328
1732484485697 70.9 329
1732484495799 74.2 330
1732484505916 51.0 331
1732484516032 54.4 332
1732484526148 57.7 333
1732484536263 59.4 334
1732484546375 62.7 335
1732484556473 65.3 336
1732484566600 67.8 337
1732484576713 71.7 338
1732484586825 50.0 339
1732484596940 54.0 340
1732484607056 56.7 341
1732484617173 61.9 342
1732484627296 61.4 343
1732484637402 65.8 344
1732484647524 66.0 345
1732484657627 74.5 346
1732484667752 44.2 347
1732484677864 51.1 348
1732484687973 55.2 349
1732484698093 59.3 350
1732484708208 63.3 351
1732484718325 60.6 352
1732484728428 69.0 353
1732484738815 70.4 354
1732484748939 73.2 355
1732484759050 49.5 356
1732484769163 53.2 357
1732484779283 57.2 358
1732484789387 59.1 359
1732484799488 54.8 360
1732484809600 63.6 361
1732484819682 68.3 362
1732484829763 74.6 363
1732484839860 50.7 364
1732484849994 52.4 365
1732484860107 54.9 366
1732484870243 57.9 367
1732484880346 61.3 368
1732484890472 64.6 369
1732484900578 67.8 370
1732484910712 69.0 371
1732484920823 71.2 372
1732484930926 75.7 373
1732484941049 51.2 374
1732484951166 53.7 375
1732484961279 56.8 376
1732484971369 61.8 377
1732484981491 62.5 378
1732484991605 64.5 379
1732485001687 66.7 380
1732485012230 70.0 381
1732485022346 74.1 382
1732485032462 50.7 383
1732485042542 54.5 384
1732485052660 57.0 385
1732485062762 53.6 386
1732485072864 61.3 387
1732485082955 64.4 388
1732485093668 68.8 389
1732485103795 73.5 390
1732485113893 51.4 391
1732485124020 54.4 392
1732485134140 57.0 393
1732485144256 63.7 394
1732485154388 62.6 395
1732485164507 66.8 396
1732485174628 68.3 397
1732485184747 68.2 398
1732485194860 71.2 399
1732485205005 71.5 400
1732485215135 47.8 401
1732485225271 52.5 402
1732485235398 55.4 403
1732485245502 58.2 404
1732485255620 61.3 405
1732485265716 64.8 406
1732485275817 66.9 407
1732485285938 70.8 408
1732485296062 74.4 409
1732485306195 52.9 410
1732485316317 56.0 411
1732485326437 58.1 412
1732485336520 60.8 413
1732485346650 64.0 414
1732485356767 65.6 415
1732485366870 69.8 416
1732485376957 72.6 417
1732485387040 53.0 418
1732485397114 55.2 419
1732485407194 56.1 420
1732485417326 59.6 421
1732485427430 66.9 422
1732485437551 64.2 423
1732485447695 66.9 424
1732485457838 70.2 425
1732485467981 72.1 426
1732485478105 72.5 427
1732485488244 51.3 428
1732485498373 54.7 429
1732485508501 58.2 430
1732485518620 61.8 431
1732485528747 64.1 432
1732485538870 62.7 433
1732485548962 67.8 434
1732485559061 71.4 435
1732485569191 71.7 436
1732485579319 52.3 437
1732485589432 56.7 438
1732485599564 62.6 439
1732485609686 60.9 440
1732485619830 64.4 441
1732485629941 66.4 442
1732485640073 70.8 443
1732485650161 72.5 444
1732485660277 52.1 445
1732485670406 53.9 446
1732485680535 55.7 447
1732485690663 59.0 448
1732485700789 62.5 449
1732485710920 64.9 450
1732485721008 67.5 451
1732485731087 71.1 452
1732485741202 73.7 453
1732485751314 53.1 454
1732485761443 55.9 455
1732485771528 59.8 456
1732485781671 62.3 457
1732485791803 66.3 458
1732485801892 68.9 459
1732485812025 71.5 460
1732485822144 73.9 461
1732485832255 52.4 462
1732485842378 55.5 463
1732485852480 58.4 464
1732485862601 61.4 465
1732485872720 62.9 466
1732485882843 63.9 467
1732485892968 66.1 468
1732485903083 68.9 469
1732485913227 72.0 470
1732485923363 73.7 471
1732485933479 53.3 472
1732485943620 62.2 473
1732485953715 59.8 474
1732485963844 56.7 475
1732485973963 65.2 476
1732485984086 67.9 477
1732485994204 71.6 478
1732486004349 93.6 479
1732486014475 51.1 480
1732486024625 55.2 481
1732486034746 59.3 482
1732486044876 66.8 483
1732486055013 66.1 484
1732486065157 67.7 485
1732486075280 72.0 486
1732486085410 90.3 487
1732486095539 50.8 488
1732486105676 54.6 489
1732486115766 56.4 490
1732486125902 60.3 491
1732486136033 64.6 492
1732486146114 64.2 493
1732486156239 71.5 494
1732486166373 73.9 495
1732486176508 72.9 496
1732486186638 53.3 497
1732486196733 58.1 498
1732486206825 61.7 499
1732486216914 62.7 500
1732486227035 66.4 501
1732486237361 70.5 502
1732486247458 74.7 503
1732486257557 51.1 504
1732486267657 55.1 505
1732486277798 57.2 506
1732486287942 61.1 507
1732486298037 64.5 508
1732486308151 67.6 509
1732486318282 71.1 510
1732486328425 84.5 511
1732486338553 49.2 512
1732486348711 53.6 513
1732486358871 56.8 514
1732486369002 61.5 515
1732486379148 65.8 516
1732486389285 67.0 517
1732486399427 67.0 518
1732486409586 70.3 519
1732486419708 73.9 520
1732486429853 49.6 521
1732486439985 52.7 522
1732486450128 55.7 523
1732486460262 58.9 524
1732486470369 62.4 525
1732486480498 65.2 526
1732486490604 67.7 527
1732486500731 70.7 528
1732486510866 73.2 529
1732486520998 51.5 530
1732486531106 54.8 531
1732486541186 58.5 532
1732486551292 62.0 533
1732486561421 67.8 534
1732486571549 67.0 535
1732486581689 69.5 536
1732486591837 72.1 537
1732486601987 50.3 538
1732486612136 53.8 539
1732486622278 57.9 540
1732486632403 60.2 541
1732486642538 62.1 542
1732486652666 65.6 543
1732486662808 69.2 544
1732486672944 74.7 545
1732486683090 50.0 546
1732486693229 52.6 547
1732486703332 55.8 548
1732486713442 59.0 549
1732486723603 62.0 550
1732486733740 64.0 551
1732486743873 66.8 552
1732486754020 67.1 553
1732486764162 71.1 554
1732486774312 72.6 555
1732486784460 52.3 556
1732486794602 55.9 557
1732486804753 58.6 558
1732486814888 61.7 559
1732486824995 63.4 560
1732486835104 66.7 561
1732486845255 71.2 562
