1732481166062 7163.4 0
1732481176131 16696.8 1
1732481186204 19789.1 2
1732481196283 21224.4 3
1732481206343 22707.0 4
1732481216408 24416.0 5
1732481226463 30724.5 6
1732481236520 25226.4 7
1732481246563 18113.3 8
1732481256629 18613.2 9
1732481266692 20158.3 10
1732481276740 21366.8 11
1732481286821 23860.1 12
1732481296887 22990.8 13
1732481306956 24159.1 14
1732481317039 23341.2 15
1732481327122 16695.6 16
1732481337193 18033.8 17
1732481347264 18618.0 18
1732481357345 20520.6 19
1732481367426 21354.8 20
1732481377490 22624.0 21
1732481387569 25666.9 22
1732481397653 16123.7 23
1732481407729 15642.5 24
1732481417782 17965.6 25
1732481427831 19572.5 26
1732481437897 21855.7 27
1732481447961 21569.4 28
1732481458021 22352.7 29
1732481468214 23111.2 30
1732481478289 23366.0 31
1732481488359 16101.1 32
1732481498424 15639.7 33
1732481508515 18213.3 34
1732481518582 19093.6 35
1732481528634 20284.6 36
1732481538709 21607.4 37
1732481548788 21176.3 38
1732481558874 24433.0 39
1732481568944 16398.0 40
1732481579024 16141.5 41
1732481589101 18313.8 42
1732481599187 19652.7 43
1732481609274 20716.2 44
1732481619359 22284.3 45
1732481629430 21595.8 46
1732481639527 23948.0 47
1732481649609 16965.3 48
1732481659685 16760.5 49
1732481669759 18232.0 50
1732481679830 19835.2 51
1732481689915 20678.3 52
1732481699995 21950.3 53
1732481710072 22580.1 54
1732481720151 24053.6 55
1732481730234 16864.6 56
1732481740315 17797.2 57
1732481750407 18569.9 58
1732481760481 19918.2 59
1732481770556 20610.1 60
1732481780640 21953.7 61
1732481790717 22544.5 62
1732481800787 23431.7 63
1732481810865 24744.3 64
1732481820924 16727.4 65
1732481831008 17754.1 66
1732481841080 19038.7 67
1732481851154 20094.0 68
1732481861229 21477.5 69
1732481871291 22064.5 70
1732481881392 22971.2 71
1732481891472 23456.3 72
1732481901561 17065.4 73
1732481911645 17888.5 74
1732481921717 16863.1 75
1732481931797 19657.1 76
1732481941895 20326.9 77
1732481951979 21641.1 78
1732481962080 22962.3 79
1732481972170 23774.3 80
1732481982248 16776.0 81
1732481992337 17510.6 82
1732482002420 18587.4 83
1732482012510 19807.3 84
1732482022601 21350.8 85
1732482032684 22231.1 86
1732482042782 23108.7 87
1732482052871 24692.8 88
1732482062957 17305.0 89
1732482073031 18512.8 90
1732482083110 19517.4 91
1732482093200 20853.1 92
1732482103271 21850.4 93
1732482113359 23140.0 94
1732482123447 24224.2 95
1732482133534 16760.5 96
1732482143619 17732.5 97
1732482153695 18568.9 98
1732482163776 19597.8 99
1732482173880 20708.3 100
1732482183960 21633.2 101
1732482194045 22637.3 102
1732482204166 23693.3 103
1732482214236 16127.5 104
1732482224308 17099.6 105
1732482234394 18061.1 106
1732482244483 18957.4 107
1732482254576 20148.1 108
1732482264670 21185.5 109
1732482274746 22371.7 110
1732482284856 23411.9 111
1732482294941 23705.4 112
1732482305018 16789.6 113
1732482315092 19775.2 114
1732482325172 19129.0 115
1732482335267 19387.2 116
1732482345358 20568.4 117
1732482355453 21831.3 118
1732482365551 22691.1 119
1732482375602 23866.7 120
1732482385684 16738.2 121
1732482395779 18530.7 122
1732482405850 18615.0 123
1732482415927 21585.2 124
1732482426007 19567.2 125
1732482436094 21300.4 126
1732482446192 22611.2 127
1732482456263 28934.4 128
1732482466344 16313.9 129
1732482476444 16842.1 130
1732482486547 18019.9 131
1732482496623 18772.2 132
1732482506734 19815.9 133
1732482516828 20939.0 134
1732482526912 20515.4 135
1732482537016 23170.5 136
1732482547090 23708.1 137
1732482557190 24490.7 138
1732482567275 17478.7 139
1732482577367 18822.0 140
1732482587444 21053.3 141
1732482597540 18576.9 142
1732482607624 21846.3 143
1732482617727 22543.9 144
1732482627822 23929.4 145
1732482637918 16600.5 146
1732482648013 17324.0 147
1732482658103 18269.6 148
1732482668204 19359.1 149
1732482678300 19959.3 150
1732482688376 20921.1 151
1732482698469 21572.8 152
1732482708550 22769.9 153
1732482718644 23867.8 154
1732482728728 16438.2 155
1732482738831 17053.0 156
1732482748912 18448.4 157
1732482759007 19172.5 158
1732482769080 20113.9 159
1732482779157 21286.7 160
1732482789237 22041.1 161
1732482799327 22628.2 162
1732482809418 23507.3 163
1732482819507 24037.0 164
1732482829608 17068.8 165
1732482839687 17873.9 166
1732482849768 19034.3 167
1732482859871 19724.0 168
1732482869960 21091.1 169
1732482880025 21774.2 170
1732482890104 21294.5 171
1732482900195 23661.7 172
1732482910270 25215.9 173
1732482920345 16953.4 174
1732482930434 18401.2 175
1732482940522 19499.1 176
1732482950616 20482.9 177
1732482960705 21390.6 178
1732482970809 22386.3 179
1732482980902 23482.8 180
1732482990970 24183.9 181
1732483001067 16868.2 182
1732483011153 17598.9 183
1732483021247 18545.1 184
1732483031339 19882.7 185
1732483041434 21173.2 186
1732483051526 21926.1 187
1732483061618 22755.2 188
1732483071715 24169.9 189
1732483081814 16776.1 190
1732483091900 18144.2 191
1732483101999 17480.5 192
1732483112095 19247.1 193
1732483122176 20561.1 194
1732483132258 21840.2 195
1732483142351 22937.6 196
1732483152444 23403.2 197
1732483162511 24336.7 198
1732483172587 25111.1 199
1732483182694 17580.2 200
1732483192768 18846.2 201
1732483202871 20286.4 202
1732483212965 21566.2 203
1732483223056 20066.0 204
1732483233163 24767.8 205
1732483243262 23754.7 206
1732483253358 23878.0 207
1732483263455 17384.8 208
1732483273553 18694.1 209
1732483283653 21136.4 210
1732483293752 19845.4 211
1732483303839 21168.3 212
1732483313935 22666.1 213
1732483324026 26974.4 214
1732483334125 16692.0 215
1732483344213 16866.1 216
1732483354296 17960.7 217
1732483364401 18949.8 218
1732483374499 19974.6 219
1732483384582 20831.2 220
1732483394667 22537.5 221
1732483404739 22267.4 222
1732483414840 23101.0 223
1732483424921 30659.1 224
1732483435006 16496.9 225
1732483445121 17829.2 226
1732483455226 18326.9 227
1732483465320 18793.9 228
1732483475407 19882.6 229
1732483485510 20867.0 230
1732483495610 21876.0 231
1732483505713 22136.0 232
1732483515815 24526.8 233
1732483525904 23836.9 234
1732483535999 24036.3 235
1732483546108 17291.4 236
1732483556200 18657.4 237
1732483566279 18097.2 238
1732483576379 20848.9 239
1732483586470 21439.9 240
1732483596579 22269.3 241
1732483606688 23571.4 242
1732483616784 24237.9 243
1732483626890 17334.5 244
1732483636993 16442.9 245
1732483647078 19189.5 246
1732483657163 19914.3 247
1732483667247 20875.7 248
1732483677329 22298.5 249
1732483687486 22884.9 250
1732483697580 24038.2 251
1732483707681 16515.6 252
1732483717761 17229.9 253
1732483727858 18833.2 254
1732483737969 20062.0 255
1732483748048 20074.8 256
1732483758160 21352.2 257
1732483768257 22230.6 258
1732483778367 23691.9 259
1732483788486 24009.2 260
1732483798581 17046.3 261
1732483808683 17772.3 262
1732483818791 18938.8 263
1732483828893 19895.7 264
1732483839013 21369.8 265
1732483849119 22520.1 266
1732483859232 23561.2 267
1732483869345 24399.1 268
1732483879456 16966.7 269
1732483889562 18618.5 270
1732483899682 17620.3 271
1732483909777 20437.8 272
1732483919883 21452.5 273
1732483929984 22509.6 274
1732483940102 23455.0 275
1732483950213 24586.4 276
1732483960303 14505.2 277
1732483970410 17271.2 278
1732483980513 17261.1 279
1732483990639 19439.7 280
1732484000735 20982.2 281
1732484010845 21834.7 282
1732484020927 22558.0 283
1732484031035 23460.1 284
1732484041145 25042.0 285
1732484051248 17492.7 286
1732484061346 18514.4 287
1732484071456 19767.2 288
1732484081567 20500.7 289
1732484091669 21365.3 290
1732484101781 22578.3 291
1732484111879 24183.2 292
1732484121995 25070.1 293
1732484132108 16989.1 294
1732484142220 17748.0 295
1732484152332 18443.3 296
1732484162415 17285.1 297
1732484172492 20237.9 298
1732484182585 21657.7 299
1732484192713 22558.4 300
1732484202812 23400.8 301
1732484212918 24882.8 302
1732484223012 17227.4 303
1732484233124 18079.2 304
1732484243248 19278.5 305
1732484253363 20236.1 306
1732484263460 21274.3 307
1732484273584 22006.3 308
1732484283669 24584.5 309
1732484293755 23117.0 310
1732484303866 24451.2 311
1732484313942 25122.5 312
1732484324051 17781.3 313
1732484334170 19260.6 314
1732484344251 19917.4 315
1732484354363 21836.8 316
1732484364473 21666.9 317
1732484374593 22906.7 318
1732484384696 31218.3 319
1732484394798 16184.1 320
1732484404907 17118.2 321
1732484415025 19923.3 322
1732484425111 18884.1 323
1732484435199 19638.6 324
1732484445302 20192.0 325
1732484455395 21095.1 326
1732484465482 21988.4 327
1732484475573 22397.8 328
1732484485697 23777.8 329
1732484495799 24895.6 330
1732484505916 17096.8 331
1732484516032 18240.9 332
1732484526148 19354.4 333
1732484536263 19934.4 334
1732484546375 21051.3 335
1732484556473 21891.5 336
1732484566600 22746.3 337
1732484576713 24043.1 338
1732484586825 16764.0 339
1732484596940 18104.5 340
1732484607056 19017.2 341
1732484617173 20765.6 342
1732484627296 20590.0 343
1732484637402 22073.0 344
1732484647524 22157.1 345
1732484657627 24986.4 346
1732484667752 14836.4 347
1732484677864 17152.8 348
1732484687973 18530.8 349
1732484698093 19885.2 350
1732484708208 21239.7 351
1732484718325 20331.2 352
1732484728428 23161.4 353
1732484738815 23611.6 354
1732484748939 24544.0 355
1732484759050 16620.5 356
1732484769163 17834.3 357
1732484779283 19184.7 358
1732484789387 19817.2 359
1732484799488 18380.6 360
1732484809600 21324.4 361
1732484819682 22914.9 362
1732484829763 25032.1 363
1732484839860 17006.8 364
1732484849994 17572.1 365
1732484860107 18414.3 366
1732484870243 19434.4 367
1732484880346 20560.5 368
1732484890472 21669.8 369
1732484900578 22735.7 370
1732484910712 23149.4 371
1732484920823 23884.0 372
1732484930926 25413.2 373
1732484941049 17164.6 374
1732484951166 18019.3 375
1732484961279 19070.6 376
1732484971369 20735.4 377
1732484981491 20979.3 378
1732484991605 21649.7 379
1732485001687 22377.5 380
1732485012230 23497.3 381
1732485022346 24856.6 382
1732485032462 16995.5 383
1732485042542 18288.5 384
1732485052660 19132.4 385
1732485062762 17988.0 386
1732485072864 20569.2 387
1732485082955 21600.6 388
1732485093668 23089.3 389
1732485103795 24652.4 390
1732485113893 17258.8 391
1732485124020 18243.5 392
1732485134140 19120.6 393
1732485144256 21357.1 394
1732485154388 20987.8 395
1732485164507 22425.5 396
1732485174628 22902.6 397
1732485184747 22864.8 398
1732485194860 23871.2 399
1732485205005 23989.6 400
1732485215135 16025.0 401
1732485225271 17608.4 402
1732485235398 18585.9 403
1732485245502 19536.3 404
1732485255620 20549.9 405
1732485265716 21732.5 406
1732485275817 22447.7 407
1732485285938 23761.9 408
1732485296062 24970.3 409
1732485306195 17741.4 410
1732485316317 18797.1 411
1732485326437 19477.8 412
1732485336520 20390.7 413
1732485346650 21483.5 414
1732485356767 22015.4 415
1732485366870 23428.6 416
1732485376957 24370.5 417
1732485387040 17778.3 418
1732485397114 18529.5 419
1732485407194 18836.3 420
1732485417326 19982.2 421
1732485427430 22439.6 422
1732485437551 21534.4 423
1732485447695 22432.1 424
1732485457838 23545.8 425
1732485467981 24199.9 426
1732485478105 24330.9 427
1732485488244 17210.4 428
1732485498373 18354.6 429
1732485508501 19518.9 430
1732485518620 20719.4 431
1732485528747 21503.4 432
1732485538870 21041.6 433
1732485548962 22762.2 434
1732485559061 23940.5 435
1732485569191 24051.0 436
1732485579319 17540.1 437
1732485589432 19005.7 438
1732485599564 20994.2 439
1732485609686 20418.3 440
1732485619830 21607.2 441
1732485629941 22284.4 442
1732485640073 23737.8 443
1732485650161 24331.2 444
1732485660277 17486.7 445
1732485670406 18099.2 446
1732485680535 18702.8 447
1732485690663 19791.6 448
1732485700789 20961.5 449
1732485710920 21766.9 450
1732485721008 22629.1 451
1732485731087 23842.1 452
1732485741202 24709.6 453
1732485751314 17812.5 454
1732485761443 18748.8 455
1732485771528 20063.6 456
1732485781671 20907.9 457
1732485791803 22233.3 458
1732485801892 23120.4 459
1732485812025 23985.0 460
1732485822144 24778.1 461
1732485832255 17582.2 462
1732485842378 18617.4 463
1732485852480 19592.6 464
1732485862601 20587.9 465
1732485872720 21107.1 466
1732485882843 21435.0 467
1732485892968 22172.2 468
1732485903083 23103.2 469
1732485913227 24146.8 470
1732485923363 24716.4 471
1732485933479 17894.4 472
1732485943620 20879.4 473
1732485953715 20075.7 474
1732485963844 19037.1 475
1732485973963 21866.3 476
1732485984086 22766.1 477
1732485994204 24022.0 478
1732486004349 31402.1 479
1732486014475 17149.9 480
1732486024625 18531.1 481
1732486034746 19899.4 482
1732486044876 22421.7 483
1732486055013 22179.0 484
1732486065157 22702.4 485
1732486075280 24143.8 486
1732486085410 30289.4 487
1732486095539 17052.0 488
1732486105676 18316.1 489
1732486115766 18918.8 490
1732486125902 20225.1 491
1732486136033 21674.5 492
1732486146114 21543.1 493
1732486156239 23980.1 494
1732486166373 24809.3 495
1732486176508 24454.3 496
1732486186638 17874.2 497
1732486196733 19505.1 498
1732486206825 20701.0 499
1732486216914 21028.2 500
1732486227035 22263.5 501
1732486237361 23645.1 502
1732486247458 25055.3 503
1732486257557 17127.5 504
1732486267657 18481.4 505
1732486277798 19194.7 506
1732486287942 20510.0 507
1732486298037 21647.7 508
1732486308151 22694.8 509
1732486318282 23846.3 510
1732486328425 28350.0 511
1732486338553 16501.6 512
1732486348711 17978.2 513
1732486358871 19060.1 514
1732486369002 20643.6 515
1732486379148 22060.7 516
1732486389285 22464.5 517
1732486399427 22487.3 518
1732486409586 23597.0 519
1732486419708 24779.9 520
1732486429853 16628.9 521
1732486439985 17686.2 522
1732486450128 18696.3 523
1732486460262 19775.2 524
1732486470369 20932.9 525
1732486480498 21870.7 526
1732486490604 22717.5 527
1732486500731 23716.4 528
1732486510866 24573.4 529
1732486520998 17267.8 530
1732486531106 18385.1 531
1732486541186 19615.9 532
1732486551292 20808.9 533
1732486561421 22754.9 534
1732486571549 22483.7 535
1732486581689 23303.9 536
1732486591837 24198.5 537
1732486601987 16873.4 538
1732486612136 18057.2 539
1732486622278 19440.2 540
1732486632403 20180.1 541
1732486642538 20833.5 542
1732486652666 22005.8 543
1732486662808 23231.9 544
1732486672944 25059.0 545
1732486683090 16785.0 546
1732486693229 17646.2 547
1732486703332 18719.9 548
1732486713442 19786.2 549
1732486723603 20795.9 550
1732486733740 21459.6 551
1732486743873 22398.3 552
1732486754020 22526.6 553
1732486764162 23843.7 554
1732486774312 24371.0 555
1732486784460 17533.3 556
1732486794602 18751.0 557
1732486804753 19663.3 558
1732486814888 20684.2 559
1732486824995 21277.4 560
1732486835104 22379.5 561
1732486845255 23903.5 562
