1732729517353 0.0003460000000359287 0
1732729527413 0.03310899999996764 1
1732729537475 0.04621100000008482 2
1732729547516 0.05626499999993939 3
1732729557568 0.06294600000001083 4
1732729567616 0.0821770000000015 5
1732729577707 0.09510799999998198 6
1732729587946 0.10206300000004376 7
1732729598040 0.11597600000004604 8
1732729608098 0.13254600000004757 9
1732729618179 0.1399589999998625 10
1732729628257 0.16887900000006084 11
1732729638309 0.18785499999989952 12
1732729648390 0.20724199999995108 13
1732729658460 0.22180299999990893 14
