1732563001758 0.018944134935736656 6144
1732563066047 0.007497332990169525 9216
1732563124322 0.00219332636334002 12288
1732563188310 0.0042227995581924915 15360
1732563258830 0.0027695198077708483 18432
1732563319870 0.0035590154584497213 21504
1732563398671 0.018491292372345924 24576
1732563473483 0.0024561332538723946 27648
1732563546783 0.0033300351351499557 30720
1732563617568 0.00025434786221012473 33792
1732563701511 0.003496845019981265 36864
1732563788324 2.2750560674467124e-05 39936
1732563863450 2.784866046567913e-05 43008
1732563941279 4.4098338548792526e-05 46080
1732564015819 5.397984295996139e-06 49152
1732564089044 1.1640950106084347e-06 52224
1732564152893 1.524322783552634e-06 55296
1732564226913 5.527574103325605e-06 58368
1732564303129 5.999851850901905e-07 61440
1732564376477 2.9718696623604046e-06 64512
1732564446347 1.932591430886532e-06 67584
1732564516225 6.489630322903395e-06 70656
1732564600119 1.7032551113516092e-05 73728
1732564676262 5.590574346570065e-06 76800
1732564750987 2.683625325516914e-06 79872
1732564824171 1.1841960940728313e-06 82944
1732564888702 1.1923140846192837e-05 86016
1732564954267 6.168168965814402e-06 89088
1732565039794 1.3253476936370134e-05 92160
1732565120850 5.894515197724104e-06 95232
1732565185323 1.294616026825679e-06 98304
1732565251449 5.814945325255394e-07 101376
1732565322426 1.5686362530686893e-05 104448
1732565403621 9.164233233605046e-06 107520
1732565475805 1.8602391946842545e-06 110592
1732565544275 1.0946338306894177e-06 113664
1732565614931 2.7750793378800154e-05 116736
1732565687499 1.2571555089380126e-05 119808
1732565760026 3.94362723454833e-06 122880
1732565837222 6.5430263020971324e-06 125952
1732565900858 1.2705568224191666e-05 129024
1732565975145 9.63315414992394e-06 132096
1732566045150 1.1005904525518417e-06 135168
1732566122584 8.094551048998255e-06 138240
1732566205007 6.031671659911808e-07 141312
1732566278168 1.6469081174363964e-06 144384
1732566352720 4.168852228758624e-06 147456
1732566437129 6.353152912197402e-06 150528
1732566507931 4.209888629702618e-06 153600
1732566578149 3.014380808963324e-06 156672
1732566666015 0.00013241777196526527 159744
1732566729713 3.8741407479392365e-05 162816
1732566796628 1.958619941433426e-05 165888
1732566862496 1.0401631698186975e-05 168960
1732566934638 2.454638342896942e-05 172032
1732567012212 2.202717587351799e-05 175104
1732567081058 6.768503226339817e-06 178176
1732567158308 2.7435171432443894e-05 181248
1732567224700 5.0112721510231495e-06 184320
1732567295941 3.5826622024615062e-06 187392
1732567372684 1.4086836017668247e-06 190464
1732567454155 3.7571492157439934e-06 193536
1732567528551 1.187552697956562e-06 196608
1732567597311 7.281584544216457e-07 199680
1732567671253 5.846959538757801e-07 202752
