1732563001770 0.19695872 6144
1732563066067 0.19391744000000002 9216
1732563124331 0.19087616000000002 12288
1732563188319 0.18783488 15360
1732563258839 0.1847936 18432
1732563319881 0.18175232 21504
1732563398678 0.17871104 24576
1732563473492 0.17566976 27648
1732563546793 0.17262848 30720
1732563617580 0.16958720000000002 33792
1732563701520 0.16654592000000001 36864
1732563788332 0.16350464 39936
1732563863460 0.16046336000000003 43008
1732563941287 0.15742208000000002 46080
1732564015840 0.1543808 49152
1732564089053 0.15133952 52224
1732564152903 0.14829824 55296
1732564226919 0.14525696 58368
1732564303139 0.14221568 61440
1732564376488 0.13917440000000003 64512
1732564446358 0.13613312000000002 67584
1732564516234 0.13309184000000002 70656
1732564600128 0.13005056 73728
1732564676270 0.12700928 76800
1732564750997 0.12396800000000001 79872
1732564824181 0.12092672000000002 82944
1732564888714 0.11788544000000001 86016
1732564954278 0.11484416 89088
1732565039804 0.11180288 92160
1732565120860 0.10876160000000001 95232
1732565185331 0.10572032 98304
1732565251455 0.10267904000000001 101376
1732565322436 0.09963776 104448
1732565403631 0.09659648 107520
1732565475814 0.09355520000000002 110592
1732565544285 0.09051392 113664
1732565614941 0.08747263999999999 116736
1732565687510 0.08443136000000001 119808
1732565760037 0.08139008 122880
1732565837232 0.07834880000000001 125952
1732565900866 0.07530752 129024
1732565975155 0.07226624 132096
1732566045161 0.06922496000000002 135168
1732566122592 0.06618368000000001 138240
1732566205018 0.06314239999999999 141312
1732566278175 0.06010112000000001 144384
1732566352727 0.05705984 147456
1732566437141 0.05401855999999999 150528
1732566507949 0.05097728000000001 153600
1732566578160 0.047936 156672
1732566666023 0.04489472000000001 159744
1732566729722 0.041853440000000006 162816
1732566796638 0.03881216 165888
1732566862505 0.03577088000000001 168960
1732566934648 0.032729600000000005 172032
1732567012221 0.029688319999999997 175104
1732567081067 0.02664704000000001 178176
1732567158319 0.023605760000000003 181248
1732567224710 0.02056447999999999 184320
1732567295948 0.017523200000000006 187392
1732567372694 0.014481919999999997 190464
1732567454174 0.01144063999999999 193536
1732567528561 0.008399360000000003 196608
1732567597322 0.005358079999999995 199680
1732567671274 0.002316800000000009 202752
