1732563001764 0.29680989583333334 6144
1732563066050 0.08483072916666666 9216
1732563124327 0.013736979166666666 12288
1732563188315 0.05559895833333333 15360
1732563258835 0.07740885416666667 18432
1732563319875 0.06451822916666666 21504
1732563398675 0.18626302083333332 24576
1732563473487 0.043229166666666666 27648
1732563546788 0.06881510416666667 30720
1732563617574 0.0294921875 33792
1732563701515 0.03697916666666667 36864
1732563788328 0.0 39936
1732563863455 0.0 43008
1732563941283 0.0 46080
1732564015824 0.0 49152
1732564089048 0.0 52224
1732564152898 0.0 55296
1732564226916 0.0 58368
1732564303134 0.0 61440
1732564376482 0.0 64512
1732564446352 0.0 67584
1732564516230 0.0 70656
1732564600124 0.0 73728
1732564676266 0.0 76800
1732564750992 0.0 79872
1732564824176 0.0 82944
1732564888708 0.0 86016
1732564954273 0.0 89088
1732565039799 0.0 92160
1732565120855 0.0 95232
1732565185327 0.0 98304
1732565251452 0.0 101376
1732565322431 0.0 104448
1732565403626 0.0 107520
1732565475810 0.0 110592
1732565544280 0.0 113664
1732565614936 0.0 116736
1732565687505 0.0 119808
1732565760031 0.0 122880
1732565837227 0.0 125952
1732565900862 0.0 129024
1732565975150 0.0 132096
1732566045155 0.0 135168
1732566122588 0.0 138240
1732566205012 0.0 141312
1732566278172 0.0 144384
1732566352724 0.0 147456
1732566437135 0.0 150528
1732566507937 0.0 153600
1732566578154 0.0 156672
1732566666019 0.0016927083333333334 159744
1732566729717 0.0 162816
1732566796633 0.0 165888
1732566862500 0.0 168960
1732566934643 0.0 172032
1732567012217 6.510416666666667e-05 175104
1732567081063 0.0 178176
1732567158314 0.000390625 181248
1732567224705 0.0 184320
1732567295944 0.0 187392
1732567372689 0.0 190464
1732567454159 0.0 193536
1732567528556 0.0 196608
1732567597317 0.0 199680
1732567671269 0.007552083333333333 202752
