1732563001776 9.847935999999999 6144
1732563066072 9.695872 9216
1732563124337 9.543808 12288
1732563188324 9.391744 15360
1732563258844 9.23968 18432
1732563319886 9.087616 21504
1732563398682 8.935552 24576
1732563473496 8.783488 27648
1732563546799 8.631423999999999 30720
1732563617586 8.47936 33792
1732563701524 8.327296 36864
1732563788335 8.175232 39936
1732563863465 8.023168 43008
1732563941290 7.871104 46080
1732564015846 7.719040000000001 49152
1732564089057 7.566976 52224
1732564152909 7.414911999999999 55296
1732564226922 7.262847999999999 58368
1732564303145 7.110784 61440
1732564376493 6.9587200000000005 64512
1732564446362 6.806656 67584
1732564516240 6.654592 70656
1732564600133 6.502528 73728
1732564676274 6.350463999999999 76800
1732564751001 6.1983999999999995 79872
1732564824187 6.046336 82944
1732564888720 5.894272 86016
1732564954283 5.742208 89088
1732565039810 5.590144 92160
1732565120866 5.43808 95232
1732565185336 5.286015999999999 98304
1732565251459 5.133952 101376
1732565322441 4.981888 104448
1732565403636 4.8298239999999995 107520
1732565475818 4.67776 110592
1732565544303 4.525696 113664
1732565614946 4.373632 116736
1732565687515 4.221568 119808
1732565760042 4.069504 122880
1732565837238 3.917440000000001 125952
1732565900870 3.7653760000000003 129024
1732565975160 3.613312 132096
1732566045166 3.4612480000000008 135168
1732566122603 3.309184 138240
1732566205023 3.15712 141312
1732566278179 3.0050560000000006 144384
1732566352731 2.852992 147456
1732566437146 2.7009279999999998 150528
1732566507955 2.5488640000000005 153600
1732566578165 2.3968 156672
1732566666029 2.2447360000000005 159744
1732566729727 2.0926720000000003 162816
1732566796642 1.9406079999999999 165888
1732566862510 1.7885440000000006 168960
1732566934653 1.6364800000000002 172032
1732567012226 1.4844159999999997 175104
1732567081072 1.3323520000000004 178176
1732567158325 1.180288 181248
1732567224716 1.0282239999999996 184320
1732567295951 0.8761600000000003 187392
1732567372699 0.7240959999999999 190464
1732567454177 0.5720319999999994 193536
1732567528578 0.4199680000000001 196608
1732567597327 0.26790399999999975 199680
1732567671279 0.11584000000000046 202752
