1732563001781 -2.839578557014465 6144
1732563066078 -2.841096615791321 9216
1732563124341 -2.843248383204142 12288
1732563188329 -2.8446929931640623 15360
1732563258849 -2.8489930947621662 18432
1732563319891 -2.8503198941548664 21504
1732563398686 -2.8520448923110964 24576
1732563473500 -2.8598128159840903 27648
1732563546804 -2.868105165163676 30720
1732563617592 -2.8712486902872723 33792
1732563701529 -2.8678319136301678 36864
1732563788339 -2.8679088433583577 39936
1732563863470 -2.867951822280884 43008
1732563941294 -2.868005704879761 46080
1732564015851 -2.868024730682373 49152
1732564089062 -2.868029069900513 52224
1732564152914 -2.86805039246877 55296
1732564226925 -2.868042778968811 58368
1732564303151 -2.8680337270100913 61440
1732564376498 -2.8680328607559202 64512
1732564446366 -2.8680258909861247 67584
1732564516245 -2.8680225451787313 70656
1732564600137 -2.8680244127909345 73728
1732564676277 -2.868009646733602 76800
1732564751006 -2.8679982741673786 79872
1732564824192 -2.8679852803548176 82944
1732564888725 -2.867965340614319 86016
1732564954288 -2.8679807424545287 89088
1732565039815 -2.8679754892985025 92160
1732565120871 -2.8679766496022543 95232
1732565185340 -2.8680017153422037 98304
1732565251462 -2.867988610267639 101376
1732565322445 -2.867991495132446 104448
1732565403641 -2.8680126825968424 107520
1732565475823 -2.868015750249227 110592
1732565544308 -2.8680434942245485 113664
1732565614951 -2.8680434306462605 116736
1732565687521 -2.867987044652303 119808
1732565760047 -2.8679927825927733 122880
1732565837243 -2.867997948328654 125952
1732565900873 -2.867979057629903 129024
1732565975165 -2.8679748217264813 132096
1732566045171 -2.867951202392578 135168
1732566122609 -2.867947244644165 138240
1732566205028 -2.867969576517741 141312
1732566278182 -2.8679740826288858 144384
1732566352735 -2.8679640531539916 147456
1732566437152 -2.867967677116394 150528
1732566507960 -2.8680102030436196 153600
1732566578171 -2.868056233723958 156672
1732566666035 -2.8680816094080606 159744
1732566729732 -2.8680404901504515 162816
1732566796647 -2.8680211385091146 165888
1732566862520 -2.8680134534835817 168960
1732566934658 -2.868027925491333 172032
1732567012230 -2.8679860115051268 175104
1732567081082 -2.867991892496745 178176
1732567158331 -2.8680068492889403 181248
1732567224721 -2.868031660715739 184320
1732567295955 -2.868030341466268 187392
1732567372705 -2.8680314779281617 190464
1732567454181 -2.8680444717407227 193536
1732567528583 -2.868052013715108 196608
1732567597333 -2.8680554548899333 199680
1732567671285 -2.8680559555689493 202752
