1732563001787 0.001039743423461914 6144
1732563066083 -0.00015115737915039062 9216
1732563124346 0.0005761981010437012 12288
1732563188333 0.0002554655075073242 15360
1732563258855 0.0005162954330444336 18432
1732563319896 0.000125885009765625 21504
1732563398689 0.0005766153335571289 24576
1732563473503 0.001203775405883789 27648
1732563546809 0.0024950504302978516 30720
1732563617597 0.005884766578674316 33792
1732563701534 0.01359570026397705 36864
1732563788342 0.08873003721237183 39936
1732563863475 0.15686887502670288 43008
1732563941298 0.2447102665901184 46080
1732564015857 0.2473355531692505 49152
1732564089077 0.237640380859375 52224
1732564152919 0.3150596022605896 55296
1732564226928 0.3520640730857849 58368
1732564303156 0.24563074111938477 61440
1732564376503 0.3100466728210449 64512
1732564446369 0.3491881489753723 67584
1732564516251 0.3481329083442688 70656
1732564600142 0.3829946517944336 73728
1732564676287 0.39034783840179443 76800
1732564751010 0.41510361433029175 79872
1732564824197 0.3781963586807251 82944
1732564888730 0.3606491684913635 86016
1732564954293 0.36907142400741577 89088
1732565039820 0.3652268052101135 92160
1732565120876 0.41932839155197144 95232
1732565185357 0.40749305486679077 98304
1732565251480 0.422282338142395 101376
1732565322449 0.2512487769126892 104448
1732565403646 0.37073415517807007 107520
1732565475827 0.37717097997665405 110592
1732565544313 0.4291079044342041 113664
1732565614956 0.46164441108703613 116736
1732565687526 0.3692505955696106 119808
1732565760052 0.4051045775413513 122880
1732565837248 0.45084667205810547 125952
1732565900877 0.40528279542922974 129024
1732565975170 0.47254228591918945 132096
1732566045177 0.3658145070075989 135168
1732566122614 0.4733911156654358 138240
1732566205032 0.44848811626434326 141312
1732566278186 0.47819823026657104 144384
1732566352738 0.4792156219482422 147456
1732566437157 0.50334632396698 150528
1732566507966 0.44991201162338257 153600
1732566578176 0.49580079317092896 156672
1732566666041 -0.0027675628662109375 159744
1732566729737 0.3291020393371582 162816
1732566796652 0.48704421520233154 165888
1732566862525 0.4942331314086914 168960
1732566934664 0.5447647571563721 172032
1732567012247 0.5031583309173584 175104
1732567081087 0.4072614908218384 178176
1732567158336 0.04000622034072876 181248
1732567224726 0.4405628442764282 184320
1732567295959 0.1942395567893982 187392
1732567372710 0.462960422039032 190464
1732567454184 0.4919391870498657 193536
1732567528588 0.47901785373687744 196608
1732567597337 0.5264986157417297 199680
1732567671290 0.4698018431663513 202752
