1732563001793 0.00039391744 6144
1732563066088 0.00038783488000000005 9216
1732563124351 0.00038175232000000004 12288
1732563188338 0.00037566976 15360
1732563258860 0.0003695872 18432
1732563319902 0.00036350464 21504
1732563398693 0.00035742208 24576
1732563473507 0.00035133952000000003 27648
1732563546814 0.00034525696 30720
1732563617603 0.00033917440000000006 33792
1732563701538 0.00033309184 36864
1732563788346 0.00032700928 39936
1732563863480 0.00032092672 43008
1732563941302 0.00031484416 46080
1732564015862 0.00030876160000000005 49152
1732564089085 0.00030267904000000004 52224
1732564152924 0.00029659648 55296
1732564226931 0.00029051392 58368
1732564303161 0.00028443136 61440
1732564376509 0.00027834880000000004 64512
1732564446373 0.00027226624000000003 67584
1732564516256 0.00026618368 70656
1732564600147 0.00026010112 73728
1732564676291 0.00025401856 76800
1732564751015 0.00024793600000000003 79872
1732564824203 0.00024185344000000002 82944
1732564888735 0.00023577088 86016
1732564954298 0.00022968832 89088
1732565039826 0.00022360575999999998 92160
1732565120881 0.0002175232 95232
1732565185362 0.00021144063999999999 98304
1732565251484 0.00020535808000000003 101376
1732565322454 0.00019927552000000001 104448
1732565403651 0.00019319295999999998 107520
1732565475832 0.00018711040000000002 110592
1732565544319 0.00018102784 113664
1732565614961 0.00017494528 116736
1732565687532 0.00016886272 119808
1732565760058 0.00016278016 122880
1732565837253 0.0001566976 125952
1732565900881 0.00015061504 129024
1732565975175 0.00014453247999999998 132096
1732566045182 0.00013844992000000003 135168
1732566122618 0.00013236736 138240
1732566205036 0.00012628479999999997 141312
1732566278191 0.00012020224000000003 144384
1732566352742 0.00011411968 147456
1732566437162 0.00010803711999999999 150528
1732566507972 0.00010195456000000002 153600
1732566578181 9.5872e-05 156672
1732566666047 8.978944000000003e-05 159744
1732566729742 8.370688000000001e-05 162816
1732566796657 7.762432e-05 165888
1732566862530 7.154176000000002e-05 168960
1732566934668 6.545920000000001e-05 172032
1732567012252 5.937663999999999e-05 175104
1732567081091 5.329408000000002e-05 178176
1732567158342 4.721152e-05 181248
1732567224732 4.112895999999999e-05 184320
1732567295974 3.504640000000002e-05 187392
1732567372715 2.8963839999999998e-05 190464
1732567454188 2.288127999999998e-05 193536
1732567528593 1.6798720000000007e-05 196608
1732567597341 1.0716159999999991e-05 199680
1732567671295 4.633600000000019e-06 202752
