1732563001799 -0.015696492046117783 6144
1732563066094 6.610249996185303 9216
1732563124356 4.877709865570068 12288
1732563188342 1.88787043094635 15360
1732563258877 5.318639278411865 18432
1732563319907 5.0246710777282715 21504
1732563398697 1.7794263362884521 24576
1732563473511 9.357830047607422 27648
1732563546819 10.634967803955078 30720
1732563617609 8.486741065979004 33792
1732563701543 12.146549224853516 36864
1732563788350 14.296581268310547 39936
1732563863485 13.269037246704102 43008
1732563941306 13.597715377807617 46080
1732564015868 9.651926040649414 49152
1732564089095 7.235668182373047 52224
1732564152930 10.144172668457031 55296
1732564226934 7.9215288162231445 58368
1732564303166 14.179652214050293 61440
1732564376514 12.41797161102295 64512
1732564446377 6.122215747833252 67584
1732564516261 7.943443775177002 70656
1732564600152 8.724310874938965 73728
1732564676296 15.965534210205078 76800
1732564751032 6.018813133239746 79872
1732564824208 9.760235786437988 82944
1732564888740 16.134763717651367 86016
1732564954303 9.271085739135742 89088
1732565039831 15.105345726013184 92160
1732565120886 10.00695514678955 95232
1732565185366 11.537226676940918 98304
1732565251489 6.752645969390869 101376
1732565322459 18.793285369873047 104448
1732565403656 9.934196472167969 107520
1732565475836 10.76505184173584 110592
1732565544324 14.188448905944824 113664
1732565614966 10.767424583435059 116736
1732565687537 9.952319145202637 119808
1732565760063 7.720396995544434 122880
1732565837259 5.808759689331055 125952
1732565900884 13.073915481567383 129024
1732565975181 4.505253791809082 132096
1732566045187 10.311134338378906 135168
1732566122621 9.51399040222168 138240
1732566205040 12.165691375732422 141312
1732566278196 14.72458553314209 144384
1732566352758 12.716355323791504 147456
1732566437168 6.906825542449951 150528
1732566507978 11.704119682312012 153600
1732566578187 3.7439124584198 156672
1732566666053 280.8707275390625 159744
1732566729747 12.152554512023926 162816
1732566796662 5.482300281524658 165888
1732566862534 6.024331092834473 168960
1732566934672 8.516536712646484 172032
1732567012257 6.673612117767334 175104
1732567081096 10.529190063476562 178176
1732567158347 217.94003295898438 181248
1732567224737 10.0242338180542 184320
1732567295977 47.4019775390625 187392
1732567372720 6.8205461502075195 190464
1732567454191 14.095425605773926 193536
1732567528599 8.564007759094238 196608
1732567597345 6.931427478790283 199680
1732567671300 8.097271919250488 202752
