1732563001805 5.0 6144
1732563066099 10.0 9216
1732563124360 15.0 12288
1732563188347 20.0 15360
1732563258883 25.0 18432
1732563319912 30.0 21504
1732563398701 35.0 24576
1732563473515 40.0 27648
1732563546825 45.0 30720
1732563617615 50.0 33792
1732563701547 55.0 36864
1732563788365 60.0 39936
1732563863490 65.0 43008
1732563941310 70.0 46080
1732564015873 75.0 49152
1732564089106 80.0 52224
1732564152935 85.0 55296
1732564226937 90.0 58368
1732564303172 95.0 61440
1732564376532 100.0 64512
1732564446381 105.0 67584
1732564516267 110.0 70656
1732564600157 115.0 73728
1732564676299 120.0 76800
1732564751037 125.0 79872
1732564824213 130.0 82944
1732564888745 135.0 86016
1732564954319 140.0 89088
1732565039836 145.0 92160
1732565120891 150.0 95232
1732565185370 155.0 98304
1732565251494 160.0 101376
1732565322463 165.0 104448
1732565403661 170.0 107520
1732565475841 175.0 110592
1732565544330 180.0 113664
1732565614971 185.0 116736
1732565687542 190.0 119808
1732565760068 195.0 122880
1732565837264 200.0 125952
1732565900888 205.0 129024
1732565975186 210.0 132096
1732566045205 215.0 135168
1732566122625 220.0 138240
1732566205043 225.0 141312
1732566278201 230.0 144384
1732566352763 235.0 147456
1732566437173 240.0 150528
1732566507983 245.0 153600
1732566578192 250.0 156672
1732566666059 255.0 159744
1732566729752 260.0 162816
1732566796668 265.0 165888
1732566862539 270.0 168960
1732566934676 275.0 172032
1732567012263 280.0 175104
1732567081100 285.0 178176
1732567158358 290.0 181248
1732567224743 295.0 184320
1732567295981 300.0 187392
1732567372725 305.0 190464
1732567454195 310.0 193536
1732567528604 315.0 196608
1732567597349 320.0 199680
1732567671306 325.0 202752
