1732563001810 -0.024201650156949958 6144
1732563066104 -0.0014830140396952629 9216
1732563124365 0.0007376182513932387 12288
1732563188351 -0.000701934580380718 15360
1732563258888 -0.0008272706841429074 18432
1732563319918 -0.000640208600088954 21504
1732563398706 -0.001326129926989476 24576
1732563473518 0.00016487659886479377 27648
1732563546830 -0.0007534193185468515 30720
1732563617620 0.0005240359964470069 33792
1732563701552 -0.00029840685116748017 36864
1732563788371 1.973481848835945e-05 39936
1732563863496 -0.0001072463191424807 43008
1732563941313 -0.0001839807101835807 46080
1732564015878 1.1867835807303588e-05 49152
1732564089112 -6.789776186148325e-06 52224
1732564152940 -4.9121212214231494e-06 55296
1732564226940 -3.180072332421939e-05 58368
1732564303177 1.061230432242155e-05 61440
1732564376538 -2.9105025654037793e-05 64512
1732564446384 -1.1752266436815262e-05 67584
1732564516273 -3.363979825129112e-05 70656
1732564600161 -7.321747640768687e-05 73728
1732564676303 -4.529740350941817e-05 76800
1732564751043 -1.9527110271155835e-05 79872
1732564824230 -3.1489568452040355e-07 82944
1732564888750 -5.820455650488535e-05 86016
1732564954325 -4.733588236073653e-05 89088
1732565039841 -6.505354928473631e-05 92160
1732565120897 -2.3948478822906812e-05 95232
1732565185375 8.696069320042928e-07 98304
1732565251497 -4.9210774401823676e-06 101376
1732565322468 -9.966661843160788e-05 104448
1732565403666 -5.38775697350502e-05 107520
1732565475845 -2.871608982483546e-06 110592
1732565544335 -9.829550981521606e-06 113664
1732565614976 -0.000119727182512482 116736
1732565687548 -3.8570072501897815e-05 119808
1732565760073 -1.2752801800767581e-05 122880
1732565837280 -5.630306744327148e-05 125952
1732565900892 -8.942708373069764e-05 129024
1732565975203 -4.575364291667938e-05 132096
1732566045210 -9.378185495734215e-06 135168
1732566122628 -3.2922811806201933e-05 138240
1732566205047 5.077244713902473e-06 141312
1732566278206 -1.5150631467501323e-05 144384
1732566352768 4.65645765264829e-07 147456
1732566437178 -2.9796361923217772e-05 150528
1732566507990 -2.311454154551029e-05 153600
1732566578197 -6.5390331049760185e-06 156672
1732566666065 -0.00024965242482721806 159744
1732566729757 -1.0951763639847438e-05 162816
1732566796673 -0.0001721078995615244 165888
1732566862543 -7.710071901480356e-05 168960
1732566934680 -0.00010673480574041605 172032
1732567012268 -0.00011729616671800614 175104
1732567081104 -7.563005201518535e-05 178176
1732567158368 -6.271574335793654e-05 181248
1732567224748 -3.262041136622429e-05 184320
1732567295984 -5.1179900765419006e-05 187392
1732567372742 -1.0893074795603752e-05 190464
1732567454200 -6.710827971498171e-05 193536
1732567528609 -1.924730216463407e-05 196608
1732567597353 -1.2293582161267598e-05 199680
1732567671311 -8.874479681253433e-06 202752
