1732563001833 0.06010354633132617 6144
1732563066115 6.854544830322266 9216
1732563124373 4.393761976559957 12288
1732563188360 4.2895422379175825 15360
1732563258900 6.217289225260417 18432
1732563319928 6.087557109196981 21504
1732563398716 4.129242972532908 24576
1732563473526 10.12966628074646 27648
1732563546840 8.309284790356953 30720
1732563617632 12.443732452392577 33792
1732563701573 10.422536214192709 36864
1732563788381 12.210199213027954 39936
1732563863506 14.173643970489502 43008
1732563941321 12.65514841079712 46080
1732564015889 9.976301383972167 49152
1732564089124 10.59357024828593 52224
1732564152951 8.614861440658569 55296
1732564226946 6.679624231656392 58368
1732564303188 13.742539024353027 61440
1732564376548 11.057218058904011 64512
1732564446392 8.554343795776367 67584
1732564516284 8.811279233296712 70656
1732564600171 10.414948352177937 73728
1732564676311 13.02404088973999 76800
1732564751053 9.044306214650472 79872
1732564824241 10.900641632080077 82944
1732564888761 10.662772623697917 86016
1732564954336 6.5601806640625 89088
1732565039852 9.335645929972332 92160
1732565120906 10.829602638880411 95232
1732565185384 12.053770097096761 98304
1732565251505 6.436434857050577 101376
1732565322477 18.58213357925415 104448
1732565403675 8.763183625539144 107520
1732565475854 12.46065354347229 110592
1732565544346 10.210590648651124 113664
1732565614997 9.92037130991618 116736
1732565687558 8.455197016398111 119808
1732565760084 10.162360350290934 122880
1732565837291 10.034538412094117 125952
1732565900899 12.526161607106527 129024
1732565975214 6.310669525464376 132096
1732566045221 12.81467701594035 135168
1732566122635 10.585648425420125 138240
1732566205054 12.48993961016337 141312
1732566278216 12.088941828409832 144384
1732566352778 10.274960772196453 147456
1732566437188 8.086942466100057 150528
1732566508000 14.240358829498291 153600
1732566578208 10.011075552304586 156672
1732566666077 285.71709899902345 159744
1732566729778 14.253924624125164 162816
1732566796684 6.221749726931254 165888
1732566862552 6.057582791646322 168960
1732566934703 8.270993693669636 172032
1732567012278 9.909943946202596 175104
1732567081113 12.615998617808025 178176
1732567158379 182.18313903808593 181248
1732567224758 9.673062562942505 184320
1732567295991 34.41802215576172 187392
1732567372752 9.578814538319905 190464
1732567454207 11.702367210388184 193536
1732567528619 11.42795443534851 196608
1732567597360 7.796952883402507 199680
1732567671321 6.749787998199463 202752
