1732533526846 0.0 0
1732533536914 14.9 1
1732533546975 18.4 2
1732533557024 22.9 3
1732533567095 21.8 4
1732533577161 22.4 5
1732533587217 20.1 6
1732533597284 21.4 7
1732533607399 18.2 8
1732533617480 11.2 9
1732533627562 14.9 10
1732533637627 16.5 11
1732533647691 14.2 12
1732533657763 17.0 13
1732533667814 18.5 14
1732533677860 14.5 15
1732533687933 20.8 16
1732533697988 20.7 17
1732533708053 15.2 18
1732533718129 21.1 19
1732533728188 17.6 20
1732533738238 21.2 21
1732533748302 17.4 22
1732533758375 16.6 23
1732533768432 16.7 24
1732533778506 17.7 25
1732533788584 18.4 26
1732533798653 14.8 27
1732533808726 17.7 28
1732533818794 12.9 29
1732533828874 14.3 30
1732533838942 14.2 31
1732533849015 16.9 32
1732533859094 16.5 33
1732533869158 16.2 34
1732533879220 17.3 35
1732533889282 15.6 36
1732533899350 15.4 37
1732533909401 20.9 38
1732533919480 21.3 39
1732533929547 20.2 40
1732533939618 16.6 41
1732533949692 19.3 42
1732533959761 20.1 43
1732533970219 13.6 44
1732533980311 15.0 45
1732533990361 19.1 46
1732534000440 19.4 47
1732534010506 18.7 48
1732534020580 20.1 49
1732534030666 15.4 50
1732534040746 15.5 51
1732534050852 14.4 52
1732534060930 16.3 53
1732534070997 13.8 54
1732534081075 17.3 55
1732534091148 15.1 56
1732534101230 16.2 57
1732534111307 18.0 58
1732534121379 15.5 59
1732534131472 15.0 60
1732534141524 13.1 61
1732534151610 15.3 62
1732534161681 14.6 63
1732534171769 16.9 64
1732534181855 16.2 65
1732534191927 13.2 66
1732534202009 13.5 67
1732534212086 15.5 68
1732534222167 15.0 69
1732534232242 17.9 70
1732534242327 14.8 71
1732534252397 15.8 72
1732534262493 19.6 73
1732534272578 14.9 74
1732534282657 16.3 75
1732534292727 15.6 76
1732534302799 13.1 77
1732534312882 13.1 78
1732534322965 16.5 79
1732534333031 14.3 80
1732534343127 15.4 81
1732534353209 17.0 82
1732534363262 11.7 83
1732534373348 16.0 84
1732534383431 14.9 85
1732534393503 13.6 86
1732534403605 15.1 87
1732534413684 15.5 88
1732534423757 15.5 89
1732534433833 10.9 90
1732534443927 11.7 91
1732534454009 14.8 92
1732534464083 17.5 93
1732534474171 20.9 94
1732534484267 18.5 95
1732534494338 15.6 96
1732534504414 12.6 97
1732534514499 11.4 98
1732534524585 13.7 99
1732534534658 12.8 100
1732534544750 13.6 101
1732534554830 14.0 102
1732534564917 16.0 103
1732534574996 13.5 104
1732534585098 14.3 105
1732534595175 13.9 106
1732534605245 11.2 107
1732534615333 14.8 108
1732534625393 15.0 109
1732534635475 15.2 110
1732534645554 15.4 111
1732534655627 17.0 112
1732534665687 16.4 113
1732534675762 12.0 114
1732534685834 13.2 115
1732534695928 12.8 116
1732534705997 12.8 117
1732534716066 15.6 118
1732534726150 15.7 119
1732534736215 16.1 120
1732534746287 14.8 121
1732534756369 11.6 122
1732534766468 13.0 123
1732534776558 15.5 124
1732534786639 15.0 125
1732534796716 12.7 126
1732534806803 15.3 127
1732534816897 13.5 128
1732534826977 11.3 129
1732534837051 16.8 130
1732534847129 13.0 131
1732534857220 13.5 132
1732534867293 15.5 133
1732534877384 16.9 134
1732534887460 17.2 135
1732534897538 17.3 136
1732534907613 12.6 137
1732534917721 17.0 138
1732534927802 11.7 139
1732534937888 14.9 140
1732534947966 12.3 141
1732534958060 12.6 142
1732534968142 12.4 143
1732534978255 14.7 144
1732534988347 15.0 145
1732534998454 15.0 146
1732535008543 13.1 147
1732535018628 13.5 148
1732535028719 13.9 149
1732535038810 16.3 150
1732535048895 12.2 151
1732535058989 12.8 152
1732535069082 10.6 153
1732535079175 13.5 154
1732535089281 23.7 155
1732535099383 19.2 156
1732535109481 19.1 157
1732535119578 22.7 158
1732535129645 17.7 159
1732535139737 22.7 160
1732535149842 21.7 161
1732535159937 20.1 162
1732535170042 21.1 163
1732535180146 18.7 164
1732535190245 11.3 165
1732535200314 9.8 166
1732535210406 17.7 167
1732535220492 15.6 168
1732535230605 22.6 169
1732535240700 21.2 170
1732535251366 18.3 171
1732535261468 19.5 172
1732535271563 16.8 173
1732535281642 20.4 174
1732535291737 18.8 175
1732535301801 24.3 176
1732535311896 22.8 177
1732535321978 22.2 178
1732535332082 15.1 179
1732535342177 20.7 180
1732535352278 17.2 181
1732535362363 17.9 182
1732535372440 23.7 183
1732535382544 23.6 184
1732535392650 20.7 185
1732535402751 22.0 186
1732535412827 22.4 187
1732535422903 22.1 188
1732535433296 17.4 189
1732535443382 19.6 190
1732535453454 17.8 191
1732535463552 19.2 192
1732535473623 21.3 193
1732535483682 19.1 194
1732535493776 20.4 195
1732535503879 19.1 196
1732535513966 19.2 197
1732535524057 17.0 198
1732535534153 21.4 199
1732535544242 18.2 200
1732535554329 20.1 201
1732535564448 16.2 202
1732535574538 15.6 203
1732535584627 17.6 204
1732535594701 20.1 205
1732535604822 19.2 206
1732535614929 19.2 207
1732535625028 14.3 208
1732535635117 17.4 209
1732535645189 23.4 210
1732535655277 22.1 211
1732535665376 21.8 212
1732535675479 19.9 213
1732535685575 22.4 214
1732535695675 22.5 215
1732535705785 19.8 216
1732535715889 21.0 217
1732535725971 18.2 218
1732535736072 17.6 219
1732535746167 16.5 220
1732535756260 14.4 221
1732535766377 13.7 222
1732535776470 14.8 223
1732535786570 13.2 224
1732535796675 15.2 225
1732535806762 17.3 226
1732535816858 17.0 227
1732535826930 16.5 228
1732535837025 16.8 229
1732535847122 15.5 230
1732535857252 14.1 231
1732535867348 13.2 232
1732535877438 11.7 233
1732535887556 16.1 234
1732535897665 17.4 235
1732535907747 12.6 236
1732535917828 15.5 237
1732535927903 16.8 238
1732535937995 16.7 239
1732535948097 11.7 240
1732535958203 15.7 241
1732535968306 14.3 242
1732535978399 12.3 243
1732535988508 15.3 244
1732535998596 12.8 245
1732536008703 11.1 246
1732536018809 8.2 247
1732536028917 8.7 248
1732536039026 8.5 249
1732536049101 12.0 250
1732536059220 18.1 251
1732536069325 12.6 252
1732536079421 14.6 253
1732536089536 14.4 254
1732536099640 15.9 255
1732536109748 13.9 256
1732536119843 12.4 257
1732536129935 11.7 258
1732536140037 15.0 259
1732536150128 17.0 260
1732536160235 16.1 261
1732536170306 15.9 262
1732536180357 13.8 263
1732536190443 10.2 264
1732536200520 7.1 265
1732536210626 14.2 266
1732536220734 14.4 267
1732536230826 15.9 268
1732536240930 11.1 269
1732536251019 9.5 270
1732536261128 10.5 271
1732536271257 13.8 272
1732536281361 14.0 273
1732536291465 14.0 274
1732536301572 13.2 275
1732536311675 16.6 276
1732536321780 16.5 277
1732536331857 15.9 278
1732536341979 12.4 279
1732536352089 16.6 280
1732536362189 12.9 281
1732536372269 17.7 282
1732536382356 16.3 283
1732536392455 14.1 284
1732536402530 14.7 285
1732536412632 14.1 286
1732536422733 14.7 287
1732536432841 12.8 288
1732536442931 16.0 289
1732536453003 12.2 290
1732536463074 15.9 291
1732536473157 13.9 292
1732536483265 15.3 293
1732536493361 16.4 294
1732536503464 14.4 295
1732536513585 12.5 296
1732536523693 14.6 297
1732536533799 14.1 298
1732536543918 13.2 299
1732536553999 20.8 300
1732536564091 24.0 301
1732536574197 20.5 302
1732536584309 13.7 303
1732536594412 10.3 304
1732536604525 10.0 305
1732536614612 7.2 306
1732536624723 10.0 307
1732536634819 17.7 308
1732536644926 14.1 309
1732536655037 10.6 310
1732536665107 6.5 311
1732536675201 10.1 312
1732536685316 10.5 313
1732536695426 9.2 314
1732536705540 8.1 315
1732536715643 11.3 316
1732536725767 13.4 317
1732536735876 11.2 318
1732536745993 9.0 319
1732536756103 9.9 320
1732536766207 9.0 321
1732536776299 9.4 322
1732536786381 7.6 323
1732536796466 10.3 324
1732536806581 9.9 325
1732536816683 10.9 326
1732536826798 9.7 327
1732536836897 8.7 328
1732536847028 10.0 329
1732536857140 12.1 330
1732536867235 9.6 331
1732536877342 9.4 332
1732536887454 10.6 333
1732536897589 11.0 334
1732536907704 11.1 335
1732536917815 12.8 336
1732536927921 8.8 337
1732536938035 11.1 338
1732536948155 9.7 339
1732536958268 7.8 340
1732536968381 9.6 341
1732536978499 12.0 342
1732536988621 9.4 343
1732536998728 9.7 344
1732537008839 8.3 345
1732537018946 11.2 346
1732537029030 11.7 347
1732537039143 8.2 348
1732537049226 10.0 349
1732537059329 9.1 350
1732537069398 12.0 351
1732537079483 9.5 352
1732537089552 11.7 353
1732537099653 9.4 354
1732537109762 10.0 355
1732537119858 7.0 356
1732537129941 9.4 357
1732537140013 9.9 358
1732537150133 8.7 359
1732537160210 10.2 360
1732537170312 8.7 361
1732537180393 7.6 362
1732537190511 10.4 363
1732537200625 6.9 364
1732537210756 11.2 365
1732537220860 10.9 366
1732537230994 10.2 367
1732537241111 9.7 368
1732537251240 8.0 369
1732537261340 10.5 370
1732537271452 10.4 371
1732537281584 7.9 372
1732537291709 12.5 373
1732537301818 13.7 374
1732537311930 12.3 375
1732537322034 11.8 376
1732537332163 9.1 377
1732537342237 10.9 378
1732537352352 13.5 379
1732537362480 12.4 380
1732537372602 7.3 381
1732537382738 11.5 382
1732537392837 11.8 383
1732537402940 9.3 384
1732537413063 9.0 385
1732537423158 6.0 386
1732537433275 10.5 387
1732537443395 13.7 388
1732537453534 6.8 389
1732537463661 10.6 390
1732537473780 8.3 391
1732537483891 8.9 392
1732537494014 10.1 393
1732537504138 10.7 394
1732537514254 8.5 395
1732537524388 10.7 396
1732537534486 8.1 397
1732537544611 8.7 398
1732537554708 7.5 399
1732537564827 9.3 400
1732537574956 9.7 401
1732537585080 8.2 402
1732537595205 10.1 403
1732537605314 9.6 404
1732537615427 6.2 405
1732537625544 7.4 406
1732537635674 7.2 407
1732537645797 9.2 408
1732537655921 10.4 409
1732537666007 10.8 410
1732537676124 10.2 411
1732537686244 8.9 412
1732537696363 7.9 413
1732537706480 5.8 414
1732537716592 11.0 415
1732537726718 10.2 416
1732537736839 8.1 417
1732537746966 8.5 418
1732537757146 10.9 419
1732537767275 12.8 420
1732537777390 6.5 421
1732537787514 8.1 422
1732537797634 10.0 423
1732537807765 6.5 424
1732537817894 9.4 425
1732537828003 10.1 426
1732537838087 10.7 427
1732537848164 6.3 428
1732537858264 9.6 429
1732537868360 7.7 430
1732537878469 8.0 431
1732537888550 10.7 432
1732537898628 11.4 433
1732537908750 10.2 434
1732537918846 10.5 435
1732537928942 7.7 436
1732537939068 7.0 437
1732537949171 8.0 438
1732537959292 10.1 439
1732537969423 8.1 440
1732537979527 9.5 441
1732537989656 10.5 442
1732537999778 11.0 443
1732538009900 7.4 444
1732538020033 6.1 445
1732538030153 9.6 446
1732538040291 10.3 447
1732538050427 7.5 448
1732538060561 9.6 449
1732538070687 10.2 450
1732538080800 6.2 451
1732538090904 7.2 452
1732538101021 8.2 453
1732538111101 10.2 454
1732538121232 7.9 455
1732538131329 9.7 456
1732538141457 9.1 457
1732538151585 7.2 458
1732538161709 9.4 459
1732538171821 7.5 460
1732538181957 7.9 461
1732538192082 8.7 462
1732538202222 9.4 463
1732538212354 8.2 464
1732538222494 8.0 465
1732538232631 9.9 466
1732538242767 8.0 467
1732538252892 7.9 468
1732538262987 7.7 469
1732538273105 8.9 470
1732538283226 7.7 471
1732538293352 8.4 472
1732538303481 10.2 473
1732538313635 10.5 474
1732538323760 7.3 475
1732538333877 7.4 476
1732538344014 12.9 477
1732538354134 12.3 478
1732538364265 8.5 479
1732538374396 10.1 480
1732538384531 15.6 481
1732538394661 11.8 482
1732538404787 10.1 483
1732538414924 11.1 484
1732538425038 7.5 485
1732538435130 11.7 486
1732538445247 14.4 487
1732538455364 12.3 488
1732538465499 11.1 489
1732538475623 10.8 490
1732538485758 12.2 491
1732538495885 8.5 492
1732538506010 10.5 493
1732538516147 8.2 494
1732538526285 10.6 495
1732538536427 11.5 496
1732538546560 11.8 497
1732538556687 13.7 498
1732538566809 9.1 499
1732538576947 9.7 500
1732538587089 12.1 501
1732538597222 9.2 502
1732538607334 8.8 503
1732538617451 10.5 504
1732538627582 10.3 505
1732538637718 11.6 506
1732538647852 8.2 507
1732538657933 8.4 508
1732538668060 11.1 509
1732538678189 9.4 510
1732538688326 7.2 511
1732538698436 11.7 512
1732538708576 13.5 513
1732538718725 12.2 514
1732538728856 10.5 515
1732538738946 10.8 516
1732538749073 10.8 517
1732538759214 13.7 518
1732538769344 8.2 519
1732538779428 11.7 520
1732538789552 12.0 521
1732538799677 13.0 522
1732538809809 12.3 523
1732538819946 13.1 524
1732538830044 9.7 525
1732538840191 9.7 526
1732538850332 10.2 527
1732538860434 9.7 528
1732538870573 11.4 529
1732538880709 9.0 530
1732538890835 11.7 531
1732538900983 9.5 532
1732538911128 11.3 533
1732538921277 8.4 534
1732538931373 10.6 535
1732538941487 8.7 536
1732538951619 11.6 537
1732538961755 9.6 538
1732538971888 9.5 539
1732538982028 9.7 540
1732538992162 10.5 541
1732539002289 12.0 542
