1732533526846 122508.5 0
1732533536914 122510.3 1
1732533546975 122513.9 2
1732533557024 122510.4 3
1732533567095 122515.0 4
1732533577161 122511.5 5
1732533587217 122517.4 6
1732533597284 122513.9 7
1732533607399 122514.2 8
1732533617480 122514.1 9
1732533627562 122510.6 10
1732533637627 122515.2 11
1732533647691 122511.7 12
1732533657763 122516.3 13
1732533667814 122512.9 14
1732533677860 122514.3 15
1732533687933 122510.8 16
1732533697988 122515.4 17
1732533708053 122513.1 18
1732533718129 122513.4 19
1732533728188 122514.3 20
1732533738238 122514.5 21
1732533748302 122511.0 22
1732533758375 122515.6 23
1732533768432 122512.1 24
1732533778506 122515.8 25
1732533788584 122510.0 26
1732533798653 122514.7 27
1732533808726 122511.2 28
1732533818794 122515.8 29
1732533828874 122511.2 30
1732533838942 122515.9 31
1732533849015 122512.4 32
1732533859094 122512.7 33
1732533869158 122513.6 34
1732533879220 122514.0 35
1732533889282 122517.6 36
1732533899350 122514.1 37
1732533909401 122513.2 38
1732533919480 122515.3 39
1732533929547 122515.6 40
1732533939618 122510.8 41
1732533949692 122515.5 42
1732533959761 122512.0 43
1732533970219 122512.8 44
1732533980311 122513.3 45
1732533990361 122512.8 46
1732534000440 122515.1 47
1732534010506 122511.6 48
1732534020580 122511.8 49
1732534030666 122512.7 50
1732534040746 122512.9 51
1732534050852 122509.4 52
1732534060930 122514.1 53
1732534070997 122510.6 54
1732534081075 122515.2 55
1732534091148 122511.7 56
1732534101230 122511.9 57
1732534111307 122512.9 58
1732534121379 122514.4 59
1732534131472 122510.9 60
1732534141524 122515.5 61
1732534151610 122512.0 62
1732534161681 122516.6 63
1732534171769 122513.1 64
1732534181855 122513.4 65
1732534191927 122514.3 66
1732534202009 122513.2 67
1732534212086 122509.7 68
1732534222167 122514.4 69
1732534232242 122510.9 70
1732534242327 122515.5 71
1732534252397 122512.1 72
1732534262493 122514.3 73
1732534272578 122512.2 74
1732534282657 122513.1 75
1732534292727 122513.4 76
1732534302799 122509.9 77
1732534312882 122514.5 78
1732534322965 122511.0 79
1732534333031 122515.7 80
1732534343127 122512.2 81
1732534353209 122512.4 82
1732534363262 122513.3 83
1732534373348 122515.1 84
1732534383431 122511.2 85
1732534393503 122512.1 86
1732534403605 122512.3 87
1732534413684 122508.8 88
1732534423757 122512.5 89
1732534433833 122512.6 90
1732534443927 122512.8 91
1732534454009 122515.3 92
1732534464083 122517.3 93
1732534474171 122515.2 94
1732534484267 122511.9 95
1732534494338 122516.9 96
1732534504414 122513.4 97
1732534514499 122513.6 98
1732534524585 122514.5 99
1732534534658 122514.7 100
1732534544750 122511.3 101
1732534554830 122516.0 102
1732534564917 122512.4 103
1732534574996 122517.1 104
1732534585098 122513.6 105
1732534595175 122515.0 106
1732534605245 122515.9 107
1732534615333 122516.2 108
1732534625393 122512.6 109
1732534635475 122517.3 110
1732534645554 122513.8 111
1732534655627 122518.4 112
1732534665687 122514.9 113
1732534675762 122515.1 114
1732534685834 122514.8 115
1732534695928 122518.5 116
1732534705997 122515.0 117
1732534716066 122515.2 118
1732534726150 122517.3 119
1732534736215 122513.8 120
1732534746287 122514.0 121
1732534756369 122515.0 122
1732534766468 122515.2 123
1732534776558 122511.7 124
1732534786639 122516.3 125
1732534796716 122512.8 126
1732534806803 122517.5 127
1732534816897 122514.0 128
1732534826977 122514.2 129
1732534837051 122515.1 130
1732534847129 122516.5 131
1732534857220 122513.0 132
1732534867293 122517.7 133
1732534877384 122514.2 134
1732534887460 122518.8 135
1732534897538 122515.3 136
1732534907613 122515.5 137
1732534917721 122516.4 138
1732534927802 122516.7 139
1732534937888 122513.1 140
1732534947966 122517.8 141
1732534958060 122514.3 142
1732534968142 122512.0 143
1732534978255 122516.6 144
1732534988347 122513.1 145
1732534998454 122517.8 146
1732535008543 122514.2 147
1732535018628 122514.5 148
1732535028719 122515.3 149
1732535038810 122515.6 150
1732535048895 122512.0 151
1732535058989 122516.8 152
1732535069082 122516.8 153
1732535079175 122515.7 154
1732535089281 122512.7 155
1732535099383 122517.4 156
1732535109481 122513.9 157
1732535119578 122500.8 158
1732535129645 122497.4 159
1732535139737 122499.7 160
1732535149842 122501.6 161
1732535159937 122498.1 162
1732535170042 122500.2 163
1732535180146 122500.6 164
1732535190245 122500.7 165
1732535200314 122500.7 166
1732535210406 122501.9 167
1732535220492 122503.0 168
1732535230605 122499.5 169
1732535240700 122504.1 170
1732535251366 122500.6 171
1732535261468 122498.7 172
1732535271563 122503.4 173
1732535281642 122499.9 174
1732535291737 122500.1 175
1732535301801 122502.7 176
1732535311896 122499.2 177
1732535321978 122503.8 178
1732535332082 122500.3 179
1732535342177 122501.8 180
1732535352278 122501.5 181
1732535362363 122499.3 182
1732535372440 122501.9 183
1732535382544 122501.1 184
1732535392650 122505.9 185
1732535402751 122503.9 186
1732535412827 122514.5 187
1732535422903 122504.7 188
1732535433296 122501.2 189
1732535443382 122505.9 190
1732535453454 122502.7 191
1732535463552 122501.7 192
1732535473623 122505.4 193
1732535483682 122501.9 194
1732535493776 122506.5 195
1732535503879 122503.0 196
1732535513966 122503.2 197
1732535524057 122505.4 198
1732535534153 122504.6 199
1732535544242 122501.1 200
1732535554329 122504.5 201
1732535564448 122502.5 202
1732535574538 122507.1 203
1732535584627 122503.6 204
1732535594701 122503.8 205
1732535604822 122504.7 206
1732535614929 122505.0 207
1732535625028 122506.2 208
1732535635117 122507.5 209
1732535645189 122505.7 210
1732535655277 122508.4 211
1732535665376 122505.3 212
1732535675479 122501.8 213
1732535685575 122506.6 214
1732535695675 122503.4 215
1732535705785 122506.0 216
1732535715889 122504.5 217
1732535725971 122506.5 218
1732535736072 122504.3 219
1732535746167 122509.0 220
1732535756260 122506.8 221
1732535766377 122507.9 222
1732535776470 122504.4 223
1732535786570 122509.0 224
1732535796675 122505.5 225
1732535806762 122510.2 226
1732535816858 122509.2 227
1732535826930 122506.9 228
1732535837025 122507.8 229
1732535847122 122508.0 230
1732535857252 122504.5 231
1732535867348 122509.2 232
1732535877438 122505.7 233
1732535887556 122510.3 234
1732535897665 122509.4 235
1732535907747 122507.1 236
1732535917828 122508.0 237
1732535927903 122508.2 238
1732535937995 122504.7 239
1732535948097 122509.3 240
1732535958203 122505.9 241
1732535968306 122510.6 242
1732535978399 122507.1 243
1732535988508 122507.3 244
1732535998596 122509.7 245
1732536008703 122509.7 246
1732536018809 122509.7 247
1732536028917 122509.7 248
1732536039026 122509.7 249
1732536049101 122509.8 250
1732536059220 122506.3 251
1732536069325 122510.9 252
1732536079421 122507.4 253
1732536089536 122512.0 254
1732536099640 122509.7 255
1732536109748 122506.2 256
1732536119843 122510.9 257
1732536129935 122507.4 258
1732536140037 122507.6 259
1732536150128 122508.5 260
1732536160235 122508.8 261
1732536170306 122505.3 262
1732536180357 122510.1 263
1732536190443 122510.1 264
1732536200520 122510.1 265
1732536210626 122508.7 266
1732536220734 122508.9 267
1732536230826 122505.4 268
1732536240930 122506.6 269
1732536251019 122506.6 270
1732536261128 122506.6 271
1732536271257 122512.5 272
1732536281361 122507.9 273
1732536291465 122508.8 274
1732536301572 122509.0 275
1732536311675 122505.5 276
1732536321780 122510.1 277
1732536331857 122506.6 278
1732536341979 122511.3 279
1732536352089 122507.8 280
1732536362189 122508.0 281
1732536372269 122510.2 282
1732536382356 122510.4 283
1732536392455 122506.9 284
1732536402530 122511.5 285
1732536412632 122508.0 286
1732536422733 122512.7 287
1732536432841 122509.1 288
1732536442931 122509.4 289
1732536453003 122510.3 290
1732536463074 122510.5 291
1732536473157 122507.0 292
1732536483265 122509.1 293
1732536493361 122509.4 294
1732536503464 122505.9 295
1732536513585 122510.5 296
1732536523693 122507.0 297
1732536533799 122511.7 298
1732536543918 122508.1 299
1732536553999 122513.2 300
1732536564091 122511.7 301
1732536574197 122514.4 302
1732536584309 122515.2 303
1732536594412 122517.6 304
1732536604525 122517.6 305
1732536614612 122517.7 306
1732536624723 122517.7 307
1732536634819 122514.2 308
1732536644926 122512.9 309
1732536655037 122512.9 310
1732536665107 122512.9 311
1732536675201 122512.9 312
1732536685316 122513.0 313
1732536695426 122513.0 314
1732536705540 122513.0 315
1732536715643 122513.0 316
1732536725767 122513.2 317
1732536735876 122513.6 318
1732536745993 122515.4 319
1732536756103 122516.0 320
1732536766207 122514.6 321
1732536776299 122514.4 322
1732536786381 122514.4 323
1732536796466 122513.4 324
1732536806581 122513.5 325
1732536816683 122513.5 326
1732536826798 122513.5 327
1732536836897 122513.7 328
1732536847028 122515.9 329
1732536857140 122516.4 330
1732536867235 122516.6 331
1732536877342 122516.7 332
1732536887454 122516.8 333
1732536897589 122516.9 334
1732536907704 122517.1 335
1732536917815 122523.2 336
1732536927921 122523.5 337
1732536938035 122524.2 338
1732536948155 122524.4 339
1732536958268 122524.5 340
1732536968381 122524.7 341
1732536978499 122532.0 342
1732536988621 122531.9 343
1732536998728 122532.0 344
1732537008839 122532.1 345
1732537018946 122532.1 346
1732537029030 122524.7 347
1732537039143 122524.9 348
1732537049226 122525.0 349
1732537059329 122525.1 350
1732537069398 122525.0 351
1732537079483 122525.0 352
1732537089552 122511.3 353
1732537099653 122511.3 354
1732537109762 122511.3 355
1732537119858 122511.3 356
1732537129941 122511.7 357
1732537140013 122512.0 358
1732537150133 122512.0 359
1732537160210 122512.0 360
1732537170312 122512.1 361
1732537180393 122512.1 362
1732537190511 122512.2 363
1732537200625 122512.2 364
1732537210756 122512.3 365
1732537220860 122512.3 366
1732537230994 122512.4 367
1732537241111 122512.4 368
1732537251240 122512.4 369
1732537261340 122512.4 370
1732537271452 122515.4 371
1732537281584 122514.0 372
1732537291709 122514.5 373
1732537301818 122514.7 374
1732537311930 122515.4 375
1732537322034 122498.4 376
1732537332163 122499.4 377
1732537342237 122499.2 378
1732537352352 122501.5 379
1732537362480 122503.1 380
1732537372602 122503.1 381
1732537382738 122503.4 382
1732537392837 122503.4 383
1732537402940 122503.6 384
1732537413063 122503.7 385
1732537423158 122503.8 386
1732537433275 122503.9 387
1732537443395 122503.2 388
1732537453534 122503.8 389
1732537463661 122503.8 390
1732537473780 122503.7 391
1732537483891 122503.7 392
1732537494014 122503.8 393
1732537504138 122503.8 394
1732537514254 122502.6 395
1732537524388 122502.6 396
1732537534486 122502.7 397
1732537544611 122502.7 398
1732537554708 122502.7 399
1732537564827 122502.7 400
1732537574956 122502.7 401
1732537585080 122502.7 402
1732537595205 122502.7 403
1732537605314 122502.7 404
1732537615427 122502.7 405
1732537625544 122502.8 406
1732537635674 122502.8 407
1732537645797 122502.8 408
1732537655921 122502.8 409
1732537666007 122502.8 410
1732537676124 122502.8 411
1732537686244 122502.8 412
1732537696363 122502.8 413
1732537706480 122502.9 414
1732537716592 122502.9 415
1732537726718 122502.9 416
1732537736839 122502.9 417
1732537746966 122502.9 418
1732537757146 122504.2 419
1732537767275 122502.9 420
1732537777390 122502.9 421
1732537787514 122503.0 422
1732537797634 122503.0 423
1732537807765 122503.0 424
1732537817894 122503.0 425
1732537828003 122503.0 426
1732537838087 122503.0 427
1732537848164 122503.0 428
1732537858264 122503.0 429
1732537868360 122503.0 430
1732537878469 122503.1 431
1732537888550 122503.1 432
1732537898628 122503.1 433
1732537908750 122503.1 434
1732537918846 122503.1 435
1732537928942 122503.1 436
1732537939068 122503.1 437
1732537949171 122503.1 438
1732537959292 122503.2 439
1732537969423 122503.2 440
1732537979527 122503.2 441
1732537989656 122503.2 442
1732537999778 122503.2 443
1732538009900 122503.2 444
1732538020033 122503.2 445
1732538030153 122503.2 446
1732538040291 122503.3 447
1732538050427 122503.3 448
1732538060561 122503.3 449
1732538070687 122503.3 450
1732538080800 122503.3 451
1732538090904 122503.3 452
1732538101021 122503.3 453
1732538111101 122503.3 454
1732538121232 122503.3 455
1732538131329 122503.3 456
1732538141457 122503.4 457
1732538151585 122503.4 458
1732538161709 122503.4 459
1732538171821 122503.4 460
1732538181957 122503.4 461
1732538192082 122503.4 462
1732538202222 122503.4 463
1732538212354 122503.4 464
1732538222494 122503.5 465
1732538232631 122503.5 466
1732538242767 122503.5 467
1732538252892 122503.5 468
1732538262987 122503.5 469
1732538273105 122503.5 470
1732538283226 122503.5 471
1732538293352 122503.5 472
1732538303481 122503.6 473
1732538313635 122503.6 474
1732538323760 122503.6 475
1732538333877 122503.6 476
1732538344014 122506.0 477
1732538354134 122505.9 478
1732538364265 122506.2 479
1732538374396 122507.7 480
1732538384531 122499.0 481
1732538394661 122498.4 482
1732538404787 122496.3 483
1732538414924 122496.8 484
1732538425038 122497.2 485
1732538435130 122509.1 486
1732538445247 122504.5 487
1732538455364 122506.1 488
1732538465499 122506.7 489
1732538475623 122506.7 490
1732538485758 122507.4 491
1732538495885 122508.0 492
1732538506010 122508.3 493
1732538516147 122508.8 494
1732538526285 122511.9 495
1732538536427 122512.2 496
1732538546560 122505.7 497
1732538556687 122508.1 498
1732538566809 122508.3 499
1732538576947 122508.6 500
1732538587089 122509.5 501
1732538597222 122510.8 502
1732538607334 122510.8 503
1732538617451 122510.8 504
1732538627582 122511.0 505
1732538637718 122510.6 506
1732538647852 122510.6 507
1732538657933 122510.6 508
1732538668060 122510.6 509
1732538678189 122509.5 510
1732538688326 122509.5 511
1732538698436 122509.8 512
1732538708576 122510.8 513
1732538718725 122510.9 514
1732538728856 122511.8 515
1732538738946 122511.9 516
1732538749073 122496.0 517
1732538759214 122496.4 518
1732538769344 122496.7 519
1732538779428 122496.8 520
1732538789552 122497.8 521
1732538799677 122507.6 522
1732538809809 122507.7 523
1732538819946 122507.7 524
1732538830044 122508.0 525
1732538840191 122508.0 526
1732538850332 122508.0 527
1732538860434 122509.8 528
1732538870573 122509.8 529
1732538880709 122509.9 530
1732538890835 122510.0 531
1732538900983 122510.0 532
1732538911128 122510.0 533
1732538921277 122510.0 534
1732538931373 122510.0 535
1732538941487 122510.0 536
1732538951619 122510.1 537
1732538961755 122510.1 538
1732538971888 122510.1 539
1732538982028 122510.2 540
1732538992162 122510.2 541
1732539002289 122510.2 542
