1732533526846 139869.2 0
1732533536914 139867.3 1
1732533546975 139863.8 2
1732533557024 139867.3 3
1732533567095 139862.6 4
1732533577161 139866.1 5
1732533587217 139860.3 6
1732533597284 139863.8 7
1732533607399 139863.5 8
1732533617480 139863.6 9
1732533627562 139867.1 10
1732533637627 139862.4 11
1732533647691 139866.0 12
1732533657763 139861.3 13
1732533667814 139864.8 14
1732533677860 139863.4 15
1732533687933 139866.9 16
1732533697988 139862.2 17
1732533708053 139864.5 18
1732533718129 139864.3 19
1732533728188 139863.4 20
1732533738238 139863.2 21
1732533748302 139866.7 22
1732533758375 139862.0 23
1732533768432 139865.5 24
1732533778506 139861.9 25
1732533788584 139867.6 26
1732533798653 139863.0 27
1732533808726 139866.5 28
1732533818794 139861.8 29
1732533828874 139866.5 30
1732533838942 139861.8 31
1732533849015 139865.3 32
1732533859094 139865.0 33
1732533869158 139864.1 34
1732533879220 139863.7 35
1732533889282 139860.1 36
1732533899350 139863.6 37
1732533909401 139864.5 38
1732533919480 139862.4 39
1732533929547 139862.1 40
1732533939618 139866.8 41
1732533949692 139862.1 42
1732533959761 139865.6 43
1732533970219 139864.9 44
1732533980311 139864.4 45
1732533990361 139864.9 46
1732534000440 139862.6 47
1732534010506 139866.1 48
1732534020580 139865.8 49
1732534030666 139864.9 50
1732534040746 139864.7 51
1732534050852 139868.2 52
1732534060930 139863.6 53
1732534070997 139867.1 54
1732534081075 139862.4 55
1732534091148 139866.0 56
1732534101230 139865.7 57
1732534111307 139864.8 58
1732534121379 139863.3 59
1732534131472 139866.8 60
1732534141524 139862.2 61
1732534151610 139865.7 62
1732534161681 139861.0 63
1732534171769 139864.5 64
1732534181855 139864.3 65
1732534191927 139863.4 66
1732534202009 139864.4 67
1732534212086 139868.0 68
1732534222167 139863.3 69
1732534232242 139866.8 70
1732534242327 139862.2 71
1732534252397 139865.6 72
1732534262493 139863.3 73
1732534272578 139865.4 74
1732534282657 139864.5 75
1732534292727 139864.3 76
1732534302799 139867.8 77
1732534312882 139863.1 78
1732534322965 139866.6 79
1732534333031 139862.0 80
1732534343127 139865.5 81
1732534353209 139865.3 82
1732534363262 139864.4 83
1732534373348 139862.6 84
1732534383431 139866.5 85
1732534393503 139865.5 86
1732534403605 139865.3 87
1732534413684 139868.8 88
1732534423757 139865.1 89
1732534433833 139865.1 90
1732534443927 139864.9 91
1732534454009 139862.4 92
1732534464083 139860.4 93
1732534474171 139862.5 94
1732534484267 139865.8 95
1732534494338 139860.8 96
1732534504414 139864.3 97
1732534514499 139864.1 98
1732534524585 139863.2 99
1732534534658 139862.9 100
1732534544750 139866.4 101
1732534554830 139861.7 102
1732534564917 139865.2 103
1732534574996 139860.6 104
1732534585098 139864.1 105
1732534595175 139862.6 106
1732534605245 139861.7 107
1732534615333 139861.5 108
1732534625393 139865.0 109
1732534635475 139860.4 110
1732534645554 139863.9 111
1732534655627 139859.2 112
1732534665687 139862.7 113
1732534675762 139862.5 114
1732534685834 139862.8 115
1732534695928 139859.2 116
1732534705997 139862.7 117
1732534716066 139862.5 118
1732534726150 139860.3 119
1732534736215 139863.9 120
1732534746287 139863.6 121
1732534756369 139862.7 122
1732534766468 139862.5 123
1732534776558 139866.0 124
1732534786639 139861.3 125
1732534796716 139864.8 126
1732534806803 139860.2 127
1732534816897 139863.7 128
1732534826977 139863.5 129
1732534837051 139862.6 130
1732534847129 139861.1 131
1732534857220 139864.6 132
1732534867293 139860.0 133
1732534877384 139863.5 134
1732534887460 139858.9 135
1732534897538 139862.4 136
1732534907613 139862.1 137
1732534917721 139861.2 138
1732534927802 139861.0 139
1732534937888 139864.5 140
1732534947966 139859.9 141
1732534958060 139863.4 142
1732534968142 139865.7 143
1732534978255 139861.0 144
1732534988347 139864.5 145
1732534998454 139859.9 146
1732535008543 139863.4 147
1732535018628 139863.2 148
1732535028719 139862.3 149
1732535038810 139862.1 150
1732535048895 139865.6 151
1732535058989 139860.9 152
1732535069082 139860.8 153
1732535079175 139862.0 154
1732535089281 139864.9 155
1732535099383 139860.3 156
1732535109481 139863.8 157
1732535119578 139876.9 158
1732535129645 139880.2 159
1732535139737 139878.0 160
1732535149842 139876.0 161
1732535159937 139879.5 162
1732535170042 139877.4 163
1732535180146 139877.1 164
1732535190245 139877.0 165
1732535200314 139876.9 166
1732535210406 139875.8 167
1732535220492 139874.7 168
1732535230605 139878.2 169
1732535240700 139873.6 170
1732535251366 139877.1 171
1732535261468 139879.0 172
1732535271563 139874.3 173
1732535281642 139877.8 174
1732535291737 139877.6 175
1732535301801 139875.0 176
1732535311896 139878.5 177
1732535321978 139873.8 178
1732535332082 139877.3 179
1732535342177 139875.9 180
1732535352278 139876.2 181
1732535362363 139878.3 182
1732535372440 139875.8 183
1732535382544 139876.6 184
1732535392650 139871.8 185
1732535402751 139873.8 186
1732535412827 139863.2 187
1732535422903 139873.0 188
1732535433296 139876.4 189
1732535443382 139871.7 190
1732535453454 139875.0 191
1732535463552 139875.9 192
1732535473623 139872.3 193
1732535483682 139875.8 194
1732535493776 139871.1 195
1732535503879 139874.6 196
1732535513966 139874.4 197
1732535524057 139872.3 198
1732535534153 139873.1 199
1732535544242 139876.6 200
1732535554329 139873.1 201
1732535564448 139875.2 202
1732535574538 139870.5 203
1732535584627 139874.1 204
1732535594701 139873.8 205
1732535604822 139872.9 206
1732535614929 139872.7 207
1732535625028 139871.5 208
1732535635117 139870.1 209
1732535645189 139872.0 210
1732535655277 139869.3 211
1732535665376 139872.4 212
1732535675479 139875.8 213
1732535685575 139871.1 214
1732535695675 139874.2 215
1732535705785 139871.6 216
1732535715889 139873.2 217
1732535725971 139871.1 218
1732535736072 139873.3 219
1732535746167 139868.7 220
1732535756260 139870.9 221
1732535766377 139869.8 222
1732535776470 139873.3 223
1732535786570 139868.6 224
1732535796675 139872.1 225
1732535806762 139867.5 226
1732535816858 139868.4 227
1732535826930 139870.8 228
1732535837025 139869.8 229
1732535847122 139869.6 230
1732535857252 139873.1 231
1732535867348 139868.5 232
1732535877438 139872.0 233
1732535887556 139867.3 234
1732535897665 139868.3 235
1732535907747 139870.6 236
1732535917828 139869.7 237
1732535927903 139869.4 238
1732535937995 139873.0 239
1732535948097 139868.3 240
1732535958203 139871.8 241
1732535968306 139867.0 242
1732535978399 139870.6 243
1732535988508 139870.3 244
1732535998596 139868.0 245
1732536008703 139868.0 246
1732536018809 139867.9 247
1732536028917 139867.9 248
1732536039026 139867.9 249
1732536049101 139867.9 250
1732536059220 139871.4 251
1732536069325 139866.8 252
1732536079421 139870.3 253
1732536089536 139865.6 254
1732536099640 139867.9 255
1732536109748 139871.4 256
1732536119843 139866.8 257
1732536129935 139870.3 258
1732536140037 139870.1 259
1732536150128 139869.2 260
1732536160235 139868.9 261
1732536170306 139872.4 262
1732536180357 139867.6 263
1732536190443 139867.6 264
1732536200520 139867.6 265
1732536210626 139869.0 266
1732536220734 139868.8 267
1732536230826 139872.3 268
1732536240930 139871.1 269
1732536251019 139871.1 270
1732536261128 139871.0 271
1732536271257 139865.2 272
1732536281361 139869.8 273
1732536291465 139868.9 274
1732536301572 139868.7 275
1732536311675 139872.2 276
1732536321780 139867.5 277
1732536331857 139871.0 278
1732536341979 139866.3 279
1732536352089 139869.9 280
1732536362189 139869.6 281
1732536372269 139867.5 282
1732536382356 139867.3 283
1732536392455 139870.8 284
1732536402530 139866.1 285
1732536412632 139869.7 286
1732536422733 139865.0 287
1732536432841 139868.5 288
1732536442931 139868.3 289
1732536453003 139867.4 290
1732536463074 139867.2 291
1732536473157 139870.7 292
1732536483265 139868.6 293
1732536493361 139868.3 294
1732536503464 139871.8 295
1732536513585 139867.2 296
1732536523693 139870.7 297
1732536533799 139866.0 298
1732536543918 139869.5 299
1732536553999 139864.4 300
1732536564091 139865.9 301
1732536574197 139863.3 302
1732536584309 139862.5 303
1732536594412 139860.0 304
1732536604525 139860.0 305
1732536614612 139860.0 306
1732536624723 139860.0 307
1732536634819 139863.4 308
1732536644926 139864.8 309
1732536655037 139864.8 310
1732536665107 139864.8 311
1732536675201 139864.7 312
1732536685316 139864.7 313
1732536695426 139864.7 314
1732536705540 139864.7 315
1732536715643 139864.7 316
1732536725767 139864.4 317
1732536735876 139864.0 318
1732536745993 139862.2 319
1732536756103 139861.7 320
1732536766207 139863.1 321
1732536776299 139863.3 322
1732536786381 139863.3 323
1732536796466 139864.2 324
1732536806581 139864.2 325
1732536816683 139864.2 326
1732536826798 139864.2 327
1732536836897 139864.0 328
1732536847028 139861.8 329
1732536857140 139861.3 330
1732536867235 139861.1 331
1732536877342 139860.9 332
1732536887454 139860.8 333
1732536897589 139860.7 334
1732536907704 139860.5 335
1732536917815 139854.4 336
1732536927921 139854.1 337
1732536938035 139853.4 338
1732536948155 139853.2 339
1732536958268 139853.2 340
1732536968381 139852.9 341
1732536978499 139845.7 342
1732536988621 139845.8 343
1732536998728 139845.7 344
1732537008839 139845.6 345
1732537018946 139845.5 346
1732537029030 139853.0 347
1732537039143 139852.8 348
1732537049226 139852.7 349
1732537059329 139852.6 350
1732537069398 139852.7 351
1732537079483 139852.7 352
1732537089552 139866.4 353
1732537099653 139866.4 354
1732537109762 139866.4 355
1732537119858 139866.4 356
1732537129941 139866.0 357
1732537140013 139865.7 358
1732537150133 139865.7 359
1732537160210 139865.7 360
1732537170312 139865.6 361
1732537180393 139865.6 362
1732537190511 139865.5 363
1732537200625 139865.4 364
1732537210756 139865.4 365
1732537220860 139865.4 366
1732537230994 139865.3 367
1732537241111 139865.3 368
1732537251240 139865.3 369
1732537261340 139865.3 370
1732537271452 139862.3 371
1732537281584 139863.6 372
1732537291709 139863.2 373
1732537301818 139863.0 374
1732537311930 139862.3 375
1732537322034 139879.2 376
1732537332163 139878.2 377
1732537342237 139878.4 378
1732537352352 139876.2 379
1732537362480 139874.6 380
1732537372602 139874.6 381
1732537382738 139874.3 382
1732537392837 139874.2 383
1732537402940 139874.1 384
1732537413063 139874.0 385
1732537423158 139873.8 386
1732537433275 139873.8 387
1732537443395 139874.5 388
1732537453534 139873.9 389
1732537463661 139873.9 390
1732537473780 139873.9 391
1732537483891 139873.9 392
1732537494014 139873.9 393
1732537504138 139873.9 394
1732537514254 139875.0 395
1732537524388 139875.0 396
1732537534486 139875.0 397
1732537544611 139875.0 398
1732537554708 139875.0 399
1732537564827 139875.0 400
1732537574956 139875.0 401
1732537585080 139875.0 402
1732537595205 139874.9 403
1732537605314 139874.9 404
1732537615427 139874.9 405
1732537625544 139874.9 406
1732537635674 139874.9 407
1732537645797 139874.9 408
1732537655921 139874.9 409
1732537666007 139874.9 410
1732537676124 139874.8 411
1732537686244 139874.8 412
1732537696363 139874.8 413
1732537706480 139874.8 414
1732537716592 139874.8 415
1732537726718 139874.8 416
1732537736839 139874.8 417
1732537746966 139874.8 418
1732537757146 139873.4 419
1732537767275 139874.7 420
1732537777390 139874.7 421
1732537787514 139874.7 422
1732537797634 139874.7 423
1732537807765 139874.7 424
1732537817894 139874.7 425
1732537828003 139874.7 426
1732537838087 139874.6 427
1732537848164 139874.6 428
1732537858264 139874.6 429
1732537868360 139874.6 430
1732537878469 139874.6 431
1732537888550 139874.6 432
1732537898628 139874.6 433
1732537908750 139874.6 434
1732537918846 139874.6 435
1732537928942 139874.5 436
1732537939068 139874.5 437
1732537949171 139874.5 438
1732537959292 139874.5 439
1732537969423 139874.5 440
1732537979527 139874.5 441
1732537989656 139874.5 442
1732537999778 139874.5 443
1732538009900 139874.4 444
1732538020033 139874.4 445
1732538030153 139874.4 446
1732538040291 139874.4 447
1732538050427 139874.4 448
1732538060561 139874.4 449
1732538070687 139874.4 450
1732538080800 139874.4 451
1732538090904 139874.4 452
1732538101021 139874.3 453
1732538111101 139874.3 454
1732538121232 139874.3 455
1732538131329 139874.3 456
1732538141457 139874.3 457
1732538151585 139874.3 458
1732538161709 139874.3 459
1732538171821 139874.3 460
1732538181957 139874.3 461
1732538192082 139874.2 462
1732538202222 139874.2 463
1732538212354 139874.2 464
1732538222494 139874.2 465
1732538232631 139874.2 466
1732538242767 139874.2 467
1732538252892 139874.2 468
1732538262987 139874.2 469
1732538273105 139874.2 470
1732538283226 139874.1 471
1732538293352 139874.1 472
1732538303481 139874.1 473
1732538313635 139874.1 474
1732538323760 139874.1 475
1732538333877 139874.1 476
1732538344014 139871.7 477
1732538354134 139871.7 478
1732538364265 139871.4 479
1732538374396 139870.0 480
1732538384531 139878.7 481
1732538394661 139879.3 482
1732538404787 139881.4 483
1732538414924 139880.8 484
1732538425038 139880.4 485
1732538435130 139868.5 486
1732538445247 139873.1 487
1732538455364 139871.6 488
1732538465499 139871.0 489
1732538475623 139871.0 490
1732538485758 139870.3 491
1732538495885 139869.6 492
1732538506010 139869.4 493
1732538516147 139868.9 494
1732538526285 139865.8 495
1732538536427 139865.5 496
1732538546560 139872.0 497
1732538556687 139869.6 498
1732538566809 139869.4 499
1732538576947 139869.0 500
1732538587089 139868.1 501
1732538597222 139866.9 502
1732538607334 139866.9 503
1732538617451 139866.9 504
1732538627582 139866.6 505
1732538637718 139867.0 506
1732538647852 139867.0 507
1732538657933 139867.0 508
1732538668060 139867.0 509
1732538678189 139868.2 510
1732538688326 139868.2 511
1732538698436 139867.9 512
1732538708576 139866.9 513
1732538718725 139866.8 514
1732538728856 139865.8 515
1732538738946 139865.8 516
1732538749073 139881.7 517
1732538759214 139881.2 518
1732538769344 139881.0 519
1732538779428 139880.8 520
1732538789552 139879.8 521
1732538799677 139870.0 522
1732538809809 139869.9 523
1732538819946 139869.9 524
1732538830044 139869.7 525
1732538840191 139869.6 526
1732538850332 139869.6 527
1732538860434 139867.8 528
1732538870573 139867.8 529
1732538880709 139867.8 530
1732538890835 139867.7 531
1732538900983 139867.7 532
1732538911128 139867.7 533
1732538921277 139867.6 534
1732538931373 139867.6 535
1732538941487 139867.6 536
1732538951619 139867.6 537
1732538961755 139867.6 538
1732538971888 139867.5 539
1732538982028 139867.5 540
1732538992162 139867.5 541
1732539002289 139867.5 542
