1732533526846 46.7 0
1732533536914 46.7 1
1732533546975 46.7 2
1732533557024 46.7 3
1732533567095 46.7 4
1732533577161 46.7 5
1732533587217 46.7 6
1732533597284 46.7 7
1732533607399 46.7 8
1732533617480 46.7 9
1732533627562 46.7 10
1732533637627 46.7 11
1732533647691 46.7 12
1732533657763 46.7 13
1732533667814 46.7 14
1732533677860 46.7 15
1732533687933 46.7 16
1732533697988 46.7 17
1732533708053 46.7 18
1732533718129 46.7 19
1732533728188 46.7 20
1732533738238 46.7 21
1732533748302 46.7 22
1732533758375 46.7 23
1732533768432 46.7 24
1732533778506 46.7 25
1732533788584 46.7 26
1732533798653 46.7 27
1732533808726 46.7 28
1732533818794 46.7 29
1732533828874 46.7 30
1732533838942 46.7 31
1732533849015 46.7 32
1732533859094 46.7 33
1732533869158 46.7 34
1732533879220 46.7 35
1732533889282 46.7 36
1732533899350 46.7 37
1732533909401 46.7 38
1732533919480 46.7 39
1732533929547 46.7 40
1732533939618 46.7 41
1732533949692 46.7 42
1732533959761 46.7 43
1732533970219 46.7 44
1732533980311 46.7 45
1732533990361 46.7 46
1732534000440 46.7 47
1732534010506 46.7 48
1732534020580 46.7 49
1732534030666 46.7 50
1732534040746 46.7 51
1732534050852 46.7 52
1732534060930 46.7 53
1732534070997 46.7 54
1732534081075 46.7 55
1732534091148 46.7 56
1732534101230 46.7 57
1732534111307 46.7 58
1732534121379 46.7 59
1732534131472 46.7 60
1732534141524 46.7 61
1732534151610 46.7 62
1732534161681 46.7 63
1732534171769 46.7 64
1732534181855 46.7 65
1732534191927 46.7 66
1732534202009 46.7 67
1732534212086 46.7 68
1732534222167 46.7 69
1732534232242 46.7 70
1732534242327 46.7 71
1732534252397 46.7 72
1732534262493 46.7 73
1732534272578 46.7 74
1732534282657 46.7 75
1732534292727 46.7 76
1732534302799 46.7 77
1732534312882 46.7 78
1732534322965 46.7 79
1732534333031 46.7 80
1732534343127 46.7 81
1732534353209 46.7 82
1732534363262 46.7 83
1732534373348 46.7 84
1732534383431 46.7 85
1732534393503 46.7 86
1732534403605 46.7 87
1732534413684 46.7 88
1732534423757 46.7 89
1732534433833 46.7 90
1732534443927 46.7 91
1732534454009 46.7 92
1732534464083 46.7 93
1732534474171 46.7 94
1732534484267 46.7 95
1732534494338 46.7 96
1732534504414 46.7 97
1732534514499 46.7 98
1732534524585 46.7 99
1732534534658 46.7 100
1732534544750 46.7 101
1732534554830 46.7 102
1732534564917 46.7 103
1732534574996 46.7 104
1732534585098 46.7 105
1732534595175 46.7 106
1732534605245 46.7 107
1732534615333 46.7 108
1732534625393 46.7 109
1732534635475 46.7 110
1732534645554 46.7 111
1732534655627 46.7 112
1732534665687 46.7 113
1732534675762 46.7 114
1732534685834 46.7 115
1732534695928 46.7 116
1732534705997 46.7 117
1732534716066 46.7 118
1732534726150 46.7 119
1732534736215 46.7 120
1732534746287 46.7 121
1732534756369 46.7 122
1732534766468 46.7 123
1732534776558 46.7 124
1732534786639 46.7 125
1732534796716 46.7 126
1732534806803 46.7 127
1732534816897 46.7 128
1732534826977 46.7 129
1732534837051 46.7 130
1732534847129 46.7 131
1732534857220 46.7 132
1732534867293 46.7 133
1732534877384 46.7 134
1732534887460 46.7 135
1732534897538 46.7 136
1732534907613 46.7 137
1732534917721 46.7 138
1732534927802 46.7 139
1732534937888 46.7 140
1732534947966 46.7 141
1732534958060 46.7 142
1732534968142 46.7 143
1732534978255 46.7 144
1732534988347 46.7 145
1732534998454 46.7 146
1732535008543 46.7 147
1732535018628 46.7 148
1732535028719 46.7 149
1732535038810 46.7 150
1732535048895 46.7 151
1732535058989 46.7 152
1732535069082 46.7 153
1732535079175 46.7 154
1732535089281 46.7 155
1732535099383 46.7 156
1732535109481 46.7 157
1732535119578 46.7 158
1732535129645 46.7 159
1732535139737 46.7 160
1732535149842 46.7 161
1732535159937 46.7 162
1732535170042 46.7 163
1732535180146 46.7 164
1732535190245 46.7 165
1732535200314 46.7 166
1732535210406 46.7 167
1732535220492 46.7 168
1732535230605 46.7 169
1732535240700 46.7 170
1732535251366 46.7 171
1732535261468 46.7 172
1732535271563 46.7 173
1732535281642 46.7 174
1732535291737 46.7 175
1732535301801 46.7 176
1732535311896 46.7 177
1732535321978 46.7 178
1732535332082 46.7 179
1732535342177 46.7 180
1732535352278 46.7 181
1732535362363 46.7 182
1732535372440 46.7 183
1732535382544 46.7 184
1732535392650 46.7 185
1732535402751 46.7 186
1732535412827 46.7 187
1732535422903 46.7 188
1732535433296 46.7 189
1732535443382 46.7 190
1732535453454 46.7 191
1732535463552 46.7 192
1732535473623 46.7 193
1732535483682 46.7 194
1732535493776 46.7 195
1732535503879 46.7 196
1732535513966 46.7 197
1732535524057 46.7 198
1732535534153 46.7 199
1732535544242 46.7 200
1732535554329 46.7 201
1732535564448 46.7 202
1732535574538 46.7 203
1732535584627 46.7 204
1732535594701 46.7 205
1732535604822 46.7 206
1732535614929 46.7 207
1732535625028 46.7 208
1732535635117 46.7 209
1732535645189 46.7 210
1732535655277 46.7 211
1732535665376 46.7 212
1732535675479 46.7 213
1732535685575 46.7 214
1732535695675 46.7 215
1732535705785 46.7 216
1732535715889 46.7 217
1732535725971 46.7 218
1732535736072 46.7 219
1732535746167 46.7 220
1732535756260 46.7 221
1732535766377 46.7 222
1732535776470 46.7 223
1732535786570 46.7 224
1732535796675 46.7 225
1732535806762 46.7 226
1732535816858 46.7 227
1732535826930 46.7 228
1732535837025 46.7 229
1732535847122 46.7 230
1732535857252 46.7 231
1732535867348 46.7 232
1732535877438 46.7 233
1732535887556 46.7 234
1732535897665 46.7 235
1732535907747 46.7 236
1732535917828 46.7 237
1732535927903 46.7 238
1732535937995 46.7 239
1732535948097 46.7 240
1732535958203 46.7 241
1732535968306 46.7 242
1732535978399 46.7 243
1732535988508 46.7 244
1732535998596 46.7 245
1732536008703 46.7 246
1732536018809 46.7 247
1732536028917 46.7 248
1732536039026 46.7 249
1732536049101 46.7 250
1732536059220 46.7 251
1732536069325 46.7 252
1732536079421 46.7 253
1732536089536 46.7 254
1732536099640 46.7 255
1732536109748 46.7 256
1732536119843 46.7 257
1732536129935 46.7 258
1732536140037 46.7 259
1732536150128 46.7 260
1732536160235 46.7 261
1732536170306 46.7 262
1732536180357 46.7 263
1732536190443 46.7 264
1732536200520 46.7 265
1732536210626 46.7 266
1732536220734 46.7 267
1732536230826 46.7 268
1732536240930 46.7 269
1732536251019 46.7 270
1732536261128 46.7 271
1732536271257 46.7 272
1732536281361 46.7 273
1732536291465 46.7 274
1732536301572 46.7 275
1732536311675 46.7 276
1732536321780 46.7 277
1732536331857 46.7 278
1732536341979 46.7 279
1732536352089 46.7 280
1732536362189 46.7 281
1732536372269 46.7 282
1732536382356 46.7 283
1732536392455 46.7 284
1732536402530 46.7 285
1732536412632 46.7 286
1732536422733 46.7 287
1732536432841 46.7 288
1732536442931 46.7 289
1732536453003 46.7 290
1732536463074 46.7 291
1732536473157 46.7 292
1732536483265 46.7 293
1732536493361 46.7 294
1732536503464 46.7 295
1732536513585 46.7 296
1732536523693 46.7 297
1732536533799 46.7 298
1732536543918 46.7 299
1732536553999 46.7 300
1732536564091 46.7 301
1732536574197 46.7 302
1732536584309 46.7 303
1732536594412 46.7 304
1732536604525 46.7 305
1732536614612 46.7 306
1732536624723 46.7 307
1732536634819 46.7 308
1732536644926 46.7 309
1732536655037 46.7 310
1732536665107 46.7 311
1732536675201 46.7 312
1732536685316 46.7 313
1732536695426 46.7 314
1732536705540 46.7 315
1732536715643 46.7 316
1732536725767 46.7 317
1732536735876 46.7 318
1732536745993 46.7 319
1732536756103 46.7 320
1732536766207 46.7 321
1732536776299 46.7 322
1732536786381 46.7 323
1732536796466 46.7 324
1732536806581 46.7 325
1732536816683 46.7 326
1732536826798 46.7 327
1732536836897 46.7 328
1732536847028 46.7 329
1732536857140 46.7 330
1732536867235 46.7 331
1732536877342 46.7 332
1732536887454 46.7 333
1732536897589 46.7 334
1732536907704 46.7 335
1732536917815 46.7 336
1732536927921 46.7 337
1732536938035 46.7 338
1732536948155 46.7 339
1732536958268 46.7 340
1732536968381 46.7 341
1732536978499 46.7 342
1732536988621 46.7 343
1732536998728 46.7 344
1732537008839 46.7 345
1732537018946 46.7 346
1732537029030 46.7 347
1732537039143 46.7 348
1732537049226 46.7 349
1732537059329 46.7 350
1732537069398 46.7 351
1732537079483 46.7 352
1732537089552 46.7 353
1732537099653 46.7 354
1732537109762 46.7 355
1732537119858 46.7 356
1732537129941 46.7 357
1732537140013 46.7 358
1732537150133 46.7 359
1732537160210 46.7 360
1732537170312 46.7 361
1732537180393 46.7 362
1732537190511 46.7 363
1732537200625 46.7 364
1732537210756 46.7 365
1732537220860 46.7 366
1732537230994 46.7 367
1732537241111 46.7 368
1732537251240 46.7 369
1732537261340 46.7 370
1732537271452 46.7 371
1732537281584 46.7 372
1732537291709 46.7 373
1732537301818 46.7 374
1732537311930 46.7 375
1732537322034 46.7 376
1732537332163 46.7 377
1732537342237 46.7 378
1732537352352 46.7 379
1732537362480 46.7 380
1732537372602 46.7 381
1732537382738 46.7 382
1732537392837 46.7 383
1732537402940 46.7 384
1732537413063 46.7 385
1732537423158 46.7 386
1732537433275 46.7 387
1732537443395 46.7 388
1732537453534 46.7 389
1732537463661 46.7 390
1732537473780 46.7 391
1732537483891 46.7 392
1732537494014 46.7 393
1732537504138 46.7 394
1732537514254 46.7 395
1732537524388 46.7 396
1732537534486 46.7 397
1732537544611 46.7 398
1732537554708 46.7 399
1732537564827 46.7 400
1732537574956 46.7 401
1732537585080 46.7 402
1732537595205 46.7 403
1732537605314 46.7 404
1732537615427 46.7 405
1732537625544 46.7 406
1732537635674 46.7 407
1732537645797 46.7 408
1732537655921 46.7 409
1732537666007 46.7 410
1732537676124 46.7 411
1732537686244 46.7 412
1732537696363 46.7 413
1732537706480 46.7 414
1732537716592 46.7 415
1732537726718 46.7 416
1732537736839 46.7 417
1732537746966 46.7 418
1732537757146 46.7 419
1732537767275 46.7 420
1732537777390 46.7 421
1732537787514 46.7 422
1732537797634 46.7 423
1732537807765 46.7 424
1732537817894 46.7 425
1732537828003 46.7 426
1732537838087 46.7 427
1732537848164 46.7 428
1732537858264 46.7 429
1732537868360 46.7 430
1732537878469 46.7 431
1732537888550 46.7 432
1732537898628 46.7 433
1732537908750 46.7 434
1732537918846 46.7 435
1732537928942 46.7 436
1732537939068 46.7 437
1732537949171 46.7 438
1732537959292 46.7 439
1732537969423 46.7 440
1732537979527 46.7 441
1732537989656 46.7 442
1732537999778 46.7 443
1732538009900 46.7 444
1732538020033 46.7 445
1732538030153 46.7 446
1732538040291 46.7 447
1732538050427 46.7 448
1732538060561 46.7 449
1732538070687 46.7 450
1732538080800 46.7 451
1732538090904 46.7 452
1732538101021 46.7 453
1732538111101 46.7 454
1732538121232 46.7 455
1732538131329 46.7 456
1732538141457 46.7 457
1732538151585 46.7 458
1732538161709 46.7 459
1732538171821 46.7 460
1732538181957 46.7 461
1732538192082 46.7 462
1732538202222 46.7 463
1732538212354 46.7 464
1732538222494 46.7 465
1732538232631 46.7 466
1732538242767 46.7 467
1732538252892 46.7 468
1732538262987 46.7 469
1732538273105 46.7 470
1732538283226 46.7 471
1732538293352 46.7 472
1732538303481 46.7 473
1732538313635 46.7 474
1732538323760 46.7 475
1732538333877 46.7 476
1732538344014 46.7 477
1732538354134 46.7 478
1732538364265 46.7 479
1732538374396 46.7 480
1732538384531 46.7 481
1732538394661 46.7 482
1732538404787 46.7 483
1732538414924 46.7 484
1732538425038 46.7 485
1732538435130 46.7 486
1732538445247 46.7 487
1732538455364 46.7 488
1732538465499 46.7 489
1732538475623 46.7 490
1732538485758 46.7 491
1732538495885 46.7 492
1732538506010 46.7 493
1732538516147 46.7 494
1732538526285 46.7 495
1732538536427 46.7 496
1732538546560 46.7 497
1732538556687 46.7 498
1732538566809 46.7 499
1732538576947 46.7 500
1732538587089 46.7 501
1732538597222 46.7 502
1732538607334 46.7 503
1732538617451 46.7 504
1732538627582 46.7 505
1732538637718 46.7 506
1732538647852 46.7 507
1732538657933 46.7 508
1732538668060 46.7 509
1732538678189 46.7 510
1732538688326 46.7 511
1732538698436 46.7 512
1732538708576 46.7 513
1732538718725 46.7 514
1732538728856 46.7 515
1732538738946 46.7 516
1732538749073 46.7 517
1732538759214 46.7 518
1732538769344 46.7 519
1732538779428 46.7 520
1732538789552 46.7 521
1732538799677 46.7 522
1732538809809 46.7 523
1732538819946 46.7 524
1732538830044 46.7 525
1732538840191 46.7 526
1732538850332 46.7 527
1732538860434 46.7 528
1732538870573 46.7 529
1732538880709 46.7 530
1732538890835 46.7 531
1732538900983 46.7 532
1732538911128 46.7 533
1732538921277 46.7 534
1732538931373 46.7 535
1732538941487 46.7 536
1732538951619 46.7 537
1732538961755 46.7 538
1732538971888 46.7 539
1732538982028 46.7 540
1732538992162 46.7 541
1732539002289 46.7 542
