1732533526846 21.7 0
1732533536914 30.4 1
1732533546975 44.7 2
1732533557024 45.8 3
1732533567095 45.8 4
1732533577161 46.8 5
1732533587217 46.6 6
1732533597284 47.3 7
1732533607399 47.5 8
1732533617480 32.6 9
1732533627562 46.8 10
1732533637627 48.5 11
1732533647691 32.7 12
1732533657763 49.3 13
1732533667814 33.2 14
1732533677860 49.1 15
1732533687933 49.0 16
1732533697988 38.3 17
1732533708053 32.8 18
1732533718129 45.5 19
1732533728188 50.5 20
1732533738238 48.6 21
1732533748302 49.0 22
1732533758375 40.2 23
1732533768432 48.6 24
1732533778506 47.5 25
1732533788584 32.9 26
1732533798653 48.0 27
1732533808726 48.6 28
1732533818794 36.4 29
1732533828874 39.2 30
1732533838942 46.2 31
1732533849015 48.4 32
1732533859094 48.8 33
1732533869158 40.3 34
1732533879220 40.5 35
1732533889282 32.5 36
1732533899350 48.8 37
1732533909401 49.1 38
1732533919480 48.5 39
1732533929547 32.7 40
1732533939618 32.5 41
1732533949692 49.4 42
1732533959761 32.2 43
1732533970219 31.3 44
1732533980311 32.2 45
1732533990361 48.3 46
1732534000440 47.5 47
1732534010506 49.3 48
1732534020580 49.0 49
1732534030666 37.6 50
1732534040746 34.0 51
1732534050852 31.9 52
1732534060930 44.7 53
1732534070997 49.0 54
1732534081075 48.0 55
1732534091148 31.6 56
1732534101230 47.5 57
1732534111307 47.9 58
1732534121379 31.5 59
1732534131472 40.6 60
1732534141524 41.1 61
1732534151610 31.6 62
1732534161681 48.7 63
1732534171769 49.5 64
1732534181855 48.6 65
1732534191927 36.7 66
1732534202009 39.2 67
1732534212086 31.8 68
1732534222167 48.5 69
1732534232242 34.1 70
1732534242327 46.7 71
1732534252397 39.0 72
1732534262493 46.6 73
1732534272578 41.5 74
1732534282657 31.9 75
1732534292727 39.1 76
1732534302799 40.8 77
1732534312882 49.4 78
1732534322965 48.7 79
1732534333031 31.3 80
1732534343127 40.2 81
1732534353209 41.9 82
1732534363262 32.3 83
1732534373348 32.2 84
1732534383431 40.5 85
1732534393503 31.2 86
1732534403605 31.3 87
1732534413684 49.6 88
1732534423757 37.6 89
1732534433833 31.1 90
1732534443927 37.5 91
1732534454009 36.3 92
1732534464083 46.0 93
1732534474171 39.2 94
1732534484267 36.3 95
1732534494338 36.3 96
1732534504414 46.8 97
1732534514499 47.7 98
1732534524585 31.5 99
1732534534658 48.5 100
1732534544750 31.1 101
1732534554830 50.2 102
1732534564917 43.4 103
1732534574996 31.2 104
1732534585098 45.2 105
1732534595175 35.9 106
1732534605245 43.1 107
1732534615333 45.8 108
1732534625393 45.9 109
1732534635475 45.4 110
1732534645554 47.9 111
1732534655627 40.2 112
1732534665687 39.4 113
1732534675762 31.5 114
1732534685834 47.4 115
1732534695928 49.2 116
1732534705997 48.5 117
1732534716066 44.5 118
1732534726150 37.8 119
1732534736215 37.2 120
1732534746287 31.3 121
1732534756369 31.5 122
1732534766468 48.3 123
1732534776558 47.0 124
1732534786639 45.2 125
1732534796716 46.9 126
1732534806803 44.7 127
1732534816897 46.7 128
1732534826977 33.9 129
1732534837051 46.9 130
1732534847129 31.7 131
1732534857220 46.0 132
1732534867293 46.8 133
1732534877384 45.7 134
1732534887460 46.9 135
1732534897538 47.3 136
1732534907613 43.4 137
1732534917721 48.7 138
1732534927802 31.9 139
1732534937888 40.4 140
1732534947966 45.8 141
1732534958060 31.4 142
1732534968142 47.5 143
1732534978255 43.1 144
1732534988347 40.3 145
1732534998454 41.0 146
1732535008543 32.0 147
1732535018628 39.0 148
1732535028719 31.6 149
1732535038810 46.8 150
1732535048895 39.1 151
1732535058989 38.4 152
1732535069082 36.5 153
1732535079175 44.1 154
1732535089281 45.4 155
1732535099383 32.4 156
1732535109481 40.0 157
1732535119578 47.0 158
1732535129645 42.0 159
1732535139737 48.7 160
1732535149842 43.1 161
1732535159937 38.9 162
1732535170042 48.9 163
1732535180146 31.5 164
1732535190245 37.5 165
1732535200314 37.2 166
1732535210406 47.3 167
1732535220492 31.8 168
1732535230605 47.2 169
1732535240700 38.6 170
1732535251366 40.2 171
1732535261468 37.0 172
1732535271563 46.4 173
1732535281642 46.6 174
1732535291737 48.2 175
1732535301801 48.2 176
1732535311896 48.4 177
1732535321978 48.2 178
1732535332082 32.0 179
1732535342177 50.1 180
1732535352278 33.0 181
1732535362363 34.3 182
1732535372440 49.1 183
1732535382544 46.8 184
1732535392650 47.4 185
1732535402751 46.9 186
1732535412827 46.9 187
1732535422903 43.7 188
1732535433296 32.1 189
1732535443382 32.1 190
1732535453454 46.5 191
1732535463552 44.1 192
1732535473623 48.4 193
1732535483682 48.3 194
1732535493776 48.0 195
1732535503879 44.6 196
1732535513966 42.8 197
1732535524057 32.5 198
1732535534153 48.0 199
1732535544242 32.2 200
1732535554329 47.6 201
1732535564448 44.7 202
1732535574538 47.0 203
1732535584627 47.7 204
1732535594701 47.0 205
1732535604822 47.7 206
1732535614929 32.6 207
1732535625028 38.4 208
1732535635117 49.0 209
1732535645189 38.8 210
1732535655277 48.7 211
1732535665376 32.4 212
1732535675479 32.4 213
1732535685575 48.9 214
1732535695675 39.9 215
1732535705785 47.9 216
1732535715889 47.4 217
1732535725971 40.4 218
1732535736072 46.8 219
1732535746167 43.0 220
1732535756260 32.0 221
1732535766377 47.5 222
1732535776470 48.1 223
1732535786570 32.2 224
1732535796675 49.1 225
1732535806762 47.9 226
1732535816858 37.9 227
1732535826930 38.6 228
1732535837025 37.9 229
1732535847122 38.4 230
1732535857252 31.8 231
1732535867348 31.3 232
1732535877438 31.4 233
1732535887556 43.1 234
1732535897665 36.1 235
1732535907747 46.6 236
1732535917828 37.9 237
1732535927903 37.5 238
1732535937995 32.6 239
1732535948097 37.4 240
1732535958203 37.1 241
1732535968306 31.0 242
1732535978399 43.5 243
1732535988508 36.7 244
1732535998596 35.4 245
1732536008703 35.8 246
1732536018809 36.3 247
1732536028917 30.9 248
1732536039026 37.4 249
1732536049101 40.0 250
1732536059220 36.5 251
1732536069325 35.9 252
1732536079421 35.3 253
1732536089536 35.9 254
1732536099640 35.8 255
1732536109748 31.2 256
1732536119843 35.4 257
1732536129935 30.6 258
1732536140037 37.9 259
1732536150128 40.1 260
1732536160235 41.7 261
1732536170306 36.0 262
1732536180357 35.8 263
1732536190443 36.1 264
1732536200520 30.9 265
1732536210626 30.9 266
1732536220734 42.6 267
1732536230826 36.5 268
1732536240930 30.5 269
1732536251019 36.8 270
1732536261128 37.2 271
1732536271257 31.2 272
1732536281361 36.9 273
1732536291465 30.8 274
1732536301572 41.4 275
1732536311675 47.6 276
1732536321780 47.4 277
1732536331857 46.9 278
1732536341979 45.7 279
1732536352089 38.9 280
1732536362189 43.6 281
1732536372269 46.2 282
1732536382356 47.5 283
1732536392455 47.3 284
1732536402530 31.0 285
1732536412632 46.6 286
1732536422733 31.9 287
1732536432841 43.0 288
1732536442931 47.2 289
1732536453003 31.5 290
1732536463074 38.3 291
1732536473157 31.0 292
1732536483265 45.9 293
1732536493361 38.6 294
1732536503464 31.1 295
1732536513585 31.1 296
1732536523693 47.4 297
1732536533799 31.5 298
1732536543918 46.8 299
1732536553999 47.4 300
1732536564091 32.3 301
1732536574197 48.4 302
1732536584309 31.2 303
1732536594412 46.0 304
1732536604525 38.0 305
1732536614612 31.5 306
1732536624723 37.6 307
1732536634819 38.0 308
1732536644926 33.0 309
1732536655037 30.7 310
1732536665107 30.8 311
1732536675201 47.0 312
1732536685316 37.0 313
1732536695426 31.2 314
1732536705540 36.8 315
1732536715643 36.6 316
1732536725767 37.2 317
1732536735876 37.4 318
1732536745993 30.5 319
1732536756103 36.1 320
1732536766207 30.6 321
1732536776299 35.8 322
1732536786381 31.0 323
1732536796466 36.6 324
1732536806581 36.5 325
1732536816683 36.5 326
1732536826798 30.7 327
1732536836897 30.4 328
1732536847028 30.4 329
1732536857140 44.7 330
1732536867235 31.0 331
1732536877342 41.1 332
1732536887454 36.0 333
1732536897589 36.2 334
1732536907704 38.8 335
1732536917815 41.2 336
1732536927921 36.6 337
1732536938035 31.1 338
1732536948155 47.1 339
1732536958268 30.9 340
1732536968381 36.6 341
1732536978499 35.1 342
1732536988621 35.5 343
1732536998728 35.8 344
1732537008839 36.2 345
1732537018946 36.9 346
1732537029030 37.2 347
1732537039143 30.7 348
1732537049226 36.8 349
1732537059329 36.5 350
1732537069398 37.0 351
1732537079483 30.4 352
1732537089552 43.4 353
1732537099653 39.3 354
1732537109762 36.7 355
1732537119858 31.0 356
1732537129941 36.2 357
1732537140013 30.6 358
1732537150133 37.5 359
1732537160210 37.4 360
1732537170312 30.2 361
1732537180393 36.1 362
1732537190511 36.5 363
1732537200625 30.8 364
1732537210756 36.5 365
1732537220860 36.0 366
1732537230994 30.1 367
1732537241111 36.6 368
1732537251240 38.3 369
1732537261340 36.8 370
1732537271452 37.9 371
1732537281584 32.0 372
1732537291709 47.2 373
1732537301818 45.5 374
1732537311930 46.0 375
1732537322034 45.7 376
1732537332163 30.3 377
1732537342237 45.4 378
1732537352352 38.3 379
1732537362480 31.3 380
1732537372602 36.9 381
1732537382738 39.2 382
1732537392837 37.4 383
1732537402940 30.4 384
1732537413063 30.8 385
1732537423158 30.3 386
1732537433275 46.1 387
1732537443395 39.5 388
1732537453534 34.4 389
1732537463661 36.6 390
1732537473780 33.2 391
1732537483891 30.3 392
1732537494014 40.2 393
1732537504138 36.7 394
1732537514254 45.7 395
1732537524388 41.5 396
1732537534486 41.9 397
1732537544611 36.4 398
1732537554708 30.2 399
1732537564827 36.8 400
1732537574956 35.5 401
1732537585080 36.3 402
1732537595205 35.8 403
1732537605314 35.8 404
1732537615427 30.7 405
1732537625544 30.2 406
1732537635674 35.6 407
1732537645797 35.6 408
1732537655921 36.6 409
1732537666007 37.2 410
1732537676124 30.6 411
1732537686244 36.6 412
1732537696363 30.4 413
1732537706480 30.1 414
1732537716592 37.2 415
1732537726718 37.2 416
1732537736839 37.0 417
1732537746966 36.3 418
1732537757146 37.0 419
1732537767275 36.7 420
1732537777390 33.6 421
1732537787514 36.6 422
1732537797634 37.2 423
1732537807765 30.1 424
1732537817894 36.8 425
1732537828003 36.7 426
1732537838087 36.9 427
1732537848164 30.6 428
1732537858264 31.8 429
1732537868360 45.3 430
1732537878469 40.6 431
1732537888550 46.0 432
1732537898628 36.1 433
1732537908750 36.3 434
1732537918846 36.3 435
1732537928942 30.7 436
1732537939068 30.1 437
1732537949171 36.4 438
1732537959292 36.2 439
1732537969423 30.0 440
1732537979527 36.4 441
1732537989656 36.9 442
1732537999778 32.3 443
1732538009900 30.0 444
1732538020033 30.6 445
1732538030153 36.8 446
1732538040291 36.2 447
1732538050427 36.4 448
1732538060561 36.7 449
1732538070687 37.4 450
1732538080800 29.5 451
1732538090904 30.0 452
1732538101021 35.7 453
1732538111101 36.2 454
1732538121232 35.4 455
1732538131329 30.6 456
1732538141457 35.2 457
1732538151585 35.1 458
1732538161709 35.0 459
1732538171821 30.0 460
1732538181957 35.4 461
1732538192082 29.5 462
1732538202222 36.3 463
1732538212354 36.3 464
1732538222494 36.8 465
1732538232631 36.0 466
1732538242767 30.1 467
1732538252892 35.2 468
1732538262987 29.4 469
1732538273105 35.7 470
1732538283226 30.0 471
1732538293352 37.2 472
1732538303481 36.3 473
1732538313635 36.6 474
1732538323760 30.6 475
1732538333877 30.2 476
1732538344014 39.8 477
1732538354134 45.9 478
1732538364265 41.9 479
1732538374396 46.1 480
1732538384531 45.8 481
1732538394661 45.8 482
1732538404787 31.7 483
1732538414924 36.8 484
1732538425038 30.8 485
1732538435130 47.6 486
1732538445247 47.7 487
1732538455364 37.0 488
1732538465499 36.6 489
1732538475623 36.1 490
1732538485758 47.1 491
1732538495885 32.1 492
1732538506010 47.5 493
1732538516147 32.5 494
1732538526285 47.5 495
1732538536427 48.8 496
1732538546560 46.2 497
1732538556687 46.2 498
1732538566809 46.9 499
1732538576947 38.0 500
1732538587089 48.6 501
1732538597222 31.2 502
1732538607334 36.9 503
1732538617451 35.9 504
1732538627582 43.5 505
1732538637718 45.4 506
1732538647852 37.2 507
1732538657933 36.4 508
1732538668060 36.8 509
1732538678189 30.8 510
1732538688326 37.7 511
1732538698436 44.8 512
1732538708576 42.3 513
1732538718725 36.7 514
1732538728856 46.1 515
1732538738946 30.7 516
1732538749073 38.1 517
1732538759214 37.5 518
1732538769344 31.0 519
1732538779428 36.9 520
1732538789552 46.1 521
1732538799677 30.6 522
1732538809809 43.4 523
1732538819946 46.7 524
1732538830044 46.4 525
1732538840191 37.8 526
1732538850332 31.0 527
1732538860434 36.8 528
1732538870573 36.7 529
1732538880709 41.8 530
1732538890835 36.6 531
1732538900983 30.6 532
1732538911128 36.8 533
1732538921277 35.9 534
1732538931373 30.7 535
1732538941487 38.2 536
1732538951619 37.5 537
1732538961755 38.7 538
1732538971888 30.1 539
1732538982028 30.3 540
1732538992162 46.7 541
1732539002289 46.3 542
