1732533526846 2589.2 0
1732533536914 4425.9 1
1732533546975 6725.2 2
1732533557024 6741.7 3
1732533567095 6728.8 4
1732533577161 6724.3 5
1732533587217 6715.3 6
1732533597284 6722.9 7
1732533607399 6732.9 8
1732533617480 9202.2 9
1732533627562 9191.5 10
1732533637627 9191.5 11
1732533647691 9198.4 12
1732533657763 9201.8 13
1732533667814 9205.9 14
1732533677860 9193.7 15
1732533687933 9196.0 16
1732533697988 9203.8 17
1732533708053 9200.8 18
1732533718129 9197.5 19
1732533728188 9199.8 20
1732533738238 9197.8 21
1732533748302 9190.3 22
1732533758375 9184.7 23
1732533768432 9189.4 24
1732533778506 9162.8 25
1732533788584 9175.8 26
1732533798653 9157.3 27
1732533808726 9157.4 28
1732533818794 9157.3 29
1732533828874 9165.9 30
1732533838942 9165.8 31
1732533849015 9152.7 32
1732533859094 9152.8 33
1732533869158 9159.6 34
1732533879220 9173.2 35
1732533889282 9175.7 36
1732533899350 9212.7 37
1732533909401 9236.8 38
1732533919480 9228.5 39
1732533929547 9230.6 40
1732533939618 9234.8 41
1732533949692 9237.4 42
1732533959761 9198.3 43
1732533970219 9197.0 44
1732533980311 9269.4 45
1732533990361 9199.9 46
1732534000440 9197.9 47
1732534010506 9132.8 48
1732534020580 9194.0 49
1732534030666 9112.1 50
1732534040746 9123.1 51
1732534050852 9161.8 52
1732534060930 9103.6 53
1732534070997 9081.6 54
1732534081075 9108.3 55
1732534091148 9090.4 56
1732534101230 9076.1 57
1732534111307 9076.0 58
1732534121379 9078.8 59
1732534131472 9078.8 60
1732534141524 9090.3 61
1732534151610 9074.5 62
1732534161681 9069.9 63
1732534171769 9069.7 64
1732534181855 9069.9 65
1732534191927 9069.9 66
1732534202009 9069.7 67
1732534212086 9076.7 68
1732534222167 9084.3 69
1732534232242 9082.9 70
1732534242327 9071.9 71
1732534252397 9081.8 72
1732534262493 9092.3 73
1732534272578 9089.9 74
1732534282657 9097.6 75
1732534292727 9085.8 76
1732534302799 9071.9 77
1732534312882 9072.0 78
1732534322965 9067.8 79
1732534333031 9079.0 80
1732534343127 9072.1 81
1732534353209 9072.1 82
1732534363262 9072.0 83
1732534373348 9078.9 84
1732534383431 9060.9 85
1732534393503 9067.7 86
1732534403605 9067.8 87
1732534413684 9079.2 88
1732534423757 9105.8 89
1732534433833 9156.3 90
1732534443927 9144.4 91
1732534454009 9128.0 92
1732534464083 9214.4 93
1732534474171 9132.2 94
1732534484267 9133.8 95
1732534494338 9101.3 96
1732534504414 9092.5 97
1732534514499 9092.6 98
1732534524585 9099.3 99
1732534534658 9083.6 100
1732534544750 9090.6 101
1732534554830 9083.6 102
1732534564917 9083.6 103
1732534574996 9083.6 104
1732534585098 9083.7 105
1732534595175 9090.5 106
1732534605245 9083.6 107
1732534615333 9079.6 108
1732534625393 9079.4 109
1732534635475 9079.4 110
1732534645554 9079.6 111
1732534655627 9079.4 112
1732534665687 9079.4 113
1732534675762 9090.6 114
1732534685834 9082.2 115
1732534695928 9080.0 116
1732534705997 9072.8 117
1732534716066 9072.9 118
1732534726150 9072.8 119
1732534736215 9078.4 120
1732534746287 9085.1 121
1732534756369 9089.4 122
1732534766468 9082.5 123
1732534776558 9082.5 124
1732534786639 9089.4 125
1732534796716 9082.5 126
1732534806803 9089.4 127
1732534816897 9082.5 128
1732534826977 9082.5 129
1732534837051 9082.5 130
1732534847129 9082.5 131
1732534857220 9082.5 132
1732534867293 9082.5 133
1732534877384 9082.6 134
1732534887460 9082.5 135
1732534897538 9082.5 136
1732534907613 9086.7 137
1732534917721 9076.2 138
1732534927802 9080.4 139
1732534937888 9080.5 140
1732534947966 9080.4 141
1732534958060 9080.4 142
1732534968142 9080.4 143
1732534978255 9064.4 144
1732534988347 9064.4 145
1732534998454 9064.4 146
1732535008543 9071.3 147
1732535018628 9064.4 148
1732535028719 9071.3 149
1732535038810 9064.4 150
1732535048895 9078.2 151
1732535058989 9163.4 152
1732535069082 9101.2 153
1732535079175 9168.4 154
1732535089281 9161.7 155
1732535099383 9131.7 156
1732535109481 9102.0 157
1732535119578 9127.1 158
1732535129645 9195.3 159
1732535139737 9105.2 160
1732535149842 9096.5 161
1732535159937 9111.8 162
1732535170042 9084.2 163
1732535180146 9097.9 164
1732535190245 9092.6 165
1732535200314 9092.6 166
1732535210406 9103.3 167
1732535220492 9098.9 168
1732535230605 9098.6 169
1732535240700 9101.2 170
1732535251366 9102.7 171
1732535261468 9184.7 172
1732535271563 9098.6 173
1732535281642 9087.7 174
1732535291737 9093.1 175
1732535301801 9172.6 176
1732535311896 9166.9 177
1732535321978 9172.4 178
1732535332082 9122.5 179
1732535342177 9107.2 180
1732535352278 9101.5 181
1732535362363 9149.9 182
1732535372440 9153.7 183
1732535382544 9201.1 184
1732535392650 9180.6 185
1732535402751 9193.5 186
1732535412827 9176.7 187
1732535422903 9183.6 188
1732535433296 9147.6 189
1732535443382 9130.8 190
1732535453454 9146.9 191
1732535463552 9145.6 192
1732535473623 9163.2 193
1732535483682 9168.0 194
1732535493776 9132.8 195
1732535503879 9116.6 196
1732535513966 9116.6 197
1732535524057 9116.5 198
1732535534153 9130.5 199
1732535544242 9110.7 200
1732535554329 9152.5 201
1732535564448 9120.4 202
1732535574538 9114.2 203
1732535584627 9106.9 204
1732535594701 9102.8 205
1732535604822 9090.8 206
1732535614929 9096.3 207
1732535625028 9151.7 208
1732535635117 9208.7 209
1732535645189 9237.5 210
1732535655277 9216.9 211
1732535665376 9258.4 212
1732535675479 9242.2 213
1732535685575 9215.5 214
1732535695675 9234.2 215
1732535705785 9246.9 216
1732535715889 9183.7 217
1732535725971 9166.6 218
1732535736072 9175.4 219
1732535746167 9137.8 220
1732535756260 9130.5 221
1732535766377 9126.5 222
1732535776470 9095.0 223
1732535786570 9114.2 224
1732535796675 9111.5 225
1732535806762 9099.9 226
1732535816858 9096.1 227
1732535826930 9098.2 228
1732535837025 9094.2 229
1732535847122 9115.5 230
1732535857252 9087.2 231
1732535867348 9087.2 232
1732535877438 9103.6 233
1732535887556 9105.7 234
1732535897665 9109.8 235
1732535907747 9089.0 236
1732535917828 9089.0 237
1732535927903 9088.9 238
1732535937995 9095.9 239
1732535948097 9088.9 240
1732535958203 9083.5 241
1732535968306 9090.4 242
1732535978399 9083.4 243
1732535988508 9083.4 244
1732535998596 9095.7 245
1732536008703 9090.8 246
1732536018809 9090.8 247
1732536028917 9097.8 248
1732536039026 9090.8 249
1732536049101 9108.5 250
1732536059220 9121.7 251
1732536069325 9090.0 252
1732536079421 9090.0 253
1732536089536 9090.1 254
1732536099640 9089.4 255
1732536109748 9096.3 256
1732536119843 9085.3 257
1732536129935 9089.4 258
1732536140037 9089.4 259
1732536150128 9088.9 260
1732536160235 9088.9 261
1732536170306 9088.8 262
1732536180357 9096.9 263
1732536190443 9081.5 264
1732536200520 9081.4 265
1732536210626 9095.2 266
1732536220734 9076.1 267
1732536230826 9076.0 268
1732536240930 9086.0 269
1732536251019 9078.5 270
1732536261128 9078.5 271
1732536271257 9097.3 272
1732536281361 9078.8 273
1732536291465 9085.7 274
1732536301572 9081.1 275
1732536311675 9080.9 276
1732536321780 9080.9 277
1732536331857 9081.1 278
1732536341979 9081.1 279
1732536352089 9087.8 280
1732536362189 9080.4 281
1732536372269 9080.4 282
1732536382356 9080.4 283
1732536392455 9080.4 284
1732536402530 9087.3 285
1732536412632 9080.4 286
1732536422733 9087.3 287
1732536432841 9080.4 288
1732536442931 9080.4 289
1732536453003 9080.4 290
1732536463074 9080.5 291
1732536473157 9087.3 292
1732536483265 9069.9 293
1732536493361 9070.1 294
1732536503464 9076.8 295
1732536513585 9076.8 296
1732536523693 9070.1 297
1732536533799 9076.8 298
1732536543918 9069.9 299
1732536553999 9153.2 300
1732536564091 9184.5 301
1732536574197 9148.2 302
1732536584309 9097.5 303
1732536594412 9105.6 304
1732536604525 9105.6 305
1732536614612 9105.6 306
1732536624723 9095.3 307
1732536634819 9095.0 308
1732536644926 9100.3 309
1732536655037 9096.9 310
1732536665107 9090.0 311
1732536675201 9090.0 312
1732536685316 9089.8 313
1732536695426 9090.4 314
1732536705540 9083.6 315
1732536715643 9095.3 316
1732536725767 9086.1 317
1732536735876 9141.4 318
1732536745993 9112.3 319
1732536756103 9105.3 320
1732536766207 9112.5 321
1732536776299 9105.4 322
1732536786381 9109.9 323
1732536796466 9149.1 324
1732536806581 9148.8 325
1732536816683 9148.8 326
1732536826798 9180.0 327
1732536836897 9178.7 328
1732536847028 9161.5 329
1732536857140 9125.6 330
1732536867235 9127.6 331
1732536877342 9123.7 332
1732536887454 9131.3 333
1732536897589 9152.2 334
1732536907704 9218.4 335
1732536917815 9192.5 336
1732536927921 9143.9 337
1732536938035 9159.6 338
1732536948155 9151.3 339
1732536958268 9178.2 340
1732536968381 9204.9 341
1732536978499 9171.5 342
1732536988621 9203.5 343
1732536998728 9200.9 344
1732537008839 9152.7 345
1732537018946 9161.3 346
1732537029030 9191.7 347
1732537039143 9134.7 348
1732537049226 9169.3 349
1732537059329 9175.9 350
1732537069398 9206.9 351
1732537079483 9141.9 352
1732537089552 9134.7 353
1732537099653 9132.0 354
1732537109762 9140.4 355
1732537119858 9121.9 356
1732537129941 9184.8 357
1732537140013 9163.6 358
1732537150133 9126.1 359
1732537160210 9103.4 360
1732537170312 9113.8 361
1732537180393 9138.7 362
1732537190511 9111.3 363
1732537200625 9147.6 364
1732537210756 9130.1 365
1732537220860 9077.9 366
1732537230994 9105.8 367
1732537241111 9077.5 368
1732537251240 9077.5 369
1732537261340 9081.7 370
1732537271452 9129.4 371
1732537281584 9072.3 372
1732537291709 9458.5 373
1732537301818 9368.5 374
1732537311930 9109.9 375
1732537322034 9145.0 376
1732537332163 9088.2 377
1732537342237 9107.3 378
1732537352352 9081.6 379
1732537362480 9068.3 380
1732537372602 9068.2 381
1732537382738 9057.8 382
1732537392837 9071.5 383
1732537402940 9067.8 384
1732537413063 9087.5 385
1732537423158 9099.3 386
1732537433275 9110.0 387
1732537443395 9313.3 388
1732537453534 9310.8 389
1732537463661 9310.8 390
1732537473780 9310.8 391
1732537483891 9317.7 392
1732537494014 9310.8 393
1732537504138 9310.9 394
1732537514254 9310.9 395
1732537524388 9317.6 396
1732537534486 9310.8 397
1732537544611 9310.8 398
1732537554708 9310.8 399
1732537564827 9308.7 400
1732537574956 9315.5 401
1732537585080 9308.7 402
1732537595205 9308.7 403
1732537605314 9308.7 404
1732537615427 9308.7 405
1732537625544 9308.7 406
1732537635674 9315.2 407
1732537645797 9313.9 408
1732537655921 9313.9 409
1732537666007 9313.9 410
1732537676124 9320.8 411
1732537686244 9313.9 412
1732537696363 9320.8 413
1732537706480 9320.8 414
1732537716592 9291.4 415
1732537726718 9292.7 416
1732537736839 9291.5 417
1732537746966 9287.3 418
1732537757146 9287.3 419
1732537767275 9294.2 420
1732537777390 9287.3 421
1732537787514 9289.4 422
1732537797634 9289.4 423
1732537807765 9296.3 424
1732537817894 9289.4 425
1732537828003 9289.4 426
1732537838087 9289.4 427
1732537848164 9289.4 428
1732537858264 9296.3 429
1732537868360 9232.9 430
1732537878469 9232.9 431
1732537888550 9232.9 432
1732537898628 9232.9 433
1732537908750 9232.9 434
1732537918846 9228.7 435
1732537928942 9232.9 436
1732537939068 9239.8 437
1732537949171 9232.9 438
1732537959292 9232.9 439
1732537969423 9239.8 440
1732537979527 9232.9 441
1732537989656 9232.9 442
1732537999778 9239.9 443
1732538009900 9239.8 444
1732538020033 9217.9 445
1732538030153 9218.0 446
1732538040291 9180.1 447
1732538050427 9201.5 448
1732538060561 9201.6 449
1732538070687 9186.5 450
1732538080800 9200.5 451
1732538090904 9200.5 452
1732538101021 9200.5 453
1732538111101 9200.5 454
1732538121232 9200.5 455
1732538131329 9200.5 456
1732538141457 9186.5 457
1732538151585 9200.5 458
1732538161709 9186.5 459
1732538171821 9186.5 460
1732538181957 9186.5 461
1732538192082 9193.4 462
1732538202222 9200.5 463
1732538212354 9200.5 464
1732538222494 9200.5 465
1732538232631 9200.5 466
1732538242767 9200.5 467
1732538252892 9193.4 468
1732538262987 9200.5 469
1732538273105 9186.5 470
1732538283226 9109.2 471
1732538293352 9103.9 472
1732538303481 9097.2 473
1732538313635 9097.2 474
1732538323760 9097.1 475
1732538333877 9098.5 476
1732538344014 9116.4 477
1732538354134 9116.4 478
1732538364265 9116.1 479
1732538374396 9113.0 480
1732538384531 9151.1 481
1732538394661 9148.0 482
1732538404787 9122.0 483
1732538414924 9137.3 484
1732538425038 9137.6 485
1732538435130 9101.0 486
1732538445247 9103.5 487
1732538455364 9133.7 488
1732538465499 9124.8 489
1732538475623 9124.8 490
1732538485758 9165.7 491
1732538495885 9118.6 492
1732538506010 9115.7 493
1732538516147 9199.0 494
1732538526285 9219.5 495
1732538536427 9210.1 496
1732538546560 9113.8 497
1732538556687 9114.5 498
1732538566809 9195.0 499
1732538576947 9167.8 500
1732538587089 9137.4 501
1732538597222 9129.3 502
1732538607334 9121.1 503
1732538617451 9155.7 504
1732538627582 9158.8 505
1732538637718 9136.4 506
1732538647852 9103.5 507
1732538657933 9103.7 508
1732538668060 9104.9 509
1732538678189 9142.1 510
1732538688326 9135.1 511
1732538698436 9151.8 512
1732538708576 9123.8 513
1732538718725 9147.8 514
1732538728856 9142.8 515
1732538738946 9100.8 516
1732538749073 9157.6 517
1732538759214 9180.0 518
1732538769344 9145.1 519
1732538779428 9177.0 520
1732538789552 9172.2 521
1732538799677 9139.8 522
1732538809809 9106.0 523
1732538819946 9103.0 524
1732538830044 9105.9 525
1732538840191 9105.9 526
1732538850332 9112.8 527
1732538860434 9105.9 528
1732538870573 9105.9 529
1732538880709 9105.9 530
1732538890835 9125.5 531
1732538900983 9131.3 532
1732538911128 9124.4 533
1732538921277 9124.4 534
1732538931373 9131.3 535
1732538941487 9124.4 536
1732538951619 9103.4 537
1732538961755 9103.5 538
1732538971888 9110.3 539
1732538982028 9110.3 540
1732538992162 9103.4 541
1732539002289 9103.4 542
