1732533526846 80.3 0
1732533536914 112.4 1
1732533546975 165.4 2
1732533557024 169.3 3
1732533567095 169.4 4
1732533577161 173.1 5
1732533587217 172.6 6
1732533597284 174.9 7
1732533607399 175.8 8
1732533617480 120.6 9
1732533627562 173.1 10
1732533637627 179.6 11
1732533647691 121.1 12
1732533657763 182.6 13
1732533667814 122.9 14
1732533677860 181.6 15
1732533687933 181.2 16
1732533697988 141.7 17
1732533708053 121.5 18
1732533718129 168.3 19
1732533728188 186.9 20
1732533738238 179.9 21
1732533748302 181.2 22
1732533758375 148.7 23
1732533768432 179.8 24
1732533778506 175.8 25
1732533788584 121.9 26
1732533798653 177.5 27
1732533808726 179.8 28
1732533818794 134.8 29
1732533828874 145.0 30
1732533838942 170.8 31
1732533849015 179.0 32
1732533859094 180.6 33
1732533869158 149.1 34
1732533879220 149.8 35
1732533889282 120.2 36
1732533899350 180.7 37
1732533909401 181.6 38
1732533919480 179.6 39
1732533929547 120.9 40
1732533939618 120.4 41
1732533949692 182.9 42
1732533959761 119.1 43
1732533970219 115.7 44
1732533980311 119.2 45
1732533990361 178.6 46
1732534000440 175.8 47
1732534010506 182.4 48
1732534020580 181.2 49
1732534030666 139.1 50
1732534040746 125.9 51
1732534050852 118.0 52
1732534060930 165.4 53
1732534070997 181.2 54
1732534081075 177.7 55
1732534091148 116.9 56
1732534101230 175.6 57
1732534111307 177.1 58
1732534121379 116.4 59
1732534131472 150.1 60
1732534141524 152.1 61
1732534151610 116.8 62
1732534161681 180.3 63
1732534171769 183.0 64
1732534181855 179.8 65
1732534191927 135.8 66
1732534202009 145.0 67
1732534212086 117.7 68
1732534222167 179.6 69
1732534232242 126.3 70
1732534242327 172.7 71
1732534252397 144.1 72
1732534262493 172.5 73
1732534272578 153.5 74
1732534282657 118.1 75
1732534292727 144.6 76
1732534302799 150.9 77
1732534312882 182.8 78
1732534322965 180.1 79
1732534333031 115.8 80
1732534343127 148.9 81
1732534353209 155.2 82
1732534363262 119.7 83
1732534373348 119.3 84
1732534383431 149.8 85
1732534393503 115.4 86
1732534403605 115.7 87
1732534413684 183.7 88
1732534423757 139.0 89
1732534433833 115.2 90
1732534443927 138.9 91
1732534454009 134.4 92
1732534464083 170.2 93
1732534474171 145.1 94
1732534484267 134.3 95
1732534494338 134.3 96
1732534504414 173.1 97
1732534514499 176.7 98
1732534524585 116.6 99
1732534534658 179.3 100
1732534544750 115.0 101
1732534554830 185.6 102
1732534564917 160.5 103
1732534574996 115.5 104
1732534585098 167.2 105
1732534595175 132.7 106
1732534605245 159.6 107
1732534615333 169.4 108
1732534625393 169.7 109
1732534635475 168.1 110
1732534645554 177.3 111
1732534655627 148.6 112
1732534665687 145.9 113
1732534675762 116.6 114
1732534685834 175.3 115
1732534695928 182.0 116
1732534705997 179.3 117
1732534716066 164.7 118
1732534726150 140.0 119
1732534736215 137.5 120
1732534746287 115.7 121
1732534756369 116.6 122
1732534766468 178.6 123
1732534776558 173.8 124
1732534786639 167.1 125
1732534796716 173.4 126
1732534806803 165.5 127
1732534816897 172.7 128
1732534826977 125.4 129
1732534837051 173.6 130
1732534847129 117.2 131
1732534857220 170.3 132
1732534867293 173.1 133
1732534877384 168.9 134
1732534887460 173.7 135
1732534897538 174.9 136
1732534907613 160.5 137
1732534917721 180.3 138
1732534927802 118.1 139
1732534937888 149.3 140
1732534947966 169.6 141
1732534958060 116.0 142
1732534968142 175.7 143
1732534978255 159.4 144
1732534988347 149.3 145
1732534998454 151.7 146
1732535008543 118.5 147
1732535018628 144.4 148
1732535028719 116.9 149
1732535038810 173.0 150
1732535048895 144.5 151
1732535058989 142.0 152
1732535069082 135.0 153
1732535079175 163.2 154
1732535089281 167.8 155
1732535099383 119.8 156
1732535109481 148.1 157
1732535119578 174.0 158
1732535129645 155.2 159
1732535139737 180.1 160
1732535149842 159.4 161
1732535159937 143.8 162
1732535170042 181.0 163
1732535180146 116.7 164
1732535190245 138.8 165
1732535200314 137.7 166
1732535210406 174.9 167
1732535220492 117.7 168
1732535230605 174.5 169
1732535240700 142.8 170
1732535251366 148.8 171
1732535261468 136.7 172
1732535271563 171.6 173
1732535281642 172.4 174
1732535291737 178.2 175
1732535301801 178.3 176
1732535311896 179.1 177
1732535321978 178.4 178
1732535332082 118.3 179
1732535342177 185.3 180
1732535352278 121.9 181
1732535362363 126.9 182
1732535372440 181.7 183
1732535382544 173.3 184
1732535392650 175.2 185
1732535402751 173.4 186
1732535412827 173.5 187
1732535422903 161.8 188
1732535433296 118.9 189
1732535443382 118.6 190
1732535453454 172.0 191
1732535463552 163.3 192
1732535473623 179.2 193
1732535483682 178.7 194
1732535493776 177.6 195
1732535503879 164.9 196
1732535513966 158.5 197
1732535524057 120.3 198
1732535534153 177.6 199
1732535544242 119.2 200
1732535554329 176.1 201
1732535564448 165.3 202
1732535574538 173.7 203
1732535584627 176.3 204
1732535594701 174.0 205
1732535604822 176.4 206
1732535614929 120.5 207
1732535625028 142.2 208
1732535635117 181.2 209
1732535645189 143.5 210
1732535655277 180.2 211
1732535665376 119.9 212
1732535675479 120.0 213
1732535685575 181.0 214
1732535695675 147.8 215
1732535705785 177.2 216
1732535715889 175.3 217
1732535725971 149.3 218
1732535736072 173.1 219
1732535746167 159.3 220
1732535756260 118.4 221
1732535766377 175.9 222
1732535776470 177.8 223
1732535786570 119.2 224
1732535796675 181.6 225
1732535806762 177.3 226
1732535816858 140.3 227
1732535826930 143.0 228
1732535837025 140.4 229
1732535847122 142.0 230
1732535857252 117.6 231
1732535867348 115.8 232
1732535877438 116.3 233
1732535887556 159.6 234
1732535897665 133.7 235
1732535907747 172.4 236
1732535917828 140.4 237
1732535927903 138.6 238
1732535937995 120.8 239
1732535948097 138.4 240
1732535958203 137.1 241
1732535968306 114.6 242
1732535978399 161.0 243
1732535988508 135.6 244
1732535998596 131.1 245
1732536008703 132.6 246
1732536018809 134.2 247
1732536028917 114.4 248
1732536039026 138.4 249
1732536049101 147.9 250
1732536059220 134.9 251
1732536069325 132.6 252
1732536079421 130.6 253
1732536089536 132.7 254
1732536099640 132.3 255
1732536109748 115.5 256
1732536119843 131.1 257
1732536129935 113.2 258
1732536140037 140.4 259
1732536150128 148.3 260
1732536160235 154.1 261
1732536170306 133.4 262
1732536180357 132.6 263
1732536190443 133.5 264
1732536200520 114.4 265
1732536210626 114.2 266
1732536220734 157.8 267
1732536230826 135.0 268
1732536240930 112.7 269
1732536251019 136.2 270
1732536261128 137.5 271
1732536271257 115.3 272
1732536281361 136.6 273
1732536291465 114.0 274
1732536301572 153.3 275
1732536311675 176.0 276
1732536321780 175.5 277
1732536331857 173.5 278
1732536341979 169.2 279
1732536352089 144.0 280
1732536362189 161.2 281
1732536372269 170.9 282
1732536382356 175.6 283
1732536392455 174.8 284
1732536402530 114.8 285
1732536412632 172.4 286
1732536422733 118.0 287
1732536432841 159.1 288
1732536442931 174.8 289
1732536453003 116.6 290
1732536463074 141.5 291
1732536473157 114.6 292
1732536483265 169.9 293
1732536493361 142.8 294
1732536503464 115.0 295
1732536513585 115.1 296
1732536523693 175.3 297
1732536533799 116.7 298
1732536543918 173.3 299
1732536553999 175.3 300
1732536564091 119.6 301
1732536574197 179.2 302
1732536584309 115.5 303
1732536594412 170.3 304
1732536604525 140.6 305
1732536614612 116.4 306
1732536624723 139.1 307
1732536634819 140.7 308
1732536644926 121.9 309
1732536655037 113.6 310
1732536665107 113.8 311
1732536675201 174.0 312
1732536685316 137.0 313
1732536695426 115.4 314
1732536705540 136.3 315
1732536715643 135.4 316
1732536725767 137.7 317
1732536735876 138.4 318
1732536745993 112.7 319
1732536756103 133.4 320
1732536766207 113.1 321
1732536776299 132.5 322
1732536786381 114.7 323
1732536796466 135.6 324
1732536806581 134.9 325
1732536816683 135.2 326
1732536826798 113.7 327
1732536836897 112.6 328
1732536847028 112.7 329
1732536857140 165.4 330
1732536867235 114.8 331
1732536877342 152.1 332
1732536887454 133.1 333
1732536897589 134.1 334
1732536907704 143.6 335
1732536917815 152.3 336
1732536927921 135.3 337
1732536938035 115.1 338
1732536948155 174.1 339
1732536958268 114.4 340
1732536968381 135.5 341
1732536978499 129.8 342
1732536988621 131.3 343
1732536998728 132.4 344
1732537008839 133.9 345
1732537018946 136.7 346
1732537029030 137.7 347
1732537039143 113.4 348
1732537049226 136.2 349
1732537059329 134.9 350
1732537069398 136.8 351
1732537079483 112.4 352
1732537089552 160.7 353
1732537099653 145.5 354
1732537109762 135.7 355
1732537119858 114.6 356
1732537129941 133.8 357
1732537140013 113.2 358
1732537150133 138.9 359
1732537160210 138.3 360
1732537170312 111.9 361
1732537180393 133.4 362
1732537190511 135.0 363
1732537200625 114.1 364
1732537210756 135.2 365
1732537220860 133.4 366
1732537230994 111.5 367
1732537241111 135.6 368
1732537251240 141.5 369
1732537261340 136.1 370
1732537271452 140.2 371
1732537281584 118.2 372
1732537291709 174.8 373
1732537301818 168.4 374
1732537311930 170.2 375
1732537322034 169.1 376
1732537332163 112.1 377
1732537342237 168.0 378
1732537352352 141.6 379
1732537362480 115.8 380
1732537372602 136.4 381
1732537382738 145.2 382
1732537392837 138.5 383
1732537402940 112.4 384
1732537413063 113.9 385
1732537423158 112.1 386
1732537433275 170.7 387
1732537443395 146.3 388
1732537453534 127.1 389
1732537463661 135.2 390
1732537473780 123.0 391
1732537483891 112.2 392
1732537494014 148.6 393
1732537504138 135.8 394
1732537514254 169.2 395
1732537524388 153.7 396
1732537534486 154.9 397
1732537544611 134.7 398
1732537554708 111.8 399
1732537564827 136.2 400
1732537574956 131.2 401
1732537585080 134.2 402
1732537595205 132.3 403
1732537605314 132.5 404
1732537615427 113.8 405
1732537625544 111.8 406
1732537635674 131.9 407
1732537645797 131.8 408
1732537655921 135.4 409
1732537666007 137.6 410
1732537676124 113.2 411
1732537686244 135.4 412
1732537696363 112.5 413
1732537706480 111.3 414
1732537716592 137.8 415
1732537726718 137.7 416
1732537736839 137.0 417
1732537746966 134.3 418
1732537757146 137.0 419
1732537767275 135.8 420
1732537777390 124.4 421
1732537787514 135.5 422
1732537797634 137.6 423
1732537807765 111.3 424
1732537817894 136.1 425
1732537828003 135.8 426
1732537838087 136.5 427
1732537848164 113.1 428
1732537858264 117.5 429
1732537868360 167.7 430
1732537878469 150.3 431
1732537888550 170.3 432
1732537898628 133.4 433
1732537908750 134.5 434
1732537918846 134.4 435
1732537928942 113.7 436
1732537939068 111.4 437
1732537949171 134.5 438
1732537959292 133.8 439
1732537969423 111.0 440
1732537979527 134.9 441
1732537989656 136.4 442
1732537999778 119.5 443
1732538009900 111.2 444
1732538020033 113.2 445
1732538030153 136.1 446
1732538040291 134.1 447
1732538050427 134.7 448
1732538060561 135.9 449
1732538070687 138.4 450
1732538080800 109.2 451
1732538090904 110.9 452
1732538101021 131.9 453
1732538111101 134.0 454
1732538121232 130.9 455
1732538131329 113.1 456
1732538141457 130.3 457
1732538151585 129.7 458
1732538161709 129.4 459
1732538171821 111.1 460
1732538181957 131.0 461
1732538192082 109.0 462
1732538202222 134.5 463
1732538212354 134.2 464
1732538222494 136.1 465
1732538232631 133.2 466
1732538242767 111.4 467
1732538252892 130.3 468
1732538262987 108.8 469
1732538273105 132.2 470
1732538283226 111.0 471
1732538293352 137.6 472
1732538303481 134.5 473
1732538313635 135.4 474
1732538323760 113.2 475
1732538333877 111.6 476
1732538344014 147.4 477
1732538354134 169.8 478
1732538364265 155.1 479
1732538374396 170.6 480
1732538384531 169.6 481
1732538394661 169.4 482
1732538404787 117.2 483
1732538414924 136.1 484
1732538425038 114.1 485
1732538435130 176.0 486
1732538445247 176.5 487
1732538455364 136.9 488
1732538465499 135.6 489
1732538475623 133.7 490
1732538485758 174.1 491
1732538495885 118.7 492
1732538506010 175.8 493
1732538516147 120.1 494
1732538526285 175.6 495
1732538536427 180.5 496
1732538546560 171.1 497
1732538556687 170.9 498
1732538566809 173.4 499
1732538576947 140.6 500
1732538587089 179.7 501
1732538597222 115.4 502
1732538607334 136.5 503
1732538617451 132.7 504
1732538627582 161.0 505
1732538637718 168.0 506
1732538647852 137.6 507
1732538657933 134.6 508
1732538668060 136.2 509
1732538678189 114.1 510
1732538688326 139.4 511
1732538698436 165.7 512
1732538708576 156.6 513
1732538718725 135.9 514
1732538728856 170.6 515
1732538738946 113.7 516
1732538749073 141.1 517
1732538759214 138.7 518
1732538769344 114.8 519
1732538779428 136.7 520
1732538789552 170.5 521
1732538799677 113.1 522
1732538809809 160.6 523
1732538819946 172.7 524
1732538830044 171.9 525
1732538840191 139.9 526
1732538850332 114.6 527
1732538860434 136.3 528
1732538870573 135.8 529
1732538880709 154.7 530
1732538890835 135.6 531
1732538900983 113.4 532
1732538911128 136.0 533
1732538921277 132.7 534
1732538931373 113.5 535
1732538941487 141.2 536
1732538951619 138.9 537
1732538961755 143.3 538
1732538971888 111.5 539
1732538982028 112.3 540
1732538992162 172.6 541
1732539002289 171.1 542
