1732533526846 0.00034600000000040154 0
1732533536914 0.03599499999999978 1
1732533546975 0.05103700000000089 2
1732533557024 0.15210900000000294 3
1732533567095 0.20536900000000458 4
1732533577161 0.2606040000000007 5
1732533587217 0.28237299999999976 6
1732533597284 0.34279700000000446 7
1732533607399 0.41041000000000594 8
1732533617480 0.42421700000000584 9
1732533627562 0.4669179999999997 10
1732533637627 0.5328360000000032 11
1732533647691 0.6046189999999996 12
1732533657763 0.6137070000000051 13
1732533667814 0.7029820000000058 14
1732533677860 0.7165330000000054 15
1732533687933 0.8024460000000033 16
1732533697988 0.8569360000000046 17
1732533708053 0.8778280000000009 18
1732533718129 0.9439600000000041 19
1732533728188 1.0234020000000044 20
1732533738238 1.0436980000000062 21
1732533748302 1.1230949999999993 22
1732533758375 1.188208000000003 23
1732533768432 1.196860000000001 24
1732533778506 1.278055000000002 25
1732533788584 1.316114000000006 26
1732533798653 1.373020000000004 27
1732533808726 1.381684 28
1732533818794 1.4670990000000046 29
1732533828874 1.4857490000000055 30
1732533838942 1.5726780000000034 31
1732533849015 1.6402740000000051 32
1732533859094 1.6529550000000057 33
1732533869158 1.735939000000002 34
1732533879220 1.8285669999999996 35
1732533889282 1.846925000000006 36
1732533899350 1.9421140000000037 37
1732533909401 1.9678340000000034 38
1732533919480 2.0395110000000045 39
1732533929547 2.105193 40
1732533939618 2.1424909999999997 41
1732533949692 2.2610870000000034 42
1732533959761 2.3523470000000017 43
1732533970219 2.361819000000004 44
1732533980311 2.501188000000006 45
1732533990361 2.589945 46
1732534000440 2.6399450000000044 47
1732534010506 2.709797000000002 48
1732534020580 2.7617499999999993 49
1732534030666 2.825065000000002 50
1732534040746 2.885039000000006 51
1732534050852 2.9330300000000022 52
1732534060930 2.9832900000000038 53
1732534070997 3.013472 54
1732534081075 3.062664000000005 55
1732534091148 3.0771060000000006 56
1732534101230 3.135427 57
1732534111307 3.171089000000002 58
1732534121379 3.180311000000003 59
1732534131472 3.2146140000000045 60
1732534141524 3.2327900000000014 61
1732534151610 3.2723530000000025 62
1732534161681 3.3198780000000028 63
1732534171769 3.3288300000000035 64
1732534181855 3.387740000000001 65
1732534191927 3.4003640000000033 66
1732534202009 3.4473640000000003 67
1732534212086 3.4913550000000058 68
1732534222167 3.5142530000000036 69
1732534232242 3.5482429999999994 70
1732534242327 3.5910340000000005 71
1732534252397 3.6042770000000033 72
1732534262493 3.6513690000000025 73
1732534272578 3.659997000000004 74
1732534282657 3.6736780000000024 75
1732534292727 3.7126750000000044 76
1732534302799 3.7616270000000043 77
1732534312882 3.771197000000001 78
1732534322965 3.813976000000004 79
1732534333031 3.8572910000000036 80
1732534343127 3.881668000000005 81
1732534353209 3.9064660000000018 82
1732534363262 3.9160320000000013 83
1732534373348 3.9256580000000056 84
1732534383431 3.9561320000000038 85
1732534393503 3.965268000000002 86
1732534403605 3.984223 87
1732534413684 3.997938000000005 88
1732534423757 4.038826 89
1732534433833 4.048940999999999 90
1732534443927 4.070048 91
1732534454009 4.078659999999999 92
1732534464083 4.191075000000005 93
1732534474171 4.235921000000005 94
1732534484267 4.2756240000000005 95
1732534494338 4.316219000000004 96
1732534504414 4.343476000000003 97
1732534514499 4.357787000000002 98
1732534524585 4.39499 99
1732534534658 4.433564000000004 100
1732534544750 4.450386000000002 101
1732534554830 4.470303000000001 102
1732534564917 4.498238000000001 103
1732534574996 4.524166000000001 104
1732534585098 4.575531000000005 105
1732534595175 4.6047300000000035 106
1732534605245 4.613820000000004 107
1732534615333 4.648893000000001 108
1732534625393 4.672353000000001 109
1732534635475 4.699475 110
1732534645554 4.735696000000004 111
1732534655627 4.7442160000000015 112
1732534665687 4.7811280000000025 113
1732534675762 4.821065000000004 114
1732534685834 4.8444880000000055 115
1732534695928 4.863656000000006 116
1732534705997 4.889099000000002 117
1732534716066 4.896903000000002 118
1732534726150 4.944184 119
1732534736215 4.967279000000005 120
1732534746287 4.997628000000006 121
1732534756369 5.011907000000001 122
1732534766468 5.044051000000003 123
1732534776558 5.071163000000006 124
1732534786639 5.082651000000006 125
1732534796716 5.108971000000004 126
1732534806803 5.141625000000005 127
1732534816897 5.156468000000004 128
1732534826977 5.215692000000004 129
1732534837051 5.258229 130
1732534847129 5.268231 131
1732534857220 5.297287000000004 132
1732534867293 5.313134000000005 133
1732534877384 5.356784000000005 134
1732534887460 5.380924 135
1732534897538 5.389822000000002 136
1732534907613 5.424736000000003 137
1732534917721 5.445777 138
1732534927802 5.461106000000001 139
1732534937888 5.496363000000002 140
1732534947966 5.517290000000003 141
1732534958060 5.546266000000003 142
1732534968142 5.567316000000005 143
1732534978255 5.575749999999999 144
1732534988347 5.645288000000001 145
1732534998454 5.67653 146
1732535008543 5.690519999999999 147
1732535018628 5.701060000000005 148
1732535028719 5.723929000000005 149
1732535038810 5.746452000000005 150
1732535048895 5.756403000000006 151
1732535058989 5.770581 152
1732535069082 5.796708000000002 153
1732535079175 5.845510000000004 154
1732535089281 6.0429790000000025 155
1732535099383 6.124581000000006 156
1732535109481 6.2213040000000035 157
1732535119578 6.447901000000002 158
1732535129645 6.602897000000006 159
1732535139737 6.723582 160
1732535149842 6.7443680000000015 161
1732535159937 6.876112000000006 162
1732535170042 6.963141 163
1732535180146 7.018402000000002 164
1732535190245 7.036227000000004 165
1732535200314 7.0450190000000035 166
1732535210406 7.061242 167
1732535220492 7.113668000000004 168
1732535230605 7.145785000000004 169
1732535240700 7.215295000000005 170
1732535251366 7.3341860000000025 171
1732535261468 7.3596900000000005 172
1732535271563 7.418198000000004 173
1732535281642 7.493138999999999 174
1732535291737 7.5155790000000025 175
1732535301801 7.801490000000001 176
1732535311896 7.893743000000001 177
1732535321978 7.973922000000002 178
1732535332082 7.990783 179
1732535342177 8.074743000000005 180
1732535352278 8.154967000000006 181
1732535362363 8.271076 182
1732535372440 8.462911000000005 183
1732535382544 8.625654000000004 184
1732535392650 8.68477 185
1732535402751 8.854057000000005 186
1732535412827 9.037692 187
1732535422903 9.108645000000003 188
1732535433296 9.188113000000001 189
1732535443382 9.204786000000006 190
1732535453454 9.323758000000005 191
1732535463552 9.497330000000005 192
1732535473623 9.585358 193
1732535483682 9.656562000000001 194
1732535493776 9.723801000000002 195
1732535503879 9.784510000000004 196
1732535513966 9.808863000000002 197
1732535524057 9.865632000000005 198
1732535534153 10.03649 199
1732535544242 10.166527000000002 200
1732535554329 10.234084000000003 201
1732535564448 10.275685000000003 202
1732535574538 10.356707 203
1732535584627 10.446043000000003 204
1732535594701 10.459004 205
1732535604822 10.552947000000003 206
1732535614929 10.634811000000006 207
1732535625028 10.669634000000002 208
1732535635117 10.725177000000002 209
1732535645189 11.099849000000006 210
1732535655277 11.309075 211
1732535665376 11.584193000000006 212
1732535675479 11.784249000000003 213
1732535685575 11.900551 214
1732535695675 12.240774000000002 215
1732535705785 12.439411 216
1732535715889 12.627186000000002 217
1732535725971 12.718615 218
1732535736072 12.817472000000002 219
1732535746167 12.881594 220
1732535756260 12.926387000000005 221
1732535766377 12.974085000000002 222
1732535776470 13.010150000000003 223
1732535786570 13.024821000000003 224
1732535796675 13.064298 225
1732535806762 13.114329000000005 226
1732535816858 13.126369000000004 227
1732535826930 13.141081 228
1732535837025 13.253351000000002 229
1732535847122 13.311467 230
1732535857252 13.343086 231
1732535867348 13.360594000000006 232
1732535877438 13.388919000000001 233
1732535887556 13.467065000000005 234
1732535897665 13.484830000000002 235
1732535907747 13.497861 236
1732535917828 13.507153000000002 237
1732535927903 13.574844000000006 238
1732535937995 13.625591 239
1732535948097 13.635281000000006 240
1732535958203 13.674656000000006 241
1732535968306 13.715643 242
1732535978399 13.725932 243
1732535988508 13.769426000000003 244
1732535998596 13.778078 245
1732536008703 13.794270000000004 246
1732536018809 13.808478000000001 247
1732536028917 13.821236000000006 248
1732536039026 13.841881 249
1732536049101 13.858835000000006 250
1732536059220 13.913036000000005 251
1732536069325 13.937744000000002 252
1732536079421 13.950661000000004 253
1732536089536 13.994119000000005 254
1732536099640 14.003278000000002 255
1732536109748 14.028179000000002 256
1732536119843 14.053476000000003 257
1732536129935 14.078330000000001 258
1732536140037 14.107026000000005 259
1732536150128 14.147265000000004 260
1732536160235 14.155965000000002 261
1732536170306 14.191371000000004 262
1732536180357 14.201036000000002 263
1732536190443 14.209658000000005 264
1732536200520 14.227995 265
1732536210626 14.273611000000002 266
1732536220734 14.281821 267
1732536230826 14.323649000000003 268
1732536240930 14.340806 269
1732536251019 14.356370000000005 270
1732536261128 14.371317000000005 271
1732536271257 14.386686000000005 272
1732536281361 14.420466000000005 273
1732536291465 14.455087000000006 274
1732536301572 14.463634000000006 275
1732536311675 14.517777000000002 276
1732536321780 14.549789000000004 277
1732536331857 14.565114000000001 278
1732536341979 14.589679000000004 279
1732536352089 14.603638000000004 280
1732536362189 14.646747000000005 281
1732536372269 14.692053000000001 282
1732536382356 14.707392000000006 283
1732536392455 14.739404 284
1732536402530 14.767670000000003 285
1732536412632 14.783037 286
1732536422733 14.803808000000004 287
1732536432841 14.850176000000005 288
1732536442931 14.863445000000006 289
1732536453003 14.90513 290
1732536463074 14.939023000000006 291
1732536473157 14.948034 292
1732536483265 14.973242000000006 293
1732536493361 15.016263000000002 294
1732536503464 15.037328000000002 295
1732536513585 15.088456 296
1732536523693 15.129419000000006 297
1732536533799 15.156725000000002 298
1732536543918 15.183956000000002 299
1732536553999 15.272027000000001 300
1732536564091 15.514279000000002 301
1732536574197 15.585573000000004 302
1732536584309 15.662084 303
1732536594412 15.671661 304
1732536604525 15.681347000000002 305
1732536614612 15.702705000000002 306
1732536624723 15.716087000000002 307
1732536634819 15.724523000000005 308
1732536644926 15.751352000000004 309
1732536655037 15.777227000000003 310
1732536665107 15.798243 311
1732536675201 15.811514000000003 312
1732536685316 15.820658000000002 313
1732536695426 15.837432 314
1732536705540 15.846856000000002 315
1732536715643 15.866217000000006 316
1732536725767 15.903589000000004 317
1732536735876 16.179525000000005 318
1732536745993 16.387801000000003 319
1732536756103 16.405638000000003 320
1732536766207 16.432184 321
1732536776299 16.445793000000002 322
1732536786381 16.464324000000005 323
1732536796466 16.616633 324
1732536806581 16.624881000000002 325
1732536816683 16.647485000000003 326
1732536826798 16.680856000000006 327
1732536836897 16.704147000000006 328
1732536847028 16.823063000000005 329
1732536857140 16.893809000000005 330
1732536867235 16.919668 331
1732536877342 16.933328000000003 332
1732536887454 16.965349000000003 333
1732536897589 16.981271 334
1732536907704 17.040989000000003 335
1732536917815 17.134453 336
1732536927921 17.147591000000006 337
1732536938035 17.165730000000003 338
1732536948155 17.177899000000004 339
1732536958268 17.202964 340
1732536968381 17.272377000000006 341
1732536978499 17.410687000000003 342
1732536988621 17.458370000000002 343
1732536998728 17.468584 344
1732537008839 17.480825000000003 345
1732537018946 17.510163000000006 346
1732537029030 17.558150000000005 347
1732537039143 17.567157 348
1732537049226 17.657433000000005 349
1732537059329 17.682044000000005 350
1732537069398 17.711601 351
1732537079483 17.722855000000003 352
1732537089552 17.740332000000002 353
1732537099653 17.748942 354
1732537109762 17.781554 355
1732537119858 17.790580000000006 356
1732537129941 17.809690000000003 357
1732537140013 17.819761 358
1732537150133 17.833220000000004 359
1732537160210 17.843066 360
1732537170312 17.854615000000003 361
1732537180393 17.863074000000005 362
1732537190511 17.875452000000003 363
1732537200625 17.891027 364
1732537210756 17.905355 365
1732537220860 17.915011 366
1732537230994 17.930485000000004 367
1732537241111 17.939489000000002 368
1732537251240 17.949436000000006 369
1732537261340 17.975687 370
1732537271452 18.067879000000005 371
1732537281584 18.358520000000006 372
1732537291709 18.436501 373
1732537301818 18.521561000000005 374
1732537311930 18.686773000000002 375
1732537322034 18.872582 376
1732537332163 18.943984 377
1732537342237 19.032947 378
1732537352352 19.225513 379
1732537362480 19.357826000000003 380
1732537372602 19.397354 381
1732537382738 19.407438000000006 382
1732537392837 19.421365 383
1732537402940 19.442853 384
1732537413063 19.457317000000003 385
1732537423158 19.468108 386
1732537433275 19.481942000000004 387
1732537443395 19.688036000000004 388
1732537453534 19.701744000000005 389
1732537463661 19.714812000000002 390
1732537473780 19.724641000000005 391
1732537483891 19.735116000000005 392
1732537494014 19.745972000000002 393
1732537504138 19.754796000000006 394
1732537514254 19.776896 395
1732537524388 19.802481 396
1732537534486 19.812619000000005 397
1732537544611 19.822042000000003 398
1732537554708 19.832293 399
1732537564827 19.855051000000003 400
1732537574956 19.869811000000006 401
1732537585080 19.891146000000006 402
1732537595205 19.904487000000003 403
1732537605314 19.914725000000004 404
1732537615427 19.923047000000004 405
1732537625544 19.938680000000005 406
1732537635674 19.97041 407
1732537645797 19.979042 408
1732537655921 19.987672000000003 409
1732537666007 20.002319 410
1732537676124 20.016304000000005 411
1732537686244 20.025936 412
1732537696363 20.039894000000004 413
1732537706480 20.052773000000002 414
1732537716592 20.062473000000004 415
1732537726718 20.071775000000002 416
1732537736839 20.080546000000005 417
1732537746966 20.095204000000003 418
1732537757146 20.152398000000005 419
1732537767275 20.162212000000004 420
1732537777390 20.17098 421
1732537787514 20.180507000000006 422
1732537797634 20.189643000000004 423
1732537807765 20.200567 424
1732537817894 20.218833000000004 425
1732537828003 20.248153000000002 426
1732537838087 20.261488 427
1732537848164 20.270282 428
1732537858264 20.287667000000006 429
1732537868360 20.303481000000005 430
1732537878469 20.318347000000003 431
1732537888550 20.333716000000003 432
1732537898628 20.347677000000004 433
1732537908750 20.356390000000005 434
1732537918846 20.36558 435
1732537928942 20.379694 436
1732537939068 20.394582 437
1732537949171 20.407647000000004 438
1732537959292 20.415969000000004 439
1732537969423 20.426286000000005 440
1732537979527 20.444945000000004 441
1732537989656 20.453221000000006 442
1732537999778 20.467773 443
1732538009900 20.477372000000003 444
1732538020033 20.486954000000004 445
1732538030153 20.495800000000003 446
1732538040291 20.504118000000005 447
1732538050427 20.526895000000003 448
1732538060561 20.548127 449
1732538070687 20.559453000000005 450
1732538080800 20.570177 451
1732538090904 20.578887 452
1732538101021 20.588473 453
1732538111101 20.598221000000002 454
1732538121232 20.611525 455
1732538131329 20.625897000000002 456
1732538141457 20.634919000000004 457
1732538151585 20.643942000000003 458
1732538161709 20.667761000000006 459
1732538171821 20.675971000000004 460
1732538181957 20.691410000000005 461
1732538192082 20.703639000000003 462
1732538202222 20.712091 463
1732538212354 20.726602 464
1732538222494 20.741968 465
1732538232631 20.756307 466
1732538242767 20.770974000000002 467
1732538252892 20.779632 468
1732538262987 20.788795 469
1732538273105 20.798591000000002 470
1732538283226 20.812738000000003 471
1732538293352 20.822011000000003 472
1732538303481 20.839006000000005 473
1732538313635 20.848182 474
1732538323760 20.857524000000005 475
1732538333877 20.867311 476
1732538344014 21.051770000000005 477
1732538354134 21.061802 478
1732538364265 21.082537000000002 479
1732538374396 21.111012000000002 480
1732538384531 21.19352 481
1732538394661 21.228206 482
1732538404787 21.240151000000004 483
1732538414924 21.272526000000006 484
1732538425038 21.292788 485
1732538435130 21.594051 486
1732538445247 22.194647000000003 487
1732538455364 22.202863 488
1732538465499 22.226753000000002 489
1732538475623 22.240454 490
1732538485758 22.278357 491
1732538495885 22.292592000000006 492
1732538506010 22.300866000000006 493
1732538516147 22.314165000000003 494
1732538526285 22.345601000000002 495
1732538536427 22.363404000000003 496
1732538546560 22.376498000000005 497
1732538556687 22.398155000000003 498
1732538566809 22.603297000000005 499
1732538576947 22.642313 500
1732538587089 22.802097000000003 501
1732538597222 22.888123 502
1732538607334 22.904770000000006 503
1732538617451 22.914787000000004 504
1732538627582 22.932457 505
1732538637718 22.954082 506
1732538647852 22.964015000000003 507
1732538657933 22.978837000000006 508
1732538668060 23.007013 509
1732538678189 23.144301000000006 510
1732538688326 23.171593 511
1732538698436 23.195793000000002 512
1732538708576 23.346922999999997 513
1732538718725 23.37801600000001 514
1732538728856 23.529908 515
1732538738946 23.605003000000004 516
1732538749073 23.789632000000005 517
1732538759214 23.830531999999998 518
1732538769344 23.939597 519
1732538779428 23.984471000000006 520
1732538789552 24.067460000000004 521
1732538799677 24.488802999999997 522
1732538809809 24.498269 523
1732538819946 24.522037000000005 524
1732538830044 24.551919000000005 525
1732538840191 24.567713000000005 526
1732538850332 24.686090999999998 527
1732538860434 24.701344 528
1732538870573 24.710106000000003 529
1732538880709 24.720869 530
1732538890835 24.737202000000003 531
1732538900983 24.75207600000001 532
1732538911128 24.77596400000001 533
1732538921277 24.792358999999998 534
1732538931373 24.802088000000005 535
1732538941487 24.812323999999997 536
1732538951619 24.826971000000007 537
1732538961755 24.84177900000001 538
1732538971888 24.851886 539
1732538982028 24.872763 540
1732538992162 24.882109000000007 541
1732539002289 24.89127700000001 542
