1732533526846 0.0003460000000359287 0
1732533536914 0.021735000000035143 1
1732533546975 0.0371860000000197 2
1732533557024 6.983827999999903 3
1732533567095 12.417797999999948 4
1732533577161 17.516227999999956 5
1732533587217 17.537043999999923 6
1732533597284 23.519828999999845 7
1732533607399 30.56980199999998 8
1732533617480 30.5840189999999 9
1732533627562 32.358461000000034 10
1732533637627 38.984375 11
1732533647691 46.552907000000005 12
1732533657763 46.562550999999985 13
1732533667814 52.92214100000001 14
1732533677860 52.93608399999994 15
1732533687933 62.40934900000002 16
1732533697988 67.82477300000005 17
1732533708053 67.84284600000001 18
1732533718129 74.45283300000006 19
1732533728188 82.39646500000003 20
1732533738238 82.44061799999986 21
1732533748302 90.22278000000006 22
1732533758375 96.43310499999984 23
1732533768432 96.44216800000004 24
1732533778506 102.82669499999997 25
1732533788584 102.97391700000003 26
1732533798653 108.11792100000002 27
1732533808726 108.12702300000001 28
1732533818794 117.10199799999987 29
1732533828874 117.11709599999995 30
1732533838942 125.29353100000003 31
1732533849015 132.39467100000002 32
1732533859094 132.40765999999985 33
1732533869158 139.49009999999998 34
1732533879220 148.64979399999993 35
1732533889282 148.81134099999986 36
1732533899350 157.9872989999999 37
1732533909401 158.78779199999985 38
1732533919480 165.59753499999988 39
1732533929547 171.56580199999985 40
1732533939618 174.28986599999985 41
1732533949692 186.41931699999986 42
1732533959761 196.468752 43
1732533970219 196.478564 44
1732533980311 201.18836499999998 45
1732533990361 207.39549399999987 46
1732534000440 210.92618900000002 47
1732534010506 214.81526199999985 48
1732534020580 217.82225100000005 49
1732534030666 222.66252099999997 50
1732534040746 227.087718 51
1732534050852 230.23800099999994 52
1732534060930 232.66117800000006 53
1732534070997 235.32234100000005 54
1732534081075 238.91007100000002 55
1732534091148 238.92766099999994 56
1732534101230 242.41111899999987 57
1732534111307 245.04329699999994 58
1732534121379 245.05575299999987 59
1732534131472 247.8044789999999 60
1732534141524 247.81989 61
1732534151610 251.37712899999997 62
1732534161681 255.2191909999999 63
1732534171769 255.2285139999999 64
1732534181855 259.01245100000006 65
1732534191927 259.02207299999986 66
1732534202009 262.6976769999999 67
1732534212086 266.20129 68
1732534222167 266.22089099999994 69
1732534232242 268.80697299999997 70
1732534242327 272.745717 71
1732534252397 272.76311599999985 72
1732534262493 276.099025 73
1732534272578 276.1080729999999 74
1732534282657 276.122208 75
1732534292727 279.67486299999996 76
1732534302799 283.2505449999999 77
1732534312882 283.260804 78
1732534322965 286.46026000000006 79
1732534333031 289.8144259999999 80
1732534343127 289.83458399999995 81
1732534353209 291.4812179999999 82
1732534363262 291.491395 83
1732534373348 291.50152 84
1732534383431 291.53586900000005 85
1732534393503 291.5453909999999 86
1732534403605 291.5725729999999 87
1732534413684 291.59075199999984 88
1732534423757 291.71084999999994 89
1732534433833 291.7590029999999 90
1732534443927 292.06990299999984 91
1732534454009 292.078843 92
1732534464083 295.68153400000006 93
1732534474171 297.357532 94
1732534484267 298.89182200000005 95
1732534494338 299.7851969999999 96
1732534504414 301.425839 97
1732534514499 301.44066599999996 98
1732534524585 304.624282 99
1732534534658 308.1113909999999 100
1732534544750 308.12636499999985 101
1732534554830 309.21629099999996 102
1732534564917 310.75785999999994 103
1732534574996 310.782745 104
1732534585098 313.9655559999999 105
1732534595175 316.261657 106
1732534605245 316.2712569999999 107
1732534615333 317.316409 108
1732534625393 317.388866 109
1732534635475 318.78891799999997 110
1732534645554 321.29923199999985 111
1732534655627 321.30805199999986 112
1732534665687 323.5922069999999 113
1732534675762 326.4270569999999 114
1732534685834 326.456997 115
1732534695928 326.48434899999984 116
1732534705997 326.50217 117
1732534716066 326.510348 118
1732534726150 329.50543100000004 119
1732534736215 330.86840800000004 120
1732534746287 332.16248199999995 121
1732534756369 332.17715899999985 122
1732534766468 334.0734419999999 123
1732534776558 336.018374 124
1732534786639 336.03266199999985 125
1732534796716 337.172546 126
1732534806803 339.716222 127
1732534816897 339.7315369999999 128
1732534826977 344.382108 129
1732534837051 348.44891400000006 130
1732534847129 348.45926399999985 131
1732534857220 350.689932 132
1732534867293 350.704074 133
1732534877384 353.3726529999999 134
1732534887460 354.95705399999997 135
1732534897538 354.9666339999999 136
1732534907613 356.527429 137
1732534917721 357.80459500000006 138
1732534927802 357.8708099999999 139
1732534937888 359.99498199999994 140
1732534947966 360.010931 141
1732534958060 361.41567599999985 142
1732534968142 362.6076029999999 143
1732534978255 362.61638500000004 144
1732534988347 367.052586 145
1732534998454 368.840694 146
1732535008543 369.20022300000005 147
1732535018628 369.21075700000006 148
1732535028719 369.2363889999999 149
1732535038810 369.2635379999999 150
1732535048895 369.2738489999999 151
1732535058989 369.28830700000003 152
1732535069082 369.30720700000006 153
1732535079175 371.2362559999999 154
1732535089281 387.74620400000003 155
1732535099383 395.74577 156
1732535109481 404.63627799999995 157
1732535119578 428.35399299999995 158
1732535129645 445.5187209999999 159
1732535139737 459.34281399999986 160
1732535149842 460.96706700000004 161
1732535159937 475.36242500000003 162
1732535170042 484.02461199999993 163
1732535180146 489.41860999999994 164
1732535190245 489.43738199999984 165
1732535200314 489.44648800000004 166
1732535210406 489.4613059999999 167
1732535220492 492.44733999999994 168
1732535230605 494.65239799999995 169
1732535240700 500.54694500000005 170
1732535251366 506.9679739999999 171
1732535261468 507.1207099999999 172
1732535271563 512.993136 173
1732535281642 520.0796479999999 174
1732535291737 520.1033889999999 175
1732535301801 552.11121 176
1732535311896 561.178443 177
1732535321978 569.195894 178
1732535332082 569.211074 179
1732535342177 577.955477 180
1732535352278 586.6588589999999 181
1732535362363 596.778607 182
1732535372440 617.197868 183
1732535382544 634.6145489999999 184
1732535392650 640.067131 185
1732535402751 657.375785 186
1732535412827 674.998173 187
1732535422903 680.312539 188
1732535433296 688.660539 189
1732535443382 688.8574140000001 190
1732535453454 698.90491 191
1732535463552 717.9579079999999 192
1732535473623 725.7682069999998 193
1732535483682 730.9923079999999 194
1732535493776 736.175281 195
1732535503879 742.027875 196
1732535513966 743.623636 197
1732535524057 748.8956249999999 198
1732535534153 764.1715299999998 199
1732535544242 775.490415 200
1732535554329 780.567822 201
1732535564448 783.5376019999999 202
1732535574538 790.387453 203
1732535584627 798.3355409999999 204
1732535594701 798.349385 205
1732535604822 808.7677879999999 206
1732535614929 816.4538359999999 207
1732535625028 816.560988 208
1732535635117 820.644405 209
1732535645189 860.7965790000001 210
1732535655277 879.74962 211
1732535665376 907.848047 212
1732535675479 929.523555 213
1732535685575 942.120782 214
1732535695675 979.2612759999997 215
1732535705785 997.0328749999999 216
1732535715889 1010.751209 217
1732535725971 1014.6747380000002 218
1732535736072 1022.8179009999999 219
1732535746167 1026.4880130000001 220
1732535756260 1030.0748049999997 221
1732535766377 1034.6057959999998 222
1732535776470 1036.949874 223
1732535786570 1036.9589449999999 224
1732535796675 1040.415414 225
1732535806762 1043.480168 226
1732535816858 1043.489673 227
1732535826930 1043.5559469999998 228
1732535837025 1053.0045730000002 229
1732535847122 1056.8788009999998 230
1732535857252 1059.319364 231
1732535867348 1059.332254 232
1732535877438 1061.464724 233
1732535887556 1066.4831629999999 234
1732535897665 1066.528476 235
1732535907747 1066.538763 236
1732535917828 1066.548409 237
1732535927903 1071.483139 238
1732535937995 1075.9276369999998 239
1732535948097 1075.937723 240
1732535958203 1078.475512 241
1732535968306 1081.044046 242
1732535978399 1081.054635 243
1732535988508 1084.985303 244
1732535998596 1084.9961560000002 245
1732536008703 1085.0128209999998 246
1732536018809 1085.0275109999998 247
1732536028917 1085.037206 248
1732536039026 1085.065129 249
1732536049101 1085.0809909999998 250
1732536059220 1087.530197 251
1732536069325 1089.081491 252
1732536079421 1089.0951369999998 253
1732536089536 1092.0266689999999 254
1732536099640 1092.036258 255
1732536109748 1093.650454 256
1732536119843 1094.654176 257
1732536129935 1094.7267630000001 258
1732536140037 1096.13548 259
1732536150128 1099.1448129999999 260
1732536160235 1099.154075 261
1732536170306 1101.251346 262
1732536180357 1101.2614170000002 263
1732536190443 1101.2709209999998 264
1732536200520 1101.293595 265
1732536210626 1103.766948 266
1732536220734 1103.775458 267
1732536230826 1107.473732 268
1732536240930 1107.4925990000002 269
1732536251019 1107.5066510000001 270
1732536261128 1107.5211490000002 271
1732536271257 1107.538356 272
1732536281361 1109.4678119999999 273
1732536291465 1110.8397959999998 274
1732536301572 1110.848849 275
1732536311675 1116.260452 276
1732536321780 1118.224247 277
1732536331857 1118.2379729999998 278
1732536341979 1119.7491759999998 279
1732536352089 1119.767663 280
1732536362189 1121.939953 281
1732536372269 1124.988962 282
1732536382356 1125.0026349999998 283
1732536392455 1127.350548 284
1732536402530 1128.8544699999998 285
1732536412632 1128.8682199999998 286
1732536422733 1129.9143599999998 287
1732536432841 1132.8212290000001 288
1732536442931 1132.834512 289
1732536453003 1135.418729 290
1732536463074 1137.2550029999998 291
1732536473157 1137.2643739999999 292
1732536483265 1138.8954709999998 293
1732536493361 1141.8396229999998 294
1732536503464 1141.862591 295
1732536513585 1146.606597 296
1732536523693 1150.1551369999997 297
1732536533799 1150.173237 298
1732536543918 1152.094991 299
1732536553999 1152.4805259999998 300
1732536564091 1163.1960490000001 301
1732536574197 1168.3748609999998 302
1732536584309 1172.1081960000001 303
1732536594412 1172.118371 304
1732536604525 1172.1285619999999 305
1732536614612 1172.1483279999998 306
1732536624723 1172.1586269999998 307
1732536634819 1172.1674229999999 308
1732536644926 1173.092862 309
1732536655037 1173.119788 310
1732536665107 1173.148272 311
1732536675201 1173.1618899999999 312
1732536685316 1173.1715140000001 313
1732536695426 1173.1854680000001 314
1732536705540 1173.1952700000002 315
1732536715643 1173.209527 316
1732536725767 1173.389549 317
1732536735876 1173.637381 318
1732536745993 1175.102164 319
1732536756103 1175.1320230000001 320
1732536766207 1175.1494079999998 321
1732536776299 1175.1664070000002 322
1732536786381 1175.205703 323
1732536796466 1175.324826 324
1732536806581 1175.3335539999998 325
1732536816683 1175.360858 326
1732536826798 1175.393662 327
1732536836897 1175.459144 328
1732536847028 1176.0368279999998 329
1732536857140 1176.458001 330
1732536867235 1176.571121 331
1732536877342 1176.663418 332
1732536887454 1176.7362239999998 333
1732536897589 1176.811816 334
1732536907704 1179.6843199999998 335
1732536917815 1189.422626 336
1732536927921 1189.4904219999999 337
1732536938035 1189.648365 338
1732536948155 1189.767722 339
1732536958268 1189.801822 340
1732536968381 1189.9208949999997 341
1732536978499 1190.790364 342
1732536988621 1190.8470429999998 343
1732536998728 1190.857595 344
1732537008839 1190.8718920000001 345
1732537018946 1190.9299339999998 346
1732537029030 1191.5310869999998 347
1732537039143 1191.541714 348
1732537049226 1191.5769129999999 349
1732537059329 1191.59616 350
1732537069398 1191.7199219999998 351
1732537079483 1191.7373400000001 352
1732537089552 1191.853232 353
1732537099653 1191.862436 354
1732537109762 1191.8769710000001 355
1732537119858 1191.8872059999999 356
1732537129941 1192.2314769999998 357
1732537140013 1192.244243 358
1732537150133 1192.258906 359
1732537160210 1192.2692729999999 360
1732537170312 1192.344572 361
1732537180393 1192.355404 362
1732537190511 1192.417601 363
1732537200625 1192.442408 364
1732537210756 1192.462149 365
1732537220860 1192.471555 366
1732537230994 1192.5040290000002 367
1732537241111 1192.513527 368
1732537251240 1192.5241230000001 369
1732537261340 1192.560485 370
1732537271452 1192.737716 371
1732537281584 1193.2368259999998 372
1732537291709 1193.9825150000001 373
1732537301818 1194.053069 374
1732537311930 1194.353701 375
1732537322034 1195.836765 376
1732537332163 1195.9454289999999 377
1732537342237 1196.167844 378
1732537352352 1197.887346 379
1732537362480 1199.4823219999998 380
1732537372602 1199.4956039999997 381
1732537382738 1199.5065759999998 382
1732537392837 1199.5239470000001 383
1732537402940 1199.647708 384
1732537413063 1199.696129 385
1732537423158 1199.7072560000001 386
1732537433275 1199.724909 387
1732537443395 1199.892859 388
1732537453534 1199.9069100000002 389
1732537463661 1199.9171259999998 390
1732537473780 1199.927714 391
1732537483891 1199.937696 392
1732537494014 1199.9492770000002 393
1732537504138 1199.9595749999999 394
1732537514254 1199.9867370000002 395
1732537524388 1199.999491 396
1732537534486 1200.010225 397
1732537544611 1200.0199539999999 398
1732537554708 1200.032717 399
1732537564827 1200.0638249999997 400
1732537574956 1200.0825009999999 401
1732537585080 1200.1015360000001 402
1732537595205 1200.1195619999999 403
1732537605314 1200.131718 404
1732537615427 1200.1412259999997 405
1732537625544 1200.2017500000002 406
1732537635674 1200.2217970000002 407
1732537645797 1200.231511 408
1732537655921 1200.2608649999997 409
1732537666007 1200.291228 410
1732537676124 1200.3150070000002 411
1732537686244 1200.328439 412
1732537696363 1200.3430990000002 413
1732537706480 1200.353039 414
1732537716592 1200.363081 415
1732537726718 1200.3730529999998 416
1732537736839 1200.382165 417
1732537746966 1200.401444 418
1732537757146 1201.4175099999998 419
1732537767275 1201.4273119999998 420
1732537777390 1201.43656 421
1732537787514 1201.44762 422
1732537797634 1201.4572359999997 423
1732537807765 1201.4686659999998 424
1732537817894 1201.491669 425
1732537828003 1201.575163 426
1732537838087 1201.596599 427
1732537848164 1201.616556 428
1732537858264 1201.6382549999998 429
1732537868360 1201.657929 430
1732537878469 1201.673163 431
1732537888550 1201.6894939999997 432
1732537898628 1201.7087099999999 433
1732537908750 1201.718762 434
1732537918846 1201.728408 435
1732537928942 1201.793808 436
1732537939068 1201.80935 437
1732537949171 1201.819966 438
1732537959292 1201.8288579999999 439
1732537969423 1201.841528 440
1732537979527 1201.872511 441
1732537989656 1201.881147 442
1732537999778 1201.8965349999999 443
1732538009900 1201.907616 444
1732538020033 1201.9221969999999 445
1732538030153 1201.9313510000002 446
1732538040291 1201.9399869999997 447
1732538050427 1201.9684349999998 448
1732538060561 1201.9927790000002 449
1732538070687 1202.0053520000001 450
1732538080800 1202.0167999999999 451
1732538090904 1202.026156 452
1732538101021 1202.03672 453
1732538111101 1202.047011 454
1732538121232 1202.0647669999998 455
1732538131329 1202.084523 456
1732538141457 1202.0948119999998 457
1732538151585 1202.1047829999998 458
1732538161709 1202.134533 459
1732538171821 1202.1430879999998 460
1732538181957 1202.157224 461
1732538192082 1202.168221 462
1732538202222 1202.1770269999997 463
1732538212354 1202.197498 464
1732538222494 1202.217321 465
1732538232631 1202.2830159999999 466
1732538242767 1202.298687 467
1732538252892 1202.3077469999998 468
1732538262987 1202.3171899999998 469
1732538273105 1202.3274659999997 470
1732538283226 1202.34593 471
1732538293352 1202.355897 472
1732538303481 1202.3707709999999 473
1732538313635 1202.3796109999998 474
1732538323760 1202.3895939999998 475
1732538333877 1202.400573 476
1732538344014 1203.5596030000002 477
1732538354134 1203.5707819999998 478
1732538364265 1203.595766 479
1732538374396 1203.615119 480
1732538384531 1205.1101840000001 481
1732538394661 1205.7391240000002 482
1732538404787 1205.966367 483
1732538414924 1206.282107 484
1732538425038 1206.491047 485
1732538435130 1234.397801 486
1732538445247 1289.182754 487
1732538455364 1289.191895 488
1732538465499 1289.221684 489
1732538475623 1289.2358530000001 490
1732538485758 1289.669104 491
1732538495885 1289.682276 492
1732538506010 1289.691022 493
1732538516147 1289.709242 494
1732538526285 1290.8415139999997 495
1732538536427 1291.0508869999999 496
1732538546560 1291.06102 497
1732538556687 1291.0731719999999 498
1732538566809 1291.1875519999999 499
1732538576947 1291.291425 500
1732538587089 1292.4471800000001 501
1732538597222 1293.18718 502
1732538607334 1293.204032 503
1732538617451 1293.2144979999998 504
1732538627582 1293.353596 505
1732538637718 1293.477058 506
1732538647852 1293.489059 507
1732538657933 1293.5041809999998 508
1732538668060 1293.5174189999998 509
1732538678189 1293.6378049999998 510
1732538688326 1293.6663210000002 511
1732538698436 1293.7566809999998 512
1732538708576 1294.6639249999998 513
1732538718725 1294.7140009999998 514
1732538728856 1295.073602 515
1732538738946 1295.2332179999999 516
1732538749073 1298.1027960000001 517
1732538759214 1298.4235239999998 518
1732538769344 1299.5643329999998 519
1732538779428 1300.1505550000002 520
1732538789552 1300.581154 521
1732538799677 1307.14187 522
1732538809809 1307.1567420000001 523
1732538819946 1307.1916459999998 524
1732538830044 1307.2727959999997 525
1732538840191 1307.28881 526
1732538850332 1307.3174439999998 527
1732538860434 1307.3298479999999 528
1732538870573 1307.33929 529
1732538880709 1307.350438 530
1732538890835 1307.364051 531
1732538900983 1307.3784609999998 532
1732538911128 1307.403374 533
1732538921277 1307.417101 534
1732538931373 1307.428805 535
1732538941487 1307.439328 536
1732538951619 1307.451328 537
1732538961755 1307.466661 538
1732538971888 1307.477383 539
1732538982028 1307.499668 540
1732538992162 1307.509588 541
1732539002289 1307.519029 542
