1732533526846 21.1 0
1732533536914 50.8 1
1732533546975 56.9 2
1732533557024 60.1 3
1732533567095 63.4 4
1732533577161 66.4 5
1732533587217 69.8 6
1732533597284 72.9 7
1732533607399 76.1 8
1732533617480 76.7 9
1732533627562 51.9 10
1732533637627 55.1 11
1732533647691 58.8 12
1732533657763 61.1 13
1732533667814 65.2 14
1732533677860 67.8 15
1732533687933 71.8 16
1732533697988 93.1 17
1732533708053 75.2 18
1732533718129 53.6 19
1732533728188 55.6 20
1732533738238 59.6 21
1732533748302 61.6 22
1732533758375 64.9 23
1732533768432 66.7 24
1732533778506 70.1 25
1732533788584 74.0 26
1732533798653 50.4 27
1732533808726 54.1 28
1732533818794 56.0 29
1732533828874 58.4 30
1732533838942 59.7 31
1732533849015 63.8 32
1732533859094 68.2 33
1732533869158 72.4 34
1732533879220 92.7 35
1732533889282 72.4 36
1732533899350 50.9 37
1732533909401 55.8 38
1732533919480 60.5 39
1732533929547 62.7 40
1732533939618 56.8 41
1732533949692 66.0 42
1732533959761 68.4 43
1732533970219 69.9 44
1732533980311 72.3 45
1732533990361 49.6 46
1732534000440 53.2 47
1732534010506 56.9 48
1732534020580 61.3 49
1732534030666 65.4 50
1732534040746 69.2 51
1732534050852 74.0 52
1732534060930 50.8 53
1732534070997 52.5 54
1732534081075 56.9 55
1732534091148 63.8 56
1732534101230 62.5 57
1732534111307 66.2 58
1732534121379 71.2 59
1732534131472 89.9 60
1732534141524 50.1 61
1732534151610 52.7 62
1732534161681 55.5 63
1732534171769 59.6 64
1732534181855 64.3 65
1732534191927 66.7 66
1732534202009 68.7 67
1732534212086 74.0 68
1732534222167 51.2 69
1732534232242 50.6 70
1732534242327 58.5 71
1732534252397 62.7 72
1732534262493 66.6 73
1732534272578 69.1 74
1732534282657 72.3 75
1732534292727 52.1 76
1732534302799 53.7 77
1732534312882 56.0 78
1732534322965 60.7 79
1732534333031 64.0 80
1732534343127 67.9 81
1732534353209 72.2 82
1732534363262 50.4 83
1732534373348 53.7 84
1732534383431 56.7 85
1732534393503 65.3 86
1732534403605 62.0 87
1732534413684 64.4 88
1732534423757 69.3 89
1732534433833 71.6 90
1732534443927 50.3 91
1732534454009 54.3 92
1732534464083 57.0 93
1732534474171 60.3 94
1732534484267 63.9 95
1732534494338 67.3 96
1732534504414 68.7 97
1732534514499 70.6 98
1732534524585 75.0 99
1732534534658 52.4 100
1732534544750 60.2 101
1732534554830 60.9 102
1732534564917 66.3 103
1732534574996 69.2 104
1732534585098 70.9 105
1732534595175 93.8 106
1732534605245 50.8 107
1732534615333 53.9 108
1732534625393 56.8 109
1732534635475 59.6 110
1732534645554 63.3 111
1732534655627 67.4 112
1732534665687 71.8 113
1732534675762 74.4 114
1732534685834 51.5 115
1732534695928 51.4 116
1732534705997 54.2 117
1732534716066 59.5 118
1732534726150 63.9 119
1732534736215 68.1 120
1732534746287 71.3 121
1732534756369 72.4 122
1732534766468 51.8 123
1732534776558 55.8 124
1732534786639 59.1 125
1732534796716 61.5 126
1732534806803 64.8 127
1732534816897 67.3 128
1732534826977 68.1 129
1732534837051 71.0 130
1732534847129 74.6 131
1732534857220 50.7 132
1732534867293 53.6 133
1732534877384 56.7 134
1732534887460 60.1 135
1732534897538 63.6 136
1732534907613 65.9 137
1732534917721 69.8 138
1732534927802 71.6 139
1732534937888 52.1 140
1732534947966 54.3 141
1732534958060 55.9 142
1732534968142 57.5 143
1732534978255 60.7 144
1732534988347 64.2 145
1732534998454 68.0 146
1732535008543 71.4 147
1732535018628 50.7 148
1732535028719 53.6 149
1732535038810 56.7 150
1732535048895 59.3 151
1732535058989 61.2 152
1732535069082 61.8 153
1732535079175 64.6 154
1732535089281 68.0 155
1732535099383 71.6 156
1732535109481 49.9 157
1732535119578 53.5 158
1732535129645 55.5 159
1732535139737 59.8 160
1732535149842 64.4 161
1732535159937 66.8 162
1732535170042 69.7 163
1732535180146 74.7 164
1732535190245 50.0 165
1732535200314 53.6 166
1732535210406 58.2 167
1732535220492 60.7 168
1732535230605 63.9 169
1732535240700 67.8 170
1732535251366 70.6 171
1732535261468 73.4 172
1732535271563 50.4 173
1732535281642 53.0 174
1732535291737 56.3 175
1732535301801 59.6 176
1732535311896 63.2 177
1732535321978 67.1 178
1732535332082 73.3 179
1732535342177 71.9 180
1732535352278 72.5 181
1732535362363 51.0 182
1732535372440 54.9 183
1732535382544 58.2 184
1732535392650 61.5 185
1732535402751 64.7 186
1732535412827 68.2 187
1732535422903 70.1 188
1732535433296 71.4 189
1732535443382 73.1 190
1732535453454 50.0 191
1732535463552 52.2 192
1732535473623 55.5 193
1732535483682 59.4 194
1732535493776 63.2 195
1732535503879 67.3 196
1732535513966 71.2 197
1732535524057 75.7 198
1732535534153 52.4 199
1732535544242 54.9 200
1732535554329 58.0 201
1732535564448 59.4 202
1732535574538 61.0 203
1732535584627 64.3 204
1732535594701 67.5 205
1732535604822 70.9 206
1732535614929 72.9 207
1732535625028 52.2 208
1732535635117 56.5 209
1732535645189 59.7 210
1732535655277 62.8 211
1732535665376 63.5 212
1732535675479 68.3 213
1732535685575 71.1 214
1732535695675 72.6 215
1732535705785 51.4 216
1732535715889 54.0 217
1732535725971 57.3 218
1732535736072 60.4 219
1732535746167 63.6 220
1732535756260 67.4 221
1732535766377 69.4 222
1732535776470 71.5 223
1732535786570 72.4 224
1732535796675 51.4 225
1732535806762 55.8 226
1732535816858 60.5 227
1732535826930 65.0 228
1732535837025 69.3 229
1732535847122 74.2 230
1732535857252 75.5 231
1732535867348 51.5 232
1732535877438 52.0 233
1732535887556 55.4 234
1732535897665 58.3 235
1732535907747 59.6 236
1732535917828 63.9 237
1732535927903 68.4 238
1732535937995 90.9 239
1732535948097 51.1 240
1732535958203 55.2 241
1732535968306 63.6 242
1732535978399 58.9 243
1732535988508 62.0 244
1732535998596 65.1 245
1732536008703 64.9 246
1732536018809 66.8 247
1732536028917 70.9 248
1732536039026 49.1 249
1732536049101 54.1 250
1732536059220 58.6 251
1732536069325 61.1 252
1732536079421 64.8 253
1732536089536 67.4 254
1732536099640 69.3 255
1732536109748 92.8 256
1732536119843 50.0 257
1732536129935 51.3 258
1732536140037 55.2 259
1732536150128 59.0 260
1732536160235 62.8 261
1732536170306 66.0 262
1732536180357 69.2 263
1732536190443 69.3 264
1732536200520 71.6 265
1732536210626 56.3 266
1732536220734 54.4 267
1732536230826 58.4 268
1732536240930 58.1 269
1732536251019 62.7 270
1732536261128 67.2 271
1732536271257 71.3 272
1732536281361 51.5 273
1732536291465 54.9 274
1732536301572 57.0 275
1732536311675 61.1 276
1732536321780 64.9 277
1732536331857 68.7 278
1732536341979 69.7 279
1732536352089 92.8 280
1732536362189 51.4 281
1732536372269 53.9 282
1732536382356 56.9 283
1732536392455 58.9 284
1732536402530 67.2 285
1732536412632 64.3 286
1732536422733 66.7 287
1732536432841 68.8 288
1732536442931 72.3 289
1732536453003 76.8 290
1732536463074 54.0 291
1732536473157 57.4 292
1732536483265 59.8 293
1732536493361 63.4 294
1732536503464 64.0 295
1732536513585 67.5 296
1732536523693 71.0 297
1732536533799 72.9 298
1732536543918 53.0 299
1732536553999 57.7 300
1732536564091 59.2 301
1732536574197 63.5 302
1732536584309 69.2 303
1732536594412 66.0 304
1732536604525 69.5 305
1732536614612 73.6 306
1732536624723 51.9 307
1732536634819 56.6 308
1732536644926 59.5 309
1732536655037 63.9 310
1732536665107 64.9 311
1732536675201 64.7 312
1732536685316 68.8 313
1732536695426 75.2 314
1732536705540 51.3 315
1732536715643 55.2 316
1732536725767 59.1 317
1732536735876 63.5 318
1732536745993 62.5 319
1732536756103 66.8 320
1732536766207 69.0 321
1732536776299 71.4 322
1732536786381 74.7 323
1732536796466 51.8 324
1732536806581 54.9 325
1732536816683 58.6 326
1732536826798 63.8 327
1732536836897 64.0 328
1732536847028 66.4 329
1732536857140 69.9 330
1732536867235 74.3 331
1732536877342 51.5 332
1732536887454 54.6 333
1732536897589 57.9 334
1732536907704 61.0 335
1732536917815 64.3 336
1732536927921 66.4 337
1732536938035 69.5 338
1732536948155 70.7 339
1732536958268 72.3 340
1732536968381 52.0 341
1732536978499 55.7 342
1732536988621 58.3 343
1732536998728 61.7 344
1732537008839 63.4 345
1732537018946 67.7 346
1732537029030 70.9 347
1732537039143 75.8 348
1732537049226 53.2 349
1732537059329 55.8 350
1732537069398 60.4 351
1732537079483 62.6 352
1732537089552 65.6 353
1732537099653 68.0 354
1732537109762 71.2 355
1732537119858 74.7 356
1732537129941 53.2 357
1732537140013 56.4 358
1732537150133 59.1 359
1732537160210 64.1 360
1732537170312 70.7 361
1732537180393 67.8 362
1732537190511 71.7 363
1732537200625 75.8 364
1732537210756 54.1 365
1732537220860 57.9 366
1732537230994 55.0 367
1732537241111 63.7 368
1732537251240 66.5 369
1732537261340 71.0 370
1732537271452 77.3 371
1732537281584 50.3 372
1732537291709 54.8 373
1732537301818 57.6 374
1732537311930 61.3 375
1732537322034 64.2 376
1732537332163 63.5 377
1732537342237 68.0 378
1732537352352 71.7 379
1732537362480 74.2 380
1732537372602 50.6 381
1732537382738 54.7 382
1732537392837 58.9 383
1732537402940 64.4 384
1732537413063 64.3 385
1732537423158 65.2 386
1732537433275 68.1 387
1732537443395 72.7 388
1732537453534 50.8 389
1732537463661 54.6 390
1732537473780 57.2 391
1732537483891 59.9 392
1732537494014 63.0 393
1732537504138 67.2 394
1732537514254 68.9 395
1732537524388 82.7 396
1732537534486 50.8 397
1732537544611 52.5 398
1732537554708 55.5 399
1732537564827 58.4 400
1732537574956 62.5 401
1732537585080 65.2 402
1732537595205 68.8 403
1732537605314 72.1 404
1732537615427 50.1 405
1732537625544 51.8 406
1732537635674 53.1 407
1732537645797 56.3 408
1732537655921 59.8 409
1732537666007 64.1 410
1732537676124 68.1 411
1732537686244 71.1 412
1732537696363 75.2 413
1732537706480 51.7 414
1732537716592 54.6 415
1732537726718 59.0 416
1732537736839 61.8 417
1732537746966 64.6 418
1732537757146 68.3 419
1732537767275 72.7 420
1732537777390 50.7 421
1732537787514 52.6 422
1732537797634 57.4 423
1732537807765 58.5 424
1732537817894 62.6 425
1732537828003 67.2 426
1732537838087 72.0 427
1732537848164 73.9 428
1732537858264 52.1 429
1732537868360 54.2 430
1732537878469 56.3 431
1732537888550 59.8 432
1732537898628 63.4 433
1732537908750 66.9 434
1732537918846 70.8 435
1732537928942 75.5 436
1732537939068 52.3 437
1732537949171 53.4 438
1732537959292 56.9 439
1732537969423 59.4 440
1732537979527 62.7 441
1732537989656 67.0 442
1732537999778 70.9 443
1732538009900 72.9 444
1732538020033 75.6 445
1732538030153 53.4 446
1732538040291 58.0 447
1732538050427 60.6 448
1732538060561 65.1 449
1732538070687 69.8 450
1732538080800 77.2 451
1732538090904 75.2 452
1732538101021 52.5 453
1732538111101 56.8 454
1732538121232 59.2 455
1732538131329 59.5 456
1732538141457 65.7 457
1732538151585 67.6 458
1732538161709 70.6 459
1732538171821 75.0 460
1732538181957 51.7 461
1732538192082 53.6 462
1732538202222 58.9 463
1732538212354 62.5 464
1732538222494 65.1 465
1732538232631 69.3 466
1732538242767 72.7 467
1732538252892 51.9 468
1732538262987 54.8 469
1732538273105 58.1 470
1732538283226 60.2 471
1732538293352 62.8 472
1732538303481 67.3 473
1732538313635 71.3 474
1732538323760 75.6 475
1732538333877 56.0 476
1732538344014 54.4 477
1732538354134 57.0 478
1732538364265 57.9 479
1732538374396 59.8 480
1732538384531 64.2 481
1732538394661 67.2 482
1732538404787 74.9 483
1732538414924 72.1 484
1732538425038 73.6 485
1732538435130 51.9 486
1732538445247 54.6 487
1732538455364 58.1 488
1732538465499 61.9 489
1732538475623 65.6 490
1732538485758 69.3 491
1732538495885 64.4 492
1732538506010 73.0 493
1732538516147 75.9 494
1732538526285 51.9 495
1732538536427 56.1 496
1732538546560 59.3 497
1732538556687 63.3 498
1732538566809 65.4 499
1732538576947 67.9 500
1732538587089 70.4 501
1732538597222 72.7 502
1732538607334 52.0 503
1732538617451 55.5 504
1732538627582 58.9 505
1732538637718 62.6 506
1732538647852 64.8 507
1732538657933 66.8 508
1732538668060 70.6 509
1732538678189 92.1 510
1732538688326 48.4 511
1732538698436 52.4 512
1732538708576 55.8 513
1732538718725 58.8 514
1732538728856 61.1 515
1732538738946 67.9 516
1732538749073 65.8 517
1732538759214 69.8 518
1732538769344 70.5 519
1732538779428 51.4 520
1732538789552 55.0 521
1732538799677 59.1 522
1732538809809 60.2 523
1732538819946 63.8 524
1732538830044 66.0 525
1732538840191 67.9 526
1732538850332 73.8 527
1732538860434 50.2 528
1732538870573 54.1 529
1732538880709 55.6 530
1732538890835 59.5 531
1732538900983 62.1 532
1732538911128 65.9 533
1732538921277 67.3 534
1732538931373 74.4 535
1732538941487 50.2 536
1732538951619 54.4 537
1732538961755 57.5 538
1732538971888 59.0 539
1732538982028 56.8 540
1732538992162 65.6 541
1732539002289 69.5 542
