1732569264362 59.0 3072
1732569338374 49.0 6144
1732569393318 51.0 9216
1732569472588 47.0 12288
1732569538882 47.0 15360
1732569598910 47.0 18432
1732569662211 47.0 21504
1732569727483 47.0 24576
1732569784400 48.0 27648
1732569847466 48.0 30720
1732569911469 48.0 33792
1732569975293 48.0 36864
1732570047151 47.0 39936
1732570112203 47.0 43008
1732570180777 47.0 46080
1732570242749 47.0 49152
1732570316738 47.0 52224
1732570390338 46.0 55296
1732570454558 47.0 58368
1732570526220 46.0 61440
1732570590917 46.0 64512
1732570666547 46.0 67584
1732570733051 46.0 70656
1732570795258 46.0 73728
1732570866103 46.0 76800
1732570942880 46.0 79872
1732571016806 45.0 82944
1732571085276 45.0 86016
1732571148140 46.0 89088
1732571215416 46.0 92160
1732571292945 45.0 95232
1732571362189 45.0 98304
1732571428485 45.0 101376
1732571508301 45.0 104448
1732571579190 45.0 107520
1732571662594 45.0 110592
1732571731467 45.0 113664
1732571806063 45.0 116736
1732571874305 45.0 119808
1732571952485 44.0 122880
1732572026667 44.0 125952
1732572107254 44.0 129024
1732572187243 44.0 132096
1732572262356 44.0 135168
1732572345912 44.0 138240
1732572431515 43.0 141312
1732572506666 43.0 144384
1732572590691 43.0 147456
1732572682808 43.0 150528
1732572755327 43.0 153600
1732572835687 43.0 156672
1732572907895 43.0 159744
1732572982500 43.0 162816
1732573057410 43.0 165888
1732573141425 43.0 168960
1732573210549 43.0 172032
1732573287596 42.0 175104
1732573360150 42.0 178176
1732573441916 42.0 181248
1732573511452 42.0 184320
1732573579908 42.0 187392
1732573651405 42.0 190464
1732573735758 42.0 193536
1732573809283 42.0 196608
1732573882858 42.0 199680
1732573957643 42.0 202752
