1732569264365 1.0 3072
1732569338378 2.0 6144
1732569393322 3.0 9216
1732569472593 4.0 12288
1732569538893 5.0 15360
1732569598915 6.0 18432
1732569662216 7.0 21504
1732569727489 8.0 24576
1732569784405 9.0 27648
1732569847472 10.0 30720
1732569911472 11.0 33792
1732569975296 12.0 36864
1732570047169 13.0 39936
1732570112206 14.0 43008
1732570180780 15.0 46080
1732570242754 16.0 49152
1732570316743 17.0 52224
1732570390342 18.0 55296
1732570454574 19.0 58368
1732570526226 20.0 61440
1732570590920 21.0 64512
1732570666552 22.0 67584
1732570733056 23.0 70656
1732570795263 24.0 73728
1732570866107 25.0 76800
1732570942886 26.0 79872
1732571016811 27.0 82944
1732571085281 28.0 86016
1732571148146 29.0 89088
1732571215422 30.0 92160
1732571292949 31.0 95232
1732571362193 32.0 98304
1732571428490 33.0 101376
1732571508306 34.0 104448
1732571579195 35.0 107520
1732571662598 36.0 110592
1732571731472 37.0 113664
1732571806069 38.0 116736
1732571874308 39.0 119808
1732571952490 40.0 122880
1732572026672 41.0 125952
1732572107260 42.0 129024
1732572187248 43.0 132096
1732572262360 44.0 135168
1732572345915 45.0 138240
1732572431518 46.0 141312
1732572506670 47.0 144384
1732572590695 48.0 147456
1732572682811 49.0 150528
1732572755332 50.0 153600
1732572835691 51.0 156672
1732572907900 52.0 159744
1732572982504 53.0 162816
1732573057414 54.0 165888
1732573141429 55.0 168960
1732573210555 56.0 172032
1732573287601 57.0 175104
1732573360155 58.0 178176
1732573441920 59.0 181248
1732573511458 60.0 184320
1732573579911 61.0 187392
1732573651410 62.0 190464
1732573735762 63.0 193536
1732573809286 64.0 196608
1732573882861 65.0 199680
1732573957655 66.0 202752
