1732569264370 51.0 3072
1732569338382 125.0 6144
1732569393326 180.0 9216
1732569472598 259.0 12288
1732569538902 325.0 15360
1732569598919 385.0 18432
1732569662220 449.0 21504
1732569727494 514.0 24576
1732569784411 571.0 27648
1732569847477 634.0 30720
1732569911475 698.0 33792
1732569975298 762.0 36864
1732570047175 833.0 39936
1732570112210 899.0 43008
1732570180783 967.0 46080
1732570242759 1029.0 49152
1732570316748 1103.0 52224
1732570390347 1177.0 55296
1732570454579 1241.0 58368
1732570526232 1313.0 61440
1732570590924 1377.0 64512
1732570666557 1453.0 67584
1732570733061 1519.0 70656
1732570795268 1582.0 73728
1732570866111 1652.0 76800
1732570942892 1729.0 79872
1732571016817 1803.0 82944
1732571085286 1872.0 86016
1732571148152 1934.0 89088
1732571215429 2002.0 92160
1732571292952 2079.0 95232
1732571362197 2149.0 98304
1732571428495 2215.0 101376
1732571508311 2295.0 104448
1732571579200 2366.0 107520
1732571662603 2449.0 110592
1732571731476 2518.0 113664
1732571806075 2592.0 116736
1732571874311 2661.0 119808
1732571952495 2739.0 122880
1732572026676 2813.0 125952
1732572107265 2894.0 129024
1732572187251 2974.0 132096
1732572262364 3049.0 135168
1732572345919 3132.0 138240
1732572431521 3218.0 141312
1732572506673 3293.0 144384
1732572590699 3377.0 147456
1732572682814 3469.0 150528
1732572755337 3542.0 153600
1732572835695 3622.0 156672
1732572907905 3694.0 159744
1732572982508 3769.0 162816
1732573057418 3844.0 165888
1732573141433 3928.0 168960
1732573210560 3997.0 172032
1732573287606 4074.0 175104
1732573360160 4146.0 178176
1732573441923 4228.0 181248
1732573511463 4298.0 184320
1732573579915 4366.0 187392
1732573651415 4438.0 190464
1732573735766 4522.0 193536
1732573809289 4596.0 196608
1732573882864 4669.0 199680
1732573957661 4744.0 202752
