1732569264373 3072.0 3072
1732569338385 6144.0 6144
1732569393330 9216.0 9216
1732569472604 12288.0 12288
1732569538907 15360.0 15360
1732569598924 18432.0 18432
1732569662225 21504.0 21504
1732569727499 24576.0 24576
1732569784416 27648.0 27648
1732569847482 30720.0 30720
1732569911479 33792.0 33792
1732569975301 36864.0 36864
1732570047181 39936.0 39936
1732570112213 43008.0 43008
1732570180786 46080.0 46080
1732570242765 49152.0 49152
1732570316752 52224.0 52224
1732570390352 55296.0 55296
1732570454584 58368.0 58368
1732570526237 61440.0 61440
1732570590928 64512.0 64512
1732570666563 67584.0 67584
1732570733066 70656.0 70656
1732570795273 73728.0 73728
1732570866115 76800.0 76800
1732570942897 79872.0 79872
1732571016822 82944.0 82944
1732571085290 86016.0 86016
1732571148157 89088.0 89088
1732571215435 92160.0 92160
1732571292956 95232.0 95232
1732571362201 98304.0 98304
1732571428499 101376.0 101376
1732571508316 104448.0 104448
1732571579206 107520.0 107520
1732571662615 110592.0 110592
1732571731481 113664.0 113664
1732571806081 116736.0 116736
1732571874314 119808.0 119808
1732571952501 122880.0 122880
1732572026681 125952.0 125952
1732572107270 129024.0 129024
1732572187257 132096.0 132096
1732572262367 135168.0 135168
1732572345923 138240.0 138240
1732572431524 141312.0 141312
1732572506677 144384.0 144384
1732572590702 147456.0 147456
1732572682817 150528.0 150528
1732572755341 153600.0 153600
1732572835698 156672.0 156672
1732572907911 159744.0 159744
1732572982511 162816.0 162816
1732573057423 165888.0 165888
1732573141449 168960.0 168960
1732573210565 172032.0 172032
1732573287612 175104.0 175104
1732573360165 178176.0 178176
1732573441927 181248.0 181248
1732573511469 184320.0 184320
1732573579919 187392.0 187392
1732573651420 190464.0 190464
1732573735769 193536.0 193536
1732573809292 196608.0 196608
1732573882868 199680.0 199680
1732573957666 202752.0 202752
